run,pkt_id,silicon_diff_ns
1,1,64
1,2,729
1,3,455
1,4,710
1,5,262
1,6,52
1,7,58
1,8,32
1,9,800
1,10,90
1,11,775
1,12,89
1,13,96
1,14,83
1,15,51
1,16,115
1,17,263
1,18,52
1,19,51
1,20,115
1,21,122
1,22,77
1,23,64
1,24,89
1,25,64
1,26,64
1,27,109
1,28,115
1,29,109
1,30,26
1,31,51
1,32,64
1,33,45
1,34,45
1,35,26
1,36,-26
1,37,57
1,38,51
1,39,70
1,40,51
1,41,57
1,42,102
1,43,57
1,44,77
1,45,108
1,46,-52
1,47,84
1,48,70
1,49,-25
1,50,153
1,51,26
1,52,-51
1,53,45
1,54,25
1,55,32
1,56,52
1,57,51
1,58,-1728
1,59,96
1,60,173
1,61,57
1,62,160
1,63,103
1,64,44
1,65,166
1,66,38
1,67,115
1,68,-19
1,69,122
1,70,160
1,71,76
1,72,192
1,73,-38
1,74,102
1,75,51
1,76,-13
1,77,64
1,78,58
1,79,64
1,80,51
1,81,109
1,82,121
1,83,51
1,84,109
1,85,96
1,86,102
1,87,51
1,88,116
1,89,26
1,90,90
1,91,45
1,92,70
1,93,141
1,94,122
1,95,45
1,96,64
1,97,77
1,98,96
1,99,103
1,100,96
1,101,90
1,102,77
1,103,358
1,104,122
1,105,64
1,106,26
1,107,64
1,108,77
1,109,77
1,110,-32
1,111,83
1,112,122
1,113,71
1,114,288
1,115,83
1,116,109
1,117,51
1,118,90
1,119,58
1,120,134
1,121,51
1,122,64
1,123,-365
1,124,141
1,125,45
1,126,19
1,127,70
1,128,58
1,129,243
1,130,25
1,131,32
1,132,70
1,133,38
1,134,71
1,135,-390
1,136,134
1,137,71
1,138,-243
1,139,121
1,140,141
1,141,109
1,142,115
1,143,70
1,144,-307
1,145,45
1,146,-243
1,147,71
1,148,57
1,149,109
1,150,102
1,151,51
1,152,32
1,153,-19
1,154,51
1,155,-160
1,156,128
1,157,70
1,158,77
1,159,64
1,160,70
1,161,26
1,162,51
1,163,58
1,164,64
1,165,32
1,166,281
1,167,32
1,168,-32
1,169,-26
1,170,70
1,171,64
1,172,102
1,173,115
1,174,70
1,175,71
1,176,307
1,177,-6
1,178,64
1,179,71
1,180,89
1,181,38
1,182,89
1,183,90
1,184,64
1,185,103
1,186,122
1,187,-211
1,188,160
1,189,-32
1,190,102
1,191,64
1,192,192
1,193,96
1,194,128
1,195,77
1,196,58
1,197,71
1,198,-51
1,199,70
1,200,90
1,201,58
1,202,25
1,203,-211
1,204,185
1,205,52
1,206,-307
1,207,64
1,208,45
1,209,103
1,210,77
1,211,128
1,212,70
1,213,51
1,214,84
1,215,76
1,216,77
1,217,32
1,218,51
1,219,51
1,220,58
1,221,52
1,222,135
1,223,52
1,224,109
1,225,58
1,226,38
1,227,128
1,228,108
1,229,-345
1,230,1228
1,231,70
1,232,121
1,233,89
1,234,103
1,235,269
1,236,103
1,237,51
1,238,32
1,239,64
1,240,378
1,241,102
1,242,205
1,243,83
1,244,115
1,245,115
1,246,19
1,247,58
1,248,185
1,249,32
1,250,70
1,251,122
1,252,1146
1,253,38
1,254,58
1,255,19
1,256,57
1,257,109
1,258,-26
1,259,51
1,260,141
1,261,90
1,262,-134
1,263,64
1,264,179
1,265,77
1,266,275
1,267,77
1,268,153
1,269,96
1,270,96
1,271,64
1,272,160
1,273,77
1,274,26
1,275,102
1,276,-275
1,277,38
1,278,-346
1,279,116
1,280,12
1,281,83
1,282,83
1,283,230
1,284,89
1,285,160
1,286,166
1,287,102
1,288,64
1,289,103
1,290,-26
1,291,134
1,292,96
1,293,64
1,294,51
1,295,-230
1,296,122
1,297,38
1,298,122
1,299,76
1,300,77
1,301,64
1,302,64
1,303,128
1,304,70
1,305,39
1,306,52
1,307,51
1,308,64
1,309,38
1,310,64
1,311,70
1,312,172
1,313,71
1,314,-339
1,315,-288
1,316,76
1,317,57
1,318,57
1,319,32
1,320,71
1,321,121
1,322,64
1,323,52
1,324,204
1,325,134
1,326,295
1,327,51
1,328,96
1,329,38
1,330,-26
1,331,51
1,332,45
1,333,51
1,334,358
1,335,38
1,336,103
1,337,108
1,338,96
1,339,70
1,340,70
1,341,83
1,342,64
1,343,52
1,344,45
1,345,26
1,346,25
1,347,26
1,348,134
1,349,71
1,350,39
1,351,-64
1,352,58
1,353,38
1,354,64
1,355,-236
1,356,141
1,357,45
1,358,70
1,359,64
1,360,70
1,361,-26
1,362,58
1,363,26
1,364,64
1,365,90
1,366,44
1,367,-38
1,368,141
1,369,64
1,370,51
1,371,84
1,372,339
1,373,314
1,374,77
1,375,109
1,376,77
1,377,26
1,378,64
1,379,20
1,380,39
1,381,57
1,382,64
1,383,64
1,384,83
1,385,160
1,386,102
1,387,102
1,388,71
1,389,141
1,390,199
1,391,109
1,392,44
1,393,160
1,394,70
1,395,70
1,396,115
1,397,52
1,398,115
1,399,103
1,400,-448
1,401,90
1,402,32
1,403,25
1,404,160
1,405,147
1,406,51
1,407,32
1,408,147
1,409,71
1,410,96
1,411,70
1,412,135
1,413,96
1,414,51
1,415,26
1,416,83
1,417,32
1,418,25
1,419,64
1,420,231
1,421,64
1,422,26
1,423,70
1,424,39
1,425,160
1,426,89
1,427,109
1,428,45
1,429,70
1,430,25
1,431,70
1,432,102
1,433,19
1,434,-243
1,435,19
1,436,96
1,437,19
1,438,64
1,439,45
1,440,64
1,441,314
1,442,134
1,443,64
1,444,96
1,445,128
1,446,45
1,447,51
1,448,64
1,449,115
1,450,122
1,451,90
1,452,141
1,453,211
1,454,58
1,455,64
1,456,198
1,457,64
1,458,76
1,459,160
1,460,301
1,461,51
1,462,70
1,463,26
1,464,103
1,465,263
1,466,58
1,467,64
1,468,-32
1,469,57
1,470,58
1,471,70
1,472,160
1,473,57
1,474,77
1,475,71
1,476,77
1,477,275
1,478,32
1,479,58
1,480,64
1,481,102
1,482,70
1,483,32
1,484,-39
1,485,-409
1,486,26
1,487,45
1,488,84
1,489,71
1,490,70
1,491,25
1,492,115
1,493,51
1,494,-230
1,495,57
1,496,57
1,497,77
1,498,89
1,499,-64
1,500,83
1,501,38
1,502,109
1,503,44
1,504,282
1,505,103
1,506,64
1,507,70
1,508,762
1,509,64
1,510,1325
1,511,96
1,512,51
1,513,25
1,514,25
1,515,26
1,516,-38
1,517,58
1,518,45
1,519,51
1,520,102
1,521,826
1,522,64
1,523,762
1,524,96
1,525,352
1,526,108
1,527,70
1,528,96
1,529,45
1,530,-25
1,531,-44
1,532,38
1,533,64
1,534,51
1,535,70
1,536,45
1,537,102
1,538,108
1,539,64
1,540,115
1,541,-19
1,542,89
1,543,32
1,544,70
1,545,-25
1,546,71
1,547,26
1,548,26
1,549,64
1,550,45
1,551,96
1,552,-57
1,553,121
1,554,45
1,555,109
1,556,135
1,557,167
1,558,109
1,559,140
1,560,122
1,561,32
1,562,51
1,563,83
1,564,-45
1,565,51
1,566,166
1,567,371
1,568,51
1,569,211
1,570,-218
1,571,102
1,572,77
1,573,134
1,574,103
1,575,179
1,576,154
1,577,121
1,578,77
1,579,64
1,580,147
1,581,116
1,582,160
1,583,173
1,584,-45
1,585,57
1,586,121
1,587,19
1,588,57
1,589,64
1,590,109
1,591,96
1,592,154
1,593,102
1,594,205
1,595,-51
1,596,128
1,597,96
1,598,128
1,599,192
1,600,64
1,601,121
1,602,128
1,603,109
1,604,314
1,605,103
1,606,45
1,607,166
1,608,70
1,609,141
1,610,141
1,611,390
1,612,-32
1,613,102
1,614,160
1,615,90
1,616,96
1,617,64
1,618,19
1,619,71
1,620,160
1,621,89
1,622,121
1,623,90
1,624,115
1,625,64
1,626,128
1,627,128
1,628,153
1,629,96
1,630,76
1,631,-45
1,632,-45
1,633,166
1,634,71
1,635,102
1,636,115
1,637,109
1,638,122
1,639,122
1,640,102
1,641,148
1,642,58
1,643,51
1,644,-44
1,645,70
1,646,64
1,647,77
1,648,160
1,649,83
1,650,166
1,651,77
1,652,122
1,653,71
1,654,141
1,655,77
1,656,-359
1,657,109
1,658,64
1,659,70
1,660,58
1,661,84
1,662,52
1,663,122
1,664,141
1,665,84
1,666,109
1,667,313
1,668,377
1,669,109
1,670,102
1,671,135
1,672,121
1,673,32
1,674,128
1,675,51
1,676,57
1,677,64
1,678,147
1,679,-64
1,680,128
1,681,58
1,682,121
1,683,102
1,684,147
1,685,71
1,686,77
1,687,109
1,688,-44
1,689,51
1,690,57
1,691,64
1,692,32
1,693,83
1,694,70
1,695,71
1,696,51
1,697,147
1,698,140
1,699,121
1,700,-44
1,701,77
1,702,71
1,703,102
1,704,84
1,705,122
1,706,205
1,707,102
1,708,115
1,709,103
1,710,96
1,711,90
1,712,77
1,713,26
1,714,102
1,715,109
1,716,108
1,717,64
1,718,154
1,719,109
1,720,115
1,721,378
1,722,103
1,723,160
1,724,160
1,725,83
1,726,154
1,727,121
1,728,198
1,729,70
1,730,160
1,731,96
1,732,96
1,733,89
1,734,19
1,735,52
1,736,58
1,737,77
1,738,-26
1,739,96
1,740,-461
1,741,147
1,742,-25
1,743,134
1,744,116
1,745,154
1,746,64
1,747,166
1,748,121
1,749,58
1,750,365
1,751,108
1,752,96
1,753,160
1,754,205
1,755,173
1,756,153
1,757,275
1,758,205
1,759,166
1,760,39
1,761,154
1,762,166
1,763,141
1,764,736
1,765,109
1,766,38
1,767,58
1,768,70
1,769,326
1,770,122
1,771,26
1,772,39
1,773,71
1,774,-51
1,775,70
1,776,141
1,777,115
1,778,807
1,779,-185
1,780,32
1,781,141
1,782,115
1,783,90
1,784,121
1,785,96
1,786,51
1,787,102
1,788,58
1,789,90
1,790,25
1,791,141
1,792,52
1,793,115
1,794,166
1,795,122
1,796,77
1,797,115
1,798,166
1,799,90
1,800,115
1,801,51
1,802,12
1,803,70
1,804,121
1,805,64
1,806,71
1,807,57
1,808,109
1,809,96
1,810,71
1,811,77
1,812,77
1,813,115
1,814,166
1,815,-45
1,816,-44
1,817,51
1,818,51
1,819,38
1,820,38
1,821,51
1,822,128
1,823,77
1,824,96
1,825,-531
1,826,115
1,827,64
1,828,64
1,829,76
1,830,166
1,831,-45
1,832,71
1,833,115
1,834,57
1,835,71
1,836,51
1,837,103
1,838,115
1,839,134
1,840,205
1,841,58
1,842,76
1,843,83
1,844,38
1,845,77
1,846,109
1,847,141
1,848,83
1,849,58
1,850,217
1,851,141
1,852,173
1,853,96
1,854,121
1,855,64
1,856,115
1,857,76
1,858,26
1,859,64
1,860,102
1,861,71
1,862,147
1,863,109
1,864,64
1,865,39
1,866,64
1,867,167
1,868,115
1,869,141
1,870,115
1,871,115
1,872,84
1,873,140
1,874,26
1,875,58
1,876,77
1,877,103
1,878,71
1,879,77
1,880,134
1,881,115
1,882,141
1,883,121
1,884,134
1,885,160
1,886,70
1,887,96
1,888,147
1,889,147
1,890,70
1,891,70
1,892,83
1,893,352
1,894,32
1,895,141
1,896,115
1,897,365
1,898,103
1,899,64
1,900,45
1,901,70
1,902,102
1,903,25
1,904,153
1,905,148
1,906,90
1,907,77
1,908,90
1,909,32
1,910,121
1,911,-192
1,912,160
1,913,115
1,914,102
1,915,83
1,916,103
1,917,83
1,918,32
1,919,32
1,920,32
1,921,160
1,922,96
1,923,128
1,924,154
1,925,249
1,926,115
1,927,70
1,928,116
1,929,25
1,930,26
1,931,121
1,932,58
1,933,96
1,934,70
1,935,90
1,936,64
1,937,345
1,938,77
1,939,84
1,940,64
1,941,102
1,942,89
1,943,115
1,944,51
1,945,51
1,946,70
1,947,102
1,948,45
1,949,89
1,950,51
1,951,116
1,952,39
1,953,115
1,954,121
1,955,96
1,956,128
1,957,109
1,958,77
1,959,96
1,960,84
1,961,71
1,962,96
1,963,26
1,964,269
1,965,115
1,966,51
1,967,57
1,968,103
1,969,-32
1,970,339
1,971,89
1,972,122
1,973,128
1,974,64
1,975,58
1,976,115
1,977,77
1,978,84
1,979,-51
1,980,84
1,981,173
1,982,134
1,983,90
1,984,109
1,985,64
1,986,269
1,987,83
1,988,77
1,989,71
1,990,122
1,991,71
1,992,64
1,993,122
1,994,135
1,995,135
1,996,-173
1,997,102
1,998,102
1,999,77
1,1000,51
1,1001,365
1,1002,26
1,1003,58
1,1004,109
1,1005,89
1,1006,378
1,1007,116
1,1008,128
1,1009,51
1,1010,26
1,1011,320
1,1012,96
1,1013,160
1,1014,96
1,1015,58
1,1016,58
1,1017,147
1,1018,121
1,1019,211
1,1020,729
1,1021,64
1,1022,1292
1,1023,122
1,1024,83
1,1025,148
1,1026,333
1,1027,-64
1,1028,83
1,1029,51
1,1030,230
1,1031,109
1,1032,77
1,1033,781
1,1034,160
1,1035,775
1,1036,115
1,1037,-45
1,1038,115
1,1039,103
1,1040,135
1,1041,52
1,1042,70
1,1043,-57
1,1044,122
1,1045,44
1,1046,116
1,1047,115
1,1048,-38
1,1049,173
1,1050,70
1,1051,134
1,1052,64
1,1053,103
1,1054,154
1,1055,134
1,1056,32
1,1057,19
1,1058,96
1,1059,26
1,1060,45
1,1061,83
1,1062,404
1,1063,64
1,1064,39
1,1065,96
1,1066,77
1,1067,64
1,1068,109
1,1069,26
1,1070,167
1,1071,102
1,1072,141
1,1073,64
1,1074,115
1,1075,51
1,1076,58
1,1077,52
1,1078,-32
1,1079,-64
1,1080,51
1,1081,-499
1,1082,122
1,1083,96
1,1084,38
1,1085,64
1,1086,103
1,1087,90
1,1088,64
1,1089,192
1,1090,192
1,1091,166
1,1092,64
1,1093,122
1,1094,135
1,1095,103
1,1096,58
1,1097,109
1,1098,64
1,1099,70
1,1100,70
1,1101,103
1,1102,128
1,1103,71
1,1104,89
1,1105,109
1,1106,211
1,1107,70
1,1108,192
1,1109,179
1,1110,365
1,1111,153
1,1112,115
1,1113,57
1,1114,141
1,1115,102
1,1116,32
1,1117,102
1,1118,109
1,1119,128
1,1120,25
1,1121,44
1,1122,147
1,1123,96
1,1124,58
1,1125,64
1,1126,-51
1,1127,128
1,1128,90
1,1129,64
1,1130,109
1,1131,45
1,1132,71
1,1133,38
1,1134,71
1,1135,102
1,1136,32
1,1137,83
1,1138,128
1,1139,115
1,1140,122
1,1141,109
1,1142,77
1,1143,64
1,1144,115
1,1145,96
1,1146,71
1,1147,77
1,1148,84
1,1149,64
1,1150,102
1,1151,70
1,1152,102
1,1153,185
1,1154,122
1,1155,109
1,1156,147
1,1157,64
1,1158,-26
1,1159,135
1,1160,96
1,1161,109
1,1162,154
1,1163,397
1,1164,128
1,1165,96
1,1166,108
1,1167,-294
1,1168,109
1,1169,96
1,1170,-45
1,1171,89
1,1172,140
1,1173,89
1,1174,121
1,1175,109
1,1176,45
1,1177,96
1,1178,108
1,1179,96
1,1180,96
1,1181,109
1,1182,89
1,1183,38
1,1184,-45
1,1185,45
1,1186,58
1,1187,109
1,1188,32
1,1189,64
1,1190,122
1,1191,122
1,1192,70
1,1193,58
1,1194,141
1,1195,109
1,1196,115
1,1197,39
1,1198,102
1,1199,71
1,1200,32
1,1201,58
1,1202,70
1,1203,71
1,1204,147
1,1205,256
1,1206,128
1,1207,109
1,1208,108
1,1209,154
1,1210,173
1,1211,102
1,1212,76
1,1213,58
1,1214,58
1,1215,115
1,1216,64
1,1217,154
1,1218,32
1,1219,115
1,1220,90
1,1221,51
1,1222,96
1,1223,77
1,1224,71
1,1225,51
1,1226,141
1,1227,102
1,1228,52
1,1229,51
1,1230,26
1,1231,45
1,1232,83
1,1233,109
1,1234,160
1,1235,160
1,1236,108
1,1237,64
1,1238,103
1,1239,109
1,1240,102
1,1241,70
1,1242,128
1,1243,102
1,1244,186
1,1245,45
1,1246,70
1,1247,-224
1,1248,-58
1,1249,134
1,1250,115
1,1251,153
1,1252,-147
1,1253,96
1,1254,128
1,1255,134
1,1256,77
1,1257,70
1,1258,173
1,1259,-64
1,1260,-32
1,1261,51
1,1262,403
1,1263,57
1,1264,96
1,1265,-57
1,1266,218
1,1267,121
1,1268,185
1,1269,77
1,1270,108
1,1271,70
1,1272,77
1,1273,262
1,1274,108
1,1275,70
1,1276,710
1,1277,38
1,1278,96
1,1279,-339
1,1280,122
1,1281,-26
1,1282,269
1,1283,115
1,1284,77
1,1285,-32
1,1286,167
1,1287,77
1,1288,103
1,1289,64
1,1290,794
1,1291,83
1,1292,122
1,1293,58
1,1294,180
1,1295,166
1,1296,89
1,1297,83
1,1298,173
1,1299,77
1,1300,128
1,1301,89
1,1302,134
1,1303,64
1,1304,160
1,1305,77
1,1306,116
1,1307,115
1,1308,135
1,1309,70
1,1310,109
1,1311,77
1,1312,102
1,1313,102
1,1314,160
1,1315,148
1,1316,57
1,1317,26
1,1318,115
1,1319,96
1,1320,64
1,1321,128
1,1322,109
1,1323,57
1,1324,96
1,1325,45
1,1326,57
1,1327,-44
1,1328,128
1,1329,51
1,1330,57
1,1331,51
1,1332,45
1,1333,26
1,1334,102
1,1335,109
1,1336,397
1,1337,-512
1,1338,135
1,1339,64
1,1340,39
1,1341,51
1,1342,166
1,1343,96
1,1344,32
1,1345,45
1,1346,109
1,1347,89
1,1348,71
1,1349,115
1,1350,186
1,1351,83
1,1352,57
1,1353,45
1,1354,52
1,1355,275
1,1356,39
1,1357,166
1,1358,173
1,1359,103
1,1360,122
1,1361,44
1,1362,179
1,1363,102
1,1364,90
1,1365,39
1,1366,115
1,1367,90
1,1368,154
1,1369,-7
1,1370,147
1,1371,64
1,1372,64
1,1373,90
1,1374,115
1,1375,153
1,1376,32
1,1377,77
1,1378,166
1,1379,141
1,1380,-51
1,1381,122
1,1382,147
1,1383,57
1,1384,109
1,1385,51
1,1386,51
1,1387,64
1,1388,96
1,1389,-44
1,1390,173
1,1391,141
1,1392,96
1,1393,45
1,1394,205
1,1395,121
1,1396,115
1,1397,90
1,1398,192
1,1399,358
1,1400,58
1,1401,38
1,1402,173
1,1403,64
1,1404,57
1,1405,19
1,1406,83
1,1407,58
1,1408,109
1,1409,115
1,1410,84
1,1411,96
1,1412,44
1,1413,90
1,1414,153
1,1415,140
1,1416,71
1,1417,64
1,1418,205
1,1419,128
1,1420,198
1,1421,96
1,1422,172
1,1423,-396
1,1424,160
1,1425,51
1,1426,192
1,1427,116
1,1428,172
1,1429,25
1,1430,211
1,1431,70
1,1432,186
1,1433,-26
1,1434,172
1,1435,96
1,1436,116
1,1437,51
1,1438,204
1,1439,96
1,1440,116
1,1441,90
1,1442,26
1,1443,-32
1,1444,185
1,1445,64
1,1446,135
1,1447,90
1,1448,192
1,1449,83
1,1450,173
1,1451,109
1,1452,167
1,1453,70
1,1454,109
1,1455,141
1,1456,180
1,1457,26
1,1458,160
1,1459,64
1,1460,76
1,1461,58
1,1462,108
1,1463,96
1,1464,153
1,1465,57
1,1466,141
1,1467,116
1,1468,308
1,1469,51
1,1470,108
1,1471,96
1,1472,58
1,1473,76
1,1474,192
1,1475,256
1,1476,167
1,1477,32
1,1478,-32
1,1479,96
1,1480,103
1,1481,44
1,1482,109
1,1483,38
1,1484,84
1,1485,32
1,1486,77
1,1487,84
1,1488,-38
1,1489,52
1,1490,-19
1,1491,83
1,1492,64
1,1493,45
1,1494,-44
1,1495,186
1,1496,76
1,1497,52
1,1498,205
1,1499,77
1,1500,70
1,1501,58
1,1502,109
1,1503,64
1,1504,64
1,1505,96
1,1506,83
1,1507,51
1,1508,-492
1,1509,77
1,1510,-64
1,1511,140
1,1512,83
1,1513,173
1,1514,77
1,1515,115
1,1516,96
1,1517,83
1,1518,122
1,1519,103
1,1520,154
1,1521,57
1,1522,135
1,1523,64
1,1524,70
1,1525,58
1,1526,122
1,1527,121
1,1528,192
1,1529,275
1,1530,84
1,1531,64
1,1532,742
1,1533,358
1,1534,-1312
1,1535,148
1,1536,64
1,1537,32
1,1538,211
1,1539,77
1,1540,45
1,1541,51
1,1542,103
1,1543,108
1,1544,160
1,1545,793
1,1546,153
1,1547,787
1,1548,377
1,1549,45
1,1550,108
1,1551,103
1,1552,77
1,1553,45
1,1554,19
1,1555,45
1,1556,25
1,1557,45
1,1558,172
1,1559,58
1,1560,115
1,1561,32
1,1562,115
1,1563,76
1,1564,167
1,1565,70
1,1566,147
1,1567,179
1,1568,364
1,1569,-25
1,1570,64
1,1571,32
1,1572,71
1,1573,77
1,1574,167
1,1575,-26
1,1576,64
1,1577,71
1,1578,211
1,1579,83
1,1580,128
1,1581,45
1,1582,167
1,1583,102
1,1584,141
1,1585,58
1,1586,160
1,1587,71
1,1588,83
1,1589,32
1,1590,-26
1,1591,77
1,1592,32
1,1593,-627
1,1594,134
1,1595,128
1,1596,116
1,1597,45
1,1598,192
1,1599,89
1,1600,147
1,1601,275
1,1602,64
1,1603,57
1,1604,52
1,1605,76
1,1606,90
1,1607,76
1,1608,103
1,1609,51
1,1610,32
1,1611,77
1,1612,102
1,1613,51
1,1614,70
1,1615,26
1,1616,77
1,1617,39
1,1618,32
1,1619,71
1,1620,122
1,1621,51
1,1622,-51
1,1623,128
1,1624,77
1,1625,32
1,1626,102
1,1627,58
1,1628,71
1,1629,51
1,1630,320
1,1631,32
1,1632,147
1,1633,358
1,1634,141
1,1635,115
1,1636,205
1,1637,128
1,1638,147
1,1639,134
1,1640,77
1,1641,64
1,1642,51
1,1643,90
1,1644,180
1,1645,147
1,1646,71
1,1647,109
1,1648,121
1,1649,71
1,1650,173
1,1651,121
1,1652,173
1,1653,77
1,1654,180
1,1655,103
1,1656,186
1,1657,52
1,1658,218
1,1659,198
1,1660,96
1,1661,57
1,1662,71
1,1663,121
1,1664,186
1,1665,198
1,1666,115
1,1667,51
1,1668,57
1,1669,70
1,1670,103
1,1671,32
1,1672,96
1,1673,51
1,1674,122
1,1675,141
1,1676,198
1,1677,51
1,1678,-378
1,1679,115
1,1680,83
1,1681,32
1,1682,32
1,1683,32
1,1684,45
1,1685,52
1,1686,71
1,1687,83
1,1688,122
1,1689,64
1,1690,250
1,1691,166
1,1692,192
1,1693,70
1,1694,108
1,1695,90
1,1696,128
1,1697,96
1,1698,51
1,1699,64
1,1700,167
1,1701,32
1,1702,26
1,1703,83
1,1704,102
1,1705,64
1,1706,160
1,1707,128
1,1708,160
1,1709,51
1,1710,77
1,1711,-45
1,1712,147
1,1713,44
1,1714,109
1,1715,147
1,1716,166
1,1717,39
1,1718,51
1,1719,83
1,1720,192
1,1721,70
1,1722,141
1,1723,128
1,1724,109
1,1725,51
1,1726,103
1,1727,122
1,1728,135
1,1729,371
1,1730,115
1,1731,122
1,1732,211
1,1733,-6
1,1734,96
1,1735,109
1,1736,263
1,1737,-19
1,1738,128
1,1739,134
1,1740,148
1,1741,64
1,1742,77
1,1743,26
1,1744,102
1,1745,147
1,1746,128
1,1747,135
1,1748,147
1,1749,58
1,1750,115
1,1751,172
1,1752,122
1,1753,71
1,1754,109
1,1755,109
1,1756,83
1,1757,57
1,1758,115
1,1759,122
1,1760,89
1,1761,115
1,1762,128
1,1763,-250
1,1764,217
1,1765,-38
1,1766,128
1,1767,116
1,1768,52
1,1769,45
1,1770,32
1,1771,64
1,1772,38
1,1773,51
1,1774,51
1,1775,76
1,1776,179
1,1777,64
1,1778,147
1,1779,115
1,1780,384
1,1781,64
1,1782,115
1,1783,115
1,1784,167
1,1785,64
1,1786,-26
1,1787,103
1,1788,844
1,1789,90
1,1790,44
1,1791,109
1,1792,199
1,1793,135
1,1794,64
1,1795,-243
1,1796,64
1,1797,64
1,1798,26
1,1799,128
1,1800,237
1,1801,76
1,1802,800
1,1803,167
1,1804,121
1,1805,83
1,1806,-32
1,1807,83
1,1808,147
1,1809,-38
1,1810,71
1,1811,25
1,1812,166
1,1813,51
1,1814,19
1,1815,147
1,1816,192
1,1817,108
1,1818,141
1,1819,90
1,1820,211
1,1821,83
1,1822,76
1,1823,96
1,1824,173
1,1825,32
1,1826,51
1,1827,70
1,1828,70
1,1829,58
1,1830,70
1,1831,109
1,1832,134
1,1833,71
1,1834,103
1,1835,-32
1,1836,185
1,1837,57
1,1838,160
1,1839,141
1,1840,173
1,1841,26
1,1842,83
1,1843,249
1,1844,115
1,1845,45
1,1846,115
1,1847,45
1,1848,-480
1,1849,58
1,1850,166
1,1851,166
1,1852,205
1,1853,57
1,1854,204
1,1855,134
1,1856,90
1,1857,167
1,1858,173
1,1859,172
1,1860,186
1,1861,64
1,1862,122
1,1863,141
1,1864,84
1,1865,77
1,1866,26
1,1867,19
1,1868,103
1,1869,39
1,1870,32
1,1871,51
1,1872,89
1,1873,90
1,1874,115
1,1875,147
1,1876,32
1,1877,51
1,1878,64
1,1879,364
1,1880,89
1,1881,32
1,1882,128
1,1883,96
1,1884,167
1,1885,320
1,1886,135
1,1887,83
1,1888,166
1,1889,116
1,1890,128
1,1891,64
1,1892,198
1,1893,58
1,1894,147
1,1895,115
1,1896,-44
1,1897,32
1,1898,128
1,1899,-13
1,1900,84
1,1901,64
1,1902,115
1,1903,102
1,1904,135
1,1905,135
1,1906,173
1,1907,173
1,1908,121
1,1909,102
1,1910,167
1,1911,135
1,1912,122
1,1913,39
1,1914,154
1,1915,71
1,1916,198
1,1917,26
1,1918,102
1,1919,89
1,1920,102
1,1921,116
1,1922,70
1,1923,76
1,1924,109
1,1925,26
1,1926,102
1,1927,116
1,1928,83
1,1929,96
1,1930,199
1,1931,77
1,1932,103
1,1933,-416
1,1934,160
1,1935,154
1,1936,70
1,1937,64
1,1938,186
1,1939,89
1,1940,64
1,1941,327
1,1942,-64
1,1943,128
1,1944,153
1,1945,45
1,1946,211
1,1947,205
1,1948,198
1,1949,64
1,1950,140
1,1951,102
1,1952,102
1,1953,96
1,1954,378
1,1955,96
1,1956,173
1,1957,57
1,1958,83
1,1959,77
1,1960,135
1,1961,64
1,1962,167
1,1963,25
1,1964,-26
1,1965,64
1,1966,122
1,1967,147
1,1968,173
1,1969,51
1,1970,154
1,1971,51
1,1972,173
1,1973,58
1,1974,346
1,1975,115
1,1976,96
1,1977,154
1,1978,198
1,1979,243
1,1980,365
1,1981,89
1,1982,192
1,1983,141
1,1984,179
1,1985,185
1,1986,172
1,1987,396
1,1988,180
1,1989,71
1,1990,352
1,1991,154
1,1992,166
1,1993,364
1,1994,77
1,1995,70
1,1996,57
1,1997,166
1,1998,179
1,1999,147
1,2000,230
1,2001,32
1,2002,141
1,2003,172
1,2004,71
1,2005,51
1,2006,166
1,2007,134
1,2008,179
1,2009,45
1,2010,160
1,2011,154
1,2012,122
1,2013,83
1,2014,173
1,2015,77
1,2016,167
1,2017,58
1,2018,83
1,2019,-320
1,2020,102
1,2021,90
1,2022,116
1,2023,103
1,2024,102
1,2025,26
1,2026,166
1,2027,140
1,2028,51
1,2029,64
1,2030,122
1,2031,128
1,2032,192
1,2033,52
1,2034,115
1,2035,108
1,2036,185
1,2037,83
1,2038,396
1,2039,77
1,2040,64
1,2041,57
1,2042,199
1,2043,-71
1,2044,749
1,2045,96
1,2046,44
1,2047,58
1,2048,71
1,2049,90
1,2050,-38
1,2051,84
1,2052,173
1,2053,45
1,2054,26
1,2055,121
1,2056,109
1,2057,806
1,2058,224
1,2059,793
1,2060,77
1,2061,102
1,2062,192
1,2063,115
1,2064,-38
1,2065,-38
1,2066,77
1,2067,32
1,2068,57
1,2069,45
1,2070,109
1,2071,77
1,2072,173
1,2073,52
1,2074,205
1,2075,147
1,2076,230
1,2077,90
1,2078,32
1,2079,109
1,2080,38
1,2081,57
1,2082,141
1,2083,45
1,2084,172
1,2085,57
1,2086,211
1,2087,96
1,2088,128
1,2089,51
1,2090,218
1,2091,103
1,2092,167
1,2093,26
1,2094,204
1,2095,147
1,2096,-45
1,2097,45
1,2098,160
1,2099,13
1,2100,64
1,2101,-51
1,2102,122
1,2103,115
1,2104,-410
1,2105,134
1,2106,153
1,2107,77
1,2108,115
1,2109,102
1,2110,90
1,2111,160
1,2112,-45
1,2113,384
1,2114,96
1,2115,96
1,2116,70
1,2117,64
1,2118,-32
1,2119,135
1,2120,115
1,2121,19
1,2122,121
1,2123,57
1,2124,51
1,2125,96
1,2126,166
1,2127,102
1,2128,89
1,2129,122
1,2130,122
1,2131,115
1,2132,167
1,2133,-25
1,2134,224
1,2135,135
1,2136,173
1,2137,57
1,2138,154
1,2139,103
1,2140,83
1,2141,51
1,2142,192
1,2143,64
1,2144,167
1,2145,89
1,2146,90
1,2147,121
1,2148,122
1,2149,58
1,2150,122
1,2151,115
1,2152,211
1,2153,38
1,2154,58
1,2155,64
1,2156,13
1,2157,45
1,2158,211
1,2159,103
1,2160,103
1,2161,57
1,2162,45
1,2163,71
1,2164,90
1,2165,96
1,2166,64
1,2167,109
1,2168,115
1,2169,45
1,2170,52
1,2171,83
1,2172,173
1,2173,32
1,2174,364
1,2175,121
1,2176,166
1,2177,70
1,2178,109
1,2179,90
1,2180,77
1,2181,71
1,2182,64
1,2183,109
1,2184,173
1,2185,128
1,2186,397
1,2187,160
1,2188,243
1,2189,-486
1,2190,218
1,2191,83
1,2192,116
1,2193,90
1,2194,90
1,2195,141
1,2196,77
1,2197,141
1,2198,154
1,2199,64
1,2200,147
1,2201,116
1,2202,205
1,2203,135
1,2204,134
1,2205,109
1,2206,64
1,2207,128
1,2208,140
1,2209,20
1,2210,-19
1,2211,77
1,2212,38
1,2213,45
1,2214,102
1,2215,140
1,2216,96
1,2217,300
1,2218,154
1,2219,115
1,2220,199
1,2221,103
1,2222,52
1,2223,128
1,2224,166
1,2225,52
1,2226,51
1,2227,166
1,2228,71
1,2229,58
1,2230,83
1,2231,173
1,2232,70
1,2233,108
1,2234,173
1,2235,147
1,2236,166
1,2237,58
1,2238,70
1,2239,-45
1,2240,224
1,2241,198
1,2242,122
1,2243,224
1,2244,403
1,2245,64
1,2246,77
1,2247,167
1,2248,230
1,2249,109
1,2250,103
1,2251,141
1,2252,211
1,2253,147
1,2254,32
1,2255,198
1,2256,90
1,2257,186
1,2258,154
1,2259,256
1,2260,186
1,2261,109
1,2262,160
1,2263,122
1,2264,160
1,2265,83
1,2266,-26
1,2267,134
1,2268,198
1,2269,262
1,2270,333
1,2271,121
1,2272,77
1,2273,108
1,2274,128
1,2275,-602
1,2276,211
1,2277,115
1,2278,147
1,2279,115
1,2280,166
1,2281,320
1,2282,77
1,2283,115
1,2284,71
1,2285,20
1,2286,166
1,2287,45
1,2288,57
1,2289,109
1,2290,140
1,2291,269
1,2292,205
1,2293,32
1,2294,102
1,2295,109
1,2296,115
1,2297,58
1,2298,154
1,2299,51
1,2300,819
1,2301,199
1,2302,147
1,2303,32
1,2304,173
1,2305,109
1,2306,64
1,2307,371
1,2308,83
1,2309,57
1,2310,64
1,2311,108
1,2312,58
1,2313,147
1,2314,806
1,2315,122
1,2316,102
1,2317,109
1,2318,121
1,2319,115
1,2320,186
1,2321,71
1,2322,32
1,2323,83
1,2324,58
1,2325,45
1,2326,160
1,2327,77
1,2328,96
1,2329,-26
1,2330,199
1,2331,172
1,2332,166
1,2333,128
1,2334,134
1,2335,128
1,2336,192
1,2337,26
1,2338,96
1,2339,-249
1,2340,-44
1,2341,58
1,2342,71
1,2343,115
1,2344,96
1,2345,116
1,2346,116
1,2347,58
1,2348,122
1,2349,64
1,2350,154
1,2351,115
1,2352,71
1,2353,51
1,2354,26
1,2355,83
1,2356,64
1,2357,70
1,2358,51
1,2359,109
1,2360,-468
1,2361,122
1,2362,115
1,2363,141
1,2364,70
1,2365,154
1,2366,153
1,2367,148
1,2368,116
1,2369,109
1,2370,205
1,2371,122
1,2372,154
1,2373,77
1,2374,153
1,2375,173
1,2376,147
1,2377,51
1,2378,90
1,2379,103
1,2380,121
1,2381,64
1,2382,179
1,2383,102
1,2384,71
1,2385,109
1,2386,378
1,2387,371
1,2388,147
1,2389,192
1,2390,173
1,2391,-32
1,2392,179
1,2393,96
1,2394,58
1,2395,109
1,2396,167
1,2397,51
1,2398,198
1,2399,51
1,2400,84
1,2401,96
1,2402,51
1,2403,160
1,2404,166
1,2405,102
1,2406,109
1,2407,160
1,2408,90
1,2409,51
1,2410,64
1,2411,45
1,2412,64
1,2413,51
1,2414,109
1,2415,121
1,2416,364
1,2417,57
1,2418,116
1,2419,77
1,2420,135
1,2421,83
1,2422,108
1,2423,96
1,2424,115
1,2425,44
1,2426,121
1,2427,51
1,2428,128
1,2429,64
1,2430,71
1,2431,83
1,2432,166
1,2433,102
1,2434,147
1,2435,64
1,2436,166
1,2437,103
1,2438,153
1,2439,102
1,2440,70
1,2441,128
1,2442,160
1,2443,371
1,2444,218
1,2445,-519
1,2446,148
1,2447,173
1,2448,70
1,2449,58
1,2450,96
1,2451,51
1,2452,185
1,2453,275
1,2454,141
1,2455,153
1,2456,179
1,2457,102
1,2458,109
1,2459,134
1,2460,76
1,2461,108
1,2462,115
1,2463,115
1,2464,179
1,2465,38
1,2466,64
1,2467,108
1,2468,173
1,2469,333
1,2470,173
1,2471,57
1,2472,198
1,2473,128
1,2474,115
1,2475,115
1,2476,192
1,2477,115
1,2478,103
1,2479,160
1,2480,167
1,2481,58
1,2482,141
1,2483,77
1,2484,179
1,2485,64
1,2486,109
1,2487,64
1,2488,58
1,2489,89
1,2490,173
1,2491,320
1,2492,122
1,2493,96
1,2494,115
1,2495,96
1,2496,-52
1,2497,166
1,2498,128
1,2499,160
1,2500,154
1,2501,135
1,2502,115
1,2503,115
1,2504,128
1,2505,121
1,2506,109
1,2507,58
1,2508,211
1,2509,109
1,2510,211
1,2511,64
1,2512,173
1,2513,58
1,2514,71
1,2515,90
1,2516,109
1,2517,64
1,2518,103
1,2519,90
1,2520,192
1,2521,102
1,2522,173
1,2523,89
1,2524,51
1,2525,96
1,2526,173
1,2527,160
1,2528,339
1,2529,70
1,2530,166
1,2531,-365
1,2532,172
1,2533,51
1,2534,172
1,2535,58
1,2536,115
1,2537,58
1,2538,147
1,2539,64
1,2540,377
1,2541,45
1,2542,205
1,2543,103
1,2544,64
1,2545,109
1,2546,26
1,2547,102
1,2548,134
1,2549,102
1,2550,102
1,2551,70
1,2552,153
1,2553,58
1,2554,128
1,2555,109
1,2556,724
1,2557,115
1,2558,2195
1,2559,77
1,2560,64
1,2561,109
1,2562,70
1,2563,96
1,2564,173
1,2565,102
1,2566,153
1,2567,103
1,2568,108
1,2569,787
1,2570,180
1,2571,793
1,2572,84
1,2573,64
1,2574,173
1,2575,371
1,2576,205
1,2577,25
1,2578,173
1,2579,-32
1,2580,39
1,2581,-51
1,2582,192
1,2583,77
1,2584,102
1,2585,77
1,2586,377
1,2587,115
1,2588,84
1,2589,70
1,2590,179
1,2591,-32
1,2592,179
1,2593,-26
1,2594,25
1,2595,51
1,2596,109
1,2597,358
1,2598,64
1,2599,44
1,2600,-192
1,2601,115
1,2602,83
1,2603,64
1,2604,116
1,2605,51
1,2606,128
1,2607,-64
1,2608,147
1,2609,26
1,2610,115
1,2611,96
1,2612,116
1,2613,38
1,2614,224
1,2615,115
1,2616,-358
1,2617,96
1,2618,185
1,2619,83
1,2620,154
1,2621,134
1,2622,378
1,2623,122
1,2624,211
1,2625,141
1,2626,83
1,2627,115
1,2628,390
1,2629,-26
1,2630,217
1,2631,70
1,2632,76
1,2633,64
1,2634,167
1,2635,39
1,2636,89
1,2637,109
1,2638,71
1,2639,70
1,2640,45
1,2641,64
1,2642,205
1,2643,128
1,2644,121
1,2645,96
1,2646,172
1,2647,115
1,2648,96
1,2649,83
1,2650,77
1,2651,96
1,2652,172
1,2653,212
1,2654,64
1,2655,115
1,2656,116
1,2657,38
1,2658,173
1,2659,121
1,2660,109
1,2661,96
1,2662,198
1,2663,122
1,2664,128
1,2665,102
1,2666,128
1,2667,-51
1,2668,96
1,2669,39
1,2670,365
1,2671,-44
1,2672,109
1,2673,115
1,2674,96
1,2675,115
1,2676,134
1,2677,70
1,2678,77
1,2679,371
1,2680,64
1,2681,58
1,2682,89
1,2683,-38
1,2684,179
1,2685,-19
1,2686,179
1,2687,45
1,2688,179
1,2689,147
1,2690,115
1,2691,166
1,2692,64
1,2693,-7
1,2694,45
1,2695,-288
1,2696,140
1,2697,45
1,2698,103
1,2699,109
1,2700,77
1,2701,-308
1,2702,102
1,2703,96
1,2704,71
1,2705,45
1,2706,96
1,2707,77
1,2708,-32
1,2709,102
1,2710,64
1,2711,32
1,2712,-128
1,2713,77
1,2714,71
1,2715,128
1,2716,103
1,2717,160
1,2718,51
1,2719,121
1,2720,64
1,2721,38
1,2722,39
1,2723,109
1,2724,45
1,2725,26
1,2726,333
1,2727,32
1,2728,134
1,2729,64
1,2730,90
1,2731,122
1,2732,121
1,2733,64
1,2734,116
1,2735,58
1,2736,70
1,2737,51
1,2738,423
1,2739,96
1,2740,172
1,2741,57
1,2742,83
1,2743,32
1,2744,109
1,2745,103
1,2746,205
1,2747,166
1,2748,141
1,2749,26
1,2750,109
1,2751,83
1,2752,109
1,2753,167
1,2754,121
1,2755,153
1,2756,128
1,2757,38
1,2758,141
1,2759,-32
1,2760,134
1,2761,147
1,2762,-45
1,2763,147
1,2764,147
1,2765,352
1,2766,121
1,2767,167
1,2768,121
1,2769,147
1,2770,77
1,2771,115
1,2772,-44
1,2773,115
1,2774,20
1,2775,166
1,2776,199
1,2777,45
1,2778,96
1,2779,128
1,2780,167
1,2781,-32
1,2782,64
1,2783,83
1,2784,58
1,2785,147
1,2786,-358
1,2787,102
1,2788,70
1,2789,70
1,2790,115
1,2791,26
1,2792,-45
1,2793,115
1,2794,141
1,2795,96
1,2796,167
1,2797,160
1,2798,89
1,2799,77
1,2800,121
1,2801,198
1,2802,358
1,2803,-45
1,2804,-38
1,2805,64
1,2806,378
1,2807,70
1,2808,77
1,2809,64
1,2810,147
1,2811,64
1,2812,775
1,2813,32
1,2814,26
1,2815,128
1,2816,153
1,2817,84
1,2818,25
1,2819,-64
1,2820,64
1,2821,-19
1,2822,230
1,2823,57
1,2824,96
1,2825,57
1,2826,768
1,2827,77
1,2828,173
1,2829,52
1,2830,77
1,2831,64
1,2832,64
1,2833,26
1,2834,71
1,2835,13
1,2836,64
1,2837,45
1,2838,32
1,2839,64
1,2840,103
1,2841,108
1,2842,109
1,2843,167
1,2844,217
1,2845,102
1,2846,186
1,2847,83
1,2848,83
1,2849,19
1,2850,51
1,2851,-13
1,2852,58
1,2853,108
1,2854,64
1,2855,-70
1,2856,121
1,2857,83
1,2858,198
1,2859,115
1,2860,83
1,2861,90
1,2862,64
1,2863,186
1,2864,76
1,2865,26
1,2866,134
1,2867,102
1,2868,58
1,2869,204
1,2870,185
1,2871,115
1,2872,-294
1,2873,147
1,2874,76
1,2875,109
1,2876,64
1,2877,103
1,2878,58
1,2879,116
1,2880,64
1,2881,122
1,2882,103
1,2883,77
1,2884,102
1,2885,90
1,2886,326
1,2887,166
1,2888,198
1,2889,96
1,2890,26
1,2891,64
1,2892,378
1,2893,128
1,2894,64
1,2895,32
1,2896,70
1,2897,70
1,2898,141
1,2899,70
1,2900,64
1,2901,147
1,2902,173
1,2903,103
1,2904,115
1,2905,102
1,2906,51
1,2907,71
1,2908,103
1,2909,64
1,2910,109
1,2911,115
1,2912,52
1,2913,96
1,2914,-45
1,2915,135
1,2916,212
1,2917,128
1,2918,-32
1,2919,128
1,2920,160
1,2921,38
1,2922,185
1,2923,58
1,2924,38
1,2925,103
1,2926,109
1,2927,134
1,2928,371
1,2929,185
1,2930,-51
1,2931,128
1,2932,70
1,2933,90
1,2934,115
1,2935,128
1,2936,160
1,2937,32
1,2938,134
1,2939,102
1,2940,-45
1,2941,83
1,2942,52
1,2943,71
1,2944,134
1,2945,102
1,2946,96
1,2947,45
1,2948,32
1,2949,109
1,2950,58
1,2951,83
1,2952,83
1,2953,64
1,2954,128
1,2955,115
1,2956,153
1,2957,-455
1,2958,134
1,2959,-32
1,2960,135
1,2961,372
1,2962,89
1,2963,20
1,2964,64
1,2965,77
1,2966,166
1,2967,26
1,2968,116
1,2969,38
1,2970,103
1,2971,128
1,2972,166
1,2973,103
1,2974,109
1,2975,64
1,2976,102
1,2977,77
1,2978,64
1,2979,115
1,2980,58
1,2981,96
1,2982,134
1,2983,71
1,2984,58
1,2985,58
1,2986,147
1,2987,352
1,2988,154
1,2989,64
1,2990,64
1,2991,96
1,2992,102
1,2993,26
1,2994,51
1,2995,102
1,2996,64
1,2997,45
1,2998,96
1,2999,84
1,3000,102
1,3001,64
1,3002,160
1,3003,-64
1,3004,198
1,3005,51
1,3006,179
1,3007,109
1,3008,103
1,3009,64
1,3010,237
1,3011,71
1,3012,244
1,3013,70
1,3014,147
1,3015,115
1,3016,141
1,3017,166
1,3018,115
1,3019,109
1,3020,38
1,3021,122
1,3022,-51
1,3023,166
1,3024,115
1,3025,314
1,3026,102
1,3027,154
1,3028,71
1,3029,212
1,3030,198
1,3031,167
1,3032,70
1,3033,57
1,3034,154
1,3035,160
1,3036,128
1,3037,57
1,3038,-45
1,3039,166
1,3040,51
1,3041,39
1,3042,-377
1,3043,64
1,3044,64
1,3045,89
1,3046,179
1,3047,52
1,3048,83
1,3049,64
1,3050,199
1,3051,167
1,3052,109
1,3053,58
1,3054,128
1,3055,192
1,3056,371
1,3057,365
1,3058,147
1,3059,179
1,3060,51
1,3061,52
1,3062,167
1,3063,160
1,3064,109
1,3065,166
1,3066,52
1,3067,307
1,3068,800
1,3069,70
1,3070,25
1,3071,160
1,3072,89
1,3073,32
1,3074,83
1,3075,89
1,3076,70
1,3077,84
1,3078,249
1,3079,160
1,3080,288
1,3081,813
1,3082,122
1,3083,807
1,3084,76
1,3085,141
1,3086,198
1,3087,-64
1,3088,167
1,3089,83
1,3090,96
1,3091,83
1,3092,147
1,3093,52
1,3094,58
1,3095,115
1,3096,70
1,3097,25
1,3098,115
1,3099,160
1,3100,128
1,3101,84
1,3102,71
1,3103,103
1,3104,167
1,3105,51
1,3106,64
1,3107,64
1,3108,39
1,3109,39
1,3110,160
1,3111,77
1,3112,58
1,3113,51
1,3114,89
1,3115,147
1,3116,172
1,3117,102
1,3118,167
1,3119,77
1,3120,71
1,3121,64
1,3122,141
1,3123,83
1,3124,96
1,3125,70
1,3126,166
1,3127,52
1,3128,-627
1,3129,51
1,3130,199
1,3131,109
1,3132,115
1,3133,83
1,3134,115
1,3135,153
1,3136,179
1,3137,153
1,3138,103
1,3139,166
1,3140,39
1,3141,64
1,3142,121
1,3143,115
1,3144,109
1,3145,45
1,3146,109
1,3147,-32
1,3148,84
1,3149,211
1,3150,58
1,3151,116
1,3152,167
1,3153,64
1,3154,198
1,3155,64
1,3156,205
1,3157,77
1,3158,205
1,3159,186
1,3160,250
1,3161,64
1,3162,179
1,3163,122
1,3164,160
1,3165,51
1,3166,109
1,3167,96
1,3168,102
1,3169,102
1,3170,160
1,3171,250
1,3172,211
1,3173,109
1,3174,57
1,3175,77
1,3176,102
1,3177,32
1,3178,39
1,3179,154
1,3180,58
1,3181,90
1,3182,89
1,3183,83
1,3184,71
1,3185,108
1,3186,115
1,3187,122
1,3188,217
1,3189,58
1,3190,160
1,3191,198
1,3192,90
1,3193,64
1,3194,172
1,3195,128
1,3196,116
1,3197,397
1,3198,147
1,3199,71
1,3200,192
1,3201,109
1,3202,371
1,3203,19
1,3204,70
1,3205,166
1,3206,26
1,3207,77
1,3208,160
1,3209,-32
1,3210,135
1,3211,154
1,3212,134
1,3213,-358
1,3214,166
1,3215,32
1,3216,140
1,3217,166
1,3218,192
1,3219,64
1,3220,166
1,3221,147
1,3222,180
1,3223,102
1,3224,96
1,3225,57
1,3226,211
1,3227,83
1,3228,147
1,3229,108
1,3230,70
1,3231,102
1,3232,70
1,3233,32
1,3234,64
1,3235,83
1,3236,109
1,3237,51
1,3238,179
1,3239,32
1,3240,32
1,3241,115
1,3242,179
1,3243,128
1,3244,154
1,3245,52
1,3246,70
1,3247,57
1,3248,128
1,3249,64
1,3250,249
1,3251,77
1,3252,64
1,3253,166
1,3254,250
1,3255,109
1,3256,115
1,3257,134
1,3258,115
1,3259,115
1,3260,108
1,3261,64
1,3262,64
1,3263,102
1,3264,109
1,3265,192
1,3266,128
1,3267,166
1,3268,224
1,3269,115
1,3270,205
1,3271,64
1,3272,160
1,3273,71
1,3274,198
1,3275,148
1,3276,179
1,3277,51
1,3278,140
1,3279,108
1,3280,128
1,3281,198
1,3282,218
1,3283,-51
1,3284,103
1,3285,224
1,3286,371
1,3287,141
1,3288,135
1,3289,96
1,3290,154
1,3291,122
1,3292,166
1,3293,102
1,3294,121
1,3295,103
1,3296,102
1,3297,103
1,3298,-308
1,3299,51
1,3300,186
1,3301,121
1,3302,153
1,3303,128
1,3304,186
1,3305,109
1,3306,122
1,3307,77
1,3308,128
1,3309,83
1,3310,192
1,3311,58
1,3312,116
1,3313,83
1,3314,147
1,3315,-64
1,3316,154
1,3317,160
1,3318,359
1,3319,109
1,3320,198
1,3321,192
1,3322,179
1,3323,122
1,3324,781
1,3325,147
1,3326,141
1,3327,70
1,3328,262
1,3329,153
1,3330,134
1,3331,57
1,3332,141
1,3333,96
1,3334,135
1,3335,-19
1,3336,179
1,3337,58
1,3338,781
1,3339,192
1,3340,172
1,3341,205
1,3342,172
1,3343,154
1,3344,179
1,3345,141
1,3346,172
1,3347,140
1,3348,115
1,3349,122
1,3350,205
1,3351,134
1,3352,103
1,3353,83
1,3354,179
1,3355,205
1,3356,371
1,3357,148
1,3358,250
1,3359,147
1,3360,211
1,3361,96
1,3362,192
1,3363,102
1,3364,154
1,3365,103
1,3366,198
1,3367,64
1,3368,153
1,3369,141
1,3370,121
1,3371,116
1,3372,115
1,3373,160
1,3374,179
1,3375,70
1,3376,166
1,3377,320
1,3378,166
1,3379,51
1,3380,128
1,3381,70
1,3382,103
1,3383,102
1,3384,-372
1,3385,71
1,3386,122
1,3387,64
1,3388,333
1,3389,141
1,3390,96
1,3391,115
1,3392,90
1,3393,166
1,3394,-25
1,3395,71
1,3396,141
1,3397,160
1,3398,186
1,3399,116
1,3400,147
1,3401,45
1,3402,108
1,3403,102
1,3404,103
1,3405,109
1,3406,90
1,3407,58
1,3408,70
1,3409,115
1,3410,89
1,3411,26
1,3412,90
1,3413,58
1,3414,205
1,3415,96
1,3416,115
1,3417,44
1,3418,51
1,3419,173
1,3420,52
1,3421,96
1,3422,122
1,3423,-205
1,3424,294
1,3425,185
1,3426,90
1,3427,147
1,3428,115
1,3429,115
1,3430,57
1,3431,147
1,3432,185
1,3433,57
1,3434,121
1,3435,128
1,3436,44
1,3437,141
1,3438,64
1,3439,180
1,3440,103
1,3441,26
1,3442,115
1,3443,148
1,3444,166
1,3445,231
1,3446,160
1,3447,109
1,3448,211
1,3449,51
1,3450,115
1,3451,160
1,3452,64
1,3453,70
1,3454,122
1,3455,147
1,3456,172
1,3457,140
1,3458,102
1,3459,58
1,3460,167
1,3461,90
1,3462,102
1,3463,160
1,3464,109
1,3465,153
1,3466,198
1,3467,109
1,3468,218
1,3469,-441
1,3470,71
1,3471,212
1,3472,160
1,3473,76
1,3474,77
1,3475,122
1,3476,96
1,3477,90
1,3478,160
1,3479,154
1,3480,77
1,3481,64
1,3482,103
1,3483,116
1,3484,147
1,3485,89
1,3486,-51
1,3487,134
1,3488,89
1,3489,38
1,3490,122
1,3491,115
1,3492,250
1,3493,57
1,3494,83
1,3495,198
1,3496,77
1,3497,109
1,3498,166
1,3499,128
1,3500,166
1,3501,51
1,3502,57
1,3503,122
1,3504,109
1,3505,25
1,3506,25
1,3507,25
1,3508,96
1,3509,64
1,3510,115
1,3511,121
1,3512,109
1,3513,58
1,3514,199
1,3515,154
1,3516,172
1,3517,96
1,3518,115
1,3519,115
1,3520,198
1,3521,365
1,3522,204
1,3523,122
1,3524,109
1,3525,269
1,3526,262
1,3527,160
1,3528,199
1,3529,205
1,3530,288
1,3531,166
1,3532,140
1,3533,173
1,3534,134
1,3535,108
1,3536,122
1,3537,128
1,3538,134
1,3539,140
1,3540,58
1,3541,109
1,3542,160
1,3543,122
1,3544,135
1,3545,52
1,3546,90
1,3547,84
1,3548,96
1,3549,103
1,3550,103
1,3551,96
1,3552,153
1,3553,38
1,3554,-301
1,3555,51
1,3556,128
1,3557,153
1,3558,102
1,3559,135
1,3560,70
1,3561,70
1,3562,166
1,3563,134
1,3564,83
1,3565,51
1,3566,103
1,3567,121
1,3568,90
1,3569,76
1,3570,77
1,3571,-57
1,3572,186
1,3573,71
1,3574,64
1,3575,70
1,3576,115
1,3577,71
1,3578,51
1,3579,109
1,3580,710
1,3581,70
1,3582,38
1,3583,147
1,3584,64
1,3585,51
1,3586,109
1,3587,77
1,3588,128
1,3589,96
1,3590,160
1,3591,134
1,3592,26
1,3593,838
1,3594,-32
1,3595,806
1,3596,57
1,3597,166
1,3598,134
1,3599,96
1,3600,148
1,3601,45
1,3602,64
1,3603,83
1,3604,115
1,3605,134
1,3606,71
1,3607,276
1,3608,199
1,3609,365
1,3610,64
1,3611,109
1,3612,166
1,3613,115
1,3614,128
1,3615,134
1,3616,205
1,3617,45
1,3618,96
1,3619,70
1,3620,71
1,3621,77
1,3622,108
1,3623,58
1,3624,339
1,3625,71
1,3626,-51
1,3627,141
1,3628,115
1,3629,103
1,3630,160
1,3631,205
1,3632,102
1,3633,32
1,3634,71
1,3635,109
1,3636,71
1,3637,109
1,3638,115
1,3639,64
1,3640,-1005
1,3641,128
1,3642,166
1,3643,154
1,3644,115
1,3645,64
1,3646,205
1,3647,160
1,3648,198
1,3649,205
1,3650,166
1,3651,134
1,3652,71
1,3653,128
1,3654,160
1,3655,77
1,3656,108
1,3657,108
1,3658,160
1,3659,109
1,3660,70
1,3661,-57
1,3662,135
1,3663,96
1,3664,76
1,3665,121
1,3666,218
1,3667,121
1,3668,147
1,3669,192
1,3670,211
1,3671,154
1,3672,116
1,3673,147
1,3674,160
1,3675,77
1,3676,108
1,3677,115
1,3678,199
1,3679,77
1,3680,115
1,3681,135
1,3682,160
1,3683,160
1,3684,122
1,3685,153
1,3686,154
1,3687,173
1,3688,83
1,3689,51
1,3690,103
1,3691,-314
1,3692,134
1,3693,103
1,3694,109
1,3695,108
1,3696,96
1,3697,58
1,3698,262
1,3699,141
1,3700,154
1,3701,115
1,3702,275
1,3703,218
1,3704,-38
1,3705,52
1,3706,128
1,3707,102
1,3708,26
1,3709,38
1,3710,76
1,3711,51
1,3712,90
1,3713,147
1,3714,211
1,3715,77
1,3716,52
1,3717,115
1,3718,160
1,3719,109
1,3720,51
1,3721,102
1,3722,83
1,3723,115
1,3724,154
1,3725,-384
1,3726,109
1,3727,108
1,3728,147
1,3729,51
1,3730,64
1,3731,-45
1,3732,160
1,3733,77
1,3734,115
1,3735,58
1,3736,70
1,3737,64
1,3738,83
1,3739,115
1,3740,166
1,3741,153
1,3742,115
1,3743,109
1,3744,76
1,3745,45
1,3746,58
1,3747,115
1,3748,185
1,3749,52
1,3750,199
1,3751,64
1,3752,77
1,3753,77
1,3754,128
1,3755,121
1,3756,199
1,3757,51
1,3758,173
1,3759,109
1,3760,122
1,3761,64
1,3762,198
1,3763,116
1,3764,58
1,3765,38
1,3766,51
1,3767,140
1,3768,77
1,3769,103
1,3770,160
1,3771,153
1,3772,115
1,3773,39
1,3774,102
1,3775,115
1,3776,147
1,3777,141
1,3778,160
1,3779,205
1,3780,45
1,3781,51
1,3782,109
1,3783,64
1,3784,154
1,3785,103
1,3786,51
1,3787,64
1,3788,115
1,3789,64
1,3790,77
1,3791,76
1,3792,96
1,3793,90
1,3794,51
1,3795,128
1,3796,115
1,3797,76
1,3798,102
1,3799,102
1,3800,76
1,3801,39
1,3802,64
1,3803,167
1,3804,147
1,3805,70
1,3806,64
1,3807,109
1,3808,64
1,3809,-570
1,3810,192
1,3811,147
1,3812,115
1,3813,115
1,3814,179
1,3815,76
1,3816,115
1,3817,90
1,3818,166
1,3819,77
1,3820,96
1,3821,57
1,3822,122
1,3823,116
1,3824,217
1,3825,102
1,3826,141
1,3827,211
1,3828,166
1,3829,39
1,3830,135
1,3831,147
1,3832,58
1,3833,103
1,3834,115
1,3835,179
1,3836,825
1,3837,52
1,3838,57
1,3839,57
1,3840,45
1,3841,160
1,3842,128
1,3843,45
1,3844,58
1,3845,77
1,3846,32
1,3847,38
1,3848,76
1,3849,103
1,3850,794
1,3851,116
1,3852,84
1,3853,51
1,3854,64
1,3855,172
1,3856,-38
1,3857,45
1,3858,83
1,3859,71
1,3860,141
1,3861,153
1,3862,19
1,3863,45
1,3864,122
1,3865,108
1,3866,115
1,3867,115
1,3868,108
1,3869,90
1,3870,89
1,3871,154
1,3872,6
1,3873,57
1,3874,109
1,3875,26
1,3876,70
1,3877,39
1,3878,77
1,3879,64
1,3880,45
1,3881,115
1,3882,166
1,3883,192
1,3884,128
1,3885,102
1,3886,167
1,3887,77
1,3888,-45
1,3889,102
1,3890,19
1,3891,128
1,3892,70
1,3893,51
1,3894,-51
1,3895,-390
1,3896,173
1,3897,115
1,3898,90
1,3899,-32
1,3900,135
1,3901,160
1,3902,198
1,3903,115
1,3904,108
1,3905,186
1,3906,154
1,3907,173
1,3908,102
1,3909,179
1,3910,141
1,3911,179
1,3912,109
1,3913,32
1,3914,122
1,3915,45
1,3916,154
1,3917,64
1,3918,135
1,3919,108
1,3920,58
1,3921,192
1,3922,121
1,3923,160
1,3924,173
1,3925,115
1,3926,103
1,3927,205
1,3928,218
1,3929,44
1,3930,179
1,3931,167
1,3932,83
1,3933,115
1,3934,378
1,3935,109
1,3936,77
1,3937,51
1,3938,84
1,3939,186
1,3940,64
1,3941,32
1,3942,102
1,3943,109
1,3944,83
1,3945,77
1,3946,32
1,3947,26
1,3948,70
1,3949,45
1,3950,-26
1,3951,141
1,3952,115
1,3953,103
1,3954,121
1,3955,121
1,3956,167
1,3957,122
1,3958,173
1,3959,147
1,3960,84
1,3961,38
1,3962,45
1,3963,64
1,3964,57
1,3965,26
1,3966,173
1,3967,84
1,3968,77
1,3969,141
1,3970,32
1,3971,103
1,3972,-39
1,3973,70
1,3974,115
1,3975,128
1,3976,57
1,3977,108
1,3978,134
1,3979,135
1,3980,-512
1,3981,71
1,3982,147
1,3983,58
1,3984,64
1,3985,38
1,3986,64
1,3987,77
1,3988,96
1,3989,141
1,3990,109
1,3991,51
1,3992,147
1,3993,140
1,3994,365
1,3995,121
1,3996,89
1,3997,109
1,3998,109
1,3999,77
1,4000,83
1,4001,64
1,4002,167
1,4003,-236
1,4004,378
1,4005,116
1,4006,64
1,4007,76
1,4008,115
1,4009,134
1,4010,135
1,4011,154
1,4012,141
1,4013,154
1,4014,135
1,4015,115
1,4016,58
1,4017,51
1,4018,115
1,4019,77
1,4020,-38
1,4021,77
1,4022,76
1,4023,-64
1,4024,-38
1,4025,217
1,4026,167
1,4027,179
1,4028,205
1,4029,-38
1,4030,180
1,4031,154
1,4032,153
1,4033,116
1,4034,109
1,4035,96
1,4036,109
1,4037,71
1,4038,167
1,4039,58
1,4040,90
1,4041,-32
1,4042,179
1,4043,70
1,4044,64
1,4045,102
1,4046,263
1,4047,352
1,4048,135
1,4049,77
1,4050,57
1,4051,38
1,4052,391
1,4053,77
1,4054,135
1,4055,160
1,4056,-44
1,4057,128
1,4058,116
1,4059,89
1,4060,115
1,4061,314
1,4062,102
1,4063,141
1,4064,128
1,4065,-518
1,4066,115
1,4067,-32
1,4068,57
1,4069,115
1,4070,90
1,4071,64
1,4072,96
1,4073,160
1,4074,108
1,4075,147
1,4076,64
1,4077,51
1,4078,160
1,4079,135
1,4080,205
1,4081,147
1,4082,128
1,4083,147
1,4084,64
1,4085,51
1,4086,154
1,4087,173
1,4088,76
1,4089,154
1,4090,20
1,4091,134
1,4092,231
1,4093,121
1,4094,-1805
1,4095,135
1,4096,45
1,4097,64
1,4098,70
1,4099,121
1,4100,45
1,4101,103
1,4102,172
1,4103,109
1,4104,173
1,4105,794
1,4106,115
1,4107,877
1,4108,51
1,4109,180
1,4110,109
1,4111,172
1,4112,160
1,4113,45
1,4114,45
1,4115,115
1,4116,167
1,4117,109
1,4118,102
1,4119,135
1,4120,141
1,4121,122
1,4122,51
1,4123,192
1,4124,128
1,4125,109
1,4126,122
1,4127,147
1,4128,199
1,4129,102
1,4130,122
1,4131,96
1,4132,109
1,4133,83
1,4134,38
1,4135,-64
1,4136,179
1,4137,51
1,4138,128
1,4139,115
1,4140,71
1,4141,122
1,4142,147
1,4143,109
1,4144,154
1,4145,70
1,4146,96
1,4147,57
1,4148,115
1,4149,103
1,4150,70
1,4151,-359
1,4152,57
1,4153,122
1,4154,166
1,4155,96
1,4156,346
1,4157,109
1,4158,116
1,4159,192
1,4160,103
1,4161,154
1,4162,173
1,4163,57
1,4164,217
1,4165,102
1,4166,167
1,4167,148
1,4168,154
1,4169,45
1,4170,77
1,4171,70
1,4172,108
1,4173,192
1,4174,109
1,4175,58
1,4176,71
1,4177,102
1,4178,211
1,4179,108
1,4180,115
1,4181,115
1,4182,153
1,4183,122
1,4184,121
1,4185,96
1,4186,116
1,4187,71
1,4188,64
1,4189,57
1,4190,230
1,4191,115
1,4192,64
1,4193,109
1,4194,102
1,4195,-64
1,4196,179
1,4197,70
1,4198,103
1,4199,115
1,4200,83
1,4201,51
1,4202,70
1,4203,205
1,4204,116
1,4205,64
1,4206,58
1,4207,89
1,4208,211
1,4209,365
1,4210,-25
1,4211,179
1,4212,154
1,4213,76
1,4214,96
1,4215,-134
1,4216,115
1,4217,122
1,4218,205
1,4219,141
1,4220,205
1,4221,39
1,4222,141
1,4223,167
1,4224,89
1,4225,160
1,4226,147
1,4227,26
1,4228,64
1,4229,83
1,4230,198
1,4231,128
1,4232,70
1,4233,115
1,4234,115
1,4235,166
1,4236,-564
1,4237,96
1,4238,173
1,4239,116
1,4240,64
1,4241,90
1,4242,70
1,4243,71
1,4244,58
1,4245,108
1,4246,115
1,4247,134
1,4248,115
1,4249,70
1,4250,199
1,4251,109
1,4252,198
1,4253,71
1,4254,180
1,4255,64
1,4256,77
1,4257,44
1,4258,76
1,4259,128
1,4260,154
1,4261,90
1,4262,148
1,4263,135
1,4264,58
1,4265,103
1,4266,160
1,4267,122
1,4268,-38
1,4269,64
1,4270,147
1,4271,121
1,4272,76
1,4273,52
1,4274,134
1,4275,166
1,4276,77
1,4277,160
1,4278,211
1,4279,128
1,4280,70
1,4281,186
1,4282,185
1,4283,115
1,4284,-32
1,4285,135
1,4286,122
1,4287,121
1,4288,185
1,4289,371
1,4290,128
1,4291,115
1,4292,70
1,4293,64
1,4294,96
1,4295,122
1,4296,96
1,4297,70
1,4298,89
1,4299,364
1,4300,122
1,4301,57
1,4302,83
1,4303,71
1,4304,243
1,4305,115
1,4306,160
1,4307,141
1,4308,140
1,4309,70
1,4310,115
1,4311,192
1,4312,109
1,4313,64
1,4314,140
1,4315,122
1,4316,147
1,4317,102
1,4318,102
1,4319,45
1,4320,-52
1,4321,-429
1,4322,134
1,4323,103
1,4324,237
1,4325,77
1,4326,166
1,4327,83
1,4328,84
1,4329,51
1,4330,102
1,4331,-51
1,4332,77
1,4333,32
1,4334,96
1,4335,102
1,4336,84
1,4337,147
1,4338,160
1,4339,122
1,4340,102
1,4341,44
1,4342,102
1,4343,64
1,4344,77
1,4345,57
1,4346,134
1,4347,19
1,4348,742
1,4349,-25
1,4350,205
1,4351,26
1,4352,115
1,4353,58
1,4354,89
1,4355,51
1,4356,192
1,4357,52
1,4358,141
1,4359,121
1,4360,154
1,4361,51
1,4362,781
1,4363,217
1,4364,38
1,4365,147
1,4366,109
1,4367,103
1,4368,122
1,4369,102
1,4370,122
1,4371,51
1,4372,154
1,4373,102
1,4374,77
1,4375,96
1,4376,96
1,4377,39
1,4378,122
1,4379,147
1,4380,108
1,4381,153
1,4382,332
1,4383,141
1,4384,83
1,4385,-32
1,4386,83
1,4387,26
1,4388,57
1,4389,51
1,4390,52
1,4391,64
1,4392,64
1,4393,102
1,4394,172
1,4395,115
1,4396,128
1,4397,83
1,4398,173
1,4399,122
1,4400,121
1,4401,58
1,4402,32
1,4403,64
1,4404,38
1,4405,-32
1,4406,-371
1,4407,109
1,4408,51
1,4409,121
1,4410,192
1,4411,116
1,4412,160
1,4413,167
1,4414,76
1,4415,128
1,4416,116
1,4417,109
1,4418,256
1,4419,249
1,4420,128
1,4421,147
1,4422,71
1,4423,128
1,4424,167
1,4425,121
1,4426,83
1,4427,115
1,4428,116
1,4429,116
1,4430,147
1,4431,102
1,4432,211
1,4433,134
1,4434,115
1,4435,218
1,4436,378
1,4437,147
1,4438,128
1,4439,83
1,4440,166
1,4441,128
1,4442,121
1,4443,-58
1,4444,77
1,4445,115
1,4446,71
1,4447,58
1,4448,115
1,4449,51
1,4450,141
1,4451,217
1,4452,154
1,4453,96
1,4454,135
1,4455,269
1,4456,77
1,4457,57
1,4458,115
1,4459,45
1,4460,148
1,4461,51
1,4462,77
1,4463,192
1,4464,122
1,4465,103
1,4466,109
1,4467,96
1,4468,115
1,4469,64
1,4470,122
1,4471,103
1,4472,115
1,4473,103
1,4474,121
1,4475,103
1,4476,109
1,4477,358
1,4478,77
1,4479,64
1,4480,141
1,4481,185
1,4482,32
1,4483,115
1,4484,154
1,4485,51
1,4486,122
1,4487,-51
1,4488,83
1,4489,109
1,4490,115
1,4491,217
1,4492,-307
1,4493,64
1,4494,167
1,4495,128
1,4496,148
1,4497,51
1,4498,141
1,4499,-45
1,4500,51
1,4501,89
1,4502,57
1,4503,-51
1,4504,186
1,4505,256
1,4506,160
1,4507,115
1,4508,160
1,4509,45
1,4510,160
1,4511,135
1,4512,64
1,4513,19
1,4514,154
1,4515,365
1,4516,121
1,4517,154
1,4518,160
1,4519,76
1,4520,237
1,4521,135
1,4522,160
1,4523,148
1,4524,173
1,4525,358
1,4526,109
1,4527,134
1,4528,128
1,4529,51
1,4530,154
1,4531,83
1,4532,45
1,4533,57
1,4534,-58
1,4535,147
1,4536,76
1,4537,167
1,4538,166
1,4539,167
1,4540,121
1,4541,154
1,4542,102
1,4543,121
1,4544,109
1,4545,115
1,4546,64
1,4547,58
1,4548,96
1,4549,70
1,4550,115
1,4551,109
1,4552,102
1,4553,103
1,4554,128
1,4555,58
1,4556,103
1,4557,90
1,4558,64
1,4559,84
1,4560,109
1,4561,90
1,4562,108
1,4563,109
1,4564,122
1,4565,102
1,4566,45
1,4567,115
1,4568,333
1,4569,77
1,4570,70
1,4571,198
1,4572,64
1,4573,102
1,4574,102
1,4575,96
1,4576,89
1,4577,-435
1,4578,121
1,4579,115
1,4580,58
1,4581,45
1,4582,128
1,4583,115
1,4584,70
1,4585,52
1,4586,167
1,4587,89
1,4588,172
1,4589,96
1,4590,57
1,4591,71
1,4592,109
1,4593,64
1,4594,58
1,4595,109
1,4596,51
1,4597,32
1,4598,166
1,4599,166
1,4600,90
1,4601,141
1,4602,19
1,4603,147
1,4604,788
1,4605,64
1,4606,-39
1,4607,256
1,4608,77
1,4609,-7
1,4610,109
1,4611,122
1,4612,26
1,4613,-32
1,4614,135
1,4615,-45
1,4616,173
1,4617,634
1,4618,76
1,4619,749
1,4620,147
1,4621,-70
1,4622,141
1,4623,109
1,4624,121
1,4625,96
1,4626,83
1,4627,134
1,4628,102
1,4629,71
1,4630,122
1,4631,89
1,4632,51
1,4633,102
1,4634,166
1,4635,166
1,4636,77
1,4637,77
1,4638,180
1,4639,108
1,4640,122
1,4641,32
1,4642,45
1,4643,26
1,4644,58
1,4645,64
1,4646,109
1,4647,64
1,4648,115
1,4649,96
1,4650,128
1,4651,166
1,4652,166
1,4653,121
1,4654,167
1,4655,282
1,4656,198
1,4657,103
1,4658,122
1,4659,115
1,4660,115
1,4661,359
1,4662,-300
1,4663,121
1,4664,109
1,4665,134
1,4666,173
1,4667,371
1,4668,211
1,4669,108
1,4670,179
1,4671,160
1,4672,134
1,4673,371
1,4674,102
1,4675,153
1,4676,109
1,4677,141
1,4678,205
1,4679,166
1,4680,121
1,4681,64
1,4682,173
1,4683,160
1,4684,77
1,4685,64
1,4686,167
1,4687,115
1,4688,-58
1,4689,116
1,4690,198
1,4691,211
1,4692,128
1,4693,199
1,4694,218
1,4695,160
1,4696,83
1,4697,58
1,4698,122
1,4699,115
1,4700,173
1,4701,102
1,4702,205
1,4703,160
1,4704,108
1,4705,109
1,4706,13
1,4707,217
1,4708,141
1,4709,102
1,4710,160
1,4711,166
1,4712,108
1,4713,51
1,4714,167
1,4715,377
1,4716,70
1,4717,19
1,4718,141
1,4719,173
1,4720,90
1,4721,-71
1,4722,192
1,4723,179
1,4724,179
1,4725,230
1,4726,167
1,4727,160
1,4728,128
1,4729,64
1,4730,121
1,4731,109
1,4732,51
1,4733,57
1,4734,19
1,4735,115
1,4736,77
1,4737,153
1,4738,-51
1,4739,57
1,4740,64
1,4741,192
1,4742,90
1,4743,83
1,4744,172
1,4745,51
1,4746,269
1,4747,198
1,4748,-301
1,4749,52
1,4750,269
1,4751,154
1,4752,140
1,4753,51
1,4754,108
1,4755,160
1,4756,102
1,4757,134
1,4758,115
1,4759,121
1,4760,116
1,4761,108
1,4762,115
1,4763,121
1,4764,70
1,4765,103
1,4766,108
1,4767,147
1,4768,167
1,4769,-39
1,4770,77
1,4771,103
1,4772,153
1,4773,64
1,4774,90
1,4775,109
1,4776,115
1,4777,121
1,4778,173
1,4779,115
1,4780,134
1,4781,102
1,4782,96
1,4783,-58
1,4784,185
1,4785,96
1,4786,32
1,4787,116
1,4788,128
1,4789,90
1,4790,109
1,4791,173
1,4792,109
1,4793,121
1,4794,173
1,4795,102
1,4796,154
1,4797,102
1,4798,173
1,4799,115
1,4800,205
1,4801,160
1,4802,128
1,4803,147
1,4804,167
1,4805,89
1,4806,128
1,4807,199
1,4808,64
1,4809,51
1,4810,115
1,4811,115
1,4812,-39
1,4813,122
1,4814,134
1,4815,77
1,4816,109
1,4817,121
1,4818,122
1,4819,166
1,4820,185
1,4821,51
1,4822,135
1,4823,141
1,4824,173
1,4825,96
1,4826,115
1,4827,70
1,4828,154
1,4829,83
1,4830,77
1,4831,70
1,4832,-467
1,4833,-57
1,4834,230
1,4835,230
1,4836,122
1,4837,122
1,4838,205
1,4839,153
1,4840,173
1,4841,96
1,4842,-38
1,4843,115
1,4844,70
1,4845,64
1,4846,147
1,4847,134
1,4848,25
1,4849,115
1,4850,109
1,4851,243
1,4852,103
1,4853,103
1,4854,115
1,4855,77
1,4856,154
1,4857,51
1,4858,134
1,4859,109
1,4860,736
1,4861,32
1,4862,269
1,4863,122
1,4864,102
1,4865,134
1,4866,109
1,4867,57
1,4868,-32
1,4869,45
1,4870,58
1,4871,32
1,4872,211
1,4873,51
1,4874,774
1,4875,140
1,4876,166
1,4877,70
1,4878,122
1,4879,122
1,4880,122
1,4881,83
1,4882,32
1,4883,64
1,4884,76
1,4885,51
1,4886,64
1,4887,122
1,4888,108
1,4889,57
1,4890,128
1,4891,185
1,4892,108
1,4893,51
1,4894,70
1,4895,121
1,4896,108
1,4897,-51
1,4898,134
1,4899,128
1,4900,64
1,4901,45
1,4902,77
1,4903,102
1,4904,365
1,4905,102
1,4906,153
1,4907,212
1,4908,166
1,4909,64
1,4910,204
1,4911,166
1,4912,58
1,4913,58
1,4914,160
1,4915,147
1,4916,64
1,4917,-532
1,4918,121
1,4919,77
1,4920,103
1,4921,128
1,4922,180
1,4923,83
1,4924,70
1,4925,339
1,4926,77
1,4927,218
1,4928,122
1,4929,211
1,4930,307
1,4931,108
1,4932,96
1,4933,102
1,4934,192
1,4935,115
1,4936,160
1,4937,109
1,4938,134
1,4939,96
1,4940,57
1,4941,173
1,4942,160
1,4943,71
1,4944,64
1,4945,52
1,4946,199
1,4947,115
1,4948,358
1,4949,96
1,4950,204
1,4951,179
1,4952,109
1,4953,38
1,4954,58
1,4955,134
1,4956,39
1,4957,109
1,4958,217
1,4959,122
1,4960,70
1,4961,96
1,4962,71
1,4963,211
1,4964,199
1,4965,51
1,4966,199
1,4967,115
1,4968,103
1,4969,115
1,4970,103
1,4971,57
1,4972,147
1,4973,64
1,4974,64
1,4975,166
1,4976,83
1,4977,115
1,4978,205
1,4979,371
1,4980,256
1,4981,115
1,4982,179
1,4983,121
1,4984,186
1,4985,58
1,4986,134
1,4987,90
1,4988,103
1,4989,45
1,4990,122
1,4991,45
1,4992,77
1,4993,116
1,4994,-32
1,4995,121
1,4996,32
1,4997,51
1,4998,192
1,4999,83
1,5000,109
1,5001,58
1,5002,83
1,5003,-262
1,5004,102
1,5005,96
1,5006,173
1,5007,153
1,5008,109
1,5009,57
1,5010,51
1,5011,-25
1,5012,109
1,5013,64
1,5014,173
1,5015,147
1,5016,122
1,5017,109
1,5018,173
1,5019,147
1,5020,26
1,5021,45
1,5022,166
1,5023,121
1,5024,64
1,5025,52
1,5026,64
1,5027,64
1,5028,70
1,5029,57
1,5030,57
1,5031,71
1,5032,77
1,5033,140
1,5034,64
1,5035,147
1,5036,89
1,5037,147
1,5038,83
1,5039,135
1,5040,64
1,5041,45
1,5042,109
1,5043,57
1,5044,77
1,5045,96
1,5046,135
1,5047,154
1,5048,128
1,5049,147
1,5050,185
1,5051,160
1,5052,109
1,5053,102
1,5054,167
1,5055,70
1,5056,64
1,5057,160
1,5058,51
1,5059,147
1,5060,121
1,5061,96
1,5062,147
1,5063,128
1,5064,64
1,5065,115
1,5066,96
1,5067,122
1,5068,-38
1,5069,77
1,5070,173
1,5071,128
1,5072,115
1,5073,64
1,5074,212
1,5075,179
1,5076,51
1,5077,-58
1,5078,173
1,5079,352
1,5080,51
1,5081,83
1,5082,122
1,5083,141
1,5084,90
1,5085,102
1,5086,109
1,5087,121
1,5088,-589
1,5089,96
1,5090,172
1,5091,179
1,5092,77
1,5093,51
1,5094,186
1,5095,128
1,5096,109
1,5097,307
1,5098,224
1,5099,167
1,5100,121
1,5101,90
1,5102,198
1,5103,153
1,5104,115
1,5105,77
1,5106,51
1,5107,108
1,5108,109
1,5109,70
1,5110,102
1,5111,147
1,5112,51
1,5113,148
1,5114,147
1,5115,167
1,5116,852
1,5117,192
1,5118,32
1,5119,102
1,5120,44
1,5121,64
1,5122,77
1,5123,20
1,5124,58
1,5125,64
1,5126,51
1,5127,84
1,5128,102
1,5129,787
1,5130,154
1,5131,813
1,5132,96
1,5133,32
1,5134,102
1,5135,141
1,5136,96
1,5137,-26
1,5138,70
1,5139,109
1,5140,58
1,5141,96
1,5142,57
1,5143,121
1,5144,109
1,5145,70
1,5146,122
1,5147,108
1,5148,64
1,5149,76
1,5150,70
1,5151,166
1,5152,109
1,5153,39
1,5154,109
1,5155,-19
1,5156,70
1,5157,84
1,5158,96
1,5159,-25
1,5160,134
1,5161,71
1,5162,205
1,5163,135
1,5164,71
1,5165,64
1,5166,89
1,5167,192
1,5168,83
1,5169,51
1,5170,180
1,5171,45
1,5172,64
1,5173,-569
1,5174,77
1,5175,76
1,5176,58
1,5177,116
1,5178,211
1,5179,115
1,5180,122
1,5181,58
1,5182,218
1,5183,115
1,5184,167
1,5185,256
1,5186,160
1,5187,51
1,5188,115
1,5189,198
1,5190,211
1,5191,128
1,5192,77
1,5193,51
1,5194,192
1,5195,160
1,5196,70
1,5197,102
1,5198,160
1,5199,58
1,5200,70
1,5201,166
1,5202,192
1,5203,173
1,5204,122
1,5205,179
1,5206,122
1,5207,64
1,5208,205
1,5209,141
1,5210,121
1,5211,-58
1,5212,-141
1,5213,64
1,5214,115
1,5215,121
1,5216,-51
1,5217,102
1,5218,160
1,5219,128
1,5220,160
1,5221,102
1,5222,147
1,5223,115
1,5224,90
1,5225,96
1,5226,339
1,5227,116
1,5228,96
1,5229,154
1,5230,192
1,5231,320
1,5232,109
1,5233,58
1,5234,186
1,5235,160
1,5236,166
1,5237,141
1,5238,179
1,5239,128
1,5240,154
1,5241,108
1,5242,160
1,5243,218
1,5244,-45
1,5245,141
1,5246,397
1,5247,96
1,5248,103
1,5249,173
1,5250,64
1,5251,96
1,5252,122
1,5253,173
1,5254,128
1,5255,83
1,5256,96
1,5257,116
1,5258,211
1,5259,-333
1,5260,122
1,5261,64
1,5262,185
1,5263,64
1,5264,160
1,5265,96
1,5266,108
1,5267,26
1,5268,115
1,5269,70
1,5270,70
1,5271,122
1,5272,115
1,5273,109
1,5274,173
1,5275,128
1,5276,128
1,5277,96
1,5278,166
1,5279,122
1,5280,89
1,5281,38
1,5282,153
1,5283,141
1,5284,83
1,5285,-20
1,5286,186
1,5287,103
1,5288,57
1,5289,64
1,5290,211
1,5291,160
1,5292,70
1,5293,83
1,5294,160
1,5295,83
1,5296,153
1,5297,109
1,5298,76
1,5299,256
1,5300,70
1,5301,115
1,5302,102
1,5303,167
1,5304,57
1,5305,173
1,5306,217
1,5307,166
1,5308,199
1,5309,77
1,5310,134
1,5311,154
1,5312,77
1,5313,-32
1,5314,506
1,5315,160
1,5316,109
1,5317,38
1,5318,128
1,5319,218
1,5320,115
1,5321,45
1,5322,167
1,5323,109
1,5324,115
1,5325,26
1,5326,327
1,5327,141
1,5328,64
1,5329,102
1,5330,154
1,5331,192
1,5332,128
1,5333,32
1,5334,121
1,5335,199
1,5336,83
1,5337,26
1,5338,179
1,5339,77
1,5340,64
1,5341,32
1,5342,19
1,5343,154
1,5344,-487
1,5345,70
1,5346,166
1,5347,217
1,5348,122
1,5349,64
1,5350,166
1,5351,109
1,5352,115
1,5353,57
1,5354,115
1,5355,102
1,5356,70
1,5357,64
1,5358,-51
1,5359,103
1,5360,173
1,5361,103
1,5362,160
1,5363,122
1,5364,352
1,5365,108
1,5366,115
1,5367,179
1,5368,204
1,5369,83
1,5370,122
1,5371,205
1,5372,736
1,5373,109
1,5374,192
1,5375,109
1,5376,90
1,5377,109
1,5378,121
1,5379,58
1,5380,45
1,5381,64
1,5382,154
1,5383,141
1,5384,154
1,5385,115
1,5386,794
1,5387,167
1,5388,166
1,5389,64
1,5390,205
1,5391,167
1,5392,103
1,5393,57
1,5394,128
1,5395,76
1,5396,154
1,5397,52
1,5398,172
1,5399,128
1,5400,224
1,5401,76
1,5402,179
1,5403,122
1,5404,192
1,5405,167
1,5406,212
1,5407,77
1,5408,89
1,5409,58
1,5410,160
1,5411,89
1,5412,38
1,5413,134
1,5414,173
1,5415,70
1,5416,-45
1,5417,77
1,5418,211
1,5419,109
1,5420,70
1,5421,58
1,5422,109
1,5423,64
1,5424,77
1,5425,57
1,5426,160
1,5427,58
1,5428,-45
1,5429,-531
1,5430,90
1,5431,116
1,5432,122
1,5433,70
1,5434,198
1,5435,141
1,5436,83
1,5437,52
1,5438,70
1,5439,115
1,5440,167
1,5441,236
1,5442,384
1,5443,70
1,5444,96
1,5445,108
1,5446,147
1,5447,211
1,5448,218
1,5449,45
1,5450,64
1,5451,115
1,5452,52
1,5453,64
1,5454,154
1,5455,160
1,5456,166
1,5457,160
1,5458,198
1,5459,89
1,5460,192
1,5461,166
1,5462,320
1,5463,77
1,5464,153
1,5465,52
1,5466,103
1,5467,76
1,5468,96
1,5469,-45
1,5470,160
1,5471,70
1,5472,57
1,5473,51
1,5474,102
1,5475,167
1,5476,128
1,5477,70
1,5478,372
1,5479,154
1,5480,160
1,5481,-38
1,5482,173
1,5483,173
1,5484,32
1,5485,58
1,5486,89
1,5487,64
1,5488,115
1,5489,77
1,5490,71
1,5491,122
1,5492,224
1,5493,45
1,5494,160
1,5495,115
1,5496,180
1,5497,51
1,5498,173
1,5499,115
1,5500,102
1,5501,-51
1,5502,141
1,5503,148
1,5504,64
1,5505,160
1,5506,102
1,5507,173
1,5508,154
1,5509,-38
1,5510,186
1,5511,83
1,5512,70
1,5513,148
1,5514,199
1,5515,-282
1,5516,160
1,5517,122
1,5518,173
1,5519,218
1,5520,76
1,5521,83
1,5522,173
1,5523,25
1,5524,134
1,5525,90
1,5526,198
1,5527,211
1,5528,109
1,5529,96
1,5530,141
1,5531,160
1,5532,333
1,5533,52
1,5534,199
1,5535,102
1,5536,128
1,5537,64
1,5538,26
1,5539,102
1,5540,141
1,5541,173
1,5542,173
1,5543,109
1,5544,109
1,5545,141
1,5546,192
1,5547,166
1,5548,212
1,5549,90
1,5550,96
1,5551,128
1,5552,218
1,5553,51
1,5554,71
1,5555,109
1,5556,38
1,5557,51
1,5558,108
1,5559,109
1,5560,57
1,5561,122
1,5562,70
1,5563,173
1,5564,160
1,5565,52
1,5566,154
1,5567,167
1,5568,70
1,5569,32
1,5570,205
1,5571,71
1,5572,109
1,5573,109
1,5574,122
1,5575,128
1,5576,90
1,5577,154
1,5578,115
1,5579,102
1,5580,115
1,5581,51
1,5582,64
1,5583,58
1,5584,115
1,5585,58
1,5586,135
1,5587,109
1,5588,166
1,5589,89
1,5590,166
1,5591,365
1,5592,51
1,5593,71
1,5594,103
1,5595,154
1,5596,102
1,5597,109
1,5598,103
1,5599,166
1,5600,-519
1,5601,64
1,5602,70
1,5603,115
1,5604,71
1,5605,179
1,5606,160
1,5607,116
1,5608,108
1,5609,140
1,5610,180
1,5611,109
1,5612,358
1,5613,141
1,5614,166
1,5615,160
1,5616,57
1,5617,140
1,5618,167
1,5619,140
1,5620,77
1,5621,-19
1,5622,160
1,5623,148
1,5624,153
1,5625,154
1,5626,179
1,5627,-51
1,5628,806
1,5629,103
1,5630,-224
1,5631,185
1,5632,71
1,5633,32
1,5634,115
1,5635,25
1,5636,70
1,5637,58
1,5638,160
1,5639,121
1,5640,45
1,5641,819
1,5642,109
1,5643,794
1,5644,64
1,5645,96
1,5646,109
1,5647,154
1,5648,128
1,5649,96
1,5650,153
1,5651,128
1,5652,39
1,5653,115
1,5654,122
1,5655,115
1,5656,122
1,5657,148
1,5658,205
1,5659,109
1,5660,179
1,5661,96
1,5662,250
1,5663,-45
1,5664,115
1,5665,64
1,5666,160
1,5667,64
1,5668,102
1,5669,320
1,5670,70
1,5671,38
1,5672,122
1,5673,103
1,5674,103
1,5675,115
1,5676,198
1,5677,135
1,5678,205
1,5679,70
1,5680,109
1,5681,52
1,5682,102
1,5683,25
1,5684,77
1,5685,-634
1,5686,45
1,5687,141
1,5688,109
1,5689,90
1,5690,115
1,5691,90
1,5692,166
1,5693,102
1,5694,57
1,5695,128
1,5696,57
1,5697,371
1,5698,179
1,5699,116
1,5700,51
1,5701,90
1,5702,70
1,5703,102
1,5704,358
1,5705,64
1,5706,109
1,5707,122
1,5708,121
1,5709,83
1,5710,122
1,5711,128
1,5712,103
1,5713,115
1,5714,250
1,5715,167
1,5716,166
1,5717,83
1,5718,205
1,5719,103
1,5720,198
1,5721,71
1,5722,365
1,5723,128
1,5724,57
1,5725,359
1,5726,192
1,5727,141
1,5728,102
1,5729,122
1,5730,128
1,5731,192
1,5732,217
1,5733,64
1,5734,166
1,5735,186
1,5736,147
1,5737,179
1,5738,109
1,5739,128
1,5740,153
1,5741,83
1,5742,172
1,5743,160
1,5744,89
1,5745,135
1,5746,185
1,5747,192
1,5748,403
1,5749,96
1,5750,121
1,5751,103
1,5752,109
1,5753,51
1,5754,102
1,5755,71
1,5756,147
1,5757,45
1,5758,173
1,5759,32
1,5760,153
1,5761,141
1,5762,128
1,5763,173
1,5764,89
1,5765,64
1,5766,96
1,5767,109
1,5768,218
1,5769,154
1,5770,423
1,5771,121
1,5772,135
1,5773,212
1,5774,186
1,5775,115
1,5776,192
1,5777,51
1,5778,166
1,5779,83
1,5780,64
1,5781,38
1,5782,160
1,5783,77
1,5784,58
1,5785,89
1,5786,173
1,5787,160
1,5788,153
1,5789,51
1,5790,109
1,5791,115
1,5792,147
1,5793,64
1,5794,135
1,5795,51
1,5796,108
1,5797,45
1,5798,108
1,5799,148
1,5800,115
1,5801,109
1,5802,160
1,5803,167
1,5804,160
1,5805,358
1,5806,167
1,5807,64
1,5808,147
1,5809,77
1,5810,115
1,5811,128
1,5812,64
1,5813,103
1,5814,115
1,5815,121
1,5816,64
1,5817,153
1,5818,173
1,5819,128
1,5820,64
1,5821,115
1,5822,167
1,5823,115
1,5824,128
1,5825,115
1,5826,231
1,5827,135
1,5828,160
1,5829,57
1,5830,199
1,5831,122
1,5832,128
1,5833,83
1,5834,121
1,5835,186
1,5836,109
1,5837,38
1,5838,205
1,5839,122
1,5840,135
1,5841,96
1,5842,256
1,5843,166
1,5844,148
1,5845,96
1,5846,154
1,5847,115
1,5848,179
1,5849,236
1,5850,128
1,5851,76
1,5852,89
1,5853,249
1,5854,192
1,5855,-365
1,5856,103
1,5857,141
1,5858,166
1,5859,167
1,5860,160
1,5861,154
1,5862,186
1,5863,147
1,5864,116
1,5865,45
1,5866,173
1,5867,115
1,5868,115
1,5869,51
1,5870,128
1,5871,122
1,5872,77
1,5873,96
1,5874,199
1,5875,340
1,5876,166
1,5877,141
1,5878,134
1,5879,269
1,5880,71
1,5881,32
1,5882,147
1,5883,96
1,5884,813
1,5885,352
1,5886,115
1,5887,154
1,5888,109
1,5889,115
1,5890,77
1,5891,192
1,5892,154
1,5893,71
1,5894,83
1,5895,160
1,5896,-32
1,5897,186
1,5898,1063
1,5899,134
1,5900,141
1,5901,128
1,5902,166
1,5903,83
1,5904,166
1,5905,58
1,5906,172
1,5907,83
1,5908,115
1,5909,57
1,5910,167
1,5911,115
1,5912,134
1,5913,141
1,5914,185
1,5915,71
1,5916,166
1,5917,103
1,5918,173
1,5919,83
1,5920,76
1,5921,38
1,5922,102
1,5923,109
1,5924,167
1,5925,96
1,5926,108
1,5927,115
1,5928,141
1,5929,51
1,5930,96
1,5931,154
1,5932,116
1,5933,109
1,5934,103
1,5935,121
1,5936,141
1,5937,32
1,5938,83
1,5939,339
1,5940,-468
1,5941,77
1,5942,192
1,5943,108
1,5944,115
1,5945,70
1,5946,167
1,5947,103
1,5948,32
1,5949,96
1,5950,237
1,5951,115
1,5952,154
1,5953,301
1,5954,224
1,5955,103
1,5956,84
1,5957,147
1,5958,160
1,5959,109
1,5960,89
1,5961,64
1,5962,25
1,5963,70
1,5964,288
1,5965,-38
1,5966,185
1,5967,76
1,5968,115
1,5969,64
1,5970,154
1,5971,70
1,5972,103
1,5973,58
1,5974,116
1,5975,102
1,5976,103
1,5977,90
1,5978,160
1,5979,167
1,5980,57
1,5981,84
1,5982,102
1,5983,122
1,5984,70
1,5985,70
1,5986,121
1,5987,147
1,5988,179
1,5989,115
1,5990,122
1,5991,167
1,5992,179
1,5993,109
1,5994,166
1,5995,116
1,5996,103
1,5997,-51
1,5998,199
1,5999,205
1,6000,166
1,6001,77
1,6002,211
1,6003,173
1,6004,244
1,6005,128
1,6006,154
1,6007,89
1,6008,186
1,6009,109
1,6010,64
1,6011,76
1,6012,359
1,6013,64
1,6014,154
1,6015,359
1,6016,121
1,6017,128
1,6018,83
1,6019,71
1,6020,51
1,6021,77
1,6022,90
1,6023,77
1,6024,109
1,6025,-499
1,6026,141
1,6027,268
1,6028,179
1,6029,52
1,6030,96
1,6031,121
1,6032,352
1,6033,70
1,6034,70
1,6035,115
1,6036,70
1,6037,147
1,6038,160
1,6039,115
1,6040,199
1,6041,160
1,6042,116
1,6043,83
1,6044,135
1,6045,96
1,6046,179
1,6047,83
1,6048,173
1,6049,-38
1,6050,96
1,6051,70
1,6052,77
1,6053,166
1,6054,122
1,6055,102
1,6056,109
1,6057,134
1,6058,26
1,6059,147
1,6060,115
1,6061,57
1,6062,115
1,6063,58
1,6064,84
1,6065,-25
1,6066,115
1,6067,147
1,6068,58
1,6069,64
1,6070,173
1,6071,147
1,6072,115
1,6073,160
1,6074,211
1,6075,-64
1,6076,236
1,6077,58
1,6078,76
1,6079,358
1,6080,320
1,6081,115
1,6082,-26
1,6083,71
1,6084,102
1,6085,90
1,6086,71
1,6087,70
1,6088,89
1,6089,77
1,6090,64
1,6091,58
1,6092,140
1,6093,77
1,6094,128
1,6095,128
1,6096,128
1,6097,199
1,6098,122
1,6099,109
1,6100,57
1,6101,70
1,6102,102
1,6103,83
1,6104,167
1,6105,108
1,6106,128
1,6107,116
1,6108,122
1,6109,160
1,6110,89
1,6111,-480
1,6112,167
1,6113,64
1,6114,404
1,6115,134
1,6116,64
1,6117,45
1,6118,109
1,6119,115
1,6120,116
1,6121,-32
1,6122,128
1,6123,-237
1,6124,64
1,6125,134
1,6126,115
1,6127,166
1,6128,122
1,6129,76
1,6130,32
1,6131,90
1,6132,115
1,6133,64
1,6134,89
1,6135,109
1,6136,116
1,6137,160
1,6138,115
1,6139,160
1,6140,736
1,6141,64
1,6142,51
1,6143,179
1,6144,160
1,6145,71
1,6146,160
1,6147,71
1,6148,147
1,6149,51
1,6150,116
1,6151,128
1,6152,147
1,6153,787
1,6154,134
1,6155,800
1,6156,44
1,6157,166
1,6158,173
1,6159,141
1,6160,147
1,6161,58
1,6162,58
1,6163,154
1,6164,154
1,6165,103
1,6166,115
1,6167,121
1,6168,384
1,6169,128
1,6170,96
1,6171,-25
1,6172,71
1,6173,77
1,6174,300
1,6175,160
1,6176,57
1,6177,45
1,6178,58
1,6179,64
1,6180,64
1,6181,57
1,6182,141
1,6183,19
1,6184,167
1,6185,109
1,6186,96
1,6187,211
1,6188,122
1,6189,128
1,6190,160
1,6191,64
1,6192,109
1,6193,32
1,6194,51
1,6195,115
1,6196,-524
1,6197,109
1,6198,90
1,6199,83
1,6200,102
1,6201,103
1,6202,115
1,6203,122
1,6204,115
1,6205,90
1,6206,96
1,6207,121
1,6208,116
1,6209,154
1,6210,154
1,6211,70
1,6212,154
1,6213,109
1,6214,64
1,6215,160
1,6216,128
1,6217,109
1,6218,26
1,6219,109
1,6220,103
1,6221,64
1,6222,58
1,6223,103
1,6224,135
1,6225,96
1,6226,179
1,6227,365
1,6228,103
1,6229,179
1,6230,57
1,6231,154
1,6232,320
1,6233,32
1,6234,89
1,6235,128
1,6236,77
1,6237,51
1,6238,134
1,6239,116
1,6240,90
1,6241,141
1,6242,83
1,6243,96
1,6244,160
1,6245,70
1,6246,96
1,6247,179
1,6248,128
1,6249,109
1,6250,-32
1,6251,135
1,6252,102
1,6253,58
1,6254,77
1,6255,96
1,6256,153
1,6257,58
1,6258,64
1,6259,185
1,6260,365
1,6261,83
1,6262,109
1,6263,205
1,6264,83
1,6265,51
1,6266,83
1,6267,109
1,6268,192
1,6269,358
1,6270,109
1,6271,115
1,6272,121
1,6273,135
1,6274,116
1,6275,269
1,6276,103
1,6277,64
1,6278,70
1,6279,45
1,6280,141
1,6281,-474
1,6282,173
1,6283,102
1,6284,218
1,6285,51
1,6286,109
1,6287,147
1,6288,205
1,6289,96
1,6290,96
1,6291,166
1,6292,89
1,6293,64
1,6294,160
1,6295,115
1,6296,58
1,6297,275
1,6298,218
1,6299,64
1,6300,51
1,6301,115
1,6302,121
1,6303,135
1,6304,109
1,6305,51
1,6306,153
1,6307,102
1,6308,51
1,6309,102
1,6310,167
1,6311,45
1,6312,-6
1,6313,128
1,6314,160
1,6315,96
1,6316,128
1,6317,51
1,6318,199
1,6319,128
1,6320,154
1,6321,77
1,6322,89
1,6323,185
1,6324,115
1,6325,160
1,6326,115
1,6327,160
1,6328,115
1,6329,186
1,6330,166
1,6331,134
1,6332,148
1,6333,160
1,6334,122
1,6335,160
1,6336,148
1,6337,109
1,6338,205
1,6339,218
1,6340,115
1,6341,122
1,6342,185
1,6343,122
1,6344,-58
1,6345,96
1,6346,77
1,6347,83
1,6348,84
1,6349,26
1,6350,58
1,6351,115
1,6352,77
1,6353,140
1,6354,224
1,6355,64
1,6356,109
1,6357,77
1,6358,154
1,6359,96
1,6360,122
1,6361,51
1,6362,70
1,6363,192
1,6364,76
1,6365,109
1,6366,64
1,6367,-377
1,6368,109
1,6369,160
1,6370,198
1,6371,160
1,6372,166
1,6373,45
1,6374,70
1,6375,77
1,6376,103
1,6377,64
1,6378,71
1,6379,83
1,6380,70
1,6381,45
1,6382,115
1,6383,96
1,6384,115
1,6385,109
1,6386,147
1,6387,166
1,6388,173
1,6389,70
1,6390,154
1,6391,83
1,6392,90
1,6393,64
1,6394,179
1,6395,122
1,6396,775
1,6397,71
1,6398,160
1,6399,89
1,6400,128
1,6401,109
1,6402,371
1,6403,128
1,6404,109
1,6405,45
1,6406,83
1,6407,109
1,6408,224
1,6409,96
1,6410,787
1,6411,192
1,6412,122
1,6413,121
1,6414,166
1,6415,153
1,6416,320
1,6417,38
1,6418,154
1,6419,154
1,6420,115
1,6421,57
1,6422,147
1,6423,-32
1,6424,134
1,6425,103
1,6426,121
1,6427,160
1,6428,166
1,6429,160
1,6430,160
1,6431,192
1,6432,109
1,6433,32
1,6434,25
1,6435,121
1,6436,96
1,6437,115
1,6438,147
1,6439,71
1,6440,45
1,6441,83
1,6442,153
1,6443,122
1,6444,109
1,6445,64
1,6446,160
1,6447,141
1,6448,153
1,6449,64
1,6450,58
1,6451,154
1,6452,-525
1,6453,96
1,6454,199
1,6455,-26
1,6456,39
1,6457,147
1,6458,172
1,6459,121
1,6460,128
1,6461,96
1,6462,186
1,6463,160
1,6464,377
1,6465,263
1,6466,262
1,6467,-44
1,6468,186
1,6469,83
1,6470,102
1,6471,148
1,6472,185
1,6473,64
1,6474,109
1,6475,345
1,6476,64
1,6477,89
1,6478,70
1,6479,167
1,6480,147
1,6481,122
1,6482,167
1,6483,141
1,6484,154
1,6485,84
1,6486,141
1,6487,173
1,6488,154
1,6489,51
1,6490,102
1,6491,160
1,6492,160
1,6493,166
1,6494,154
1,6495,109
1,6496,96
1,6497,64
1,6498,154
1,6499,172
1,6500,90
1,6501,51
1,6502,153
1,6503,115
1,6504,167
1,6505,58
1,6506,58
1,6507,64
1,6508,-44
1,6509,90
1,6510,51
1,6511,64
1,6512,147
1,6513,58
1,6514,70
1,6515,230
1,6516,122
1,6517,90
1,6518,-51
1,6519,160
1,6520,96
1,6521,51
1,6522,83
1,6523,64
1,6524,135
1,6525,57
1,6526,64
1,6527,102
1,6528,71
1,6529,-135
1,6530,52
1,6531,109
1,6532,134
1,6533,96
1,6534,141
1,6535,64
1,6536,122
1,6537,-506
1,6538,198
1,6539,217
1,6540,173
1,6541,128
1,6542,154
1,6543,179
1,6544,179
1,6545,116
1,6546,90
1,6547,115
1,6548,128
1,6549,44
1,6550,173
1,6551,115
1,6552,115
1,6553,115
1,6554,153
1,6555,166
1,6556,109
1,6557,45
1,6558,148
1,6559,147
1,6560,173
1,6561,45
1,6562,26
1,6563,167
1,6564,147
1,6565,148
1,6566,32
1,6567,64
1,6568,115
1,6569,115
1,6570,371
1,6571,128
1,6572,109
1,6573,52
1,6574,89
1,6575,122
1,6576,160
1,6577,90
1,6578,71
1,6579,76
1,6580,77
1,6581,64
1,6582,128
1,6583,141
1,6584,-13
1,6585,122
1,6586,64
1,6587,180
1,6588,205
1,6589,96
1,6590,134
1,6591,134
1,6592,128
1,6593,128
1,6594,128
1,6595,-205
1,6596,-58
1,6597,186
1,6598,58
1,6599,147
1,6600,166
1,6601,96
1,6602,160
1,6603,160
1,6604,218
1,6605,-26
1,6606,-45
1,6607,173
1,6608,121
1,6609,166
1,6610,77
1,6611,160
1,6612,64
1,6613,135
1,6614,122
1,6615,128
1,6616,198
1,6617,122
1,6618,109
1,6619,154
1,6620,128
1,6621,109
1,6622,109
1,6623,-327
1,6624,103
1,6625,38
1,6626,115
1,6627,121
1,6628,153
1,6629,192
1,6630,77
1,6631,153
1,6632,103
1,6633,64
1,6634,256
1,6635,116
1,6636,172
1,6637,64
1,6638,172
1,6639,64
1,6640,166
1,6641,64
1,6642,166
1,6643,102
1,6644,116
1,6645,71
1,6646,192
1,6647,102
1,6648,128
1,6649,192
1,6650,154
1,6651,115
1,6652,775
1,6653,167
1,6654,51
1,6655,160
1,6656,121
1,6657,-38
1,6658,83
1,6659,64
1,6660,192
1,6661,32
1,6662,115
1,6663,128
1,6664,83
1,6665,806
1,6666,140
1,6667,781
1,6668,109
1,6669,58
1,6670,-26
1,6671,102
1,6672,57
1,6673,64
1,6674,32
1,6675,64
1,6676,77
1,6677,58
1,6678,109
1,6679,96
1,6680,83
1,6681,77
1,6682,390
1,6683,32
1,6684,103
1,6685,64
1,6686,83
1,6687,70
1,6688,173
1,6689,39
1,6690,141
1,6691,218
1,6692,71
1,6693,51
1,6694,166
1,6695,122
1,6696,179
1,6697,58
1,6698,180
1,6699,128
1,6700,134
1,6701,128
1,6702,154
1,6703,108
1,6704,180
1,6705,57
1,6706,102
1,6707,96
1,6708,-493
1,6709,83
1,6710,147
1,6711,147
1,6712,192
1,6713,160
1,6714,116
1,6715,160
1,6716,147
1,6717,109
1,6718,116
1,6719,70
1,6720,141
1,6721,186
1,6722,116
1,6723,365
1,6724,71
1,6725,108
1,6726,179
1,6727,262
1,6728,166
1,6729,102
1,6730,102
1,6731,64
1,6732,134
1,6733,154
1,6734,115
1,6735,134
1,6736,77
1,6737,135
1,6738,384
1,6739,186
1,6740,172
1,6741,115
1,6742,173
1,6743,403
1,6744,185
1,6745,205
1,6746,166
1,6747,166
1,6748,52
1,6749,96
1,6750,20
1,6751,134
1,6752,154
1,6753,154
1,6754,109
1,6755,140
1,6756,121
1,6757,102
1,6758,64
1,6759,364
1,6760,167
1,6761,96
1,6762,128
1,6763,166
1,6764,103
1,6765,25
1,6766,70
1,6767,108
1,6768,115
1,6769,83
1,6770,205
1,6771,154
1,6772,141
1,6773,83
1,6774,121
1,6775,103
1,6776,154
1,6777,45
1,6778,192
1,6779,26
1,6780,134
1,6781,148
1,6782,90
1,6783,64
1,6784,167
1,6785,83
1,6786,83
1,6787,185
1,6788,115
1,6789,45
1,6790,32
1,6791,57
1,6792,173
1,6793,-390
1,6794,115
1,6795,109
1,6796,153
1,6797,109
1,6798,128
1,6799,116
1,6800,250
1,6801,51
1,6802,122
1,6803,358
1,6804,103
1,6805,45
1,6806,64
1,6807,109
1,6808,-45
1,6809,90
1,6810,122
1,6811,147
1,6812,108
1,6813,77
1,6814,115
1,6815,147
1,6816,153
1,6817,38
1,6818,90
1,6819,128
1,6820,115
1,6821,103
1,6822,141
1,6823,26
1,6824,-45
1,6825,109
1,6826,173
1,6827,128
1,6828,211
1,6829,102
1,6830,64
1,6831,211
1,6832,198
1,6833,102
1,6834,19
1,6835,115
1,6836,180
1,6837,102
1,6838,115
1,6839,122
1,6840,115
1,6841,115
1,6842,160
1,6843,128
1,6844,365
1,6845,71
1,6846,44
1,6847,116
1,6848,166
1,6849,140
1,6850,154
1,6851,192
1,6852,141
1,6853,71
1,6854,160
1,6855,205
1,6856,218
1,6857,45
1,6858,160
1,6859,179
1,6860,77
1,6861,147
1,6862,84
1,6863,25
1,6864,218
1,6865,134
1,6866,134
1,6867,-44
1,6868,192
1,6869,243
1,6870,108
1,6871,122
1,6872,153
1,6873,-32
1,6874,166
1,6875,128
1,6876,166
1,6877,64
1,6878,-211
1,6879,103
1,6880,134
1,6881,160
1,6882,153
1,6883,134
1,6884,141
1,6885,199
1,6886,-19
1,6887,115
1,6888,173
1,6889,122
1,6890,115
1,6891,339
1,6892,89
1,6893,115
1,6894,166
1,6895,390
1,6896,96
1,6897,160
1,6898,185
1,6899,121
1,6900,211
1,6901,116
1,6902,51
1,6903,64
1,6904,83
1,6905,64
1,6906,218
1,6907,45
1,6908,793
1,6909,141
1,6910,102
1,6911,103
1,6912,90
1,6913,365
1,6914,121
1,6915,76
1,6916,154
1,6917,103
1,6918,167
1,6919,96
1,6920,116
1,6921,96
1,6922,813
1,6923,153
1,6924,256
1,6925,140
1,6926,179
1,6927,76
1,6928,141
1,6929,70
1,6930,83
1,6931,71
1,6932,115
1,6933,38
1,6934,115
1,6935,115
1,6936,71
1,6937,108
1,6938,115
1,6939,128
1,6940,122
1,6941,103
1,6942,192
1,6943,153
1,6944,154
1,6945,70
1,6946,90
1,6947,121
1,6948,115
1,6949,109
1,6950,128
1,6951,109
1,6952,57
1,6953,51
1,6954,109
1,6955,192
1,6956,76
1,6957,115
1,6958,167
1,6959,128
1,6960,269
1,6961,301
1,6962,51
1,6963,90
1,6964,-410
1,6965,77
1,6966,-45
1,6967,173
1,6968,70
1,6969,128
1,6970,147
1,6971,160
1,6972,-25
1,6973,154
1,6974,256
1,6975,166
1,6976,218
1,6977,205
1,6978,320
1,6979,166
1,6980,153
1,6981,96
1,6982,121
1,6983,154
1,6984,121
1,6985,25
1,6986,167
1,6987,121
1,6988,-52
1,6989,64
1,6990,32
1,6991,128
1,6992,-45
1,6993,166
1,6994,141
1,6995,115
1,6996,70
1,6997,77
1,6998,167
1,6999,166
1,7000,116
1,7001,51
1,7002,268
1,7003,115
1,7004,154
1,7005,71
1,7006,102
1,7007,58
1,7008,134
1,7009,51
1,7010,141
1,7011,148
1,7012,122
1,7013,147
1,7014,180
1,7015,103
1,7016,115
1,7017,70
1,7018,115
1,7019,71
1,7020,154
1,7021,52
1,7022,77
1,7023,160
1,7024,64
1,7025,121
1,7026,154
1,7027,192
1,7028,313
1,7029,83
1,7030,116
1,7031,141
1,7032,148
1,7033,25
1,7034,77
1,7035,51
1,7036,122
1,7037,84
1,7038,269
1,7039,115
1,7040,77
1,7041,57
1,7042,32
1,7043,64
1,7044,115
1,7045,58
1,7046,115
1,7047,109
1,7048,77
1,7049,-365
1,7050,135
1,7051,192
1,7052,179
1,7053,108
1,7054,173
1,7055,384
1,7056,64
1,7057,51
1,7058,167
1,7059,58
1,7060,32
1,7061,103
1,7062,115
1,7063,84
1,7064,102
1,7065,-39
1,7066,243
1,7067,167
1,7068,102
1,7069,109
1,7070,166
1,7071,121
1,7072,147
1,7073,58
1,7074,154
1,7075,96
1,7076,109
1,7077,57
1,7078,160
1,7079,83
1,7080,77
1,7081,192
1,7082,199
1,7083,103
1,7084,167
1,7085,153
1,7086,115
1,7087,121
1,7088,179
1,7089,77
1,7090,109
1,7091,83
1,7092,275
1,7093,115
1,7094,160
1,7095,140
1,7096,167
1,7097,77
1,7098,160
1,7099,173
1,7100,166
1,7101,173
1,7102,116
1,7103,70
1,7104,121
1,7105,173
1,7106,147
1,7107,103
1,7108,115
1,7109,108
1,7110,96
1,7111,122
1,7112,115
1,7113,115
1,7114,173
1,7115,84
1,7116,153
1,7117,109
1,7118,358
1,7119,84
1,7120,115
1,7121,64
1,7122,173
1,7123,122
1,7124,115
1,7125,103
1,7126,185
1,7127,160
1,7128,84
1,7129,108
1,7130,122
1,7131,160
1,7132,154
1,7133,71
1,7134,-346
1,7135,160
1,7136,160
1,7137,96
1,7138,160
1,7139,141
1,7140,-38
1,7141,122
1,7142,135
1,7143,148
1,7144,179
1,7145,160
1,7146,173
1,7147,154
1,7148,167
1,7149,160
1,7150,300
1,7151,179
1,7152,147
1,7153,57
1,7154,147
1,7155,-52
1,7156,224
1,7157,96
1,7158,154
1,7159,141
1,7160,359
1,7161,128
1,7162,147
1,7163,160
1,7164,749
1,7165,102
1,7166,51
1,7167,77
1,7168,77
1,7169,64
1,7170,116
1,7171,109
1,7172,64
1,7173,51
1,7174,160
1,7175,77
1,7176,186
1,7177,819
1,7178,108
1,7179,806
1,7180,76
1,7181,262
1,7182,256
1,7183,77
1,7184,122
1,7185,64
1,7186,89
1,7187,121
1,7188,122
1,7189,166
1,7190,166
1,7191,141
1,7192,64
1,7193,397
1,7194,134
1,7195,128
1,7196,179
1,7197,205
1,7198,115
1,7199,115
1,7200,84
1,7201,51
1,7202,96
1,7203,51
1,7204,52
1,7205,83
1,7206,128
1,7207,179
1,7208,102
1,7209,314
1,7210,211
1,7211,198
1,7212,179
1,7213,109
1,7214,166
1,7215,102
1,7216,96
1,7217,39
1,7218,58
1,7219,102
1,7220,-787
1,7221,102
1,7222,77
1,7223,371
1,7224,96
1,7225,153
1,7226,167
1,7227,-198
1,7228,128
1,7229,352
1,7230,173
1,7231,192
1,7232,173
1,7233,211
1,7234,212
1,7235,96
1,7236,109
1,7237,185
1,7238,135
1,7239,153
1,7240,160
1,7241,57
1,7242,90
1,7243,83
1,7244,185
1,7245,-32
1,7246,179
1,7247,135
1,7248,70
1,7249,109
1,7250,218
1,7251,205
1,7252,122
1,7253,134
1,7254,160
1,7255,109
1,7256,109
1,7257,102
1,7258,148
1,7259,102
1,7260,51
1,7261,77
1,7262,121
1,7263,108
1,7264,122
1,7265,96
1,7266,76
1,7267,166
1,7268,160
1,7269,115
1,7270,179
1,7271,121
1,7272,115
1,7273,-26
1,7274,141
1,7275,121
1,7276,71
1,7277,96
1,7278,84
1,7279,128
1,7280,70
1,7281,32
1,7282,263
1,7283,128
1,7284,109
1,7285,109
1,7286,135
1,7287,180
1,7288,108
1,7289,57
1,7290,147
1,7291,166
1,7292,102
1,7293,141
1,7294,77
1,7295,115
1,7296,89
1,7297,122
1,7298,51
1,7299,77
1,7300,154
1,7301,154
1,7302,122
1,7303,167
1,7304,102
1,7305,-403
1,7306,121
1,7307,-179
1,7308,128
1,7309,96
1,7310,153
1,7311,128
1,7312,109
1,7313,52
1,7314,134
1,7315,64
1,7316,134
1,7317,109
1,7318,339
1,7319,166
1,7320,122
1,7321,108
1,7322,121
1,7323,167
1,7324,288
1,7325,77
1,7326,153
1,7327,160
1,7328,70
1,7329,32
1,7330,64
1,7331,96
1,7332,90
1,7333,52
1,7334,122
1,7335,-26
1,7336,121
1,7337,96
1,7338,141
1,7339,128
1,7340,71
1,7341,135
1,7342,89
1,7343,205
1,7344,167
1,7345,147
1,7346,25
1,7347,192
1,7348,96
1,7349,57
1,7350,70
1,7351,102
1,7352,173
1,7353,84
1,7354,211
1,7355,116
1,7356,96
1,7357,70
1,7358,103
1,7359,58
1,7360,116
1,7361,180
1,7362,166
1,7363,160
1,7364,192
1,7365,128
1,7366,77
1,7367,154
1,7368,141
1,7369,109
1,7370,-301
1,7371,281
1,7372,89
1,7373,115
1,7374,173
1,7375,108
1,7376,333
1,7377,160
1,7378,-26
1,7379,243
1,7380,218
1,7381,103
1,7382,19
1,7383,154
1,7384,128
1,7385,103
1,7386,153
1,7387,160
1,7388,179
1,7389,64
1,7390,-326
1,7391,109
1,7392,128
1,7393,122
1,7394,204
1,7395,166
1,7396,192
1,7397,115
1,7398,109
1,7399,116
1,7400,160
1,7401,96
1,7402,135
1,7403,122
1,7404,160
1,7405,52
1,7406,160
1,7407,346
1,7408,148
1,7409,109
1,7410,122
1,7411,166
1,7412,186
1,7413,96
1,7414,166
1,7415,109
1,7416,70
1,7417,166
1,7418,212
1,7419,167
1,7420,826
1,7421,115
1,7422,154
1,7423,167
1,7424,116
1,7425,147
1,7426,64
1,7427,115
1,7428,116
1,7429,83
1,7430,141
1,7431,172
1,7432,96
1,7433,166
1,7434,806
1,7435,205
1,7436,167
1,7437,147
1,7438,198
1,7439,192
1,7440,116
1,7441,103
1,7442,-32
1,7443,122
1,7444,167
1,7445,45
1,7446,166
1,7447,160
1,7448,115
1,7449,115
1,7450,109
1,7451,-32
1,7452,230
1,7453,116
1,7454,205
1,7455,147
1,7456,128
1,7457,102
1,7458,122
1,7459,160
1,7460,64
1,7461,64
1,7462,70
1,7463,64
1,7464,64
1,7465,96
1,7466,121
1,7467,102
1,7468,147
1,7469,109
1,7470,83
1,7471,-64
1,7472,84
1,7473,-32
1,7474,128
1,7475,109
1,7476,-275
1,7477,102
1,7478,141
1,7479,64
1,7480,185
1,7481,121
1,7482,166
1,7483,166
1,7484,128
1,7485,154
1,7486,160
1,7487,147
1,7488,147
1,7489,179
1,7490,224
1,7491,147
1,7492,179
1,7493,-51
1,7494,198
1,7495,109
1,7496,116
1,7497,115
1,7498,116
1,7499,-32
1,7500,148
1,7501,58
1,7502,160
1,7503,121
1,7504,134
1,7505,109
1,7506,140
1,7507,154
1,7508,115
1,7509,103
1,7510,166
1,7511,109
1,7512,115
1,7513,71
1,7514,64
1,7515,77
1,7516,128
1,7517,153
1,7518,115
1,7519,-19
1,7520,83
1,7521,96
1,7522,64
1,7523,135
1,7524,115
1,7525,102
1,7526,198
1,7527,204
1,7528,173
1,7529,26
1,7530,115
1,7531,58
1,7532,45
1,7533,102
1,7534,-26
1,7535,147
1,7536,77
1,7537,58
1,7538,134
1,7539,115
1,7540,365
1,7541,102
1,7542,128
1,7543,160
1,7544,320
1,7545,122
1,7546,71
1,7547,121
1,7548,102
1,7549,115
1,7550,128
1,7551,173
1,7552,166
1,7553,186
1,7554,90
1,7555,135
1,7556,-256
1,7557,128
1,7558,26
1,7559,32
1,7560,96
1,7561,-365
1,7562,160
1,7563,160
1,7564,116
1,7565,217
1,7566,211
1,7567,115
1,7568,147
1,7569,58
1,7570,160
1,7571,77
1,7572,345
1,7573,89
1,7574,180
1,7575,83
1,7576,58
1,7577,160
1,7578,121
1,7579,109
1,7580,109
1,7581,51
1,7582,211
1,7583,121
1,7584,173
1,7585,102
1,7586,20
1,7587,160
1,7588,-39
1,7589,64
1,7590,19
1,7591,154
1,7592,364
1,7593,77
1,7594,109
1,7595,84
1,7596,96
1,7597,57
1,7598,26
1,7599,103
1,7600,77
1,7601,45
1,7602,44
1,7603,109
1,7604,524
1,7605,32
1,7606,57
1,7607,-45
1,7608,135
1,7609,154
1,7610,134
1,7611,205
1,7612,116
1,7613,64
1,7614,83
1,7615,64
1,7616,128
1,7617,135
1,7618,109
1,7619,64
1,7620,192
1,7621,102
1,7622,58
1,7623,-38
1,7624,186
1,7625,167
1,7626,71
1,7627,153
1,7628,102
1,7629,160
1,7630,70
1,7631,89
1,7632,147
1,7633,64
1,7634,64
1,7635,153
1,7636,167
1,7637,96
1,7638,115
1,7639,192
1,7640,122
1,7641,320
1,7642,115
1,7643,160
1,7644,52
1,7645,57
1,7646,-384
1,7647,218
1,7648,64
1,7649,51
1,7650,109
1,7651,58
1,7652,154
1,7653,58
1,7654,64
1,7655,58
1,7656,135
1,7657,83
1,7658,167
1,7659,109
1,7660,166
1,7661,116
1,7662,134
1,7663,148
1,7664,180
1,7665,64
1,7666,51
1,7667,96
1,7668,71
1,7669,128
1,7670,153
1,7671,345
1,7672,58
1,7673,109
1,7674,109
1,7675,115
1,7676,806
1,7677,141
1,7678,-237
1,7679,167
1,7680,32
1,7681,32
1,7682,26
1,7683,25
1,7684,77
1,7685,38
1,7686,249
1,7687,89
1,7688,160
1,7689,794
1,7690,173
1,7691,781
1,7692,109
1,7693,122
1,7694,134
1,7695,109
1,7696,109
1,7697,64
1,7698,116
1,7699,70
1,7700,51
1,7701,83
1,7702,403
1,7703,160
1,7704,71
1,7705,121
1,7706,134
1,7707,160
1,7708,122
1,7709,109
1,7710,147
1,7711,128
1,7712,103
1,7713,102
1,7714,57
1,7715,76
1,7716,32
1,7717,51
1,7718,192
1,7719,109
1,7720,211
1,7721,103
1,7722,173
1,7723,109
1,7724,224
1,7725,109
1,7726,211
1,7727,128
1,7728,154
1,7729,51
1,7730,51
1,7731,19
1,7732,-371
1,7733,115
1,7734,96
1,7735,96
1,7736,89
1,7737,103
1,7738,160
1,7739,192
1,7740,115
1,7741,128
1,7742,103
1,7743,115
1,7744,122
1,7745,147
1,7746,147
1,7747,122
1,7748,83
1,7749,141
1,7750,64
1,7751,122
1,7752,115
1,7753,141
1,7754,51
1,7755,166
1,7756,45
1,7757,71
1,7758,102
1,7759,192
1,7760,77
1,7761,102
1,7762,115
1,7763,167
1,7764,167
1,7765,172
1,7766,153
1,7767,122
1,7768,103
1,7769,32
1,7770,140
1,7771,121
1,7772,141
1,7773,45
1,7774,57
1,7775,167
1,7776,154
1,7777,103
1,7778,352
1,7779,217
1,7780,103
1,7781,64
1,7782,108
1,7783,128
1,7784,166
1,7785,96
1,7786,52
1,7787,109
1,7788,71
1,7789,64
1,7790,51
1,7791,102
1,7792,185
1,7793,-32
1,7794,83
1,7795,166
1,7796,172
1,7797,96
1,7798,51
1,7799,-32
1,7800,153
1,7801,96
1,7802,122
1,7803,71
1,7804,121
1,7805,45
1,7806,116
1,7807,64
1,7808,359
1,7809,281
1,7810,25
1,7811,166
1,7812,64
1,7813,102
1,7814,102
1,7815,122
1,7816,-493
1,7817,70
1,7818,262
1,7819,339
1,7820,122
1,7821,64
1,7822,58
1,7823,307
1,7824,109
1,7825,57
1,7826,-51
1,7827,140
1,7828,64
1,7829,-38
1,7830,147
1,7831,154
1,7832,115
1,7833,84
1,7834,84
1,7835,371
1,7836,205
1,7837,262
1,7838,83
1,7839,109
1,7840,327
1,7841,-13
1,7842,51
1,7843,154
1,7844,51
1,7845,52
1,7846,128
1,7847,51
1,7848,199
1,7849,51
1,7850,103
1,7851,70
1,7852,103
1,7853,90
1,7854,71
1,7855,-250
1,7856,128
1,7857,109
1,7858,52
1,7859,19
1,7860,89
1,7861,167
1,7862,26
1,7863,70
1,7864,-154
1,7865,77
1,7866,102
1,7867,115
1,7868,121
1,7869,51
1,7870,58
1,7871,122
1,7872,116
1,7873,45
1,7874,116
1,7875,122
1,7876,128
1,7877,-38
1,7878,134
1,7879,147
1,7880,121
1,7881,90
1,7882,77
1,7883,154
1,7884,115
1,7885,32
1,7886,83
1,7887,160
1,7888,70
1,7889,-32
1,7890,70
1,7891,140
1,7892,121
1,7893,38
1,7894,-44
1,7895,141
1,7896,134
1,7897,51
1,7898,96
1,7899,128
1,7900,83
1,7901,-576
1,7902,365
1,7903,205
1,7904,71
1,7905,90
1,7906,128
1,7907,103
1,7908,179
1,7909,109
1,7910,115
1,7911,135
1,7912,166
1,7913,51
1,7914,122
1,7915,51
1,7916,57
1,7917,64
1,7918,263
1,7919,128
1,7920,64
1,7921,154
1,7922,160
1,7923,153
1,7924,153
1,7925,57
1,7926,166
1,7927,109
1,7928,70
1,7929,32
1,7930,77
1,7931,96
1,7932,281
1,7933,70
1,7934,135
1,7935,96
1,7936,167
1,7937,198
1,7938,32
1,7939,57
1,7940,84
1,7941,58
1,7942,83
1,7943,147
1,7944,141
1,7945,58
1,7946,819
1,7947,166
1,7948,224
1,7949,122
1,7950,115
1,7951,275
1,7952,167
1,7953,-38
1,7954,109
1,7955,102
1,7956,147
1,7957,64
1,7958,64
1,7959,89
1,7960,38
1,7961,58
1,7962,32
1,7963,83
1,7964,109
1,7965,77
1,7966,-224
1,7967,121
1,7968,109
1,7969,32
1,7970,57
1,7971,70
1,7972,116
1,7973,51
1,7974,26
1,7975,84
1,7976,224
1,7977,83
1,7978,115
1,7979,51
1,7980,141
1,7981,64
1,7982,115
1,7983,90
1,7984,185
1,7985,32
1,7986,58
1,7987,-390
1,7988,167
1,7989,57
1,7990,52
1,7991,115
1,7992,365
1,7993,108
1,7994,103
1,7995,147
1,7996,89
1,7997,109
1,7998,64
1,7999,128
1,8000,102
1,8001,205
1,8002,64
1,8003,57
1,8004,121
1,8005,160
1,8006,103
1,8007,160
1,8008,173
1,8009,70
1,8010,134
1,8011,64
1,8012,115
1,8013,25
1,8014,102
1,8015,-64
1,8016,84
1,8017,160
1,8018,192
1,8019,76
1,8020,109
1,8021,83
1,8022,173
1,8023,154
1,8024,179
1,8025,20
1,8026,26
1,8027,160
1,8028,26
1,8029,52
1,8030,39
1,8031,128
1,8032,96
1,8033,83
1,8034,108
1,8035,140
1,8036,371
1,8037,77
1,8038,179
1,8039,217
1,8040,166
1,8041,44
1,8042,64
1,8043,185
1,8044,116
1,8045,96
1,8046,115
1,8047,167
1,8048,173
1,8049,58
1,8050,44
1,8051,122
1,8052,115
1,8053,19
1,8054,179
1,8055,160
1,8056,122
1,8057,26
1,8058,76
1,8059,109
1,8060,83
1,8061,45
1,8062,64
1,8063,96
1,8064,173
1,8065,96
1,8066,70
1,8067,51
1,8068,423
1,8069,64
1,8070,20
1,8071,-38
1,8072,-422
1,8073,-32
1,8074,128
1,8075,77
1,8076,192
1,8077,52
1,8078,96
1,8079,52
1,8080,198
1,8081,51
1,8082,32
1,8083,26
1,8084,64
1,8085,38
1,8086,32
1,8087,26
1,8088,121
1,8089,96
1,8090,121
1,8091,57
1,8092,154
1,8093,71
1,8094,45
1,8095,64
1,8096,199
1,8097,32
1,8098,58
1,8099,-45
1,8100,135
1,8101,39
1,8102,58
1,8103,77
1,8104,134
1,8105,32
1,8106,102
1,8107,102
1,8108,84
1,8109,45
1,8110,32
1,8111,103
1,8112,64
1,8113,32
1,8114,32
1,8115,192
1,8116,109
1,8117,51
1,8118,-51
1,8119,128
1,8120,122
1,8121,153
1,8122,109
1,8123,172
1,8124,135
1,8125,45
1,8126,83
1,8127,77
1,8128,83
1,8129,64
1,8130,20
1,8131,19
1,8132,320
1,8133,83
1,8134,70
1,8135,115
1,8136,167
1,8137,77
1,8138,90
1,8139,45
1,8140,115
1,8141,38
1,8142,153
1,8143,109
1,8144,160
1,8145,64
1,8146,115
1,8147,70
1,8148,71
1,8149,58
1,8150,71
1,8151,128
1,8152,90
1,8153,365
1,8154,51
1,8155,121
1,8156,57
1,8157,-518
1,8158,83
1,8159,115
1,8160,141
1,8161,102
1,8162,32
1,8163,122
1,8164,38
1,8165,-38
1,8166,77
1,8167,70
1,8168,166
1,8169,52
1,8170,32
1,8171,122
1,8172,192
1,8173,77
1,8174,96
1,8175,109
1,8176,115
1,8177,115
1,8178,45
1,8179,77
1,8180,192
1,8181,39
1,8182,160
1,8183,160
1,8184,121
1,8185,300
1,8186,32
1,8187,64
1,8188,813
1,8189,96
1,8190,32
1,8191,58
1,8192,77
1,8193,51
1,8194,58
1,8195,-25
1,8196,96
1,8197,52
1,8198,-13
1,8199,32
1,8200,205
1,8201,781
1,8202,57
1,8203,781
1,8204,141
1,8205,58
1,8206,102
1,8207,90
1,8208,128
1,8209,19
1,8210,51
1,8211,58
1,8212,109
1,8213,51
1,8214,58
1,8215,19
1,8216,57
1,8217,25
1,8218,26
1,8219,57
1,8220,173
1,8221,71
1,8222,90
1,8223,102
1,8224,77
1,8225,-32
1,8226,45
1,8227,-45
1,8228,108
1,8229,51
1,8230,166
1,8231,160
1,8232,179
1,8233,89
1,8234,140
1,8235,70
1,8236,108
1,8237,89
1,8238,172
1,8239,167
1,8240,109
1,8241,77
1,8242,-64
1,8243,-371
1,8244,70
1,8245,90
1,8246,103
1,8247,211
1,8248,83
1,8249,77
1,8250,102
1,8251,154
1,8252,102
1,8253,32
1,8254,58
1,8255,218
1,8256,70
1,8257,148
1,8258,51
1,8259,160
1,8260,122
1,8261,154
1,8262,134
1,8263,192
1,8264,83
1,8265,122
1,8266,51
1,8267,45
1,8268,154
1,8269,58
1,8270,64
1,8271,108
1,8272,96
1,8273,115
1,8274,-25
1,8275,186
1,8276,167
1,8277,83
1,8278,103
1,8279,154
1,8280,154
1,8281,32
1,8282,160
1,8283,71
1,8284,166
1,8285,52
1,8286,32
1,8287,64
1,8288,77
1,8289,77
1,8290,-38
1,8291,109
1,8292,64
1,8293,52
1,8294,90
1,8295,52
1,8296,84
1,8297,38
1,8298,26
1,8299,96
1,8300,90
1,8301,26
1,8302,45
1,8303,70
1,8304,77
1,8305,77
1,8306,64
1,8307,77
1,8308,167
1,8309,96
1,8310,160
1,8311,218
1,8312,160
1,8313,26
1,8314,70
1,8315,166
1,8316,-45
1,8317,39
1,8318,141
1,8319,115
1,8320,115
1,8321,154
1,8322,173
1,8323,109
1,8324,96
1,8325,45
1,8326,166
1,8327,147
1,8328,-493
1,8329,90
1,8330,102
1,8331,173
1,8332,96
1,8333,102
1,8334,160
1,8335,84
1,8336,70
1,8337,77
1,8338,52
1,8339,128
1,8340,166
1,8341,166
1,8342,58
1,8343,64
1,8344,96
1,8345,70
1,8346,121
1,8347,109
1,8348,77
1,8349,52
1,8350,109
1,8351,320
1,8352,51
1,8353,96
1,8354,58
1,8355,25
1,8356,172
1,8357,45
1,8358,51
1,8359,71
1,8360,58
1,8361,173
1,8362,89
1,8363,64
1,8364,166
1,8365,198
1,8366,262
1,8367,64
1,8368,160
1,8369,26
1,8370,51
1,8371,51
1,8372,121
1,8373,51
1,8374,71
1,8375,32
1,8376,141
1,8377,77
1,8378,96
1,8379,58
1,8380,141
1,8381,364
1,8382,64
1,8383,77
1,8384,153
1,8385,102
1,8386,102
1,8387,103
1,8388,115
1,8389,70
1,8390,96
1,8391,77
1,8392,71
1,8393,64
1,8394,71
1,8395,20
1,8396,-51
1,8397,57
1,8398,32
1,8399,57
1,8400,45
1,8401,96
1,8402,76
1,8403,128
1,8404,199
1,8405,57
1,8406,77
1,8407,70
1,8408,211
1,8409,38
1,8410,32
1,8411,26
1,8412,96
1,8413,-647
1,8414,-32
1,8415,45
1,8416,115
1,8417,90
1,8418,116
1,8419,90
1,8420,141
1,8421,64
1,8422,77
1,8423,32
1,8424,179
1,8425,64
1,8426,26
1,8427,58
1,8428,153
1,8429,192
1,8430,19
1,8431,32
1,8432,77
1,8433,57
1,8434,121
1,8435,122
1,8436,173
1,8437,84
1,8438,77
1,8439,90
1,8440,327
1,8441,51
1,8442,38
1,8443,-58
1,8444,780
1,8445,45
1,8446,103
1,8447,102
1,8448,103
1,8449,122
1,8450,122
1,8451,64
1,8452,64
1,8453,160
1,8454,96
1,8455,109
1,8456,121
1,8457,186
1,8458,807
1,8459,115
1,8460,160
1,8461,173
1,8462,224
1,8463,198
1,8464,90
1,8465,116
1,8466,166
1,8467,109
1,8468,109
1,8469,64
1,8470,115
1,8471,211
1,8472,160
1,8473,71
1,8474,-45
1,8475,160
1,8476,115
1,8477,115
1,8478,-44
1,8479,115
1,8480,122
1,8481,45
1,8482,102
1,8483,57
1,8484,58
1,8485,103
1,8486,64
1,8487,154
1,8488,71
1,8489,83
1,8490,-51
1,8491,135
1,8492,153
1,8493,83
1,8494,83
1,8495,147
1,8496,154
1,8497,51
1,8498,-391
1,8499,141
1,8500,115
1,8501,38
1,8502,192
1,8503,116
1,8504,115
1,8505,134
1,8506,173
1,8507,167
1,8508,109
1,8509,-51
1,8510,128
1,8511,121
1,8512,205
1,8513,128
1,8514,115
1,8515,45
1,8516,103
1,8517,96
1,8518,90
1,8519,57
1,8520,192
1,8521,116
1,8522,25
1,8523,-13
1,8524,103
1,8525,83
1,8526,70
1,8527,70
1,8528,134
1,8529,102
1,8530,64
1,8531,109
1,8532,134
1,8533,109
1,8534,90
1,8535,359
1,8536,224
1,8537,45
1,8538,83
1,8539,51
1,8540,90
1,8541,58
1,8542,71
1,8543,154
1,8544,76
1,8545,51
1,8546,71
1,8547,84
1,8548,179
1,8549,109
1,8550,89
1,8551,218
1,8552,154
1,8553,51
1,8554,-13
1,8555,32
1,8556,128
1,8557,58
1,8558,90
1,8559,58
1,8560,109
1,8561,89
1,8562,57
1,8563,115
1,8564,167
1,8565,102
1,8566,115
1,8567,71
1,8568,-57
1,8569,51
1,8570,58
1,8571,77
1,8572,173
1,8573,57
1,8574,116
1,8575,122
1,8576,173
1,8577,160
1,8578,-45
1,8579,51
1,8580,173
1,8581,116
1,8582,378
1,8583,109
1,8584,-314
1,8585,115
1,8586,211
1,8587,224
1,8588,122
1,8589,102
1,8590,121
1,8591,122
1,8592,122
1,8593,44
1,8594,-32
1,8595,71
1,8596,90
1,8597,58
1,8598,320
1,8599,70
1,8600,153
1,8601,90
1,8602,89
1,8603,115
1,8604,167
1,8605,51
1,8606,77
1,8607,64
1,8608,166
1,8609,58
1,8610,26
1,8611,-57
1,8612,89
1,8613,147
1,8614,-51
1,8615,121
1,8616,70
1,8617,70
1,8618,122
1,8619,211
1,8620,205
1,8621,77
1,8622,64
1,8623,83
1,8624,135
1,8625,19
1,8626,-45
1,8627,90
1,8628,103
1,8629,-32
1,8630,109
1,8631,147
1,8632,160
1,8633,71
1,8634,211
1,8635,173
1,8636,128
1,8637,51
1,8638,172
1,8639,192
1,8640,153
1,8641,64
1,8642,109
1,8643,109
1,8644,166
1,8645,58
1,8646,365
1,8647,179
1,8648,102
1,8649,57
1,8650,57
1,8651,198
1,8652,64
1,8653,51
1,8654,96
1,8655,26
1,8656,121
1,8657,57
1,8658,58
1,8659,57
1,8660,121
1,8661,45
1,8662,64
1,8663,51
1,8664,122
1,8665,70
1,8666,64
1,8667,70
1,8668,115
1,8669,-275
1,8670,51
1,8671,89
1,8672,83
1,8673,57
1,8674,-45
1,8675,192
1,8676,121
1,8677,-32
1,8678,77
1,8679,89
1,8680,96
1,8681,52
1,8682,173
1,8683,64
1,8684,96
1,8685,64
1,8686,141
1,8687,102
1,8688,64
1,8689,57
1,8690,51
1,8691,-205
1,8692,134
1,8693,-51
1,8694,160
1,8695,96
1,8696,39
1,8697,103
1,8698,51
1,8699,103
1,8700,813
1,8701,51
1,8702,-237
1,8703,-249
1,8704,51
1,8705,199
1,8706,-45
1,8707,26
1,8708,32
1,8709,38
1,8710,89
1,8711,51
1,8712,166
1,8713,788
1,8714,148
1,8715,800
1,8716,231
1,8717,70
1,8718,96
1,8719,64
1,8720,57
1,8721,45
1,8722,19
1,8723,51
1,8724,115
1,8725,115
1,8726,32
1,8727,64
1,8728,166
1,8729,121
1,8730,96
1,8731,384
1,8732,147
1,8733,115
1,8734,70
1,8735,64
1,8736,115
1,8737,32
1,8738,-25
1,8739,32
1,8740,103
1,8741,167
1,8742,109
1,8743,58
1,8744,102
1,8745,51
1,8746,64
1,8747,83
1,8748,115
1,8749,96
1,8750,83
1,8751,57
1,8752,109
1,8753,19
1,8754,-403
1,8755,45
1,8756,148
1,8757,-7
1,8758,64
1,8759,71
1,8760,160
1,8761,77
1,8762,371
1,8763,45
1,8764,116
1,8765,160
1,8766,109
1,8767,90
1,8768,199
1,8769,64
1,8770,57
1,8771,58
1,8772,109
1,8773,77
1,8774,71
1,8775,71
1,8776,108
1,8777,51
1,8778,89
1,8779,45
1,8780,96
1,8781,83
1,8782,108
1,8783,-64
1,8784,198
1,8785,128
1,8786,218
1,8787,96
1,8788,167
1,8789,-39
1,8790,128
1,8791,109
1,8792,205
1,8793,179
1,8794,154
1,8795,-64
1,8796,128
1,8797,64
1,8798,70
1,8799,52
1,8800,96
1,8801,-26
1,8802,83
1,8803,147
1,8804,102
1,8805,122
1,8806,166
1,8807,102
1,8808,173
1,8809,64
1,8810,352
1,8811,64
1,8812,186
1,8813,121
1,8814,64
1,8815,20
1,8816,173
1,8817,102
1,8818,45
1,8819,77
1,8820,128
1,8821,90
1,8822,115
1,8823,109
1,8824,147
1,8825,58
1,8826,58
1,8827,70
1,8828,160
1,8829,122
1,8830,77
1,8831,-64
1,8832,186
1,8833,-25
1,8834,70
1,8835,45
1,8836,71
1,8837,-39
1,8838,25
1,8839,-365
1,8840,115
1,8841,147
1,8842,108
1,8843,102
1,8844,128
1,8845,160
1,8846,89
1,8847,64
1,8848,90
1,8849,103
1,8850,-230
1,8851,58
1,8852,77
1,8853,83
1,8854,32
1,8855,96
1,8856,115
1,8857,71
1,8858,77
1,8859,115
1,8860,109
1,8861,51
1,8862,115
1,8863,128
1,8864,51
1,8865,64
1,8866,134
1,8867,58
1,8868,70
1,8869,90
1,8870,115
1,8871,90
1,8872,192
1,8873,96
1,8874,390
1,8875,102
1,8876,224
1,8877,365
1,8878,103
1,8879,109
1,8880,102
1,8881,45
1,8882,153
1,8883,76
1,8884,256
1,8885,64
1,8886,96
1,8887,90
1,8888,167
1,8889,121
1,8890,211
1,8891,153
1,8892,102
1,8893,51
1,8894,134
1,8895,109
1,8896,77
1,8897,96
1,8898,141
1,8899,198
1,8900,269
1,8901,64
1,8902,192
1,8903,109
1,8904,115
1,8905,269
1,8906,121
1,8907,115
1,8908,128
1,8909,320
1,8910,-32
1,8911,58
1,8912,167
1,8913,83
1,8914,135
1,8915,141
1,8916,140
1,8917,109
1,8918,147
1,8919,115
1,8920,243
1,8921,115
1,8922,70
1,8923,103
1,8924,-486
1,8925,64
1,8926,148
1,8927,64
1,8928,154
1,8929,70
1,8930,199
1,8931,128
1,8932,96
1,8933,58
1,8934,103
1,8935,103
1,8936,346
1,8937,57
1,8938,116
1,8939,51
1,8940,52
1,8941,103
1,8942,26
1,8943,51
1,8944,83
1,8945,103
1,8946,109
1,8947,102
1,8948,135
1,8949,38
1,8950,83
1,8951,96
1,8952,83
1,8953,51
1,8954,121
1,8955,64
1,8956,736
1,8957,39
1,8958,64
1,8959,77
1,8960,51
1,8961,134
1,8962,103
1,8963,52
1,8964,44
1,8965,32
1,8966,154
1,8967,77
1,8968,128
1,8969,102
1,8970,429
1,8971,77
1,8972,140
1,8973,173
1,8974,102
1,8975,52
1,8976,173
1,8977,58
1,8978,26
1,8979,57
1,8980,166
1,8981,71
1,8982,19
1,8983,38
1,8984,140
1,8985,-51
1,8986,109
1,8987,64
1,8988,134
1,8989,83
1,8990,64
1,8991,83
1,8992,115
1,8993,52
1,8994,64
1,8995,64
1,8996,166
1,8997,96
1,8998,109
1,8999,90
1,9000,166
1,9001,64
1,9002,186
1,9003,64
1,9004,147
1,9005,89
1,9006,109
1,9007,-192
1,9008,185
1,9009,-602
1,9010,64
1,9011,58
1,9012,83
1,9013,58
1,9014,51
1,9015,32
1,9016,102
1,9017,51
1,9018,109
1,9019,115
1,9020,167
1,9021,148
1,9022,154
1,9023,141
1,9024,148
1,9025,224
1,9026,45
1,9027,-57
1,9028,102
1,9029,77
1,9030,378
1,9031,-25
1,9032,140
1,9033,109
1,9034,77
1,9035,128
1,9036,102
1,9037,102
1,9038,64
1,9039,89
1,9040,135
1,9041,77
1,9042,134
1,9043,109
1,9044,115
1,9045,96
1,9046,365
1,9047,109
1,9048,121
1,9049,57
1,9050,45
1,9051,121
1,9052,64
1,9053,-7
1,9054,51
1,9055,147
1,9056,102
1,9057,109
1,9058,160
1,9059,135
1,9060,250
1,9061,90
1,9062,122
1,9063,211
1,9064,185
1,9065,167
1,9066,25
1,9067,109
1,9068,121
1,9069,173
1,9070,70
1,9071,173
1,9072,128
1,9073,109
1,9074,166
1,9075,141
1,9076,167
1,9077,32
1,9078,180
1,9079,122
1,9080,205
1,9081,32
1,9082,108
1,9083,122
1,9084,102
1,9085,102
1,9086,147
1,9087,160
1,9088,58
1,9089,58
1,9090,83
1,9091,115
1,9092,128
1,9093,58
1,9094,-135
1,9095,-391
1,9096,154
1,9097,96
1,9098,172
1,9099,160
1,9100,346
1,9101,64
1,9102,102
1,9103,198
1,9104,135
1,9105,45
1,9106,32
1,9107,51
1,9108,83
1,9109,57
1,9110,148
1,9111,102
1,9112,122
1,9113,153
1,9114,121
1,9115,121
1,9116,115
1,9117,38
1,9118,115
1,9119,58
1,9120,13
1,9121,96
1,9122,38
1,9123,109
1,9124,103
1,9125,103
1,9126,51
1,9127,25
1,9128,198
1,9129,160
1,9130,115
1,9131,256
1,9132,108
1,9133,121
1,9134,70
1,9135,89
1,9136,192
1,9137,84
1,9138,64
1,9139,109
1,9140,115
1,9141,243
1,9142,64
1,9143,64
1,9144,83
1,9145,122
1,9146,134
1,9147,135
1,9148,307
1,9149,58
1,9150,154
1,9151,84
1,9152,192
1,9153,154
1,9154,160
1,9155,64
1,9156,109
1,9157,83
1,9158,384
1,9159,39
1,9160,167
1,9161,83
1,9162,77
1,9163,115
1,9164,102
1,9165,58
1,9166,70
1,9167,108
1,9168,160
1,9169,39
1,9170,166
1,9171,160
1,9172,64
1,9173,32
1,9174,90
1,9175,115
1,9176,64
1,9177,140
1,9178,166
1,9179,-32
1,9180,-531
1,9181,51
1,9182,172
1,9183,141
1,9184,-45
1,9185,-32
1,9186,96
1,9187,115
1,9188,109
1,9189,103
1,9190,77
1,9191,134
1,9192,102
1,9193,71
1,9194,102
1,9195,12
1,9196,121
1,9197,64
1,9198,103
1,9199,128
1,9200,167
1,9201,160
1,9202,109
1,9203,115
1,9204,51
1,9205,-57
1,9206,45
1,9207,32
1,9208,90
1,9209,134
1,9210,51
1,9211,70
1,9212,826
1,9213,109
1,9214,58
1,9215,71
1,9216,90
1,9217,288
1,9218,45
1,9219,-26
1,9220,109
1,9221,90
1,9222,25
1,9223,64
1,9224,38
1,9225,807
1,9226,109
1,9227,775
1,9228,52
1,9229,141
1,9230,90
1,9231,70
1,9232,64
1,9233,26
1,9234,25
1,9235,57
1,9236,77
1,9237,64
1,9238,64
1,9239,84
1,9240,154
1,9241,84
1,9242,83
1,9243,96
1,9244,141
1,9245,115
1,9246,179
1,9247,102
1,9248,122
1,9249,51
1,9250,64
1,9251,51
1,9252,313
1,9253,70
1,9254,102
1,9255,76
1,9256,173
1,9257,103
1,9258,84
1,9259,115
1,9260,148
1,9261,83
1,9262,109
1,9263,70
1,9264,83
1,9265,-551
1,9266,26
1,9267,58
1,9268,147
1,9269,135
1,9270,96
1,9271,26
1,9272,102
1,9273,102
1,9274,121
1,9275,134
1,9276,70
1,9277,90
1,9278,109
1,9279,64
1,9280,135
1,9281,172
1,9282,70
1,9283,109
1,9284,83
1,9285,76
1,9286,64
1,9287,64
1,9288,96
1,9289,102
1,9290,109
1,9291,26
1,9292,77
1,9293,160
1,9294,-51
1,9295,77
1,9296,64
1,9297,96
1,9298,147
1,9299,90
1,9300,186
1,9301,77
1,9302,147
1,9303,83
1,9304,64
1,9305,58
1,9306,314
1,9307,70
1,9308,45
1,9309,45
1,9310,44
1,9311,44
1,9312,52
1,9313,45
1,9314,77
1,9315,83
1,9316,384
1,9317,115
1,9318,57
1,9319,102
1,9320,166
1,9321,51
1,9322,70
1,9323,-71
1,9324,134
1,9325,51
1,9326,128
1,9327,64
1,9328,83
1,9329,122
1,9330,148
1,9331,160
1,9332,211
1,9333,128
1,9334,45
1,9335,192
1,9336,154
1,9337,45
1,9338,281
1,9339,70
1,9340,83
1,9341,45
1,9342,64
1,9343,58
1,9344,90
1,9345,51
1,9346,44
1,9347,32
1,9348,51
1,9349,52
1,9350,58
1,9351,-653
1,9352,70
1,9353,38
1,9354,58
1,9355,121
1,9356,153
1,9357,64
1,9358,70
1,9359,58
1,9360,109
1,9361,32
1,9362,51
1,9363,71
1,9364,108
1,9365,108
1,9366,58
1,9367,116
1,9368,122
1,9369,89
1,9370,122
1,9371,77
1,9372,204
1,9373,90
1,9374,-32
1,9375,116
1,9376,173
1,9377,52
1,9378,83
1,9379,64
1,9380,90
1,9381,57
1,9382,51
1,9383,70
1,9384,172
1,9385,109
1,9386,102
1,9387,109
1,9388,122
1,9389,359
1,9390,96
1,9391,115
1,9392,179
1,9393,64
1,9394,-19
1,9395,83
1,9396,141
1,9397,70
1,9398,25
1,9399,83
1,9400,109
1,9401,96
1,9402,90
1,9403,115
1,9404,166
1,9405,58
1,9406,96
1,9407,154
1,9408,77
1,9409,160
1,9410,147
1,9411,135
1,9412,250
1,9413,108
1,9414,102
1,9415,128
1,9416,173
1,9417,58
1,9418,77
1,9419,179
1,9420,32
1,9421,52
1,9422,70
1,9423,84
1,9424,179
1,9425,70
1,9426,116
1,9427,153
1,9428,198
1,9429,51
1,9430,115
1,9431,166
1,9432,90
1,9433,51
1,9434,58
1,9435,160
1,9436,-358
1,9437,-39
1,9438,32
1,9439,109
1,9440,64
1,9441,102
1,9442,153
1,9443,160
1,9444,76
1,9445,38
1,9446,109
1,9447,102
1,9448,-45
1,9449,128
1,9450,83
1,9451,122
1,9452,166
1,9453,45
1,9454,-32
1,9455,115
1,9456,128
1,9457,148
1,9458,121
1,9459,167
1,9460,205
1,9461,45
1,9462,352
1,9463,83
1,9464,166
1,9465,147
1,9466,96
1,9467,26
1,9468,807
1,9469,116
1,9470,51
1,9471,32
1,9472,122
1,9473,64
1,9474,19
1,9475,64
1,9476,140
1,9477,64
1,9478,45
1,9479,64
1,9480,109
1,9481,102
1,9482,820
1,9483,116
1,9484,128
1,9485,109
1,9486,108
1,9487,58
1,9488,135
1,9489,45
1,9490,26
1,9491,-13
1,9492,115
1,9493,83
1,9494,45
1,9495,115
1,9496,134
1,9497,64
1,9498,89
1,9499,148
1,9500,231
1,9501,90
1,9502,121
1,9503,103
1,9504,160
1,9505,51
1,9506,26
1,9507,-32
1,9508,167
1,9509,39
1,9510,359
1,9511,-32
1,9512,84
1,9513,51
1,9514,109
1,9515,102
1,9516,167
1,9517,52
1,9518,77
1,9519,122
1,9520,179
1,9521,-550
1,9522,173
1,9523,128
1,9524,70
1,9525,58
1,9526,167
1,9527,83
1,9528,64
1,9529,166
1,9530,179
1,9531,199
1,9532,109
1,9533,45
1,9534,166
1,9535,128
1,9536,192
1,9537,199
1,9538,167
1,9539,-32
1,9540,185
1,9541,77
1,9542,64
1,9543,109
1,9544,77
1,9545,51
1,9546,52
1,9547,38
1,9548,160
1,9549,128
1,9550,167
1,9551,71
1,9552,122
1,9553,64
1,9554,288
1,9555,-19
1,9556,218
1,9557,109
1,9558,64
1,9559,77
1,9560,109
1,9561,51
1,9562,26
1,9563,84
1,9564,115
1,9565,102
1,9566,77
1,9567,26
1,9568,256
1,9569,64
1,9570,32
1,9571,109
1,9572,166
1,9573,180
1,9574,64
1,9575,58
1,9576,147
1,9577,44
1,9578,76
1,9579,19
1,9580,58
1,9581,51
1,9582,64
1,9583,77
1,9584,167
1,9585,19
1,9586,51
1,9587,128
1,9588,166
1,9589,135
1,9590,122
1,9591,109
1,9592,160
1,9593,51
1,9594,58
1,9595,70
1,9596,51
1,9597,-26
1,9598,77
1,9599,160
1,9600,147
1,9601,160
1,9602,32
1,9603,167
1,9604,166
1,9605,90
1,9606,76
1,9607,-358
1,9608,45
1,9609,109
1,9610,58
1,9611,217
1,9612,76
1,9613,109
1,9614,103
1,9615,237
1,9616,198
1,9617,32
1,9618,102
1,9619,96
1,9620,128
1,9621,-51
1,9622,70
1,9623,83
1,9624,192
1,9625,58
1,9626,103
1,9627,199
1,9628,77
1,9629,115
1,9630,71
1,9631,122
1,9632,172
1,9633,109
1,9634,20
1,9635,102
1,9636,160
1,9637,390
1,9638,102
1,9639,115
1,9640,141
1,9641,96
1,9642,160
1,9643,179
1,9644,77
1,9645,64
1,9646,236
1,9647,64
1,9648,64
1,9649,57
1,9650,51
1,9651,64
1,9652,102
1,9653,58
1,9654,83
1,9655,109
1,9656,115
1,9657,116
1,9658,109
1,9659,-122
1,9660,173
1,9661,115
1,9662,71
1,9663,109
1,9664,122
1,9665,154
1,9666,64
1,9667,102
1,9668,121
1,9669,365
1,9670,108
1,9671,51
1,9672,102
1,9673,51
1,9674,76
1,9675,71
1,9676,147
1,9677,45
1,9678,58
1,9679,51
1,9680,160
1,9681,205
1,9682,25
1,9683,64
1,9684,102
1,9685,102
1,9686,250
1,9687,64
1,9688,167
1,9689,51
1,9690,19
1,9691,301
1,9692,-512
1,9693,58
1,9694,84
1,9695,77
1,9696,109
1,9697,38
1,9698,211
1,9699,51
1,9700,147
1,9701,64
1,9702,102
1,9703,77
1,9704,109
1,9705,51
1,9706,109
1,9707,-51
1,9708,186
1,9709,52
1,9710,58
1,9711,64
1,9712,359
1,9713,71
1,9714,58
1,9715,71
1,9716,141
1,9717,39
1,9718,51
1,9719,64
1,9720,128
1,9721,64
1,9722,19
1,9723,128
1,9724,826
1,9725,57
1,9726,-269
1,9727,134
1,9728,122
1,9729,-26
1,9730,-13
1,9731,26
1,9732,39
1,9733,38
1,9734,83
1,9735,96
1,9736,90
1,9737,838
1,9738,128
1,9739,812
1,9740,147
1,9741,39
1,9742,218
1,9743,109
1,9744,108
1,9745,-7
1,9746,64
1,9747,70
1,9748,166
1,9749,51
1,9750,70
1,9751,102
1,9752,192
1,9753,70
1,9754,154
1,9755,141
1,9756,166
1,9757,102
1,9758,83
1,9759,122
1,9760,128
1,9761,45
1,9762,52
1,9763,20
1,9764,103
1,9765,109
1,9766,76
1,9767,51
1,9768,58
1,9769,140
1,9770,108
1,9771,103
1,9772,121
1,9773,58
1,9774,103
1,9775,70
1,9776,160
1,9777,-748
1,9778,45
1,9779,64
1,9780,121
1,9781,51
1,9782,109
1,9783,76
1,9784,103
1,9785,256
1,9786,51
1,9787,134
1,9788,173
1,9789,352
1,9790,12
1,9791,128
1,9792,77
1,9793,198
1,9794,77
1,9795,96
1,9796,128
1,9797,102
1,9798,121
1,9799,345
1,9800,352
1,9801,58
1,9802,25
1,9803,167
1,9804,179
1,9805,141
1,9806,-44
1,9807,179
1,9808,198
1,9809,90
1,9810,121
1,9811,121
1,9812,192
1,9813,71
1,9814,198
1,9815,148
1,9816,166
1,9817,-6
1,9818,-38
1,9819,173
1,9820,109
1,9821,51
1,9822,-51
1,9823,121
1,9824,153
1,9825,109
1,9826,25
1,9827,134
1,9828,160
1,9829,141
1,9830,76
1,9831,313
1,9832,109
1,9833,-32
1,9834,109
1,9835,116
1,9836,167
1,9837,96
1,9838,134
1,9839,134
1,9840,90
1,9841,58
1,9842,102
1,9843,128
1,9844,160
1,9845,96
1,9846,154
1,9847,90
1,9848,140
1,9849,32
1,9850,58
1,9851,58
1,9852,154
1,9853,83
1,9854,32
1,9855,32
1,9856,115
1,9857,102
1,9858,19
1,9859,32
1,9860,103
1,9861,-506
1,9862,39
1,9863,230
1,9864,148
1,9865,-39
1,9866,83
1,9867,108
1,9868,160
1,9869,109
1,9870,-25
1,9871,77
1,9872,96
1,9873,141
1,9874,64
1,9875,-288
1,9876,122
1,9877,51
1,9878,64
1,9879,90
1,9880,135
1,9881,83
1,9882,77
1,9883,83
1,9884,173
1,9885,71
1,9886,51
1,9887,70
1,9888,167
1,9889,-6
1,9890,32
1,9891,-51
1,9892,179
1,9893,58
1,9894,96
1,9895,96
1,9896,160
1,9897,64
1,9898,250
1,9899,122
1,9900,199
1,9901,64
1,9902,115
1,9903,77
1,9904,115
1,9905,-25
1,9906,71
1,9907,64
1,9908,64
1,9909,51
1,9910,26
1,9911,333
1,9912,147
1,9913,64
1,9914,71
1,9915,64
1,9916,134
1,9917,90
1,9918,64
1,9919,109
1,9920,96
1,9921,134
1,9922,154
1,9923,128
1,9924,96
1,9925,102
1,9926,103
1,9927,160
1,9928,121
1,9929,-32
1,9930,89
1,9931,103
1,9932,58
1,9933,-32
1,9934,71
1,9935,108
1,9936,134
1,9937,102
1,9938,122
1,9939,128
1,9940,115
1,9941,44
1,9942,128
1,9943,141
1,9944,64
1,9945,77
1,9946,25
1,9947,-320
1,9948,64
1,9949,57
1,9950,147
1,9951,160
1,9952,173
1,9953,160
1,9954,115
1,9955,160
1,9956,192
1,9957,192
1,9958,109
1,9959,166
1,9960,70
1,9961,198
1,9962,64
1,9963,141
1,9964,167
1,9965,51
1,9966,57
1,9967,83
1,9968,103
1,9969,109
1,9970,77
1,9971,141
1,9972,122
1,9973,198
1,9974,148
1,9975,128
1,9976,154
1,9977,77
1,9978,148
1,9979,103
1,9980,832
1,9981,160
1,9982,77
1,9983,90
1,9984,320
1,9985,32
1,9986,51
1,9987,102
1,9988,45
1,9989,64
1,9990,90
1,9991,115
1,9992,134
1,9993,83
1,9994,794
1,9995,71
1,9996,160
1,9997,134
1,9998,116
1,9999,102
1,10000,160
1,10001,64
1,10002,52
1,10003,64
1,10004,90
1,10005,147
1,10006,52
1,10007,51
1,10008,180
1,10009,160
1,10010,109
1,10011,109
1,10012,352
1,10013,96
1,10014,64
1,10015,313
1,10016,167
1,10017,115
1,10018,38
1,10019,26
1,10020,166
1,10021,38
1,10022,96
1,10023,148
1,10024,96
1,10025,115
1,10026,115
1,10027,108
1,10028,115
1,10029,52
1,10030,64
1,10031,128
1,10032,-499
1,10033,45
1,10034,64
1,10035,115
1,10036,77
1,10037,384
1,10038,64
1,10039,185
1,10040,26
1,10041,160
1,10042,109
1,10043,96
1,10044,365
1,10045,90
1,10046,153
1,10047,160
1,10048,115
1,10049,301
1,10050,70
1,10051,108
1,10052,153
1,10053,96
1,10054,103
1,10055,103
1,10056,128
1,10057,51
1,10058,64
1,10059,83
1,10060,83
1,10061,116
1,10062,116
1,10063,377
1,10064,116
1,10065,77
1,10066,-51
1,10067,96
1,10068,108
1,10069,38
1,10070,147
1,10071,122
1,10072,115
1,10073,-25
1,10074,38
1,10075,71
1,10076,58
1,10077,167
1,10078,83
1,10079,167
1,10080,122
1,10081,166
1,10082,64
1,10083,121
1,10084,204
1,10085,217
1,10086,96
1,10087,186
1,10088,160
1,10089,70
1,10090,58
1,10091,167
1,10092,109
1,10093,103
1,10094,128
1,10095,179
1,10096,64
1,10097,147
1,10098,76
1,10099,166
1,10100,179
1,10101,96
1,10102,128
1,10103,135
1,10104,147
1,10105,25
1,10106,57
1,10107,19
1,10108,64
1,10109,121
1,10110,52
1,10111,71
1,10112,51
1,10113,71
1,10114,19
1,10115,57
1,10116,96
1,10117,-531
1,10118,51
1,10119,109
1,10120,64
1,10121,115
1,10122,115
1,10123,-45
1,10124,140
1,10125,51
1,10126,-45
1,10127,160
1,10128,122
1,10129,45
1,10130,64
1,10131,102
1,10132,90
1,10133,64
1,10134,57
1,10135,64
1,10136,179
1,10137,57
1,10138,358
1,10139,173
1,10140,179
1,10141,77
1,10142,84
1,10143,103
1,10144,128
1,10145,57
1,10146,64
1,10147,83
1,10148,128
1,10149,192
1,10150,45
1,10151,211
1,10152,45
1,10153,116
1,10154,64
1,10155,172
1,10156,122
1,10157,64
1,10158,71
1,10159,141
1,10160,179
1,10161,89
1,10162,51
1,10163,108
1,10164,58
1,10165,160
1,10166,122
1,10167,115
1,10168,147
1,10169,153
1,10170,166
1,10171,160
1,10172,154
1,10173,166
1,10174,141
1,10175,122
1,10176,122
1,10177,403
1,10178,96
1,10179,115
1,10180,-32
1,10181,109
1,10182,44
1,10183,147
1,10184,70
1,10185,-25
1,10186,83
1,10187,147
1,10188,198
1,10189,77
1,10190,102
1,10191,153
1,10192,109
1,10193,160
1,10194,71
1,10195,115
1,10196,148
1,10197,64
1,10198,77
1,10199,103
1,10200,7
1,10201,102
1,10202,122
1,10203,-275
1,10204,135
1,10205,109
1,10206,371
1,10207,167
1,10208,121
1,10209,352
1,10210,103
1,10211,64
1,10212,218
1,10213,90
1,10214,102
1,10215,71
1,10216,-32
1,10217,58
1,10218,77
1,10219,96
1,10220,76
1,10221,103
1,10222,198
1,10223,115
1,10224,153
1,10225,160
1,10226,32
1,10227,83
1,10228,115
1,10229,103
1,10230,205
1,10231,115
1,10232,83
1,10233,-39
1,10234,128
1,10235,173
1,10236,813
1,10237,173
1,10238,1600
1,10239,160
1,10240,115
1,10241,122
1,10242,58
1,10243,57
1,10244,365
1,10245,160
1,10246,19
1,10247,128
1,10248,199
1,10249,787
1,10250,154
1,10251,461
1,10252,70
1,10253,140
1,10254,160
1,10255,109
1,10256,153
1,10257,51
1,10258,19
1,10259,70
1,10260,320
1,10261,26
1,10262,57
1,10263,45
1,10264,115
1,10265,58
1,10266,103
1,10267,103
1,10268,102
1,10269,70
1,10270,90
1,10271,57
1,10272,173
1,10273,51
1,10274,38
1,10275,102
1,10276,122
1,10277,77
1,10278,89
1,10279,70
1,10280,-38
1,10281,-32
1,10282,115
1,10283,64
1,10284,90
1,10285,109
1,10286,90
1,10287,64
1,10288,-506
1,10289,102
1,10290,25
1,10291,-25
1,10292,-58
1,10293,77
1,10294,51
1,10295,64
1,10296,89
1,10297,121
1,10298,122
1,10299,115
1,10300,166
1,10301,160
1,10302,57
1,10303,64
1,10304,102
1,10305,224
1,10306,58
1,10307,282
1,10308,128
1,10309,198
1,10310,64
1,10311,64
1,10312,186
1,10313,90
1,10314,109
1,10315,26
1,10316,115
1,10317,51
1,10318,32
1,10319,44
1,10320,103
1,10321,121
1,10322,115
1,10323,109
1,10324,115
1,10325,70
1,10326,32
1,10327,70
1,10328,109
1,10329,32
1,10330,26
1,10331,51
1,10332,115
1,10333,77
1,10334,109
1,10335,96
1,10336,96
1,10337,115
1,10338,39
1,10339,64
1,10340,45
1,10341,70
1,10342,71
1,10343,71
1,10344,154
1,10345,51
1,10346,-32
1,10347,-32
1,10348,122
1,10349,51
1,10350,25
1,10351,83
1,10352,122
1,10353,58
1,10354,198
1,10355,115
1,10356,154
1,10357,205
1,10358,122
1,10359,51
1,10360,128
1,10361,64
1,10362,96
1,10363,115
1,10364,122
1,10365,102
1,10366,77
1,10367,64
1,10368,122
1,10369,83
1,10370,13
1,10371,26
1,10372,45
1,10373,-455
1,10374,70
1,10375,-44
1,10376,172
1,10377,108
1,10378,115
1,10379,84
1,10380,166
1,10381,90
1,10382,103
1,10383,44
1,10384,115
1,10385,84
1,10386,51
1,10387,51
1,10388,115
1,10389,122
1,10390,58
1,10391,83
1,10392,58
1,10393,58
1,10394,45
1,10395,128
1,10396,186
1,10397,96
1,10398,64
1,10399,64
1,10400,116
1,10401,38
1,10402,32
1,10403,32
1,10404,70
1,10405,96
1,10406,32
1,10407,51
1,10408,186
1,10409,128
1,10410,128
1,10411,103
1,10412,186
1,10413,58
1,10414,108
1,10415,115
1,10416,211
1,10417,83
1,10418,-237
1,10419,-352
1,10420,147
1,10421,64
1,10422,13
1,10423,-51
1,10424,122
1,10425,108
1,10426,71
1,10427,167
1,10428,186
1,10429,58
1,10430,70
1,10431,122
1,10432,153
1,10433,148
1,10434,90
1,10435,153
1,10436,167
1,10437,77
1,10438,-39
1,10439,128
1,10440,64
1,10441,45
1,10442,19
1,10443,115
1,10444,128
1,10445,57
1,10446,71
1,10447,115
1,10448,128
1,10449,115
1,10450,64
1,10451,122
1,10452,179
1,10453,96
1,10454,141
1,10455,160
1,10456,173
1,10457,44
1,10458,32
1,10459,-282
1,10460,365
1,10461,84
1,10462,160
1,10463,89
1,10464,109
1,10465,58
1,10466,102
1,10467,186
1,10468,122
1,10469,84
1,10470,140
1,10471,57
1,10472,109
1,10473,51
1,10474,108
1,10475,147
1,10476,121
1,10477,71
1,10478,109
1,10479,141
1,10480,116
1,10481,160
1,10482,109
1,10483,185
1,10484,205
1,10485,192
1,10486,51
1,10487,128
1,10488,58
1,10489,32
1,10490,57
1,10491,141
1,10492,1113
1,10493,96
1,10494,51
1,10495,147
1,10496,70
1,10497,58
1,10498,57
1,10499,64
1,10500,154
1,10501,77
1,10502,57
1,10503,122
1,10504,122
1,10505,64
1,10506,826
1,10507,192
1,10508,217
1,10509,51
1,10510,102
1,10511,96
1,10512,173
1,10513,64
1,10514,32
1,10515,71
1,10516,147
1,10517,102
1,10518,64
1,10519,109
1,10520,154
1,10521,160
1,10522,102
1,10523,109
1,10524,83
1,10525,96
1,10526,64
1,10527,96
1,10528,128
1,10529,51
1,10530,26
1,10531,26
1,10532,70
1,10533,51
1,10534,32
1,10535,102
1,10536,173
1,10537,108
1,10538,64
1,10539,115
1,10540,166
1,10541,83
1,10542,38
1,10543,122
1,10544,-442
1,10545,64
1,10546,32
1,10547,19
1,10548,166
1,10549,38
1,10550,19
1,10551,38
1,10552,167
1,10553,64
1,10554,134
1,10555,281
1,10556,217
1,10557,51
1,10558,64
1,10559,372
1,10560,25
1,10561,32
1,10562,57
1,10563,121
1,10564,102
1,10565,58
1,10566,71
1,10567,147
1,10568,148
1,10569,-13
1,10570,32
1,10571,115
1,10572,45
1,10573,64
1,10574,102
1,10575,122
1,10576,89
1,10577,109
1,10578,103
1,10579,115
1,10580,96
1,10581,96
1,10582,103
1,10583,179
1,10584,116
1,10585,51
1,10586,64
1,10587,109
1,10588,51
1,10589,38
1,10590,52
1,10591,128
1,10592,51
1,10593,64
1,10594,103
1,10595,128
1,10596,166
1,10597,116
1,10598,19
1,10599,71
1,10600,135
1,10601,-6
1,10602,45
1,10603,-64
1,10604,77
1,10605,90
1,10606,84
1,10607,134
1,10608,89
1,10609,109
1,10610,115
1,10611,160
1,10612,160
1,10613,179
1,10614,153
1,10615,154
1,10616,173
1,10617,39
1,10618,102
1,10619,-45
1,10620,180
1,10621,64
1,10622,115
1,10623,102
1,10624,128
1,10625,115
1,10626,70
1,10627,116
1,10628,-13
1,10629,-492
1,10630,39
1,10631,135
1,10632,352
1,10633,102
1,10634,166
1,10635,179
1,10636,198
1,10637,109
1,10638,45
1,10639,128
1,10640,166
1,10641,64
1,10642,77
1,10643,26
1,10644,64
1,10645,51
1,10646,71
1,10647,166
1,10648,77
1,10649,77
1,10650,160
1,10651,134
1,10652,224
1,10653,-38
1,10654,212
1,10655,166
1,10656,166
1,10657,70
1,10658,52
1,10659,371
1,10660,102
1,10661,51
1,10662,19
1,10663,128
1,10664,70
1,10665,115
1,10666,103
1,10667,154
1,10668,179
1,10669,64
1,10670,64
1,10671,147
1,10672,198
1,10673,51
1,10674,32
1,10675,102
1,10676,166
1,10677,77
1,10678,32
1,10679,121
1,10680,45
1,10681,365
1,10682,103
1,10683,198
1,10684,122
1,10685,64
1,10686,64
1,10687,211
1,10688,160
1,10689,64
1,10690,39
1,10691,115
1,10692,185
1,10693,71
1,10694,103
1,10695,141
1,10696,135
1,10697,57
1,10698,186
1,10699,115
1,10700,211
1,10701,51
1,10702,116
1,10703,115
1,10704,211
1,10705,84
1,10706,19
1,10707,121
1,10708,52
1,10709,109
1,10710,115
1,10711,135
1,10712,76
1,10713,96
1,10714,70
1,10715,-326
1,10716,71
1,10717,26
1,10718,-51
1,10719,128
1,10720,148
1,10721,77
1,10722,64
1,10723,96
1,10724,115
1,10725,45
1,10726,58
1,10727,166
1,10728,153
1,10729,58
1,10730,64
1,10731,122
1,10732,128
1,10733,70
1,10734,76
1,10735,121
1,10736,141
1,10737,70
1,10738,70
1,10739,64
1,10740,115
1,10741,115
1,10742,90
1,10743,121
1,10744,-26
1,10745,77
1,10746,64
1,10747,199
1,10748,807
1,10749,64
1,10750,70
1,10751,217
1,10752,166
1,10753,64
1,10754,52
1,10755,109
1,10756,204
1,10757,39
1,10758,96
1,10759,358
1,10760,115
1,10761,807
1,10762,77
1,10763,768
1,10764,198
1,10765,71
1,10766,71
1,10767,115
1,10768,83
1,10769,64
1,10770,51
1,10771,365
1,10772,115
1,10773,64
1,10774,64
1,10775,115
1,10776,116
1,10777,70
1,10778,64
1,10779,153
1,10780,217
1,10781,70
1,10782,32
1,10783,211
1,10784,166
1,10785,39
1,10786,64
1,10787,64
1,10788,102
1,10789,39
1,10790,90
1,10791,115
1,10792,166
1,10793,109
1,10794,70
1,10795,115
1,10796,108
1,10797,141
1,10798,128
1,10799,102
1,10800,-397
1,10801,-26
1,10802,135
1,10803,115
1,10804,51
1,10805,83
1,10806,57
1,10807,192
1,10808,153
1,10809,64
1,10810,135
1,10811,141
1,10812,102
1,10813,115
1,10814,70
1,10815,134
1,10816,134
1,10817,115
1,10818,45
1,10819,96
1,10820,96
1,10821,102
1,10822,109
1,10823,167
1,10824,64
1,10825,64
1,10826,64
1,10827,102
1,10828,148
1,10829,90
1,10830,96
1,10831,173
1,10832,83
1,10833,83
1,10834,217
1,10835,147
1,10836,153
1,10837,109
1,10838,122
1,10839,307
1,10840,179
1,10841,52
1,10842,19
1,10843,102
1,10844,84
1,10845,51
1,10846,90
1,10847,83
1,10848,166
1,10849,153
1,10850,77
1,10851,167
1,10852,211
1,10853,83
1,10854,90
1,10855,134
1,10856,269
1,10857,-32
1,10858,83
1,10859,84
1,10860,57
1,10861,57
1,10862,58
1,10863,128
1,10864,96
1,10865,109
1,10866,-12
1,10867,128
1,10868,167
1,10869,84
1,10870,160
1,10871,115
1,10872,102
1,10873,26
1,10874,26
1,10875,26
1,10876,166
1,10877,-7
1,10878,32
1,10879,108
1,10880,122
1,10881,141
1,10882,96
1,10883,70
1,10884,102
1,10885,-397
1,10886,-32
1,10887,192
1,10888,90
1,10889,90
1,10890,109
1,10891,115
1,10892,140
1,10893,90
1,10894,166
1,10895,115
1,10896,70
1,10897,70
1,10898,19
1,10899,76
1,10900,115
1,10901,64
1,10902,45
1,10903,153
1,10904,90
1,10905,109
1,10906,122
1,10907,173
1,10908,77
1,10909,89
1,10910,109
1,10911,173
1,10912,160
1,10913,89
1,10914,57
1,10915,115
1,10916,122
1,10917,147
1,10918,71
1,10919,115
1,10920,160
1,10921,128
1,10922,71
1,10923,198
1,10924,167
1,10925,102
1,10926,58
1,10927,102
1,10928,122
1,10929,160
1,10930,58
1,10931,83
1,10932,102
1,10933,96
1,10934,26
1,10935,109
1,10936,179
1,10937,115
1,10938,115
1,10939,141
1,10940,154
1,10941,108
1,10942,26
1,10943,102
1,10944,45
1,10945,134
1,10946,96
1,10947,128
1,10948,167
1,10949,109
1,10950,102
1,10951,211
1,10952,199
1,10953,109
1,10954,103
1,10955,198
1,10956,205
1,10957,83
1,10958,71
1,10959,115
1,10960,-45
1,10961,134
1,10962,90
1,10963,167
1,10964,147
1,10965,64
1,10966,89
1,10967,172
1,10968,167
1,10969,109
1,10970,-371
1,10971,147
1,10972,166
1,10973,96
1,10974,64
1,10975,-57
1,10976,121
1,10977,128
1,10978,-64
1,10979,115
1,10980,109
1,10981,307
1,10982,116
1,10983,141
1,10984,121
1,10985,103
1,10986,128
1,10987,160
1,10988,116
1,10989,51
1,10990,58
1,10991,173
1,10992,83
1,10993,198
1,10994,96
1,10995,83
1,10996,134
1,10997,365
1,10998,89
1,10999,122
1,11000,103
1,11001,179
1,11002,64
1,11003,71
1,11004,985
1,11005,52
1,11006,77
1,11007,77
1,11008,-51
1,11009,192
1,11010,26
1,11011,70
1,11012,32
1,11013,-32
1,11014,51
1,11015,148
1,11016,115
1,11017,70
1,11018,813
1,11019,179
1,11020,32
1,11021,90
1,11022,275
1,11023,121
1,11024,173
1,11025,51
1,11026,147
1,11027,71
1,11028,51
1,11029,-38
1,11030,96
1,11031,51
1,11032,108
1,11033,83
1,11034,71
1,11035,160
1,11036,83
1,11037,96
1,11038,122
1,11039,109
1,11040,192
1,11041,-32
1,11042,32
1,11043,122
1,11044,147
1,11045,71
1,11046,64
1,11047,77
1,11048,154
1,11049,109
1,11050,71
1,11051,128
1,11052,134
1,11053,160
1,11054,32
1,11055,135
1,11056,-314
1,11057,180
1,11058,64
1,11059,115
1,11060,154
1,11061,115
1,11062,160
1,11063,140
1,11064,115
1,11065,166
1,11066,198
1,11067,192
1,11068,147
1,11069,102
1,11070,96
1,11071,122
1,11072,198
1,11073,108
1,11074,256
1,11075,64
1,11076,403
1,11077,102
1,11078,70
1,11079,134
1,11080,185
1,11081,64
1,11082,166
1,11083,89
1,11084,122
1,11085,102
1,11086,32
1,11087,128
1,11088,173
1,11089,51
1,11090,76
1,11091,218
1,11092,403
1,11093,77
1,11094,77
1,11095,134
1,11096,116
1,11097,19
1,11098,71
1,11099,128
1,11100,64
1,11101,96
1,11102,166
1,11103,154
1,11104,77
1,11105,135
1,11106,96
1,11107,122
1,11108,116
1,11109,115
1,11110,147
1,11111,173
1,11112,64
1,11113,32
1,11114,89
1,11115,57
1,11116,96
1,11117,26
1,11118,51
1,11119,84
1,11120,64
1,11121,109
1,11122,96
1,11123,122
1,11124,134
1,11125,71
1,11126,109
1,11127,64
1,11128,160
1,11129,32
1,11130,45
1,11131,70
1,11132,83
1,11133,64
1,11134,52
1,11135,115
1,11136,121
1,11137,166
1,11138,32
1,11139,122
1,11140,147
1,11141,-455
1,11142,89
1,11143,166
1,11144,192
1,11145,109
1,11146,70
1,11147,166
1,11148,173
1,11149,-32
1,11150,108
1,11151,160
1,11152,167
1,11153,51
1,11154,64
1,11155,160
1,11156,115
1,11157,58
1,11158,77
1,11159,64
1,11160,-58
1,11161,77
1,11162,116
1,11163,244
1,11164,160
1,11165,173
1,11166,141
1,11167,141
1,11168,167
1,11169,44
1,11170,122
1,11171,359
1,11172,167
1,11173,57
1,11174,115
1,11175,167
1,11176,84
1,11177,134
1,11178,147
1,11179,160
1,11180,153
1,11181,128
1,11182,141
1,11183,134
1,11184,160
1,11185,58
1,11186,109
1,11187,166
1,11188,199
1,11189,89
1,11190,89
1,11191,89
1,11192,218
1,11193,122
1,11194,77
1,11195,154
1,11196,205
1,11197,90
1,11198,58
1,11199,148
1,11200,211
1,11201,102
1,11202,71
1,11203,141
1,11204,115
1,11205,109
1,11206,83
1,11207,166
1,11208,96
1,11209,173
1,11210,109
1,11211,58
1,11212,160
1,11213,115
1,11214,70
1,11215,76
1,11216,58
1,11217,109
1,11218,109
1,11219,128
1,11220,199
1,11221,77
1,11222,103
1,11223,121
1,11224,173
1,11225,102
1,11226,-364
1,11227,173
1,11228,160
1,11229,249
1,11230,83
1,11231,179
1,11232,89
1,11233,109
1,11234,90
1,11235,70
1,11236,83
1,11237,89
1,11238,-25
1,11239,147
1,11240,109
1,11241,102
1,11242,121
1,11243,173
1,11244,134
1,11245,109
1,11246,64
1,11247,212
1,11248,205
1,11249,109
1,11250,70
1,11251,90
1,11252,294
1,11253,57
1,11254,179
1,11255,115
1,11256,166
1,11257,64
1,11258,147
1,11259,186
1,11260,832
1,11261,70
1,11262,51
1,11263,167
1,11264,128
1,11265,58
1,11266,103
1,11267,77
1,11268,115
1,11269,32
1,11270,115
1,11271,83
1,11272,199
1,11273,787
1,11274,96
1,11275,762
1,11276,109
1,11277,-38
1,11278,173
1,11279,115
1,11280,160
1,11281,58
1,11282,122
1,11283,64
1,11284,70
1,11285,77
1,11286,32
1,11287,109
1,11288,115
1,11289,115
1,11290,70
1,11291,108
1,11292,134
1,11293,64
1,11294,90
1,11295,166
1,11296,211
1,11297,64
1,11298,38
1,11299,58
1,11300,90
1,11301,32
1,11302,26
1,11303,115
1,11304,109
1,11305,109
1,11306,96
1,11307,115
1,11308,128
1,11309,58
1,11310,96
1,11311,128
1,11312,-358
1,11313,38
1,11314,-19
1,11315,179
1,11316,148
1,11317,147
1,11318,52
1,11319,128
1,11320,90
1,11321,141
1,11322,160
1,11323,173
1,11324,204
1,11325,115
1,11326,128
1,11327,160
1,11328,153
1,11329,77
1,11330,212
1,11331,147
1,11332,141
1,11333,397
1,11334,128
1,11335,180
1,11336,96
1,11337,52
1,11338,45
1,11339,96
1,11340,327
1,11341,96
1,11342,115
1,11343,128
1,11344,96
1,11345,109
1,11346,83
1,11347,115
1,11348,122
1,11349,51
1,11350,173
1,11351,-410
1,11352,147
1,11353,32
1,11354,64
1,11355,147
1,11356,109
1,11357,103
1,11358,58
1,11359,160
1,11360,180
1,11361,109
1,11362,71
1,11363,-44
1,11364,167
1,11365,-57
1,11366,77
1,11367,198
1,11368,154
1,11369,58
1,11370,45
1,11371,218
1,11372,109
1,11373,141
1,11374,57
1,11375,198
1,11376,102
1,11377,160
1,11378,115
1,11379,122
1,11380,173
1,11381,57
1,11382,-45
1,11383,173
1,11384,179
1,11385,38
1,11386,122
1,11387,173
1,11388,128
1,11389,83
1,11390,70
1,11391,109
1,11392,102
1,11393,148
1,11394,90
1,11395,77
1,11396,64
1,11397,-428
1,11398,122
1,11399,134
1,11400,64
1,11401,51
1,11402,77
1,11403,199
1,11404,160
1,11405,115
1,11406,166
1,11407,64
1,11408,172
1,11409,32
1,11410,57
1,11411,115
1,11412,84
1,11413,52
1,11414,19
1,11415,160
1,11416,71
1,11417,76
1,11418,51
1,11419,135
1,11420,96
1,11421,96
1,11422,135
1,11423,108
1,11424,128
1,11425,166
1,11426,96
1,11427,51
1,11428,121
1,11429,58
1,11430,71
1,11431,71
1,11432,167
1,11433,128
1,11434,122
1,11435,173
1,11436,160
1,11437,122
1,11438,115
1,11439,378
1,11440,211
1,11441,25
1,11442,26
1,11443,147
1,11444,96
1,11445,77
1,11446,57
1,11447,166
1,11448,134
1,11449,77
1,11450,77
1,11451,173
1,11452,57
1,11453,58
1,11454,89
1,11455,109
1,11456,115
1,11457,141
1,11458,103
1,11459,154
1,11460,147
1,11461,102
1,11462,77
1,11463,83
1,11464,109
1,11465,77
1,11466,64
1,11467,173
1,11468,64
1,11469,44
1,11470,102
1,11471,173
1,11472,77
1,11473,-26
1,11474,128
1,11475,160
1,11476,141
1,11477,84
1,11478,-19
1,11479,160
1,11480,153
1,11481,51
1,11482,-614
1,11483,64
1,11484,-13
1,11485,115
1,11486,71
1,11487,64
1,11488,77
1,11489,70
1,11490,115
1,11491,115
1,11492,103
1,11493,83
1,11494,108
1,11495,115
1,11496,116
1,11497,64
1,11498,198
1,11499,122
1,11500,115
1,11501,45
1,11502,102
1,11503,32
1,11504,102
1,11505,115
1,11506,96
1,11507,192
1,11508,204
1,11509,90
1,11510,134
1,11511,90
1,11512,154
1,11513,96
1,11514,102
1,11515,58
1,11516,813
1,11517,51
1,11518,51
1,11519,45
1,11520,51
1,11521,-19
1,11522,83
1,11523,192
1,11524,115
1,11525,90
1,11526,26
1,11527,64
1,11528,128
1,11529,51
1,11530,781
1,11531,173
1,11532,141
1,11533,109
1,11534,83
1,11535,115
1,11536,166
1,11537,51
1,11538,76
1,11539,103
1,11540,377
1,11541,160
1,11542,121
1,11543,166
1,11544,172
1,11545,403
1,11546,205
1,11547,-32
1,11548,224
1,11549,160
1,11550,121
1,11551,89
1,11552,115
1,11553,96
1,11554,32
1,11555,70
1,11556,77
1,11557,38
1,11558,64
1,11559,102
1,11560,179
1,11561,64
1,11562,64
1,11563,83
1,11564,147
1,11565,57
1,11566,256
1,11567,173
1,11568,-301
1,11569,51
1,11570,52
1,11571,64
1,11572,109
1,11573,96
1,11574,83
1,11575,109
1,11576,128
1,11577,57
1,11578,128
1,11579,134
1,11580,186
1,11581,102
1,11582,64
1,11583,64
1,11584,115
1,11585,-38
1,11586,89
1,11587,109
1,11588,135
1,11589,160
1,11590,58
1,11591,224
1,11592,166
1,11593,57
1,11594,25
1,11595,64
1,11596,160
1,11597,70
1,11598,71
1,11599,115
1,11600,166
1,11601,83
1,11602,128
1,11603,115
1,11604,108
1,11605,109
1,11606,134
1,11607,115
1,11608,378
1,11609,96
1,11610,103
1,11611,148
1,11612,51
1,11613,109
1,11614,51
1,11615,147
1,11616,70
1,11617,64
1,11618,-275
1,11619,160
1,11620,339
1,11621,58
1,11622,52
1,11623,147
1,11624,141
1,11625,51
1,11626,-38
1,11627,77
1,11628,109
1,11629,26
1,11630,77
1,11631,134
1,11632,167
1,11633,25
1,11634,96
1,11635,154
1,11636,89
1,11637,147
1,11638,115
1,11639,352
1,11640,115
1,11641,26
1,11642,83
1,11643,103
1,11644,96
1,11645,-6
1,11646,52
1,11647,147
1,11648,140
1,11649,160
1,11650,70
1,11651,77
1,11652,122
1,11653,-384
1,11654,70
1,11655,96
1,11656,160
1,11657,64
1,11658,84
1,11659,160
1,11660,122
1,11661,115
1,11662,166
1,11663,160
1,11664,179
1,11665,51
1,11666,32
1,11667,109
1,11668,115
1,11669,51
1,11670,57
1,11671,115
1,11672,173
1,11673,115
1,11674,96
1,11675,256
1,11676,224
1,11677,70
1,11678,71
1,11679,141
1,11680,198
1,11681,51
1,11682,58
1,11683,96
1,11684,154
1,11685,71
1,11686,-51
1,11687,358
1,11688,84
1,11689,38
1,11690,64
1,11691,89
1,11692,154
1,11693,51
1,11694,192
1,11695,38
1,11696,96
1,11697,51
1,11698,51
1,11699,250
1,11700,154
1,11701,52
1,11702,90
1,11703,128
1,11704,108
1,11705,96
1,11706,115
1,11707,122
1,11708,358
1,11709,70
1,11710,122
1,11711,199
1,11712,154
1,11713,204
1,11714,25
1,11715,121
1,11716,122
1,11717,103
1,11718,103
1,11719,115
1,11720,172
1,11721,83
1,11722,115
1,11723,84
1,11724,212
1,11725,307
1,11726,70
1,11727,90
1,11728,141
1,11729,64
1,11730,25
1,11731,154
1,11732,128
1,11733,128
1,11734,26
1,11735,250
1,11736,122
1,11737,115
1,11738,-339
1,11739,166
1,11740,141
1,11741,160
1,11742,89
1,11743,179
1,11744,179
1,11745,103
1,11746,115
1,11747,134
1,11748,422
1,11749,64
1,11750,51
1,11751,83
1,11752,192
1,11753,32
1,11754,71
1,11755,205
1,11756,-45
1,11757,57
1,11758,71
1,11759,166
1,11760,128
1,11761,39
1,11762,45
1,11763,83
1,11764,122
1,11765,116
1,11766,70
1,11767,128
1,11768,180
1,11769,96
1,11770,102
1,11771,204
1,11772,717
1,11773,167
1,11774,-1619
1,11775,128
1,11776,128
1,11777,19
1,11778,38
1,11779,32
1,11780,83
1,11781,167
1,11782,109
1,11783,89
1,11784,122
1,11785,614
1,11786,84
1,11787,838
1,11788,153
1,11789,102
1,11790,116
1,11791,89
1,11792,166
1,11793,365
1,11794,58
1,11795,64
1,11796,96
1,11797,52
1,11798,102
1,11799,-45
1,11800,58
1,11801,58
1,11802,58
1,11803,166
1,11804,102
1,11805,96
1,11806,135
1,11807,115
1,11808,147
1,11809,32
1,11810,83
1,11811,109
1,11812,71
1,11813,262
1,11814,45
1,11815,160
1,11816,141
1,11817,64
1,11818,108
1,11819,77
1,11820,141
1,11821,52
1,11822,58
1,11823,102
1,11824,166
1,11825,51
1,11826,102
1,11827,154
1,11828,90
1,11829,154
1,11830,217
1,11831,128
1,11832,102
1,11833,64
1,11834,96
1,11835,154
1,11836,167
1,11837,38
1,11838,83
1,11839,173
1,11840,38
1,11841,205
1,11842,-44
1,11843,71
1,11844,116
1,11845,109
1,11846,166
1,11847,180
1,11848,211
1,11849,32
1,11850,64
1,11851,339
1,11852,204
1,11853,166
1,11854,26
1,11855,160
1,11856,121
1,11857,147
1,11858,148
1,11859,179
1,11860,167
1,11861,358
1,11862,198
1,11863,121
1,11864,167
1,11865,45
1,11866,173
1,11867,102
1,11868,167
1,11869,128
1,11870,109
1,11871,115
1,11872,192
1,11873,179
1,11874,90
1,11875,147
1,11876,160
1,11877,128
1,11878,103
1,11879,166
1,11880,166
1,11881,32
1,11882,58
1,11883,77
1,11884,122
1,11885,102
1,11886,122
1,11887,70
1,11888,-45
1,11889,-32
1,11890,115
1,11891,121
1,11892,122
1,11893,90
1,11894,-32
1,11895,128
1,11896,64
1,11897,115
1,11898,26
1,11899,108
1,11900,116
1,11901,58
1,11902,58
1,11903,90
1,11904,115
1,11905,58
1,11906,116
1,11907,70
1,11908,-524
1,11909,32
1,11910,25
1,11911,64
1,11912,140
1,11913,96
1,11914,103
1,11915,89
1,11916,147
1,11917,96
1,11918,70
1,11919,121
1,11920,141
1,11921,-32
1,11922,128
1,11923,64
1,11924,102
1,11925,102
1,11926,115
1,11927,89
1,11928,102
1,11929,90
1,11930,147
1,11931,211
1,11932,205
1,11933,167
1,11934,115
1,11935,147
1,11936,128
1,11937,58
1,11938,51
1,11939,116
1,11940,58
1,11941,52
1,11942,44
1,11943,109
1,11944,77
1,11945,108
1,11946,378
1,11947,83
1,11948,102
1,11949,52
1,11950,77
1,11951,103
1,11952,154
1,11953,90
1,11954,32
1,11955,83
1,11956,115
1,11957,58
1,11958,109
1,11959,64
1,11960,26
1,11961,83
1,11962,166
1,11963,102
1,11964,109
1,11965,231
1,11966,96
1,11967,172
1,11968,135
1,11969,109
1,11970,102
1,11971,166
1,11972,173
1,11973,109
1,11974,121
1,11975,70
1,11976,134
1,11977,96
1,11978,83
1,11979,186
1,11980,83
1,11981,45
1,11982,45
1,11983,-64
1,11984,231
1,11985,96
1,11986,103
1,11987,301
1,11988,167
1,11989,116
1,11990,160
1,11991,192
1,11992,128
1,11993,-544
1,11994,52
1,11995,109
1,11996,166
1,11997,70
1,11998,147
1,11999,70
1,12000,109
1,12001,-38
1,12002,96
1,12003,166
1,12004,231
1,12005,64
1,12006,84
1,12007,52
1,12008,128
1,12009,70
1,12010,32
1,12011,121
1,12012,148
1,12013,358
1,12014,64
1,12015,77
1,12016,211
1,12017,185
1,12018,102
1,12019,128
1,12020,122
1,12021,57
1,12022,166
1,12023,115
1,12024,121
1,12025,57
1,12026,167
1,12027,128
1,12028,787
1,12029,58
1,12030,134
1,12031,116
1,12032,147
1,12033,96
1,12034,51
1,12035,96
1,12036,108
1,12037,64
1,12038,51
1,12039,115
1,12040,109
1,12041,154
1,12042,819
1,12043,205
1,12044,154
1,12045,186
1,12046,-26
1,12047,166
1,12048,154
1,12049,45
1,12050,102
1,12051,263
1,12052,121
1,12053,57
1,12054,77
1,12055,90
1,12056,128
1,12057,115
1,12058,89
1,12059,109
1,12060,45
1,12061,103
1,12062,96
1,12063,122
1,12064,96
1,12065,134
1,12066,45
1,12067,128
1,12068,211
1,12069,96
1,12070,64
1,12071,160
1,12072,76
1,12073,57
1,12074,83
1,12075,102
1,12076,147
1,12077,57
1,12078,148
1,12079,-397
1,12080,121
1,12081,77
1,12082,122
1,12083,115
1,12084,108
1,12085,51
1,12086,326
1,12087,141
1,12088,103
1,12089,365
1,12090,147
1,12091,250
1,12092,160
1,12093,141
1,12094,160
1,12095,134
1,12096,70
1,12097,148
1,12098,212
1,12099,108
1,12100,128
1,12101,134
1,12102,57
1,12103,147
1,12104,109
1,12105,52
1,12106,115
1,12107,83
1,12108,64
1,12109,122
1,12110,64
1,12111,147
1,12112,154
1,12113,135
1,12114,96
1,12115,192
1,12116,153
1,12117,70
1,12118,64
1,12119,198
1,12120,96
1,12121,-26
1,12122,-45
1,12123,77
1,12124,77
1,12125,57
1,12126,141
1,12127,96
1,12128,45
1,12129,58
1,12130,140
1,12131,167
1,12132,167
1,12133,122
1,12134,96
1,12135,173
1,12136,180
1,12137,314
1,12138,32
1,12139,167
1,12140,121
1,12141,-122
1,12142,70
1,12143,115
1,12144,102
1,12145,77
1,12146,64
1,12147,365
1,12148,-52
1,12149,77
1,12150,121
1,12151,167
1,12152,109
1,12153,51
1,12154,26
1,12155,57
1,12156,128
1,12157,71
1,12158,26
1,12159,115
1,12160,147
1,12161,160
1,12162,57
1,12163,160
1,12164,-480
1,12165,77
1,12166,57
1,12167,147
1,12168,135
1,12169,141
1,12170,84
1,12171,237
1,12172,71
1,12173,71
1,12174,70
1,12175,154
1,12176,57
1,12177,96
1,12178,128
1,12179,115
1,12180,109
1,12181,32
1,12182,64
1,12183,128
1,12184,64
1,12185,115
1,12186,32
1,12187,179
1,12188,13
1,12189,32
1,12190,102
1,12191,57
1,12192,109
1,12193,45
1,12194,25
1,12195,70
1,12196,121
1,12197,102
1,12198,51
1,12199,122
1,12200,166
1,12201,109
1,12202,128
1,12203,166
1,12204,121
1,12205,71
1,12206,70
1,12207,288
1,12208,102
1,12209,52
1,12210,160
1,12211,121
1,12212,103
1,12213,115
1,12214,128
1,12215,166
1,12216,115
1,12217,44
1,12218,109
1,12219,147
1,12220,13
1,12221,96
1,12222,128
1,12223,167
1,12224,-32
1,12225,83
1,12226,76
1,12227,128
1,12228,70
1,12229,70
1,12230,76
1,12231,122
1,12232,83
1,12233,45
1,12234,109
1,12235,173
1,12236,166
1,12237,83
1,12238,44
1,12239,122
1,12240,115
1,12241,57
1,12242,115
1,12243,115
1,12244,128
1,12245,32
1,12246,71
1,12247,109
1,12248,122
1,12249,-532
1,12250,57
1,12251,64
1,12252,192
1,12253,83
1,12254,109
1,12255,121
1,12256,51
1,12257,-32
1,12258,108
1,12259,186
1,12260,115
1,12261,122
1,12262,314
1,12263,199
1,12264,121
1,12265,153
1,12266,173
1,12267,198
1,12268,180
1,12269,77
1,12270,57
1,12271,204
1,12272,109
1,12273,109
1,12274,96
1,12275,154
1,12276,154
1,12277,96
1,12278,51
1,12279,199
1,12280,128
1,12281,51
1,12282,166
1,12283,122
1,12284,819
1,12285,109
1,12286,-204
1,12287,134
1,12288,122
1,12289,180
1,12290,109
1,12291,83
1,12292,134
1,12293,77
1,12294,90
1,12295,172
1,12296,172
1,12297,787
1,12298,237
1,12299,832
1,12300,212
1,12301,103
1,12302,109
1,12303,64
1,12304,109
1,12305,32
1,12306,70
1,12307,83
1,12308,116
1,12309,32
1,12310,25
1,12311,128
1,12312,77
1,12313,89
1,12314,32
1,12315,160
1,12316,135
1,12317,96
1,12318,122
1,12319,-26
1,12320,153
1,12321,25
1,12322,25
1,12323,109
1,12324,45
1,12325,301
1,12326,128
1,12327,109
1,12328,83
1,12329,109
1,12330,166
1,12331,173
1,12332,90
1,12333,39
1,12334,135
1,12335,-301
1,12336,160
1,12337,64
1,12338,84
1,12339,64
1,12340,128
1,12341,-51
1,12342,154
1,12343,96
1,12344,102
1,12345,64
1,12346,77
1,12347,154
1,12348,19
1,12349,134
1,12350,103
1,12351,314
1,12352,103
1,12353,-26
1,12354,141
1,12355,173
1,12356,166
1,12357,109
1,12358,167
1,12359,122
1,12360,128
1,12361,57
1,12362,121
1,12363,64
1,12364,128
1,12365,57
1,12366,83
1,12367,-70
1,12368,45
1,12369,147
1,12370,77
1,12371,115
1,12372,166
1,12373,109
1,12374,64
1,12375,166
1,12376,121
1,12377,64
1,12378,64
1,12379,-45
1,12380,128
1,12381,90
1,12382,300
1,12383,153
1,12384,-38
1,12385,128
1,12386,192
1,12387,109
1,12388,122
1,12389,71
1,12390,32
1,12391,160
1,12392,141
1,12393,52
1,12394,115
1,12395,77
1,12396,141
1,12397,45
1,12398,71
1,12399,166
1,12400,-19
1,12401,64
1,12402,147
1,12403,160
1,12404,358
1,12405,115
1,12406,147
1,12407,166
1,12408,179
1,12409,64
1,12410,167
1,12411,-39
1,12412,217
1,12413,77
1,12414,77
1,12415,96
1,12416,160
1,12417,90
1,12418,19
1,12419,89
1,12420,-672
1,12421,64
1,12422,160
1,12423,77
1,12424,166
1,12425,77
1,12426,-45
1,12427,153
1,12428,115
1,12429,77
1,12430,115
1,12431,122
1,12432,154
1,12433,58
1,12434,64
1,12435,109
1,12436,128
1,12437,57
1,12438,96
1,12439,103
1,12440,154
1,12441,103
1,12442,102
1,12443,173
1,12444,58
1,12445,26
1,12446,64
1,12447,397
1,12448,115
1,12449,51
1,12450,45
1,12451,83
1,12452,102
1,12453,70
1,12454,51
1,12455,121
1,12456,160
1,12457,115
1,12458,371
1,12459,211
1,12460,135
1,12461,96
1,12462,199
1,12463,141
1,12464,160
1,12465,51
1,12466,147
1,12467,121
1,12468,147
1,12469,52
1,12470,115
1,12471,116
1,12472,115
1,12473,122
1,12474,128
1,12475,231
1,12476,154
1,12477,45
1,12478,51
1,12479,121
1,12480,57
1,12481,103
1,12482,115
1,12483,211
1,12484,211
1,12485,90
1,12486,64
1,12487,153
1,12488,83
1,12489,115
1,12490,64
1,12491,103
1,12492,122
1,12493,26
1,12494,77
1,12495,77
1,12496,58
1,12497,96
1,12498,83
1,12499,262
1,12500,160
1,12501,84
1,12502,32
1,12503,154
1,12504,128
1,12505,-653
1,12506,135
1,12507,83
1,12508,173
1,12509,51
1,12510,153
1,12511,192
1,12512,115
1,12513,102
1,12514,89
1,12515,167
1,12516,217
1,12517,83
1,12518,102
1,12519,128
1,12520,378
1,12521,58
1,12522,365
1,12523,109
1,12524,83
1,12525,57
1,12526,70
1,12527,167
1,12528,173
1,12529,134
1,12530,122
1,12531,160
1,12532,377
1,12533,64
1,12534,109
1,12535,121
1,12536,109
1,12537,38
1,12538,140
1,12539,115
1,12540,743
1,12541,70
1,12542,26
1,12543,96
1,12544,76
1,12545,96
1,12546,89
1,12547,77
1,12548,-32
1,12549,45
1,12550,70
1,12551,109
1,12552,166
1,12553,109
1,12554,787
1,12555,115
1,12556,212
1,12557,122
1,12558,64
1,12559,128
1,12560,147
1,12561,38
1,12562,71
1,12563,121
1,12564,186
1,12565,51
1,12566,102
1,12567,160
1,12568,173
1,12569,115
1,12570,109
1,12571,84
1,12572,153
1,12573,96
1,12574,108
1,12575,109
1,12576,147
1,12577,45
1,12578,96
1,12579,192
1,12580,58
1,12581,51
1,12582,38
1,12583,109
1,12584,121
1,12585,57
1,12586,192
1,12587,166
1,12588,134
1,12589,64
1,12590,-537
1,12591,166
1,12592,167
1,12593,51
1,12594,83
1,12595,-39
1,12596,134
1,12597,77
1,12598,269
1,12599,166
1,12600,76
1,12601,96
1,12602,153
1,12603,141
1,12604,115
1,12605,96
1,12606,147
1,12607,96
1,12608,103
1,12609,121
1,12610,122
1,12611,83
1,12612,179
1,12613,58
1,12614,109
1,12615,140
1,12616,172
1,12617,71
1,12618,13
1,12619,141
1,12620,39
1,12621,109
1,12622,32
1,12623,90
1,12624,372
1,12625,102
1,12626,51
1,12627,109
1,12628,71
1,12629,96
1,12630,301
1,12631,172
1,12632,186
1,12633,-32
1,12634,167
1,12635,160
1,12636,115
1,12637,96
1,12638,77
1,12639,76
1,12640,154
1,12641,89
1,12642,301
1,12643,192
1,12644,186
1,12645,64
1,12646,115
1,12647,192
1,12648,70
1,12649,26
1,12650,160
1,12651,71
1,12652,109
1,12653,51
1,12654,147
1,12655,154
1,12656,153
1,12657,32
1,12658,147
1,12659,96
1,12660,141
1,12661,103
1,12662,122
1,12663,192
1,12664,115
1,12665,32
1,12666,77
1,12667,77
1,12668,96
1,12669,45
1,12670,115
1,12671,109
1,12672,135
1,12673,96
1,12674,64
1,12675,122
1,12676,-435
1,12677,397
1,12678,192
1,12679,121
1,12680,51
1,12681,109
1,12682,121
1,12683,173
1,12684,192
1,12685,90
1,12686,77
1,12687,141
1,12688,58
1,12689,-39
1,12690,173
1,12691,121
1,12692,102
1,12693,358
1,12694,32
1,12695,167
1,12696,153
1,12697,96
1,12698,186
1,12699,192
1,12700,167
1,12701,109
1,12702,192
1,12703,141
1,12704,153
1,12705,19
1,12706,64
1,12707,102
1,12708,121
1,12709,58
1,12710,103
1,12711,148
1,12712,128
1,12713,115
1,12714,76
1,12715,211
1,12716,83
1,12717,102
1,12718,77
1,12719,301
1,12720,205
1,12721,64
1,12722,154
1,12723,122
1,12724,153
1,12725,58
1,12726,115
1,12727,121
1,12728,64
1,12729,102
1,12730,115
1,12731,167
1,12732,173
1,12733,51
1,12734,109
1,12735,39
1,12736,147
1,12737,160
1,12738,397
1,12739,128
1,12740,115
1,12741,135
1,12742,122
1,12743,76
1,12744,109
1,12745,71
1,12746,166
1,12747,122
1,12748,83
1,12749,57
1,12750,26
1,12751,108
1,12752,108
1,12753,96
1,12754,71
1,12755,166
1,12756,96
1,12757,32
1,12758,71
1,12759,102
1,12760,70
1,12761,-601
1,12762,58
1,12763,-57
1,12764,128
1,12765,70
1,12766,26
1,12767,160
1,12768,108
1,12769,45
1,12770,70
1,12771,102
1,12772,70
1,12773,58
1,12774,77
1,12775,71
1,12776,76
1,12777,102
1,12778,115
1,12779,-44
1,12780,186
1,12781,148
1,12782,51
1,12783,173
1,12784,71
1,12785,147
1,12786,77
1,12787,109
1,12788,166
1,12789,83
1,12790,166
1,12791,134
1,12792,109
1,12793,71
1,12794,71
1,12795,25
1,12796,806
1,12797,51
1,12798,52
1,12799,77
1,12800,77
1,12801,410
1,12802,44
1,12803,103
1,12804,38
1,12805,89
1,12806,109
1,12807,77
1,12808,77
1,12809,807
1,12810,89
1,12811,787
1,12812,83
1,12813,109
1,12814,77
1,12815,397
1,12816,128
1,12817,19
1,12818,19
1,12819,45
1,12820,77
1,12821,198
1,12822,71
1,12823,83
1,12824,70
1,12825,57
1,12826,256
1,12827,71
1,12828,128
1,12829,116
1,12830,102
1,12831,141
1,12832,160
1,12833,83
1,12834,51
1,12835,128
1,12836,141
1,12837,64
1,12838,153
1,12839,32
1,12840,102
1,12841,186
1,12842,160
1,12843,-45
1,12844,89
1,12845,-531
1,12846,64
1,12847,102
1,12848,-45
1,12849,39
1,12850,13
1,12851,25
1,12852,90
1,12853,102
1,12854,76
1,12855,77
1,12856,128
1,12857,51
1,12858,71
1,12859,115
1,12860,109
1,12861,77
1,12862,115
1,12863,166
1,12864,77
1,12865,166
1,12866,64
1,12867,39
1,12868,154
1,12869,96
1,12870,96
1,12871,148
1,12872,134
1,12873,122
1,12874,102
1,12875,64
1,12876,38
1,12877,57
1,12878,51
1,12879,51
1,12880,173
1,12881,141
1,12882,186
1,12883,179
1,12884,134
1,12885,121
1,12886,121
1,12887,58
1,12888,211
1,12889,90
1,12890,58
1,12891,38
1,12892,71
1,12893,57
1,12894,57
1,12895,26
1,12896,141
1,12897,-38
1,12898,135
1,12899,64
1,12900,76
1,12901,57
1,12902,58
1,12903,121
1,12904,83
1,12905,52
1,12906,32
1,12907,64
1,12908,45
1,12909,102
1,12910,45
1,12911,70
1,12912,52
1,12913,153
1,12914,64
1,12915,70
1,12916,148
1,12917,77
1,12918,76
1,12919,70
1,12920,153
1,12921,263
1,12922,19
1,12923,26
1,12924,116
1,12925,96
1,12926,77
1,12927,64
1,12928,173
1,12929,-52
1,12930,77
1,12931,-339
1,12932,121
1,12933,96
1,12934,192
1,12935,25
1,12936,71
1,12937,102
1,12938,109
1,12939,102
1,12940,154
1,12941,90
1,12942,-45
1,12943,32
1,12944,147
1,12945,96
1,12946,205
1,12947,19
1,12948,39
1,12949,96
1,12950,51
1,12951,58
1,12952,77
1,12953,96
1,12954,109
1,12955,115
1,12956,173
1,12957,70
1,12958,128
1,12959,90
1,12960,64
1,12961,84
1,12962,25
1,12963,19
1,12964,58
1,12965,64
1,12966,102
1,12967,262
1,12968,102
1,12969,288
1,12970,-44
1,12971,166
1,12972,173
1,12973,339
1,12974,51
1,12975,71
1,12976,141
1,12977,153
1,12978,19
1,12979,32
1,12980,57
1,12981,58
1,12982,45
1,12983,115
1,12984,-45
1,12985,64
1,12986,211
1,12987,135
1,12988,160
1,12989,160
1,12990,19
1,12991,109
1,12992,102
1,12993,96
1,12994,32
1,12995,108
1,12996,224
1,12997,52
1,12998,83
1,12999,135
1,13000,57
1,13001,58
1,13002,26
1,13003,102
1,13004,71
1,13005,121
1,13006,77
1,13007,25
1,13008,77
1,13009,153
1,13010,103
1,13011,109
1,13012,116
1,13013,58
1,13014,70
1,13015,45
1,13016,-410
1,13017,90
1,13018,205
1,13019,89
1,13020,109
1,13021,90
1,13022,64
1,13023,77
1,13024,25
1,13025,58
1,13026,-172
1,13027,122
1,13028,-45
1,13029,64
1,13030,71
1,13031,243
1,13032,160
1,13033,64
1,13034,70
1,13035,64
1,13036,57
1,13037,51
1,13038,58
1,13039,45
1,13040,64
1,13041,154
1,13042,211
1,13043,102
1,13044,122
1,13045,122
1,13046,57
1,13047,45
1,13048,135
1,13049,83
1,13050,96
1,13051,26
1,13052,1056
1,13053,173
1,13054,26
1,13055,83
1,13056,77
1,13057,160
1,13058,51
1,13059,122
1,13060,45
1,13061,116
1,13062,160
1,13063,52
1,13064,116
1,13065,70
1,13066,800
1,13067,83
1,13068,128
1,13069,115
1,13070,154
1,13071,109
1,13072,134
1,13073,332
1,13074,96
1,13075,32
1,13076,83
1,13077,128
1,13078,339
1,13079,359
1,13080,70
1,13081,58
1,13082,58
1,13083,64
1,13084,160
1,13085,109
1,13086,102
1,13087,77
1,13088,115
1,13089,58
1,13090,326
1,13091,122
1,13092,70
1,13093,89
1,13094,58
1,13095,70
1,13096,64
1,13097,141
1,13098,57
1,13099,103
1,13100,211
1,13101,-839
1,13102,39
1,13103,96
1,13104,224
1,13105,64
1,13106,358
1,13107,-26
1,13108,173
1,13109,-32
1,13110,51
1,13111,19
1,13112,121
1,13113,160
1,13114,134
1,13115,173
1,13116,128
1,13117,51
1,13118,71
1,13119,160
1,13120,-128
1,13121,397
1,13122,154
1,13123,51
1,13124,128
1,13125,103
1,13126,-26
1,13127,70
1,13128,147
1,13129,71
1,13130,160
1,13131,89
1,13132,89
1,13133,51
1,13134,109
1,13135,167
1,13136,147
1,13137,160
1,13138,128
1,13139,103
1,13140,128
1,13141,320
1,13142,83
1,13143,109
1,13144,147
1,13145,71
1,13146,51
1,13147,58
1,13148,39
1,13149,147
1,13150,77
1,13151,70
1,13152,39
1,13153,148
1,13154,-32
1,13155,173
1,13156,237
1,13157,109
1,13158,-134
1,13159,77
1,13160,211
1,13161,25
1,13162,19
1,13163,51
1,13164,358
1,13165,83
1,13166,115
1,13167,19
1,13168,294
1,13169,44
1,13170,51
1,13171,153
1,13172,122
1,13173,173
1,13174,77
1,13175,19
1,13176,109
1,13177,51
1,13178,32
1,13179,32
1,13180,166
1,13181,64
1,13182,26
1,13183,58
1,13184,103
1,13185,359
1,13186,32
1,13187,-442
1,13188,109
1,13189,45
1,13190,108
1,13191,70
1,13192,57
1,13193,186
1,13194,103
1,13195,70
1,13196,116
1,13197,256
1,13198,218
1,13199,64
1,13200,109
1,13201,32
1,13202,25
1,13203,32
1,13204,122
1,13205,26
1,13206,64
1,13207,25
1,13208,45
1,13209,38
1,13210,64
1,13211,64
1,13212,121
1,13213,64
1,13214,103
1,13215,141
1,13216,83
1,13217,58
1,13218,141
1,13219,64
1,13220,64
1,13221,58
1,13222,58
1,13223,32
1,13224,205
1,13225,160
1,13226,102
1,13227,96
1,13228,71
1,13229,147
1,13230,32
1,13231,-38
1,13232,116
1,13233,57
1,13234,26
1,13235,64
1,13236,148
1,13237,64
1,13238,90
1,13239,19
1,13240,108
1,13241,71
1,13242,103
1,13243,70
1,13244,96
1,13245,57
1,13246,128
1,13247,102
1,13248,76
1,13249,185
1,13250,84
1,13251,109
1,13252,58
1,13253,57
1,13254,90
1,13255,64
1,13256,154
1,13257,109
1,13258,76
1,13259,32
1,13260,102
1,13261,71
1,13262,115
1,13263,205
1,13264,390
1,13265,141
1,13266,108
1,13267,77
1,13268,57
1,13269,45
1,13270,96
1,13271,173
1,13272,-550
1,13273,-52
1,13274,147
1,13275,371
1,13276,77
1,13277,58
1,13278,32
1,13279,211
1,13280,83
1,13281,90
1,13282,115
1,13283,77
1,13284,77
1,13285,45
1,13286,90
1,13287,153
1,13288,115
1,13289,26
1,13290,51
1,13291,70
1,13292,109
1,13293,45
1,13294,32
1,13295,64
1,13296,230
1,13297,57
1,13298,51
1,13299,115
1,13300,167
1,13301,83
1,13302,32
1,13303,32
1,13304,57
1,13305,57
1,13306,116
1,13307,153
1,13308,813
1,13309,-77
1,13310,51
1,13311,38
1,13312,70
1,13313,71
1,13314,51
1,13315,-25
1,13316,38
1,13317,96
1,13318,217
1,13319,45
1,13320,109
1,13321,780
1,13322,166
1,13323,435
1,13324,108
1,13325,109
1,13326,172
1,13327,45
1,13328,167
1,13329,51
1,13330,25
1,13331,32
1,13332,25
1,13333,51
1,13334,44
1,13335,38
1,13336,70
1,13337,45
1,13338,103
1,13339,134
1,13340,141
1,13341,102
1,13342,64
1,13343,109
1,13344,160
1,13345,71
1,13346,26
1,13347,57
1,13348,122
1,13349,51
1,13350,70
1,13351,64
1,13352,237
1,13353,26
1,13354,64
1,13355,64
1,13356,70
1,13357,-474
1,13358,96
1,13359,-25
1,13360,154
1,13361,45
1,13362,26
1,13363,51
1,13364,275
1,13365,77
1,13366,32
1,13367,224
1,13368,-32
1,13369,58
1,13370,90
1,13371,109
1,13372,90
1,13373,90
1,13374,135
1,13375,108
1,13376,103
1,13377,205
1,13378,83
1,13379,115
1,13380,121
1,13381,71
1,13382,58
1,13383,64
1,13384,45
1,13385,57
1,13386,58
1,13387,71
1,13388,122
1,13389,96
1,13390,25
1,13391,77
1,13392,51
1,13393,64
1,13394,64
1,13395,76
1,13396,166
1,13397,52
1,13398,109
1,13399,64
1,13400,365
1,13401,-32
1,13402,83
1,13403,19
1,13404,57
1,13405,57
1,13406,102
1,13407,64
1,13408,77
1,13409,153
1,13410,51
1,13411,128
1,13412,371
1,13413,51
1,13414,115
1,13415,166
1,13416,128
1,13417,32
1,13418,45
1,13419,109
1,13420,115
1,13421,263
1,13422,32
1,13423,64
1,13424,77
1,13425,160
1,13426,77
1,13427,198
1,13428,141
1,13429,58
1,13430,103
1,13431,109
1,13432,173
1,13433,32
1,13434,70
1,13435,57
1,13436,128
1,13437,44
1,13438,71
1,13439,64
1,13440,173
1,13441,180
1,13442,275
1,13443,-640
1,13444,121
1,13445,38
1,13446,141
1,13447,77
1,13448,141
1,13449,-58
1,13450,217
1,13451,262
1,13452,122
1,13453,32
1,13454,64
1,13455,45
1,13456,115
1,13457,70
1,13458,26
1,13459,64
1,13460,26
1,13461,25
1,13462,166
1,13463,231
1,13464,77
1,13465,51
1,13466,52
1,13467,103
1,13468,77
1,13469,70
1,13470,70
1,13471,64
1,13472,115
1,13473,70
1,13474,140
1,13475,77
1,13476,166
1,13477,64
1,13478,64
1,13479,90
1,13480,141
1,13481,128
1,13482,160
1,13483,109
1,13484,173
1,13485,121
1,13486,96
1,13487,166
1,13488,134
1,13489,64
1,13490,52
1,13491,58
1,13492,64
1,13493,32
1,13494,327
1,13495,13
1,13496,83
1,13497,-39
1,13498,128
1,13499,192
1,13500,103
1,13501,71
1,13502,51
1,13503,83
1,13504,115
1,13505,45
1,13506,90
1,13507,19
1,13508,218
1,13509,64
1,13510,77
1,13511,122
1,13512,102
1,13513,96
1,13514,51
1,13515,71
1,13516,403
1,13517,32
1,13518,52
1,13519,51
1,13520,57
1,13521,102
1,13522,77
1,13523,32
1,13524,70
1,13525,58
1,13526,51
1,13527,71
1,13528,-467
1,13529,64
1,13530,76
1,13531,103
1,13532,89
1,13533,39
1,13534,26
1,13535,20
1,13536,83
1,13537,109
1,13538,121
1,13539,147
1,13540,160
1,13541,77
1,13542,179
1,13543,70
1,13544,109
1,13545,58
1,13546,70
1,13547,26
1,13548,115
1,13549,64
1,13550,90
1,13551,70
1,13552,45
1,13553,122
1,13554,204
1,13555,116
1,13556,64
1,13557,116
1,13558,115
1,13559,122
1,13560,166
1,13561,102
1,13562,-13
1,13563,70
1,13564,724
1,13565,57
1,13566,51
1,13567,57
1,13568,70
1,13569,173
1,13570,19
1,13571,58
1,13572,38
1,13573,300
1,13574,58
1,13575,32
1,13576,51
1,13577,64
1,13578,800
1,13579,103
1,13580,121
1,13581,109
1,13582,58
1,13583,96
1,13584,186
1,13585,103
1,13586,108
1,13587,26
1,13588,102
1,13589,70
1,13590,90
1,13591,45
1,13592,77
1,13593,71
1,13594,102
1,13595,160
1,13596,77
1,13597,-58
1,13598,102
1,13599,51
1,13600,64
1,13601,71
1,13602,122
1,13603,64
1,13604,71
1,13605,231
1,13606,102
1,13607,83
1,13608,57
1,13609,64
1,13610,64
1,13611,77
1,13612,192
1,13613,-467
1,13614,147
1,13615,128
1,13616,384
1,13617,58
1,13618,58
1,13619,109
1,13620,115
1,13621,134
1,13622,45
1,13623,64
1,13624,115
1,13625,166
1,13626,52
1,13627,70
1,13628,-51
1,13629,51
1,13630,109
1,13631,160
1,13632,128
1,13633,397
1,13634,64
1,13635,45
1,13636,77
1,13637,103
1,13638,135
1,13639,70
1,13640,115
1,13641,26
1,13642,20
1,13643,64
1,13644,-38
1,13645,108
1,13646,32
1,13647,262
1,13648,115
1,13649,58
1,13650,237
1,13651,32
1,13652,71
1,13653,70
1,13654,109
1,13655,70
1,13656,122
1,13657,45
1,13658,64
1,13659,51
1,13660,64
1,13661,45
1,13662,96
1,13663,51
1,13664,77
1,13665,90
1,13666,52
1,13667,102
1,13668,147
1,13669,58
1,13670,-45
1,13671,77
1,13672,116
1,13673,64
1,13674,32
1,13675,70
1,13676,192
1,13677,26
1,13678,83
1,13679,70
1,13680,121
1,13681,102
1,13682,58
1,13683,115
1,13684,122
1,13685,154
1,13686,103
1,13687,128
1,13688,172
1,13689,51
1,13690,339
1,13691,365
1,13692,64
1,13693,58
1,13694,128
1,13695,122
1,13696,109
1,13697,141
1,13698,32
1,13699,-608
1,13700,25
1,13701,52
1,13702,58
1,13703,89
1,13704,90
1,13705,89
1,13706,122
1,13707,115
1,13708,153
1,13709,109
1,13710,115
1,13711,102
1,13712,77
1,13713,90
1,13714,64
1,13715,96
1,13716,77
1,13717,51
1,13718,109
1,13719,64
1,13720,102
1,13721,160
1,13722,147
1,13723,154
1,13724,166
1,13725,-32
1,13726,128
1,13727,71
1,13728,109
1,13729,-7
1,13730,20
1,13731,64
1,13732,77
1,13733,19
1,13734,51
1,13735,64
1,13736,115
1,13737,109
1,13738,103
1,13739,122
1,13740,38
1,13741,90
1,13742,64
1,13743,77
1,13744,76
1,13745,51
1,13746,96
1,13747,25
1,13748,147
1,13749,57
1,13750,64
1,13751,58
1,13752,-45
1,13753,77
1,13754,-25
1,13755,115
1,13756,122
1,13757,58
1,13758,256
1,13759,70
1,13760,116
1,13761,102
1,13762,115
1,13763,25
1,13764,58
1,13765,115
1,13766,102
1,13767,83
1,13768,64
1,13769,179
1,13770,109
1,13771,71
1,13772,358
1,13773,38
1,13774,147
1,13775,64
1,13776,64
1,13777,147
1,13778,19
1,13779,58
1,13780,109
1,13781,51
1,13782,-205
1,13783,57
1,13784,-519
1,13785,103
1,13786,115
1,13787,160
1,13788,109
1,13789,148
1,13790,57
1,13791,51
1,13792,141
1,13793,102
1,13794,64
1,13795,45
1,13796,90
1,13797,52
1,13798,51
1,13799,51
1,13800,102
1,13801,108
1,13802,135
1,13803,89
1,13804,199
1,13805,-20
1,13806,128
1,13807,77
1,13808,237
1,13809,109
1,13810,83
1,13811,25
1,13812,109
1,13813,64
1,13814,64
1,13815,109
1,13816,269
1,13817,76
1,13818,358
1,13819,25
1,13820,807
1,13821,89
1,13822,-275
1,13823,96
1,13824,128
1,13825,-39
1,13826,32
1,13827,83
1,13828,115
1,13829,45
1,13830,108
1,13831,44
1,13832,45
1,13833,813
1,13834,103
1,13835,781
1,13836,141
1,13837,96
1,13838,77
1,13839,64
1,13840,199
1,13841,52
1,13842,25
1,13843,19
1,13844,76
1,13845,51
1,13846,32
1,13847,109
1,13848,64
1,13849,83
1,13850,-26
1,13851,58
1,13852,108
1,13853,249
1,13854,19
1,13855,116
1,13856,167
1,13857,109
1,13858,64
1,13859,51
1,13860,38
1,13861,90
1,13862,96
1,13863,243
1,13864,58
1,13865,52
1,13866,26
1,13867,58
1,13868,96
1,13869,-436
1,13870,128
1,13871,64
1,13872,153
1,13873,45
1,13874,57
1,13875,57
1,13876,108
1,13877,64
1,13878,109
1,13879,51
1,13880,-32
1,13881,160
1,13882,102
1,13883,70
1,13884,115
1,13885,-26
1,13886,186
1,13887,115
1,13888,166
1,13889,166
1,13890,211
1,13891,134
1,13892,115
1,13893,109
1,13894,307
1,13895,70
1,13896,32
1,13897,51
1,13898,70
1,13899,154
1,13900,173
1,13901,147
1,13902,64
1,13903,102
1,13904,109
1,13905,71
1,13906,179
1,13907,122
1,13908,243
1,13909,147
1,13910,103
1,13911,211
1,13912,148
1,13913,116
1,13914,77
1,13915,70
1,13916,115
1,13917,160
1,13918,128
1,13919,76
1,13920,122
1,13921,135
1,13922,26
1,13923,109
1,13924,167
1,13925,166
1,13926,57
1,13927,115
1,13928,147
1,13929,45
1,13930,32
1,13931,19
1,13932,90
1,13933,64
1,13934,25
1,13935,83
1,13936,51
1,13937,103
1,13938,109
1,13939,76
1,13940,115
1,13941,128
1,13942,83
1,13943,-45
1,13944,122
1,13945,77
1,13946,26
1,13947,102
1,13948,134
1,13949,52
1,13950,51
1,13951,102
1,13952,38
1,13953,71
1,13954,-122
1,13955,19
1,13956,32
1,13957,58
1,13958,57
1,13959,57
1,13960,173
1,13961,160
1,13962,173
1,13963,115
1,13964,58
1,13965,-134
1,13966,109
1,13967,51
1,13968,116
1,13969,20
1,13970,58
1,13971,109
1,13972,84
1,13973,96
1,13974,320
1,13975,64
1,13976,90
1,13977,83
1,13978,102
1,13979,128
1,13980,96
1,13981,102
1,13982,199
1,13983,115
1,13984,141
1,13985,39
1,13986,51
1,13987,57
1,13988,64
1,13989,160
1,13990,64
1,13991,122
1,13992,64
1,13993,128
1,13994,83
1,13995,64
1,13996,358
1,13997,51
1,13998,141
1,13999,25
1,14000,224
1,14001,249
1,14002,13
1,14003,-32
1,14004,83
1,14005,76
1,14006,147
1,14007,96
1,14008,121
1,14009,154
1,14010,185
1,14011,45
1,14012,141
1,14013,122
1,14014,147
1,14015,134
1,14016,192
1,14017,212
1,14018,346
1,14019,167
1,14020,218
1,14021,166
1,14022,154
1,14023,58
1,14024,166
1,14025,96
1,14026,134
1,14027,26
1,14028,371
1,14029,57
1,14030,102
1,14031,44
1,14032,96
1,14033,256
1,14034,172
1,14035,-45
1,14036,192
1,14037,186
1,14038,160
1,14039,70
1,14040,-358
1,14041,128
1,14042,71
1,14043,116
1,14044,167
1,14045,83
1,14046,160
1,14047,147
1,14048,96
1,14049,96
1,14050,77
1,14051,147
1,14052,154
1,14053,160
1,14054,122
1,14055,58
1,14056,153
1,14057,108
1,14058,77
1,14059,19
1,14060,77
1,14061,147
1,14062,32
1,14063,57
1,14064,154
1,14065,109
1,14066,224
1,14067,70
1,14068,141
1,14069,109
1,14070,108
1,14071,57
1,14072,77
1,14073,160
1,14074,160
1,14075,70
1,14076,813
1,14077,-6
1,14078,32
1,14079,70
1,14080,71
1,14081,-57
1,14082,90
1,14083,96
1,14084,122
1,14085,96
1,14086,-39
1,14087,32
1,14088,122
1,14089,141
1,14090,768
1,14091,57
1,14092,166
1,14093,96
1,14094,64
1,14095,58
1,14096,173
1,14097,154
1,14098,64
1,14099,96
1,14100,134
1,14101,58
1,14102,108
1,14103,51
1,14104,199
1,14105,64
1,14106,109
1,14107,256
1,14108,39
1,14109,44
1,14110,339
1,14111,70
1,14112,103
1,14113,45
1,14114,19
1,14115,32
1,14116,32
1,14117,57
1,14118,116
1,14119,26
1,14120,77
1,14121,141
1,14122,83
1,14123,77
1,14124,153
1,14125,-416
1,14126,128
1,14127,166
1,14128,103
1,14129,45
1,14130,51
1,14131,147
1,14132,109
1,14133,58
1,14134,83
1,14135,64
1,14136,64
1,14137,109
1,14138,128
1,14139,26
1,14140,217
1,14141,109
1,14142,96
1,14143,109
1,14144,128
1,14145,185
1,14146,96
1,14147,-45
1,14148,96
1,14149,57
1,14150,64
1,14151,147
1,14152,167
1,14153,38
1,14154,45
1,14155,64
1,14156,70
1,14157,115
1,14158,147
1,14159,32
1,14160,166
1,14161,135
1,14162,141
1,14163,45
1,14164,108
1,14165,115
1,14166,102
1,14167,154
1,14168,64
1,14169,103
1,14170,51
1,14171,-19
1,14172,167
1,14173,109
1,14174,103
1,14175,-45
1,14176,64
1,14177,128
1,14178,96
1,14179,58
1,14180,115
1,14181,83
1,14182,153
1,14183,109
1,14184,179
1,14185,96
1,14186,32
1,14187,116
1,14188,102
1,14189,45
1,14190,45
1,14191,115
1,14192,58
1,14193,108
1,14194,25
1,14195,83
1,14196,154
1,14197,-38
1,14198,71
1,14199,83
1,14200,166
1,14201,147
1,14202,-26
1,14203,-32
1,14204,108
1,14205,64
1,14206,64
1,14207,70
1,14208,45
1,14209,135
1,14210,-422
1,14211,19
1,14212,71
1,14213,64
1,14214,19
1,14215,-26
1,14216,416
1,14217,218
1,14218,51
1,14219,121
1,14220,121
1,14221,96
1,14222,77
1,14223,64
1,14224,115
1,14225,32
1,14226,39
1,14227,-32
1,14228,-44
1,14229,166
1,14230,109
1,14231,64
1,14232,38
1,14233,166
1,14234,64
1,14235,147
1,14236,205
1,14237,121
1,14238,102
1,14239,51
1,14240,108
1,14241,102
1,14242,77
1,14243,64
1,14244,57
1,14245,71
1,14246,70
1,14247,64
1,14248,-32
1,14249,179
1,14250,121
1,14251,51
1,14252,64
1,14253,83
1,14254,77
1,14255,172
1,14256,147
1,14257,77
1,14258,19
1,14259,84
1,14260,211
1,14261,51
1,14262,64
1,14263,25
1,14264,116
1,14265,186
1,14266,96
1,14267,71
1,14268,141
1,14269,109
1,14270,52
1,14271,25
1,14272,128
1,14273,96
1,14274,58
1,14275,70
1,14276,57
1,14277,103
1,14278,103
1,14279,38
1,14280,-45
1,14281,115
1,14282,32
1,14283,64
1,14284,128
1,14285,102
1,14286,64
1,14287,116
1,14288,128
1,14289,90
1,14290,51
1,14291,103
1,14292,-45
1,14293,77
1,14294,32
1,14295,39
1,14296,-371
1,14297,51
1,14298,52
1,14299,70
1,14300,57
1,14301,135
1,14302,32
1,14303,135
1,14304,166
1,14305,90
1,14306,115
1,14307,-64
1,14308,180
1,14309,109
1,14310,64
1,14311,166
1,14312,109
1,14313,109
1,14314,102
1,14315,115
1,14316,185
1,14317,218
1,14318,108
1,14319,70
1,14320,76
1,14321,26
1,14322,115
1,14323,116
1,14324,160
1,14325,199
1,14326,141
1,14327,64
1,14328,154
1,14329,192
1,14330,38
1,14331,71
1,14332,813
1,14333,167
1,14334,-314
1,14335,77
1,14336,64
1,14337,76
1,14338,96
1,14339,108
1,14340,58
1,14341,96
1,14342,96
1,14343,96
1,14344,64
1,14345,793
1,14346,71
1,14347,775
1,14348,115
1,14349,70
1,14350,217
1,14351,32
1,14352,70
1,14353,52
1,14354,25
1,14355,70
1,14356,147
1,14357,52
1,14358,115
1,14359,108
1,14360,109
1,14361,-38
1,14362,128
1,14363,109
1,14364,128
1,14365,51
1,14366,32
1,14367,77
1,14368,109
1,14369,38
1,14370,45
1,14371,32
1,14372,122
1,14373,83
1,14374,115
1,14375,-64
1,14376,45
1,14377,148
1,14378,64
1,14379,115
1,14380,167
1,14381,-423
1,14382,83
1,14383,76
1,14384,390
1,14385,51
1,14386,57
1,14387,102
1,14388,71
1,14389,58
1,14390,96
1,14391,102
1,14392,70
1,14393,96
1,14394,51
1,14395,70
1,14396,-243
1,14397,327
1,14398,128
1,14399,58
1,14400,70
1,14401,167
1,14402,64
1,14403,-64
1,14404,83
1,14405,58
1,14406,51
1,14407,103
1,14408,211
1,14409,71
1,14410,96
1,14411,108
1,14412,58
1,14413,102
1,14414,83
1,14415,77
1,14416,371
1,14417,377
1,14418,64
1,14419,109
1,14420,121
1,14421,51
1,14422,70
1,14423,64
1,14424,83
1,14425,45
1,14426,26
1,14427,26
1,14428,192
1,14429,25
1,14430,64
1,14431,26
1,14432,167
1,14433,64
1,14434,115
1,14435,108
1,14436,198
1,14437,128
1,14438,44
1,14439,121
1,14440,153
1,14441,70
1,14442,122
1,14443,340
1,14444,211
1,14445,57
1,14446,83
1,14447,121
1,14448,109
1,14449,96
1,14450,90
1,14451,167
1,14452,186
1,14453,140
1,14454,115
1,14455,83
1,14456,103
1,14457,147
1,14458,83
1,14459,58
1,14460,378
1,14461,166
1,14462,45
1,14463,109
1,14464,77
1,14465,128
1,14466,-365
1,14467,45
1,14468,173
1,14469,90
1,14470,384
1,14471,103
1,14472,128
1,14473,90
1,14474,83
1,14475,352
1,14476,121
1,14477,45
1,14478,134
1,14479,115
1,14480,76
1,14481,192
1,14482,39
1,14483,57
1,14484,71
1,14485,51
1,14486,44
1,14487,71
1,14488,57
1,14489,64
1,14490,108
1,14491,147
1,14492,180
1,14493,84
1,14494,96
1,14495,71
1,14496,148
1,14497,26
1,14498,45
1,14499,51
1,14500,38
1,14501,90
1,14502,154
1,14503,96
1,14504,102
1,14505,64
1,14506,154
1,14507,109
1,14508,410
1,14509,122
1,14510,64
1,14511,51
1,14512,160
1,14513,58
1,14514,96
1,14515,109
1,14516,57
1,14517,51
1,14518,-45
1,14519,122
1,14520,121
1,14521,192
1,14522,109
1,14523,64
1,14524,147
1,14525,71
1,14526,39
1,14527,77
1,14528,102
1,14529,109
1,14530,-64
1,14531,167
1,14532,135
1,14533,166
1,14534,51
1,14535,109
1,14536,134
1,14537,103
1,14538,147
1,14539,121
1,14540,166
1,14541,51
1,14542,19
1,14543,57
1,14544,116
1,14545,109
1,14546,38
1,14547,160
1,14548,134
1,14549,45
1,14550,-32
1,14551,32
1,14552,-1005
1,14553,57
1,14554,45
1,14555,115
1,14556,160
1,14557,64
1,14558,90
1,14559,275
1,14560,96
1,14561,70
1,14562,109
1,14563,90
1,14564,167
1,14565,38
1,14566,71
1,14567,115
1,14568,147
1,14569,96
1,14570,77
1,14571,141
1,14572,160
1,14573,51
1,14574,57
1,14575,115
1,14576,115
1,14577,70
1,14578,173
1,14579,115
1,14580,160
1,14581,64
1,14582,121
1,14583,147
1,14584,71
1,14585,58
1,14586,57
1,14587,70
1,14588,813
1,14589,96
1,14590,13
1,14591,116
1,14592,77
1,14593,83
1,14594,-13
1,14595,89
1,14596,71
1,14597,76
1,14598,20
1,14599,102
1,14600,166
1,14601,102
1,14602,787
1,14603,301
1,14604,147
1,14605,116
1,14606,70
1,14607,166
1,14608,121
1,14609,83
1,14610,58
1,14611,51
1,14612,77
1,14613,-32
1,14614,-45
1,14615,141
1,14616,45
1,14617,96
1,14618,32
1,14619,122
1,14620,83
1,14621,96
1,14622,57
1,14623,77
1,14624,-45
1,14625,38
1,14626,32
1,14627,71
1,14628,116
1,14629,-7
1,14630,64
1,14631,102
1,14632,109
1,14633,109
1,14634,70
1,14635,103
1,14636,160
1,14637,-384
1,14638,52
1,14639,103
1,14640,108
1,14641,45
1,14642,32
1,14643,115
1,14644,58
1,14645,19
1,14646,51
1,14647,141
1,14648,192
1,14649,96
1,14650,102
1,14651,77
1,14652,90
1,14653,102
1,14654,403
1,14655,115
1,14656,122
1,14657,198
1,14658,115
1,14659,25
1,14660,167
1,14661,109
1,14662,71
1,14663,160
1,14664,153
1,14665,26
1,14666,-12
1,14667,45
1,14668,58
1,14669,58
1,14670,96
1,14671,-115
1,14672,122
1,14673,39
1,14674,70
1,14675,83
1,14676,314
1,14677,57
1,14678,96
1,14679,108
1,14680,141
1,14681,52
1,14682,51
1,14683,-32
1,14684,45
1,14685,71
1,14686,64
1,14687,115
1,14688,51
1,14689,51
1,14690,64
1,14691,83
1,14692,26
1,14693,147
1,14694,160
1,14695,71
1,14696,71
1,14697,64
1,14698,-57
1,14699,58
1,14700,64
1,14701,115
1,14702,26
1,14703,58
1,14704,147
1,14705,57
1,14706,103
1,14707,166
1,14708,134
1,14709,45
1,14710,57
1,14711,89
1,14712,167
1,14713,83
1,14714,96
1,14715,19
1,14716,103
1,14717,45
1,14718,-20
1,14719,154
1,14720,122
1,14721,102
1,14722,-614
1,14723,-64
1,14724,122
1,14725,38
1,14726,45
1,14727,96
1,14728,109
1,14729,115
1,14730,58
1,14731,122
1,14732,186
1,14733,-25
1,14734,64
1,14735,45
1,14736,116
1,14737,57
1,14738,71
1,14739,-45
1,14740,109
1,14741,58
1,14742,96
1,14743,332
1,14744,166
1,14745,103
1,14746,71
1,14747,128
1,14748,167
1,14749,58
1,14750,32
1,14751,90
1,14752,186
1,14753,19
1,14754,25
1,14755,70
1,14756,45
1,14757,51
1,14758,90
1,14759,96
1,14760,32
1,14761,121
1,14762,122
1,14763,64
1,14764,141
1,14765,108
1,14766,52
1,14767,102
1,14768,70
1,14769,109
1,14770,57
1,14771,109
1,14772,102
1,14773,26
1,14774,39
1,14775,102
1,14776,141
1,14777,115
1,14778,128
1,14779,147
1,14780,102
1,14781,378
1,14782,128
1,14783,128
1,14784,141
1,14785,83
1,14786,58
1,14787,70
1,14788,365
1,14789,45
1,14790,147
1,14791,90
1,14792,377
1,14793,96
1,14794,51
1,14795,64
1,14796,141
1,14797,96
1,14798,358
1,14799,83
1,14800,115
1,14801,64
1,14802,64
1,14803,109
1,14804,77
1,14805,76
1,14806,32
1,14807,102
1,14808,-390
1,14809,243
1,14810,58
1,14811,32
1,14812,-141
1,14813,109
1,14814,90
1,14815,83
1,14816,121
1,14817,38
1,14818,122
1,14819,70
1,14820,58
1,14821,51
1,14822,-25
1,14823,122
1,14824,58
1,14825,115
1,14826,64
1,14827,108
1,14828,134
1,14829,58
1,14830,70
1,14831,115
1,14832,173
1,14833,109
1,14834,70
1,14835,160
1,14836,64
1,14837,102
1,14838,83
1,14839,32
1,14840,121
1,14841,397
1,14842,51
1,14843,-211
1,14844,819
1,14845,275
1,14846,-205
1,14847,45
1,14848,109
1,14849,57
1,14850,39
1,14851,64
1,14852,115
1,14853,57
1,14854,-45
1,14855,109
1,14856,83
1,14857,794
1,14858,122
1,14859,787
1,14860,166
1,14861,-51
1,14862,109
1,14863,102
1,14864,38
1,14865,51
1,14866,58
1,14867,58
1,14868,64
1,14869,58
1,14870,70
1,14871,115
1,14872,122
1,14873,140
1,14874,109
1,14875,115
1,14876,77
1,14877,115
1,14878,64
1,14879,70
1,14880,115
1,14881,58
1,14882,19
1,14883,-32
1,14884,179
1,14885,39
1,14886,352
1,14887,58
1,14888,141
1,14889,134
1,14890,102
1,14891,64
1,14892,-422
1,14893,57
1,14894,128
1,14895,83
1,14896,128
1,14897,19
1,14898,26
1,14899,90
1,14900,26
1,14901,70
1,14902,96
1,14903,96
1,14904,103
1,14905,51
1,14906,64
1,14907,115
1,14908,108
1,14909,64
1,14910,77
1,14911,122
1,14912,96
1,14913,199
1,14914,109
1,14915,134
1,14916,71
1,14917,128
1,14918,185
1,14919,96
1,14920,102
1,14921,70
1,14922,57
1,14923,58
1,14924,58
1,14925,57
1,14926,64
1,14927,121
1,14928,96
1,14929,64
1,14930,205
1,14931,108
1,14932,96
1,14933,90
1,14934,77
1,14935,147
1,14936,121
1,14937,96
1,14938,84
1,14939,109
1,14940,-173
1,14941,39
1,14942,70
1,14943,64
1,14944,77
1,14945,134
1,14946,-51
1,14947,122
1,14948,64
1,14949,109
1,14950,71
1,14951,90
1,14952,115
1,14953,32
1,14954,71
1,14955,90
1,14956,96
1,14957,51
1,14958,71
1,14959,115
1,14960,-13
1,14961,128
1,14962,109
1,14963,166
1,14964,160
1,14965,58
1,14966,116
1,14967,64
1,14968,90
1,14969,70
1,14970,51
1,14971,57
1,14972,64
1,14973,71
1,14974,64
1,14975,83
1,14976,109
1,14977,-448
1,14978,103
1,14979,76
1,14980,109
1,14981,51
1,14982,45
1,14983,90
1,14984,218
1,14985,32
1,14986,64
1,14987,84
1,14988,160
1,14989,45
1,14990,51
1,14991,83
1,14992,166
1,14993,51
1,14994,140
1,14995,108
1,14996,90
1,14997,57
1,14998,25
1,14999,121
1,15000,38
1,15001,160
1,15002,108
1,15003,160
1,15004,212
1,15005,70
1,15006,147
1,15007,179
1,15008,89
1,15009,-26
1,15010,109
1,15011,64
1,15012,166
1,15013,51
1,15014,103
1,15015,90
1,15016,115
1,15017,102
1,15018,122
1,15019,96
1,15020,64
1,15021,45
1,15022,403
1,15023,64
1,15024,115
1,15025,32
1,15026,121
1,15027,26
1,15028,90
1,15029,32
1,15030,141
1,15031,102
1,15032,128
1,15033,83
1,15034,141
1,15035,71
1,15036,128
1,15037,160
1,15038,140
1,15039,109
1,15040,103
1,15041,103
1,15042,211
1,15043,122
1,15044,186
1,15045,-39
1,15046,109
1,15047,70
1,15048,141
1,15049,58
1,15050,51
1,15051,83
1,15052,115
1,15053,64
1,15054,128
1,15055,77
1,15056,173
1,15057,77
1,15058,244
1,15059,76
1,15060,166
1,15061,83
1,15062,116
1,15063,-384
1,15064,128
1,15065,70
1,15066,160
1,15067,-25
1,15068,83
1,15069,115
1,15070,70
1,15071,141
1,15072,121
1,15073,160
1,15074,109
1,15075,128
1,15076,217
1,15077,102
1,15078,96
1,15079,76
1,15080,115
1,15081,64
1,15082,352
1,15083,-38
1,15084,147
1,15085,64
1,15086,-19
1,15087,45
1,15088,109
1,15089,128
1,15090,198
1,15091,102
1,15092,140
1,15093,147
1,15094,77
1,15095,77
1,15096,102
1,15097,52
1,15098,51
1,15099,64
1,15100,787
1,15101,51
1,15102,96
1,15103,90
1,15104,102
1,15105,166
1,15106,45
1,15107,147
1,15108,109
1,15109,32
1,15110,192
1,15111,64
1,15112,70
1,15113,115
1,15114,806
1,15115,147
1,15116,166
1,15117,109
1,15118,77
1,15119,77
1,15120,103
1,15121,96
1,15122,122
1,15123,109
1,15124,71
1,15125,32
1,15126,70
1,15127,109
1,15128,83
1,15129,64
1,15130,89
1,15131,116
1,15132,173
1,15133,64
1,15134,102
1,15135,-45
1,15136,121
1,15137,19
1,15138,26
1,15139,122
1,15140,70
1,15141,103
1,15142,83
1,15143,32
1,15144,58
1,15145,70
1,15146,70
1,15147,58
1,15148,-454
1,15149,96
1,15150,83
1,15151,116
1,15152,172
1,15153,38
1,15154,64
1,15155,359
1,15156,51
1,15157,96
1,15158,179
1,15159,70
1,15160,96
1,15161,96
1,15162,160
1,15163,115
1,15164,89
1,15165,115
1,15166,58
1,15167,71
1,15168,57
1,15169,167
1,15170,166
1,15171,71
1,15172,64
1,15173,51
1,15174,52
1,15175,102
1,15176,173
1,15177,243
1,15178,51
1,15179,77
1,15180,26
1,15181,333
1,15182,70
1,15183,160
1,15184,96
1,15185,90
1,15186,96
1,15187,128
1,15188,71
1,15189,58
1,15190,102
1,15191,115
1,15192,128
1,15193,147
1,15194,45
1,15195,83
1,15196,96
1,15197,115
1,15198,102
1,15199,64
1,15200,173
1,15201,57
1,15202,64
1,15203,83
1,15204,-39
1,15205,115
1,15206,147
1,15207,71
1,15208,167
1,15209,218
1,15210,26
1,15211,26
1,15212,64
1,15213,-25
1,15214,19
1,15215,64
1,15216,166
1,15217,58
1,15218,103
1,15219,122
1,15220,77
1,15221,90
1,15222,32
1,15223,58
1,15224,115
1,15225,-58
1,15226,32
1,15227,51
1,15228,122
1,15229,58
1,15230,103
1,15231,77
1,15232,109
1,15233,-679
1,15234,45
1,15235,179
1,15236,71
1,15237,77
1,15238,102
1,15239,172
1,15240,121
1,15241,141
1,15242,128
1,15243,115
1,15244,122
1,15245,121
1,15246,32
1,15247,122
1,15248,76
1,15249,51
1,15250,25
1,15251,51
1,15252,77
1,15253,-26
1,15254,70
1,15255,153
1,15256,83
1,15257,58
1,15258,102
1,15259,173
1,15260,140
1,15261,103
1,15262,20
1,15263,32
1,15264,-32
1,15265,122
1,15266,32
1,15267,26
1,15268,128
1,15269,64
1,15270,70
1,15271,115
1,15272,77
1,15273,83
1,15274,77
1,15275,134
1,15276,102
1,15277,96
1,15278,64
1,15279,128
1,15280,147
1,15281,38
1,15282,39
1,15283,70
1,15284,135
1,15285,32
1,15286,25
1,15287,70
1,15288,96
1,15289,51
1,15290,26
1,15291,103
1,15292,102
1,15293,51
1,15294,64
1,15295,83
1,15296,115
1,15297,122
1,15298,71
1,15299,122
1,15300,115
1,15301,115
1,15302,250
1,15303,109
1,15304,154
1,15305,102
1,15306,377
1,15307,122
1,15308,211
1,15309,102
1,15310,83
1,15311,90
1,15312,192
1,15313,102
1,15314,52
1,15315,154
1,15316,167
1,15317,58
1,15318,-428
1,15319,115
1,15320,58
1,15321,83
1,15322,141
1,15323,77
1,15324,96
1,15325,115
1,15326,51
1,15327,115
1,15328,134
1,15329,102
1,15330,115
1,15331,307
1,15332,153
1,15333,121
1,15334,116
1,15335,160
1,15336,108
1,15337,160
1,15338,57
1,15339,167
1,15340,166
1,15341,166
1,15342,64
1,15343,205
1,15344,64
1,15345,76
1,15346,83
1,15347,103
1,15348,115
1,15349,115
1,15350,-26
1,15351,141
1,15352,154
1,15353,96
1,15354,83
1,15355,116
1,15356,813
1,15357,90
1,15358,51
1,15359,96
1,15360,109
1,15361,32
1,15362,51
1,15363,58
1,15364,57
1,15365,83
1,15366,71
1,15367,102
1,15368,103
1,15369,794
1,15370,115
1,15371,781
1,15372,70
1,15373,58
1,15374,83
1,15375,141
1,15376,83
1,15377,71
1,15378,45
1,15379,51
1,15380,57
1,15381,76
1,15382,-45
1,15383,-58
1,15384,122
1,15385,-199
1,15386,140
1,15387,77
1,15388,52
1,15389,103
1,15390,70
1,15391,83
1,15392,141
1,15393,45
1,15394,51
1,15395,51
1,15396,199
1,15397,77
1,15398,109
1,15399,13
1,15400,153
1,15401,83
1,15402,58
1,15403,64
1,15404,-422
1,15405,45
1,15406,77
1,15407,109
1,15408,134
1,15409,-25
1,15410,-45
1,15411,115
1,15412,109
1,15413,20
1,15414,90
1,15415,70
1,15416,141
1,15417,90
1,15418,185
1,15419,153
1,15420,134
1,15421,64
1,15422,26
1,15423,115
1,15424,26
1,15425,173
1,15426,160
1,15427,141
1,15428,134
1,15429,154
1,15430,71
1,15431,103
1,15432,103
1,15433,122
1,15434,25
1,15435,70
1,15436,77
1,15437,64
1,15438,90
1,15439,372
1,15440,147
1,15441,128
1,15442,-44
1,15443,83
1,15444,77
1,15445,192
1,15446,108
1,15447,109
1,15448,115
1,15449,83
1,15450,52
1,15451,76
1,15452,64
1,15453,77
1,15454,70
1,15455,64
1,15456,109
1,15457,333
1,15458,77
1,15459,217
1,15460,102
1,15461,115
1,15462,116
1,15463,116
1,15464,134
1,15465,58
1,15466,96
1,15467,71
1,15468,109
1,15469,45
1,15470,32
1,15471,90
1,15472,-45
1,15473,58
1,15474,147
1,15475,147
1,15476,147
1,15477,109
1,15478,128
1,15479,153
1,15480,115
1,15481,57
1,15482,51
1,15483,108
1,15484,166
1,15485,32
1,15486,70
1,15487,25
1,15488,64
1,15489,-806
1,15490,109
1,15491,32
1,15492,70
1,15493,64
1,15494,64
1,15495,70
1,15496,153
1,15497,128
1,15498,128
1,15499,109
1,15500,173
1,15501,70
1,15502,243
1,15503,70
1,15504,198
1,15505,32
1,15506,32
1,15507,77
1,15508,32
1,15509,64
1,15510,45
1,15511,103
1,15512,96
1,15513,25
1,15514,51
1,15515,115
1,15516,167
1,15517,160
1,15518,70
1,15519,166
1,15520,109
1,15521,39
1,15522,20
1,15523,109
1,15524,122
1,15525,140
1,15526,52
1,15527,115
1,15528,128
1,15529,147
1,15530,192
1,15531,122
1,15532,-39
1,15533,167
1,15534,397
1,15535,109
1,15536,121
1,15537,109
1,15538,77
1,15539,83
1,15540,122
1,15541,71
1,15542,64
1,15543,71
1,15544,44
1,15545,160
1,15546,71
1,15547,153
1,15548,122
1,15549,89
1,15550,52
1,15551,-51
1,15552,83
1,15553,147
1,15554,38
1,15555,166
1,15556,89
1,15557,103
1,15558,122
1,15559,121
1,15560,154
1,15561,51
1,15562,19
1,15563,141
1,15564,115
1,15565,19
1,15566,45
1,15567,58
1,15568,121
1,15569,77
1,15570,44
1,15571,160
1,15572,83
1,15573,103
1,15574,-416
1,15575,230
1,15576,115
1,15577,64
1,15578,153
1,15579,154
1,15580,173
1,15581,38
1,15582,39
1,15583,160
1,15584,77
1,15585,-32
1,15586,115
1,15587,141
1,15588,134
1,15589,52
1,15590,84
1,15591,128
1,15592,128
1,15593,358
1,15594,141
1,15595,76
1,15596,122
1,15597,58
1,15598,-32
1,15599,128
1,15600,115
1,15601,140
1,15602,96
1,15603,140
1,15604,199
1,15605,109
1,15606,58
1,15607,71
1,15608,102
1,15609,77
1,15610,90
1,15611,64
1,15612,806
1,15613,44
1,15614,64
1,15615,109
1,15616,147
1,15617,154
1,15618,71
1,15619,218
1,15620,103
1,15621,96
1,15622,64
1,15623,243
1,15624,96
1,15625,77
1,15626,787
1,15627,167
1,15628,154
1,15629,109
1,15630,115
1,15631,166
1,15632,96
1,15633,83
1,15634,58
1,15635,218
1,15636,77
1,15637,51
1,15638,89
1,15639,90
1,15640,-32
1,15641,39
1,15642,64
1,15643,57
1,15644,205
1,15645,166
1,15646,90
1,15647,90
1,15648,115
1,15649,38
1,15650,51
1,15651,83
1,15652,134
1,15653,58
1,15654,26
1,15655,211
1,15656,96
1,15657,141
1,15658,109
1,15659,109
1,15660,-346
1,15661,103
1,15662,128
1,15663,153
1,15664,160
1,15665,51
1,15666,64
1,15667,115
1,15668,128
1,15669,71
1,15670,378
1,15671,70
1,15672,166
1,15673,90
1,15674,71
1,15675,102
1,15676,166
1,15677,58
1,15678,108
1,15679,134
1,15680,115
1,15681,147
1,15682,58
1,15683,-19
1,15684,71
1,15685,57
1,15686,83
1,15687,109
1,15688,-51
1,15689,179
1,15690,32
1,15691,71
1,15692,51
1,15693,39
1,15694,96
1,15695,64
1,15696,102
1,15697,76
1,15698,135
1,15699,-51
1,15700,115
1,15701,109
1,15702,71
1,15703,32
1,15704,96
1,15705,19
1,15706,96
1,15707,19
1,15708,76
1,15709,-32
1,15710,77
1,15711,51
1,15712,96
1,15713,58
1,15714,57
1,15715,-64
1,15716,179
1,15717,109
1,15718,173
1,15719,45
1,15720,58
1,15721,51
1,15722,52
1,15723,57
1,15724,64
1,15725,-32
1,15726,51
1,15727,70
1,15728,218
1,15729,365
1,15730,103
1,15731,26
1,15732,109
1,15733,70
1,15734,51
1,15735,115
1,15736,160
1,15737,-19
1,15738,122
1,15739,64
1,15740,109
1,15741,71
1,15742,77
1,15743,122
1,15744,172
1,15745,-346
1,15746,-44
1,15747,288
1,15748,109
1,15749,57
1,15750,52
1,15751,134
1,15752,71
1,15753,167
1,15754,44
1,15755,102
1,15756,224
1,15757,57
1,15758,90
1,15759,115
1,15760,115
1,15761,25
1,15762,45
1,15763,51
1,15764,96
1,15765,26
1,15766,26
1,15767,64
1,15768,141
1,15769,102
1,15770,96
1,15771,71
1,15772,237
1,15773,58
1,15774,71
1,15775,32
1,15776,90
1,15777,115
1,15778,58
1,15779,26
1,15780,115
1,15781,57
1,15782,32
1,15783,108
1,15784,83
1,15785,71
1,15786,45
1,15787,115
1,15788,-45
1,15789,96
1,15790,76
1,15791,52
1,15792,173
1,15793,64
1,15794,102
1,15795,77
1,15796,154
1,15797,51
1,15798,122
1,15799,70
1,15800,166
1,15801,147
1,15802,71
1,15803,135
1,15804,179
1,15805,84
1,15806,71
1,15807,-44
1,15808,186
1,15809,167
1,15810,44
1,15811,371
1,15812,90
1,15813,45
1,15814,32
1,15815,32
1,15816,166
1,15817,134
1,15818,58
1,15819,-45
1,15820,160
1,15821,58
1,15822,122
1,15823,-32
1,15824,192
1,15825,96
1,15826,250
1,15827,64
1,15828,71
1,15829,122
1,15830,-359
1,15831,365
1,15832,102
1,15833,109
1,15834,96
1,15835,109
1,15836,64
1,15837,109
1,15838,153
1,15839,77
1,15840,51
1,15841,96
1,15842,160
1,15843,58
1,15844,90
1,15845,134
1,15846,339
1,15847,57
1,15848,154
1,15849,57
1,15850,96
1,15851,122
1,15852,128
1,15853,141
1,15854,160
1,15855,128
1,15856,148
1,15857,121
1,15858,32
1,15859,122
1,15860,103
1,15861,57
1,15862,166
1,15863,57
1,15864,122
1,15865,122
1,15866,77
1,15867,109
1,15868,781
1,15869,90
1,15870,51
1,15871,115
1,15872,64
1,15873,352
1,15874,19
1,15875,45
1,15876,96
1,15877,199
1,15878,83
1,15879,76
1,15880,102
1,15881,775
1,15882,45
1,15883,749
1,15884,154
1,15885,45
1,15886,25
1,15887,102
1,15888,90
1,15889,90
1,15890,45
1,15891,70
1,15892,26
1,15893,109
1,15894,64
1,15895,71
1,15896,122
1,15897,109
1,15898,96
1,15899,32
1,15900,121
1,15901,90
1,15902,141
1,15903,-39
1,15904,122
1,15905,64
1,15906,25
1,15907,64
1,15908,109
1,15909,-25
1,15910,64
1,15911,108
1,15912,52
1,15913,71
1,15914,320
1,15915,-371
1,15916,70
1,15917,64
1,15918,77
1,15919,153
1,15920,115
1,15921,38
1,15922,45
1,15923,115
1,15924,39
1,15925,96
1,15926,57
1,15927,109
1,15928,160
1,15929,96
1,15930,77
1,15931,108
1,15932,-45
1,15933,122
1,15934,64
1,15935,262
1,15936,115
1,15937,128
1,15938,83
1,15939,52
1,15940,160
1,15941,147
1,15942,108
1,15943,205
1,15944,141
1,15945,108
1,15946,160
1,15947,224
1,15948,134
1,15949,84
1,15950,32
1,15951,90
1,15952,160
1,15953,199
1,15954,166
1,15955,135
1,15956,96
1,15957,84
1,15958,128
1,15959,121
1,15960,172
1,15961,102
1,15962,160
1,15963,-109
1,15964,166
1,15965,64
1,15966,64
1,15967,84
1,15968,128
1,15969,77
1,15970,32
1,15971,166
1,15972,160
1,15973,109
1,15974,89
1,15975,135
1,15976,378
1,15977,76
1,15978,26
1,15979,19
1,15980,51
1,15981,96
1,15982,70
1,15983,26
1,15984,108
1,15985,102
1,15986,64
1,15987,89
1,15988,128
1,15989,89
1,15990,58
1,15991,115
1,15992,192
1,15993,64
1,15994,19
1,15995,77
1,15996,96
1,15997,89
1,15998,205
1,15999,58
1,16000,-525
1,16001,154
1,16002,83
1,16003,26
1,16004,396
1,16005,51
1,16006,64
1,16007,109
1,16008,115
1,16009,89
1,16010,102
1,16011,160
1,16012,166
1,16013,160
1,16014,64
1,16015,70
1,16016,70
1,16017,45
1,16018,51
1,16019,102
1,16020,371
1,16021,51
1,16022,45
1,16023,45
1,16024,122
1,16025,96
1,16026,103
1,16027,134
1,16028,154
1,16029,51
1,16030,64
1,16031,109
1,16032,103
1,16033,96
1,16034,19
1,16035,77
1,16036,192
1,16037,58
1,16038,32
1,16039,83
1,16040,116
1,16041,83
1,16042,77
1,16043,70
1,16044,122
1,16045,70
1,16046,-26
1,16047,32
1,16048,77
1,16049,32
1,16050,38
1,16051,89
1,16052,108
1,16053,32
1,16054,51
1,16055,25
1,16056,70
1,16057,108
1,16058,64
1,16059,109
1,16060,134
1,16061,192
1,16062,102
1,16063,147
1,16064,103
1,16065,141
1,16066,103
1,16067,160
1,16068,109
1,16069,25
1,16070,64
1,16071,172
1,16072,77
1,16073,32
1,16074,25
1,16075,121
1,16076,179
1,16077,51
1,16078,77
1,16079,121
1,16080,77
1,16081,77
1,16082,122
1,16083,160
1,16084,173
1,16085,-518
1,16086,102
1,16087,96
1,16088,134
1,16089,96
1,16090,-25
1,16091,109
1,16092,115
1,16093,45
1,16094,52
1,16095,83
1,16096,71
1,16097,103
1,16098,89
1,16099,90
1,16100,115
1,16101,103
1,16102,45
1,16103,128
1,16104,102
1,16105,83
1,16106,32
1,16107,121
1,16108,71
1,16109,58
1,16110,26
1,16111,26
1,16112,90
1,16113,89
1,16114,51
1,16115,102
1,16116,122
1,16117,96
1,16118,64
1,16119,268
1,16120,122
1,16121,58
1,16122,147
1,16123,71
1,16124,832
1,16125,26
1,16126,52
1,16127,58
1,16128,51
1,16129,122
1,16130,96
1,16131,26
1,16132,71
1,16133,45
1,16134,39
1,16135,77
1,16136,-58
1,16137,-26
1,16138,825
1,16139,90
1,16140,166
1,16141,-32
1,16142,76
1,16143,89
1,16144,128
1,16145,38
1,16146,269
1,16147,76
1,16148,58
1,16149,51
1,16150,166
1,16151,77
1,16152,160
1,16153,45
1,16154,38
1,16155,96
1,16156,205
1,16157,96
1,16158,64
1,16159,64
1,16160,70
1,16161,52
1,16162,45
1,16163,70
1,16164,121
1,16165,51
1,16166,26
1,16167,-38
1,16168,128
1,16169,-39
1,16170,122
1,16171,-416
1,16172,378
1,16173,-39
1,16174,121
1,16175,160
1,16176,70
1,16177,58
1,16178,51
1,16179,51
1,16180,186
1,16181,64
1,16182,77
1,16183,64
1,16184,179
1,16185,166
1,16186,128
1,16187,102
1,16188,102
1,16189,102
1,16190,166
1,16191,51
1,16192,115
1,16193,147
1,16194,83
1,16195,77
1,16196,160
1,16197,122
1,16198,102
1,16199,121
1,16200,224
1,16201,39
1,16202,26
1,16203,45
1,16204,57
1,16205,26
1,16206,25
1,16207,51
1,16208,256
1,16209,96
1,16210,71
1,16211,70
1,16212,160
1,16213,307
1,16214,102
1,16215,64
1,16216,134
1,16217,83
1,16218,-32
1,16219,83
1,16220,64
1,16221,77
1,16222,109
1,16223,166
1,16224,64
1,16225,32
1,16226,96
1,16227,211
1,16228,154
1,16229,148
1,16230,64
1,16231,121
1,16232,269
1,16233,45
1,16234,32
1,16235,44
1,16236,51
1,16237,51
1,16238,58
1,16239,109
1,16240,154
1,16241,256
1,16242,58
1,16243,121
1,16244,83
1,16245,52
1,16246,-38
1,16247,320
1,16248,77
1,16249,71
1,16250,64
1,16251,-26
1,16252,115
1,16253,20
1,16254,45
1,16255,45
1,16256,-410
1,16257,-19
1,16258,166
1,16259,19
1,16260,52
1,16261,-32
1,16262,32
1,16263,109
1,16264,45
1,16265,77
1,16266,70
1,16267,77
1,16268,-38
1,16269,96
1,16270,26
1,16271,58
1,16272,115
1,16273,45
1,16274,51
1,16275,51
1,16276,89
1,16277,141
1,16278,38
1,16279,103
1,16280,166
1,16281,89
1,16282,96
1,16283,390
1,16284,102
1,16285,89
1,16286,39
1,16287,26
1,16288,70
1,16289,25
1,16290,-19
1,16291,134
1,16292,109
1,16293,134
1,16294,25
1,16295,116
1,16296,115
1,16297,102
1,16298,103
1,16299,96
1,16300,173
1,16301,96
1,16302,224
1,16303,122
1,16304,172
1,16305,45
1,16306,57
1,16307,32
1,16308,167
1,16309,25
1,16310,45
1,16311,102
1,16312,45
1,16313,109
1,16314,103
1,16315,147
1,16316,71
1,16317,90
1,16318,122
1,16319,-32
1,16320,96
1,16321,384
1,16322,51
1,16323,128
1,16324,186
1,16325,-51
1,16326,77
1,16327,115
1,16328,128
1,16329,153
1,16330,70
1,16331,64
1,16332,160
1,16333,83
1,16334,70
1,16335,109
1,16336,198
1,16337,58
1,16338,70
1,16339,115
1,16340,58
1,16341,-544
1,16342,58
1,16343,102
1,16344,109
1,16345,103
1,16346,90
1,16347,19
1,16348,218
1,16349,64
1,16350,26
1,16351,390
1,16352,147
1,16353,57
1,16354,52
1,16355,115
1,16356,135
1,16357,154
1,16358,70
1,16359,70
1,16360,153
1,16361,77
1,16362,71
1,16363,-51
1,16364,192
1,16365,109
1,16366,38
1,16367,128
1,16368,134
1,16369,52
1,16370,57
1,16371,115
1,16372,140
1,16373,102
1,16374,26
1,16375,141
1,16376,153
1,16377,147
1,16378,38
1,16379,83
1,16380,800
1,16381,115
1,16382,397
1,16383,51
1,16384,77
1,16385,64
1,16386,38
1,16387,102
1,16388,147
1,16389,58
1,16390,109
1,16391,70
1,16392,96
1,16393,781
1,16394,192
1,16395,788
1,16396,128
1,16397,96
1,16398,108
1,16399,135
1,16400,173
1,16401,19
1,16402,-19
1,16403,64
1,16404,70
1,16405,90
1,16406,51
1,16407,45
1,16408,122
1,16409,64
1,16410,32
1,16411,-45
1,16412,84
1,16413,77
1,16414,77
1,16415,109
1,16416,141
1,16417,-19
1,16418,185
1,16419,25
1,16420,90
1,16421,71
1,16422,57
1,16423,102
1,16424,109
1,16425,116
1,16426,-51
1,16427,-404
1,16428,134
1,16429,57
1,16430,64
1,16431,89
1,16432,154
1,16433,90
1,16434,32
1,16435,70
1,16436,141
1,16437,70
1,16438,71
1,16439,90
1,16440,64
1,16441,70
1,16442,77
1,16443,160
1,16444,77
1,16445,102
1,16446,384
1,16447,83
1,16448,71
1,16449,154
1,16450,153
1,16451,57
1,16452,122
1,16453,154
1,16454,116
1,16455,70
1,16456,77
1,16457,109
1,16458,57
1,16459,58
1,16460,51
1,16461,109
1,16462,32
1,16463,57
1,16464,102
1,16465,-26
1,16466,83
1,16467,57
1,16468,109
1,16469,103
1,16470,102
1,16471,70
1,16472,109
1,16473,326
1,16474,-38
1,16475,70
1,16476,89
1,16477,358
1,16478,102
1,16479,134
1,16480,32
1,16481,103
1,16482,64
1,16483,167
1,16484,134
1,16485,71
1,16486,96
1,16487,121
1,16488,365
1,16489,44
1,16490,-64
1,16491,135
1,16492,77
1,16493,44
1,16494,58
1,16495,83
1,16496,166
1,16497,135
1,16498,103
1,16499,70
1,16500,166
1,16501,77
1,16502,121
1,16503,153
1,16504,173
1,16505,96
1,16506,51
1,16507,57
1,16508,205
1,16509,-57
1,16510,77
1,16511,77
1,16512,-569
1,16513,45
1,16514,38
1,16515,70
1,16516,141
1,16517,51
1,16518,57
1,16519,128
1,16520,199
1,16521,57
1,16522,103
1,16523,167
1,16524,121
1,16525,58
1,16526,122
1,16527,147
1,16528,205
1,16529,102
1,16530,121
1,16531,77
1,16532,122
1,16533,186
1,16534,51
1,16535,212
1,16536,71
1,16537,71
1,16538,-70
1,16539,179
1,16540,147
1,16541,32
1,16542,116
1,16543,58
1,16544,58
1,16545,71
1,16546,32
1,16547,167
1,16548,64
1,16549,109
1,16550,108
1,16551,109
1,16552,103
1,16553,109
1,16554,237
1,16555,115
1,16556,109
1,16557,-20
1,16558,115
1,16559,51
1,16560,70
1,16561,51
1,16562,-26
1,16563,64
1,16564,83
1,16565,109
1,16566,58
1,16567,70
1,16568,64
1,16569,90
1,16570,25
1,16571,121
1,16572,198
1,16573,109
1,16574,160
1,16575,77
1,16576,141
1,16577,102
1,16578,115
1,16579,390
1,16580,122
1,16581,45
1,16582,70
1,16583,109
1,16584,51
1,16585,70
1,16586,83
1,16587,128
1,16588,141
1,16589,-51
1,16590,140
1,16591,71
1,16592,64
1,16593,122
1,16594,103
1,16595,77
1,16596,108
1,16597,-717
1,16598,44
1,16599,128
1,16600,135
1,16601,-26
1,16602,58
1,16603,44
1,16604,121
1,16605,224
1,16606,19
1,16607,26
1,16608,58
1,16609,115
1,16610,71
1,16611,128
1,16612,25
1,16613,71
1,16614,70
1,16615,58
1,16616,160
1,16617,51
1,16618,52
1,16619,58
1,16620,76
1,16621,64
1,16622,109
1,16623,71
1,16624,109
1,16625,141
1,16626,77
1,16627,77
1,16628,109
1,16629,103
1,16630,102
1,16631,-51
1,16632,96
1,16633,96
1,16634,211
1,16635,108
1,16636,819
1,16637,70
1,16638,109
1,16639,121
1,16640,115
1,16641,122
1,16642,26
1,16643,140
1,16644,109
1,16645,64
1,16646,173
1,16647,166
1,16648,179
1,16649,90
1,16650,819
1,16651,102
1,16652,218
1,16653,70
1,16654,83
1,16655,115
1,16656,371
1,16657,51
1,16658,160
1,16659,77
1,16660,64
1,16661,45
1,16662,51
1,16663,-70
1,16664,128
1,16665,52
1,16666,64
1,16667,77
1,16668,134
1,16669,109
1,16670,121
1,16671,58
1,16672,122
1,16673,83
1,16674,57
1,16675,-64
1,16676,192
1,16677,160
1,16678,19
1,16679,96
1,16680,108
1,16681,83
1,16682,-352
1,16683,19
1,16684,108
1,16685,140
1,16686,57
1,16687,141
1,16688,153
1,16689,-7
1,16690,192
1,16691,71
1,16692,115
1,16693,57
1,16694,70
1,16695,64
1,16696,83
1,16697,89
1,16698,115
1,16699,115
1,16700,211
1,16701,26
1,16702,160
1,16703,160
1,16704,108
1,16705,147
1,16706,115
1,16707,-71
1,16708,147
1,16709,64
1,16710,90
1,16711,96
1,16712,109
1,16713,45
1,16714,71
1,16715,141
1,16716,115
1,16717,173
1,16718,70
1,16719,167
1,16720,64
1,16721,83
1,16722,76
1,16723,77
1,16724,128
1,16725,57
1,16726,-44
1,16727,147
1,16728,121
1,16729,58
1,16730,32
1,16731,52
1,16732,58
1,16733,154
1,16734,199
1,16735,58
1,16736,301
1,16737,45
1,16738,115
1,16739,109
1,16740,64
1,16741,115
1,16742,-25
1,16743,122
1,16744,128
1,16745,-25
1,16746,77
1,16747,71
1,16748,83
1,16749,108
1,16750,160
1,16751,70
1,16752,154
1,16753,108
1,16754,51
1,16755,77
1,16756,116
1,16757,108
1,16758,-25
1,16759,77
1,16760,141
1,16761,77
1,16762,38
1,16763,25
1,16764,-44
1,16765,77
1,16766,109
1,16767,115
1,16768,-365
1,16769,307
1,16770,19
1,16771,20
1,16772,71
1,16773,32
1,16774,32
1,16775,77
1,16776,77
1,16777,103
1,16778,263
1,16779,160
1,16780,122
1,16781,70
1,16782,128
1,16783,154
1,16784,109
1,16785,64
1,16786,115
1,16787,26
1,16788,70
1,16789,64
1,16790,71
1,16791,90
1,16792,96
1,16793,115
1,16794,-115
1,16795,282
1,16796,102
1,16797,89
1,16798,70
1,16799,96
1,16800,83
1,16801,-26
1,16802,135
1,16803,32
1,16804,58
1,16805,76
1,16806,77
1,16807,51
1,16808,116
1,16809,103
1,16810,64
1,16811,83
1,16812,122
1,16813,109
1,16814,77
1,16815,108
1,16816,70
1,16817,45
1,16818,141
1,16819,108
1,16820,109
1,16821,51
1,16822,51
1,16823,109
1,16824,147
1,16825,71
1,16826,96
1,16827,-32
1,16828,77
1,16829,57
1,16830,26
1,16831,122
1,16832,102
1,16833,109
1,16834,25
1,16835,58
1,16836,128
1,16837,51
1,16838,64
1,16839,83
1,16840,179
1,16841,45
1,16842,71
1,16843,70
1,16844,205
1,16845,44
1,16846,64
1,16847,57
1,16848,76
1,16849,103
1,16850,70
1,16851,89
1,16852,71
1,16853,-403
1,16854,26
1,16855,70
1,16856,77
1,16857,38
1,16858,77
1,16859,76
1,16860,70
1,16861,109
1,16862,90
1,16863,115
1,16864,83
1,16865,313
1,16866,52
1,16867,52
1,16868,109
1,16869,83
1,16870,115
1,16871,64
1,16872,102
1,16873,51
1,16874,64
1,16875,121
1,16876,57
1,16877,38
1,16878,-32
1,16879,83
1,16880,128
1,16881,57
1,16882,32
1,16883,70
1,16884,192
1,16885,96
1,16886,70
1,16887,147
1,16888,115
1,16889,89
1,16890,64
1,16891,314
1,16892,793
1,16893,96
1,16894,-230
1,16895,116
1,16896,76
1,16897,236
1,16898,52
1,16899,19
1,16900,51
1,16901,38
1,16902,51
1,16903,64
1,16904,128
1,16905,838
1,16906,57
1,16907,756
1,16908,77
1,16909,57
1,16910,51
1,16911,57
1,16912,109
1,16913,64
1,16914,25
1,16915,109
1,16916,371
1,16917,64
1,16918,64
1,16919,115
1,16920,167
1,16921,103
1,16922,109
1,16923,102
1,16924,102
1,16925,147
1,16926,64
1,16927,103
1,16928,121
1,16929,96
1,16930,26
1,16931,64
1,16932,70
1,16933,140
1,16934,109
1,16935,32
1,16936,135
1,16937,-455
1,16938,108
1,16939,103
1,16940,160
1,16941,90
1,16942,64
1,16943,122
1,16944,230
1,16945,57
1,16946,115
1,16947,102
1,16948,64
1,16949,51
1,16950,115
1,16951,128
1,16952,71
1,16953,96
1,16954,96
1,16955,90
1,16956,128
1,16957,77
1,16958,103
1,16959,128
1,16960,128
1,16961,179
1,16962,-231
1,16963,167
1,16964,122
1,16965,192
1,16966,83
1,16967,160
1,16968,115
1,16969,83
1,16970,32
1,16971,115
1,16972,84
1,16973,32
1,16974,25
1,16975,90
1,16976,147
1,16977,58
1,16978,128
1,16979,109
1,16980,154
1,16981,108
1,16982,134
1,16983,256
1,16984,173
1,16985,147
1,16986,109
1,16987,90
1,16988,128
1,16989,77
1,16990,140
1,16991,77
1,16992,77
1,16993,160
1,16994,103
1,16995,160
1,16996,128
1,16997,84
1,16998,84
1,16999,108
1,17000,115
1,17001,39
1,17002,103
1,17003,58
1,17004,71
1,17005,-26
1,17006,77
1,17007,57
1,17008,77
1,17009,70
1,17010,64
1,17011,122
1,17012,90
1,17013,64
1,17014,167
1,17015,134
1,17016,64
1,17017,58
1,17018,19
1,17019,109
1,17020,166
1,17021,70
1,17022,32
1,17023,-404
1,17024,128
1,17025,90
1,17026,25
1,17027,19
1,17028,51
1,17029,57
1,17030,90
1,17031,263
1,17032,128
1,17033,109
1,17034,58
1,17035,76
1,17036,147
1,17037,32
1,17038,77
1,17039,90
1,17040,71
1,17041,64
1,17042,32
1,17043,263
1,17044,84
1,17045,64
1,17046,70
1,17047,102
1,17048,77
1,17049,128
1,17050,115
1,17051,115
1,17052,377
1,17053,-32
1,17054,103
1,17055,76
1,17056,109
1,17057,32
1,17058,-26
1,17059,70
1,17060,121
1,17061,-6
1,17062,275
1,17063,76
1,17064,109
1,17065,-26
1,17066,147
1,17067,115
1,17068,180
1,17069,52
1,17070,71
1,17071,102
1,17072,198
1,17073,44
1,17074,32
1,17075,57
1,17076,-44
1,17077,70
1,17078,96
1,17079,-64
1,17080,141
1,17081,115
1,17082,102
1,17083,121
1,17084,167
1,17085,77
1,17086,76
1,17087,160
1,17088,166
1,17089,121
1,17090,89
1,17091,128
1,17092,128
1,17093,57
1,17094,52
1,17095,96
1,17096,160
1,17097,89
1,17098,64
1,17099,147
1,17100,314
1,17101,51
1,17102,19
1,17103,71
1,17104,109
1,17105,96
1,17106,116
1,17107,231
1,17108,-448
1,17109,39
1,17110,103
1,17111,96
1,17112,38
1,17113,122
1,17114,90
1,17115,109
1,17116,160
1,17117,58
1,17118,103
1,17119,32
1,17120,-134
1,17121,71
1,17122,70
1,17123,-64
1,17124,243
1,17125,83
1,17126,390
1,17127,128
1,17128,109
1,17129,90
1,17130,38
1,17131,-13
1,17132,205
1,17133,57
1,17134,19
1,17135,115
1,17136,147
1,17137,45
1,17138,128
1,17139,122
1,17140,115
1,17141,102
1,17142,58
1,17143,128
1,17144,32
1,17145,96
1,17146,83
1,17147,89
1,17148,596
1,17149,51
1,17150,51
1,17151,70
1,17152,115
1,17153,57
1,17154,179
1,17155,51
1,17156,83
1,17157,71
1,17158,83
1,17159,64
1,17160,103
1,17161,64
1,17162,819
1,17163,122
1,17164,122
1,17165,70
1,17166,198
1,17167,243
1,17168,147
1,17169,102
1,17170,147
1,17171,90
1,17172,115
1,17173,58
1,17174,96
1,17175,153
1,17176,70
1,17177,45
1,17178,108
1,17179,384
1,17180,147
1,17181,102
1,17182,58
1,17183,109
1,17184,109
1,17185,71
1,17186,-32
1,17187,58
1,17188,154
1,17189,71
1,17190,57
1,17191,26
1,17192,76
1,17193,-519
1,17194,71
1,17195,326
1,17196,115
1,17197,83
1,17198,51
1,17199,70
1,17200,167
1,17201,58
1,17202,26
1,17203,70
1,17204,147
1,17205,58
1,17206,141
1,17207,64
1,17208,173
1,17209,160
1,17210,77
1,17211,192
1,17212,122
1,17213,128
1,17214,64
1,17215,103
1,17216,121
1,17217,173
1,17218,96
1,17219,64
1,17220,167
1,17221,71
1,17222,90
1,17223,217
1,17224,90
1,17225,121
1,17226,19
1,17227,70
1,17228,89
1,17229,102
1,17230,128
1,17231,109
1,17232,128
1,17233,83
1,17234,103
1,17235,153
1,17236,134
1,17237,64
1,17238,135
1,17239,153
1,17240,77
1,17241,51
1,17242,32
1,17243,20
1,17244,102
1,17245,58
1,17246,122
1,17247,128
1,17248,51
1,17249,71
1,17250,77
1,17251,116
1,17252,212
1,17253,70
1,17254,103
1,17255,83
1,17256,128
1,17257,77
1,17258,58
1,17259,109
1,17260,115
1,17261,89
1,17262,77
1,17263,64
1,17264,128
1,17265,-25
1,17266,57
1,17267,116
1,17268,269
1,17269,96
1,17270,70
1,17271,121
1,17272,134
1,17273,134
1,17274,269
1,17275,51
1,17276,58
1,17277,38
1,17278,160
1,17279,-390
1,17280,64
1,17281,153
1,17282,115
1,17283,58
1,17284,64
1,17285,76
1,17286,58
1,17287,134
1,17288,71
1,17289,70
1,17290,263
1,17291,102
1,17292,135
1,17293,52
1,17294,326
1,17295,115
1,17296,64
1,17297,51
1,17298,57
1,17299,58
1,17300,121
1,17301,64
1,17302,77
1,17303,32
1,17304,115
1,17305,51
1,17306,134
1,17307,96
1,17308,115
1,17309,89
1,17310,20
1,17311,51
1,17312,90
1,17313,44
1,17314,26
1,17315,109
1,17316,-13
1,17317,77
1,17318,51
1,17319,108
1,17320,102
1,17321,102
1,17322,64
1,17323,96
1,17324,96
1,17325,70
1,17326,89
1,17327,166
1,17328,154
1,17329,45
1,17330,32
1,17331,109
1,17332,199
1,17333,64
1,17334,77
1,17335,122
1,17336,-141
1,17337,410
1,17338,103
1,17339,32
1,17340,70
1,17341,64
1,17342,52
1,17343,115
1,17344,122
1,17345,262
1,17346,19
1,17347,70
1,17348,103
1,17349,38
1,17350,71
1,17351,102
1,17352,173
1,17353,52
1,17354,57
1,17355,102
1,17356,115
1,17357,52
1,17358,103
1,17359,153
1,17360,160
1,17361,51
1,17362,141
1,17363,103
1,17364,-487
1,17365,70
1,17366,64
1,17367,185
1,17368,32
1,17369,-38
1,17370,205
1,17371,109
1,17372,192
1,17373,115
1,17374,77
1,17375,76
1,17376,134
1,17377,96
1,17378,26
1,17379,26
1,17380,26
1,17381,64
1,17382,71
1,17383,-45
1,17384,173
1,17385,115
1,17386,102
1,17387,77
1,17388,116
1,17389,51
1,17390,212
1,17391,141
1,17392,173
1,17393,58
1,17394,19
1,17395,-64
1,17396,224
1,17397,103
1,17398,128
1,17399,103
1,17400,115
1,17401,109
1,17402,231
1,17403,262
1,17404,806
1,17405,160
1,17406,25
1,17407,96
1,17408,122
1,17409,64
1,17410,51
1,17411,109
1,17412,102
1,17413,57
1,17414,70
1,17415,115
1,17416,147
1,17417,832
1,17418,76
1,17419,858
1,17420,147
1,17421,102
1,17422,64
1,17423,166
1,17424,211
1,17425,44
1,17426,-13
1,17427,84
1,17428,167
1,17429,25
1,17430,57
1,17431,256
1,17432,109
1,17433,76
1,17434,77
1,17435,160
1,17436,147
1,17437,-38
1,17438,77
1,17439,154
1,17440,243
1,17441,108
1,17442,38
1,17443,32
1,17444,-45
1,17445,128
1,17446,58
1,17447,57
1,17448,103
1,17449,-564
1,17450,45
1,17451,26
1,17452,179
1,17453,102
1,17454,39
1,17455,128
1,17456,134
1,17457,70
1,17458,58
1,17459,301
1,17460,109
1,17461,51
1,17462,96
1,17463,294
1,17464,64
1,17465,70
1,17466,32
1,17467,121
1,17468,64
1,17469,83
1,17470,77
1,17471,64
1,17472,109
1,17473,185
1,17474,70
1,17475,109
1,17476,115
1,17477,96
1,17478,83
1,17479,135
1,17480,166
1,17481,122
1,17482,25
1,17483,108
1,17484,115
1,17485,-38
1,17486,128
1,17487,83
1,17488,77
1,17489,77
1,17490,307
1,17491,122
1,17492,147
1,17493,115
1,17494,115
1,17495,365
1,17496,96
1,17497,64
1,17498,102
1,17499,90
1,17500,122
1,17501,96
1,17502,70
1,17503,102
1,17504,122
1,17505,70
1,17506,26
1,17507,115
1,17508,173
1,17509,109
1,17510,77
1,17511,122
1,17512,122
1,17513,25
1,17514,64
1,17515,26
1,17516,58
1,17517,52
1,17518,115
1,17519,141
1,17520,160
1,17521,84
1,17522,89
1,17523,115
1,17524,153
1,17525,70
1,17526,71
1,17527,128
1,17528,109
1,17529,70
1,17530,25
1,17531,89
1,17532,109
1,17533,64
1,17534,26
1,17535,-441
1,17536,148
1,17537,186
1,17538,103
1,17539,25
1,17540,109
1,17541,115
1,17542,115
1,17543,77
1,17544,58
1,17545,122
1,17546,84
1,17547,71
1,17548,45
1,17549,32
1,17550,122
1,17551,83
1,17552,332
1,17553,89
1,17554,102
1,17555,70
1,17556,39
1,17557,38
1,17558,51
1,17559,-52
1,17560,-26
1,17561,134
1,17562,115
1,17563,89
1,17564,185
1,17565,64
1,17566,64
1,17567,25
1,17568,96
1,17569,26
1,17570,45
1,17571,109
1,17572,39
1,17573,211
1,17574,122
1,17575,135
1,17576,147
1,17577,147
1,17578,154
1,17579,167
1,17580,166
1,17581,39
1,17582,58
1,17583,96
1,17584,70
1,17585,25
1,17586,57
1,17587,-26
1,17588,83
1,17589,96
1,17590,77
1,17591,77
1,17592,58
1,17593,115
1,17594,83
1,17595,147
1,17596,122
1,17597,77
1,17598,64
1,17599,102
1,17600,403
1,17601,96
1,17602,64
1,17603,263
1,17604,211
1,17605,26
1,17606,-39
1,17607,166
1,17608,141
1,17609,32
1,17610,51
1,17611,109
1,17612,38
1,17613,57
1,17614,134
1,17615,109
1,17616,167
1,17617,64
1,17618,122
1,17619,122
1,17620,-442
1,17621,84
1,17622,26
1,17623,57
1,17624,192
1,17625,51
1,17626,71
1,17627,64
1,17628,409
1,17629,38
1,17630,58
1,17631,359
1,17632,116
1,17633,96
1,17634,77
1,17635,167
1,17636,281
1,17637,90
1,17638,153
1,17639,128
1,17640,122
1,17641,76
1,17642,160
1,17643,84
1,17644,96
1,17645,25
1,17646,38
1,17647,71
1,17648,77
1,17649,77
1,17650,122
1,17651,153
1,17652,179
1,17653,96
1,17654,77
1,17655,116
1,17656,102
1,17657,64
1,17658,25
1,17659,77
1,17660,806
1,17661,45
1,17662,32
1,17663,160
1,17664,115
1,17665,358
1,17666,64
1,17667,83
1,17668,77
1,17669,45
1,17670,26
1,17671,19
1,17672,58
1,17673,58
1,17674,800
1,17675,83
1,17676,211
1,17677,102
1,17678,102
1,17679,19
1,17680,147
1,17681,102
1,17682,-25
1,17683,77
1,17684,96
1,17685,44
1,17686,58
1,17687,51
1,17688,166
1,17689,51
1,17690,327
1,17691,71
1,17692,166
1,17693,108
1,17694,372
1,17695,64
1,17696,103
1,17697,51
1,17698,90
1,17699,70
1,17700,154
1,17701,71
1,17702,109
1,17703,26
1,17704,70
1,17705,-492
1,17706,64
1,17707,141
1,17708,224
1,17709,64
1,17710,199
1,17711,141
1,17712,186
1,17713,45
1,17714,102
1,17715,76
1,17716,83
1,17717,64
1,17718,77
1,17719,64
1,17720,166
1,17721,58
1,17722,70
1,17723,147
1,17724,70
1,17725,134
1,17726,64
1,17727,71
1,17728,192
1,17729,243
1,17730,103
1,17731,13
1,17732,141
1,17733,102
1,17734,70
1,17735,108
1,17736,128
1,17737,26
1,17738,52
1,17739,51
1,17740,141
1,17741,109
1,17742,116
1,17743,-64
1,17744,-52
1,17745,102
1,17746,71
1,17747,51
1,17748,128
1,17749,109
1,17750,64
1,17751,89
1,17752,147
1,17753,32
1,17754,57
1,17755,89
1,17756,77
1,17757,141
1,17758,25
1,17759,77
1,17760,70
1,17761,71
1,17762,77
1,17763,147
1,17764,128
1,17765,121
1,17766,51
1,17767,96
1,17768,160
1,17769,58
1,17770,32
1,17771,-32
1,17772,147
1,17773,109
1,17774,-45
1,17775,103
1,17776,192
1,17777,64
1,17778,64
1,17779,135
1,17780,160
1,17781,89
1,17782,70
1,17783,90
1,17784,205
1,17785,38
1,17786,26
1,17787,70
1,17788,147
1,17789,71
1,17790,20
1,17791,-352
1,17792,147
1,17793,167
1,17794,71
1,17795,121
1,17796,70
1,17797,51
1,17798,38
1,17799,-64
1,17800,160
1,17801,217
1,17802,64
1,17803,186
1,17804,103
1,17805,64
1,17806,109
1,17807,77
1,17808,141
1,17809,32
1,17810,32
1,17811,-32
1,17812,128
1,17813,58
1,17814,83
1,17815,19
1,17816,160
1,17817,89
1,17818,89
1,17819,122
1,17820,154
1,17821,166
1,17822,166
1,17823,64
1,17824,115
1,17825,109
1,17826,52
1,17827,115
1,17828,102
1,17829,154
1,17830,153
1,17831,96
1,17832,64
1,17833,96
1,17834,64
1,17835,160
1,17836,180
1,17837,108
1,17838,51
1,17839,109
1,17840,128
1,17841,96
1,17842,58
1,17843,51
1,17844,122
1,17845,77
1,17846,218
1,17847,-64
1,17848,141
1,17849,115
1,17850,122
1,17851,51
1,17852,166
1,17853,52
1,17854,109
1,17855,173
1,17856,122
1,17857,109
1,17858,52
1,17859,26
1,17860,70
1,17861,39
1,17862,90
1,17863,96
1,17864,109
1,17865,-141
1,17866,186
1,17867,96
1,17868,115
1,17869,38
1,17870,70
1,17871,58
1,17872,115
1,17873,51
1,17874,64
1,17875,70
1,17876,-473
1,17877,102
1,17878,90
1,17879,96
1,17880,116
1,17881,58
1,17882,51
1,17883,96
1,17884,135
1,17885,320
1,17886,115
1,17887,89
1,17888,38
1,17889,-6
1,17890,32
1,17891,64
1,17892,288
1,17893,83
1,17894,64
1,17895,96
1,17896,70
1,17897,122
1,17898,58
1,17899,84
1,17900,103
1,17901,121
1,17902,166
1,17903,64
1,17904,70
1,17905,205
1,17906,19
1,17907,109
1,17908,109
1,17909,51
1,17910,109
1,17911,109
1,17912,102
1,17913,51
1,17914,64
1,17915,45
1,17916,807
1,17917,57
1,17918,1427
1,17919,77
1,17920,39
1,17921,58
1,17922,25
1,17923,26
1,17924,115
1,17925,52
1,17926,346
1,17927,-57
1,17928,102
1,17929,826
1,17930,64
1,17931,793
1,17932,103
1,17933,-45
1,17934,70
1,17935,122
1,17936,128
1,17937,51
1,17938,25
1,17939,-52
1,17940,77
1,17941,51
1,17942,25
1,17943,57
1,17944,115
1,17945,83
1,17946,154
1,17947,115
1,17948,83
1,17949,57
1,17950,57
1,17951,122
1,17952,121
1,17953,45
1,17954,51
1,17955,-64
1,17956,51
1,17957,45
1,17958,83
1,17959,32
1,17960,71
1,17961,-429
1,17962,141
1,17963,96
1,17964,249
1,17965,84
1,17966,70
1,17967,128
1,17968,167
1,17969,32
1,17970,52
1,17971,-51
1,17972,83
1,17973,103
1,17974,26
1,17975,147
1,17976,172
1,17977,64
1,17978,45
1,17979,83
1,17980,160
1,17981,173
1,17982,89
1,17983,134
1,17984,51
1,17985,173
1,17986,96
1,17987,96
1,17988,121
1,17989,96
1,17990,102
1,17991,96
1,17992,166
1,17993,39
1,17994,70
1,17995,160
1,17996,154
1,17997,-32
1,17998,96
1,17999,64
1,18000,89
1,18001,71
1,18002,173
1,18003,70
1,18004,154
1,18005,89
1,18006,205
1,18007,121
1,18008,224
1,18009,64
1,18010,64
1,18011,45
1,18012,51
1,18013,32
1,18014,51
1,18015,96
1,18016,64
1,18017,160
1,18018,76
1,18019,122
1,18020,115
1,18021,103
1,18022,-32
1,18023,83
1,18024,90
1,18025,64
1,18026,45
1,18027,70
1,18028,83
1,18029,64
1,18030,58
1,18031,38
1,18032,57
1,18033,115
1,18034,71
1,18035,160
1,18036,173
1,18037,352
1,18038,70
1,18039,140
1,18040,167
1,18041,-32
1,18042,115
1,18043,70
1,18044,154
1,18045,83
1,18046,-422
1,18047,103
1,18048,122
1,18049,153
1,18050,26
1,18051,109
1,18052,96
1,18053,89
1,18054,-32
1,18055,96
1,18056,115
1,18057,70
1,18058,236
1,18059,70
1,18060,147
1,18061,70
1,18062,64
1,18063,128
1,18064,109
1,18065,64
1,18066,26
1,18067,64
1,18068,83
1,18069,-39
1,18070,70
1,18071,128
1,18072,116
1,18073,115
1,18074,83
1,18075,128
1,18076,154
1,18077,70
1,18078,96
1,18079,51
1,18080,38
1,18081,32
1,18082,26
1,18083,96
1,18084,153
1,18085,51
1,18086,64
1,18087,109
1,18088,51
1,18089,89
1,18090,160
1,18091,90
1,18092,108
1,18093,45
1,18094,90
1,18095,115
1,18096,122
1,18097,83
1,18098,-244
1,18099,96
1,18100,64
1,18101,52
1,18102,89
1,18103,140
1,18104,77
1,18105,109
1,18106,70
1,18107,-45
1,18108,173
1,18109,32
1,18110,45
1,18111,83
1,18112,102
1,18113,96
1,18114,71
1,18115,64
1,18116,89
1,18117,90
1,18118,71
1,18119,134
1,18120,115
1,18121,51
1,18122,51
1,18123,102
1,18124,96
1,18125,32
1,18126,26
1,18127,71
1,18128,173
1,18129,-45
1,18130,122
1,18131,64
1,18132,-314
1,18133,-58
1,18134,134
1,18135,160
1,18136,147
1,18137,57
1,18138,39
1,18139,128
1,18140,108
1,18141,71
1,18142,45
1,18143,371
1,18144,115
1,18145,154
1,18146,64
1,18147,230
1,18148,345
1,18149,77
1,18150,102
1,18151,109
1,18152,153
1,18153,51
1,18154,134
1,18155,307
1,18156,38
1,18157,57
1,18158,128
1,18159,64
1,18160,109
1,18161,192
1,18162,109
1,18163,166
1,18164,115
1,18165,-38
1,18166,26
1,18167,77
1,18168,115
1,18169,51
1,18170,160
1,18171,44
1,18172,806
1,18173,19
1,18174,32
1,18175,103
1,18176,128
1,18177,160
1,18178,25
1,18179,77
1,18180,109
1,18181,58
1,18182,32
1,18183,115
1,18184,173
1,18185,141
1,18186,788
1,18187,115
1,18188,141
1,18189,64
1,18190,19
1,18191,109
1,18192,96
1,18193,-32
1,18194,76
1,18195,58
1,18196,154
1,18197,64
1,18198,-19
1,18199,70
1,18200,96
1,18201,115
1,18202,96
1,18203,212
1,18204,179
1,18205,128
1,18206,89
1,18207,166
1,18208,282
1,18209,38
1,18210,19
1,18211,122
1,18212,192
1,18213,90
1,18214,32
1,18215,76
1,18216,121
1,18217,-345
1,18218,167
1,18219,83
1,18220,154
1,18221,76
1,18222,115
1,18223,141
1,18224,45
1,18225,83
1,18226,25
1,18227,192
1,18228,89
1,18229,128
1,18230,141
1,18231,217
1,18232,102
1,18233,109
1,18234,-51
1,18235,224
1,18236,71
1,18237,128
1,18238,51
1,18239,160
1,18240,166
1,18241,198
1,18242,96
1,18243,108
1,18244,122
1,18245,115
1,18246,166
1,18247,186
1,18248,166
1,18249,192
1,18250,115
1,18251,121
1,18252,115
1,18253,160
1,18254,166
1,18255,-70
1,18256,96
1,18257,83
1,18258,116
1,18259,172
1,18260,377
1,18261,160
1,18262,256
1,18263,173
1,18264,320
1,18265,179
1,18266,64
1,18267,179
1,18268,141
1,18269,397
1,18270,64
1,18271,84
1,18272,108
1,18273,64
1,18274,147
1,18275,115
1,18276,371
1,18277,77
1,18278,160
1,18279,122
1,18280,128
1,18281,147
1,18282,115
1,18283,83
1,18284,141
1,18285,211
1,18286,96
1,18287,116
1,18288,122
1,18289,58
1,18290,204
1,18291,153
1,18292,186
1,18293,147
1,18294,160
1,18295,313
1,18296,166
1,18297,71
1,18298,128
1,18299,102
1,18300,102
1,18301,103
1,18302,-352
1,18303,108
1,18304,179
1,18305,90
1,18306,64
1,18307,-57
1,18308,141
1,18309,128
1,18310,192
1,18311,32
1,18312,64
1,18313,115
1,18314,102
1,18315,128
1,18316,147
1,18317,103
1,18318,160
1,18319,147
1,18320,122
1,18321,58
1,18322,70
1,18323,262
1,18324,77
1,18325,51
1,18326,77
1,18327,205
1,18328,147
1,18329,109
1,18330,51
1,18331,166
1,18332,199
1,18333,71
1,18334,109
1,18335,102
1,18336,141
1,18337,51
1,18338,19
1,18339,-44
1,18340,211
1,18341,122
1,18342,102
1,18343,89
1,18344,83
1,18345,153
1,18346,128
1,18347,217
1,18348,186
1,18349,180
1,18350,153
1,18351,141
1,18352,160
1,18353,57
1,18354,64
1,18355,147
1,18356,160
1,18357,134
1,18358,90
1,18359,166
1,18360,90
1,18361,192
1,18362,224
1,18363,167
1,18364,147
1,18365,83
1,18366,115
1,18367,122
1,18368,218
1,18369,160
1,18370,83
1,18371,109
1,18372,185
1,18373,90
1,18374,173
1,18375,153
1,18376,96
1,18377,109
1,18378,115
1,18379,128
1,18380,64
1,18381,57
1,18382,147
1,18383,173
1,18384,108
1,18385,109
1,18386,179
1,18387,180
1,18388,-518
1,18389,167
1,18390,103
1,18391,173
1,18392,64
1,18393,410
1,18394,102
1,18395,160
1,18396,166
1,18397,172
1,18398,83
1,18399,115
1,18400,83
1,18401,83
1,18402,115
1,18403,122
1,18404,102
1,18405,96
1,18406,109
1,18407,147
1,18408,173
1,18409,134
1,18410,84
1,18411,153
1,18412,77
1,18413,167
1,18414,128
1,18415,140
1,18416,57
1,18417,96
1,18418,64
1,18419,205
1,18420,51
1,18421,167
1,18422,45
1,18423,198
1,18424,122
1,18425,109
1,18426,122
1,18427,140
1,18428,820
1,18429,186
1,18430,-544
1,18431,83
1,18432,-25
1,18433,64
1,18434,64
1,18435,102
1,18436,51
1,18437,89
1,18438,-32
1,18439,-26
1,18440,166
1,18441,819
1,18442,83
1,18443,755
1,18444,122
1,18445,109
1,18446,115
1,18447,115
1,18448,116
1,18449,38
1,18450,20
1,18451,128
1,18452,128
1,18453,122
1,18454,64
1,18455,172
1,18456,64
1,18457,109
1,18458,26
1,18459,166
1,18460,135
1,18461,160
1,18462,147
1,18463,122
1,18464,186
1,18465,249
1,18466,32
1,18467,32
1,18468,70
1,18469,64
1,18470,314
1,18471,77
1,18472,96
1,18473,-410
1,18474,121
1,18475,76
1,18476,89
1,18477,20
1,18478,135
1,18479,64
1,18480,122
1,18481,71
1,18482,32
1,18483,64
1,18484,58
1,18485,90
1,18486,70
1,18487,141
1,18488,89
1,18489,96
1,18490,70
1,18491,83
1,18492,148
1,18493,154
1,18494,115
1,18495,167
1,18496,115
1,18497,167
1,18498,192
1,18499,166
1,18500,134
1,18501,320
1,18502,160
1,18503,128
1,18504,224
1,18505,103
1,18506,141
1,18507,70
1,18508,109
1,18509,102
1,18510,160
1,18511,147
1,18512,83
1,18513,148
1,18514,166
1,18515,147
1,18516,166
1,18517,90
1,18518,109
1,18519,166
1,18520,115
1,18521,52
1,18522,26
1,18523,103
1,18524,135
1,18525,115
1,18526,51
1,18527,109
1,18528,141
1,18529,102
1,18530,77
1,18531,121
1,18532,122
1,18533,96
1,18534,64
1,18535,167
1,18536,115
1,18537,77
1,18538,64
1,18539,166
1,18540,121
1,18541,70
1,18542,76
1,18543,115
1,18544,115
1,18545,122
1,18546,109
1,18547,128
1,18548,160
1,18549,141
1,18550,135
1,18551,160
1,18552,116
1,18553,64
1,18554,52
1,18555,108
1,18556,70
1,18557,76
1,18558,-422
1,18559,76
1,18560,77
1,18561,89
1,18562,57
1,18563,109
1,18564,166
1,18565,58
1,18566,77
1,18567,109
1,18568,141
1,18569,122
1,18570,102
1,18571,121
1,18572,237
1,18573,147
1,18574,147
1,18575,96
1,18576,141
1,18577,154
1,18578,141
1,18579,26
1,18580,173
1,18581,83
1,18582,135
1,18583,71
1,18584,128
1,18585,115
1,18586,57
1,18587,141
1,18588,224
1,18589,64
1,18590,115
1,18591,26
1,18592,128
1,18593,45
1,18594,58
1,18595,83
1,18596,179
1,18597,96
1,18598,116
1,18599,116
1,18600,173
1,18601,90
1,18602,147
1,18603,121
1,18604,135
1,18605,167
1,18606,102
1,18607,-64
1,18608,134
1,18609,108
1,18610,141
1,18611,71
1,18612,32
1,18613,58
1,18614,140
1,18615,122
1,18616,51
1,18617,204
1,18618,377
1,18619,51
1,18620,192
1,18621,109
1,18622,115
1,18623,51
1,18624,109
1,18625,-32
1,18626,166
1,18627,211
1,18628,153
1,18629,64
1,18630,83
1,18631,116
1,18632,134
1,18633,44
1,18634,52
1,18635,128
1,18636,109
1,18637,25
1,18638,32
1,18639,122
1,18640,83
1,18641,121
1,18642,122
1,18643,128
1,18644,-308
1,18645,64
1,18646,70
1,18647,160
1,18648,64
1,18649,51
1,18650,32
1,18651,58
1,18652,102
1,18653,275
1,18654,365
1,18655,122
1,18656,122
1,18657,192
1,18658,160
1,18659,160
1,18660,102
1,18661,51
1,18662,218
1,18663,147
1,18664,121
1,18665,121
1,18666,115
1,18667,115
1,18668,140
1,18669,160
1,18670,160
1,18671,243
1,18672,-51
1,18673,281
1,18674,116
1,18675,179
1,18676,340
1,18677,103
1,18678,115
1,18679,122
1,18680,148
1,18681,371
1,18682,77
1,18683,19
1,18684,825
1,18685,71
1,18686,96
1,18687,134
1,18688,70
1,18689,160
1,18690,-25
1,18691,141
1,18692,83
1,18693,160
1,18694,58
1,18695,141
1,18696,166
1,18697,154
1,18698,800
1,18699,116
1,18700,199
1,18701,141
1,18702,147
1,18703,167
1,18704,192
1,18705,70
1,18706,76
1,18707,64
1,18708,109
1,18709,70
1,18710,26
1,18711,115
1,18712,121
1,18713,332
1,18714,89
1,18715,154
1,18716,180
1,18717,108
1,18718,102
1,18719,96
1,18720,160
1,18721,39
1,18722,70
1,18723,128
1,18724,109
1,18725,77
1,18726,44
1,18727,71
1,18728,172
1,18729,-365
1,18730,185
1,18731,141
1,18732,122
1,18733,83
1,18734,230
1,18735,217
1,18736,153
1,18737,58
1,18738,64
1,18739,224
1,18740,371
1,18741,109
1,18742,25
1,18743,122
1,18744,70
1,18745,154
1,18746,230
1,18747,128
1,18748,128
1,18749,352
1,18750,140
1,18751,147
1,18752,166
1,18753,166
1,18754,167
1,18755,166
1,18756,128
1,18757,115
1,18758,96
1,18759,103
1,18760,115
1,18761,89
1,18762,77
1,18763,84
1,18764,25
1,18765,115
1,18766,103
1,18767,96
1,18768,121
1,18769,147
1,18770,115
1,18771,121
1,18772,173
1,18773,147
1,18774,64
1,18775,180
1,18776,128
1,18777,102
1,18778,39
1,18779,96
1,18780,90
1,18781,167
1,18782,339
1,18783,109
1,18784,109
1,18785,96
1,18786,89
1,18787,160
1,18788,172
1,18789,109
1,18790,121
1,18791,140
1,18792,167
1,18793,45
1,18794,45
1,18795,141
1,18796,147
1,18797,352
1,18798,25
1,18799,122
1,18800,166
1,18801,109
1,18802,64
1,18803,147
1,18804,173
1,18805,122
1,18806,84
1,18807,-32
1,18808,173
1,18809,64
1,18810,51
1,18811,173
1,18812,58
1,18813,58
1,18814,-442
1,18815,115
1,18816,179
1,18817,116
1,18818,-45
1,18819,167
1,18820,109
1,18821,90
1,18822,45
1,18823,166
1,18824,116
1,18825,166
1,18826,140
1,18827,166
1,18828,147
1,18829,128
1,18830,103
1,18831,141
1,18832,167
1,18833,77
1,18834,365
1,18835,70
1,18836,96
1,18837,109
1,18838,70
1,18839,115
1,18840,166
1,18841,109
1,18842,57
1,18843,205
1,18844,121
1,18845,89
1,18846,83
1,18847,64
1,18848,128
1,18849,32
1,18850,-13
1,18851,166
1,18852,115
1,18853,102
1,18854,224
1,18855,57
1,18856,76
1,18857,141
1,18858,115
1,18859,140
1,18860,262
1,18861,96
1,18862,96
1,18863,167
1,18864,128
1,18865,51
1,18866,103
1,18867,153
1,18868,109
1,18869,96
1,18870,512
1,18871,76
1,18872,90
1,18873,147
1,18874,167
1,18875,166
1,18876,359
1,18877,96
1,18878,64
1,18879,160
1,18880,173
1,18881,51
1,18882,70
1,18883,103
1,18884,96
1,18885,166
1,18886,160
1,18887,116
1,18888,45
1,18889,397
1,18890,96
1,18891,128
1,18892,-57
1,18893,77
1,18894,121
1,18895,96
1,18896,160
1,18897,96
1,18898,71
1,18899,-634
1,18900,167
1,18901,77
1,18902,64
1,18903,167
1,18904,173
1,18905,109
1,18906,58
1,18907,76
1,18908,135
1,18909,154
1,18910,32
1,18911,102
1,18912,89
1,18913,89
1,18914,25
1,18915,57
1,18916,166
1,18917,147
1,18918,32
1,18919,218
1,18920,230
1,18921,160
1,18922,128
1,18923,-58
1,18924,218
1,18925,115
1,18926,102
1,18927,166
1,18928,122
1,18929,103
1,18930,358
1,18931,32
1,18932,115
1,18933,108
1,18934,83
1,18935,160
1,18936,83
1,18937,121
1,18938,58
1,18939,103
1,18940,826
1,18941,160
1,18942,-109
1,18943,211
1,18944,147
1,18945,26
1,18946,19
1,18947,-45
1,18948,84
1,18949,-57
1,18950,25
1,18951,109
1,18952,160
1,18953,819
1,18954,115
1,18955,775
1,18956,109
1,18957,58
1,18958,83
1,18959,109
1,18960,109
1,18961,109
1,18962,45
1,18963,115
1,18964,77
1,18965,89
1,18966,83
1,18967,58
1,18968,77
1,18969,115
1,18970,58
1,18971,173
1,18972,167
1,18973,154
1,18974,57
1,18975,166
1,18976,122
1,18977,58
1,18978,51
1,18979,-26
1,18980,116
1,18981,192
1,18982,52
1,18983,77
1,18984,-441
1,18985,134
1,18986,153
1,18987,121
1,18988,141
1,18989,148
1,18990,102
1,18991,115
1,18992,109
1,18993,96
1,18994,160
1,18995,96
1,18996,-26
1,18997,51
1,18998,58
1,18999,122
1,19000,160
1,19001,121
1,19002,167
1,19003,109
1,19004,-51
1,19005,128
1,19006,115
1,19007,83
1,19008,166
1,19009,185
1,19010,77
1,19011,160
1,19012,166
1,19013,160
1,19014,38
1,19015,173
1,19016,148
1,19017,26
1,19018,122
1,19019,51
1,19020,64
1,19021,115
1,19022,71
1,19023,115
1,19024,44
1,19025,109
1,19026,160
1,19027,135
1,19028,160
1,19029,141
1,19030,71
1,19031,122
1,19032,122
1,19033,57
1,19034,166
1,19035,64
1,19036,32
1,19037,51
1,19038,26
1,19039,198
1,19040,128
1,19041,122
1,19042,90
1,19043,167
1,19044,186
1,19045,76
1,19046,64
1,19047,147
1,19048,185
1,19049,115
1,19050,103
1,19051,147
1,19052,71
1,19053,45
1,19054,108
1,19055,-38
1,19056,122
1,19057,122
1,19058,205
1,19059,160
1,19060,167
1,19061,102
1,19062,115
1,19063,192
1,19064,90
1,19065,57
1,19066,77
1,19067,148
1,19068,70
1,19069,-506
1,19070,77
1,19071,64
1,19072,115
1,19073,109
1,19074,58
1,19075,141
1,19076,25
1,19077,103
1,19078,58
1,19079,147
1,19080,77
1,19081,89
1,19082,320
1,19083,173
1,19084,109
1,19085,90
1,19086,58
1,19087,102
1,19088,115
1,19089,121
1,19090,96
1,19091,121
1,19092,38
1,19093,64
1,19094,25
1,19095,115
1,19096,96
1,19097,147
1,19098,70
1,19099,160
1,19100,103
1,19101,77
1,19102,57
1,19103,154
1,19104,-39
1,19105,96
1,19106,26
1,19107,122
1,19108,180
1,19109,83
1,19110,25
1,19111,64
1,19112,121
1,19113,109
1,19114,160
1,19115,160
1,19116,218
1,19117,64
1,19118,64
1,19119,211
1,19120,128
1,19121,71
1,19122,231
1,19123,173
1,19124,224
1,19125,173
1,19126,51
1,19127,128
1,19128,57
1,19129,160
1,19130,-44
1,19131,198
1,19132,121
1,19133,102
1,19134,109
1,19135,173
1,19136,103
1,19137,121
1,19138,160
1,19139,192
1,19140,167
1,19141,154
1,19142,103
1,19143,154
1,19144,103
1,19145,364
1,19146,90
1,19147,83
1,19148,102
1,19149,140
1,19150,192
1,19151,134
1,19152,96
1,19153,192
1,19154,70
1,19155,-301
1,19156,218
1,19157,186
1,19158,192
1,19159,173
1,19160,218
1,19161,166
1,19162,166
1,19163,128
1,19164,211
1,19165,-32
1,19166,103
1,19167,64
1,19168,96
1,19169,153
1,19170,76
1,19171,153
1,19172,122
1,19173,160
1,19174,51
1,19175,211
1,19176,89
1,19177,211
1,19178,20
1,19179,96
1,19180,90
1,19181,96
1,19182,32
1,19183,115
1,19184,64
1,19185,128
1,19186,153
1,19187,90
1,19188,-39
1,19189,211
1,19190,70
1,19191,147
1,19192,70
1,19193,147
1,19194,109
1,19195,115
1,19196,845
1,19197,64
1,19198,-45
1,19199,134
1,19200,115
1,19201,160
1,19202,77
1,19203,288
1,19204,173
1,19205,173
1,19206,204
1,19207,160
1,19208,135
1,19209,244
1,19210,800
1,19211,166
1,19212,134
1,19213,160
1,19214,153
1,19215,77
1,19216,128
1,19217,205
1,19218,58
1,19219,186
1,19220,115
1,19221,77
1,19222,45
1,19223,90
1,19224,154
1,19225,-58
1,19226,179
1,19227,128
1,19228,147
1,19229,147
1,19230,-13
1,19231,179
1,19232,108
1,19233,90
1,19234,51
1,19235,147
1,19236,26
1,19237,71
1,19238,32
1,19239,77
1,19240,-563
1,19241,109
1,19242,115
1,19243,90
1,19244,102
1,19245,167
1,19246,103
1,19247,173
1,19248,179
1,19249,90
1,19250,121
1,19251,116
1,19252,172
1,19253,148
1,19254,89
1,19255,115
1,19256,77
1,19257,-32
1,19258,128
1,19259,83
1,19260,109
1,19261,-51
1,19262,147
1,19263,128
1,19264,121
1,19265,102
1,19266,160
1,19267,45
1,19268,115
1,19269,64
1,19270,154
1,19271,154
1,19272,108
1,19273,51
1,19274,77
1,19275,116
1,19276,122
1,19277,26
1,19278,38
1,19279,76
1,19280,115
1,19281,153
1,19282,333
1,19283,141
1,19284,-44
1,19285,179
1,19286,109
1,19287,160
1,19288,211
1,19289,45
1,19290,77
1,19291,147
1,19292,185
1,19293,77
1,19294,122
1,19295,147
1,19296,71
1,19297,147
1,19298,211
1,19299,109
1,19300,140
1,19301,108
1,19302,153
1,19303,122
1,19304,116
1,19305,96
1,19306,71
1,19307,166
1,19308,122
1,19309,89
1,19310,179
1,19311,70
1,19312,166
1,19313,77
1,19314,89
1,19315,160
1,19316,211
1,19317,103
1,19318,128
1,19319,102
1,19320,122
1,19321,70
1,19322,89
1,19323,108
1,19324,224
1,19325,-1229
1,19326,32
1,19327,179
1,19328,243
1,19329,217
1,19330,109
1,19331,71
1,19332,115
1,19333,71
1,19334,134
1,19335,148
1,19336,103
1,19337,205
1,19338,122
1,19339,122
1,19340,-44
1,19341,179
1,19342,148
1,19343,121
1,19344,365
1,19345,102
1,19346,90
1,19347,160
1,19348,128
1,19349,103
1,19350,154
1,19351,115
1,19352,115
1,19353,262
1,19354,205
1,19355,115
1,19356,173
1,19357,103
1,19358,58
1,19359,-26
1,19360,70
1,19361,45
1,19362,64
1,19363,166
1,19364,45
1,19365,140
1,19366,25
1,19367,160
1,19368,199
1,19369,160
1,19370,116
1,19371,218
1,19372,128
1,19373,173
1,19374,160
1,19375,352
1,19376,147
1,19377,-39
1,19378,25
1,19379,115
1,19380,90
1,19381,90
1,19382,96
1,19383,102
1,19384,89
1,19385,199
1,19386,128
1,19387,122
1,19388,64
1,19389,115
1,19390,77
1,19391,25
1,19392,128
1,19393,70
1,19394,83
1,19395,134
1,19396,167
1,19397,103
1,19398,179
1,19399,135
1,19400,141
1,19401,70
1,19402,57
1,19403,13
1,19404,115
1,19405,115
1,19406,115
1,19407,122
1,19408,153
1,19409,90
1,19410,-397
1,19411,211
1,19412,32
1,19413,-550
1,19414,295
1,19415,121
1,19416,121
1,19417,96
1,19418,77
1,19419,-64
1,19420,186
1,19421,154
1,19422,115
1,19423,128
1,19424,134
1,19425,38
1,19426,70
1,19427,135
1,19428,167
1,19429,70
1,19430,71
1,19431,141
1,19432,135
1,19433,64
1,19434,173
1,19435,64
1,19436,70
1,19437,64
1,19438,154
1,19439,173
1,19440,64
1,19441,128
1,19442,64
1,19443,205
1,19444,32
1,19445,115
1,19446,77
1,19447,128
1,19448,147
1,19449,84
1,19450,141
1,19451,186
1,19452,800
1,19453,154
1,19454,-1913
1,19455,-64
1,19456,179
1,19457,57
1,19458,154
1,19459,108
1,19460,166
1,19461,-32
1,19462,83
1,19463,116
1,19464,173
1,19465,787
1,19466,365
1,19467,787
1,19468,147
1,19469,173
1,19470,57
1,19471,64
1,19472,205
1,19473,58
1,19474,64
1,19475,90
1,19476,45
1,19477,108
1,19478,58
1,19479,173
1,19480,128
1,19481,173
1,19482,122
1,19483,172
1,19484,211
1,19485,224
1,19486,128
1,19487,204
1,19488,83
1,19489,102
1,19490,64
1,19491,25
1,19492,115
1,19493,51
1,19494,64
1,19495,-365
1,19496,83
1,19497,154
1,19498,352
1,19499,102
1,19500,172
1,19501,108
1,19502,185
1,19503,128
1,19504,173
1,19505,166
1,19506,96
1,19507,64
1,19508,64
1,19509,115
1,19510,102
1,19511,90
1,19512,173
1,19513,301
1,19514,108
1,19515,115
1,19516,102
1,19517,103
1,19518,116
1,19519,154
1,19520,103
1,19521,256
1,19522,173
1,19523,160
1,19524,205
1,19525,166
1,19526,134
1,19527,103
1,19528,345
1,19529,103
1,19530,26
1,19531,-26
1,19532,71
1,19533,166
1,19534,-51
1,19535,115
1,19536,115
1,19537,198
1,19538,147
1,19539,115
1,19540,186
1,19541,167
1,19542,116
1,19543,148
1,19544,116
1,19545,57
1,19546,57
1,19547,102
1,19548,83
1,19549,116
1,19550,96
1,19551,76
1,19552,121
1,19553,58
1,19554,186
1,19555,147
1,19556,166
1,19557,83
1,19558,58
1,19559,115
1,19560,172
1,19561,57
1,19562,57
1,19563,108
1,19564,147
1,19565,57
1,19566,58
1,19567,-25
1,19568,64
1,19569,109
1,19570,147
1,19571,179
1,19572,179
1,19573,115
1,19574,84
1,19575,84
1,19576,128
1,19577,45
1,19578,-45
1,19579,83
1,19580,-493
1,19581,102
1,19582,90
1,19583,160
1,19584,122
1,19585,77
1,19586,32
1,19587,26
1,19588,77
1,19589,45
1,19590,71
1,19591,122
1,19592,122
1,19593,122
1,19594,103
1,19595,217
1,19596,173
1,19597,134
1,19598,83
1,19599,128
1,19600,211
1,19601,122
1,19602,89
1,19603,109
1,19604,76
1,19605,102
1,19606,83
1,19607,147
1,19608,-51
1,19609,121
1,19610,-32
1,19611,153
1,19612,154
1,19613,64
1,19614,-32
1,19615,64
1,19616,154
1,19617,70
1,19618,128
1,19619,147
1,19620,102
1,19621,116
1,19622,153
1,19623,116
1,19624,134
1,19625,192
1,19626,147
1,19627,89
1,19628,154
1,19629,326
1,19630,122
1,19631,121
1,19632,166
1,19633,90
1,19634,26
1,19635,358
1,19636,141
1,19637,71
1,19638,51
1,19639,160
1,19640,340
1,19641,83
1,19642,71
1,19643,109
1,19644,154
1,19645,96
1,19646,96
1,19647,70
1,19648,121
1,19649,147
1,19650,83
1,19651,160
1,19652,166
1,19653,96
1,19654,128
1,19655,147
1,19656,102
1,19657,147
1,19658,64
1,19659,135
1,19660,134
1,19661,173
1,19662,51
1,19663,109
1,19664,128
1,19665,-486
1,19666,84
1,19667,154
1,19668,396
1,19669,135
1,19670,320
1,19671,154
1,19672,-32
1,19673,115
1,19674,32
1,19675,147
1,19676,135
1,19677,102
1,19678,26
1,19679,83
1,19680,122
1,19681,89
1,19682,90
1,19683,115
1,19684,167
1,19685,109
1,19686,102
1,19687,205
1,19688,109
1,19689,-32
1,19690,70
1,19691,167
1,19692,135
1,19693,70
1,19694,109
1,19695,70
1,19696,128
1,19697,103
1,19698,115
1,19699,64
1,19700,204
1,19701,103
1,19702,58
1,19703,115
1,19704,77
1,19705,-6
1,19706,160
1,19707,121
1,19708,819
1,19709,103
1,19710,38
1,19711,102
1,19712,77
1,19713,140
1,19714,52
1,19715,96
1,19716,204
1,19717,345
1,19718,128
1,19719,140
1,19720,134
1,19721,-32
1,19722,774
1,19723,224
1,19724,121
1,19725,186
1,19726,70
1,19727,108
1,19728,128
1,19729,45
1,19730,339
1,19731,135
1,19732,109
1,19733,57
1,19734,57
1,19735,103
1,19736,166
1,19737,115
1,19738,122
1,19739,115
1,19740,345
1,19741,-32
1,19742,128
1,19743,121
1,19744,116
1,19745,108
1,19746,121
1,19747,109
1,19748,128
1,19749,83
1,19750,147
1,19751,-352
1,19752,135
1,19753,153
1,19754,192
1,19755,122
1,19756,166
1,19757,102
1,19758,115
1,19759,115
1,19760,109
1,19761,90
1,19762,185
1,19763,-51
1,19764,109
1,19765,96
1,19766,90
1,19767,-45
1,19768,-51
1,19769,186
1,19770,116
1,19771,211
1,19772,115
1,19773,58
1,19774,25
1,19775,160
1,19776,167
1,19777,256
1,19778,122
1,19779,70
1,19780,-38
1,19781,102
1,19782,70
1,19783,64
1,19784,122
1,19785,64
1,19786,64
1,19787,64
1,19788,115
1,19789,166
1,19790,58
1,19791,71
1,19792,192
1,19793,77
1,19794,128
1,19795,115
1,19796,128
1,19797,154
1,19798,423
1,19799,167
1,19800,108
1,19801,26
1,19802,32
1,19803,364
1,19804,109
1,19805,77
1,19806,109
1,19807,77
1,19808,116
1,19809,58
1,19810,-64
1,19811,172
1,19812,211
1,19813,249
1,19814,51
1,19815,141
1,19816,173
1,19817,77
1,19818,51
1,19819,83
1,19820,167
1,19821,96
1,19822,70
1,19823,108
1,19824,160
1,19825,403
1,19826,77
1,19827,109
1,19828,167
1,19829,77
1,19830,180
1,19831,198
1,19832,83
1,19833,32
1,19834,135
1,19835,166
1,19836,-551
1,19837,58
1,19838,64
1,19839,167
1,19840,128
1,19841,115
1,19842,64
1,19843,160
1,19844,64
1,19845,-32
1,19846,96
1,19847,122
1,19848,141
1,19849,90
1,19850,64
1,19851,256
1,19852,160
1,19853,84
1,19854,83
1,19855,122
1,19856,77
1,19857,57
1,19858,122
1,19859,102
1,19860,172
1,19861,-7
1,19862,64
1,19863,64
1,19864,77
1,19865,103
1,19866,96
1,19867,19
1,19868,103
1,19869,96
1,19870,76
1,19871,134
1,19872,205
1,19873,-45
1,19874,84
1,19875,58
1,19876,115
1,19877,-32
1,19878,121
1,19879,116
1,19880,109
1,19881,122
1,19882,109
1,19883,314
1,19884,199
1,19885,103
1,19886,57
1,19887,180
1,19888,135
1,19889,269
1,19890,70
1,19891,122
1,19892,173
1,19893,109
1,19894,64
1,19895,102
1,19896,154
1,19897,122
1,19898,160
1,19899,-32
1,19900,192
1,19901,58
1,19902,211
1,19903,70
1,19904,141
1,19905,96
1,19906,83
1,19907,71
1,19908,160
1,19909,249
1,19910,128
1,19911,179
1,19912,166
1,19913,45
1,19914,-32
1,19915,140
1,19916,89
1,19917,109
1,19918,77
1,19919,141
1,19920,153
1,19921,-224
1,19922,115
1,19923,109
1,19924,154
1,19925,115
1,19926,64
1,19927,96
1,19928,154
1,19929,96
1,19930,-25
1,19931,185
1,19932,256
1,19933,115
1,19934,108
1,19935,109
1,19936,154
1,19937,103
1,19938,58
1,19939,102
1,19940,83
1,19941,154
1,19942,115
1,19943,147
1,19944,-44
1,19945,122
1,19946,147
1,19947,96
1,19948,148
1,19949,141
1,19950,109
1,19951,153
1,19952,147
1,19953,51
1,19954,121
1,19955,70
1,19956,192
1,19957,64
1,19958,70
1,19959,122
1,19960,167
1,19961,71
1,19962,64
1,19963,77
1,19964,819
1,19965,96
1,19966,51
1,19967,377
1,19968,128
1,19969,25
1,19970,115
1,19971,115
1,19972,192
1,19973,64
1,19974,83
1,19975,84
1,19976,77
1,19977,794
1,19978,122
1,19979,813
1,19980,160
1,19981,76
1,19982,116
1,19983,122
1,19984,135
1,19985,51
1,19986,-19
1,19987,45
1,19988,26
1,19989,52
1,19990,103
1,19991,135
1,19992,282
1,19993,57
1,19994,115
1,19995,115
1,19996,166
1,19997,108
1,19998,372
1,19999,83
1,20000,121
2,1,167
2,2,-52
2,3,-448
2,4,205
2,5,26
2,6,160
2,7,64
2,8,115
2,9,64
2,10,96
2,11,211
2,12,211
2,13,249
2,14,249
2,15,217
2,16,217
2,17,147
2,18,83
2,19,166
2,20,154
2,21,52
2,22,64
2,23,-275
2,24,84
2,25,51
2,26,32
2,27,115
2,28,76
2,29,64
2,30,58
2,31,51
2,32,58
2,33,51
2,34,166
2,35,-70
2,36,51
2,37,51
2,38,64
2,39,45
2,40,32
2,41,25
2,42,25
2,43,51
2,44,64
2,45,39
2,46,32
2,47,26
2,48,-32
2,49,58
2,50,102
2,51,58
2,52,128
2,53,83
2,54,83
2,55,64
2,56,84
2,57,19
2,58,51
2,59,58
2,60,70
2,61,32
2,62,102
2,63,58
2,64,38
2,65,64
2,66,32
2,67,58
2,68,77
2,69,71
2,70,25
2,71,84
2,72,39
2,73,32
2,74,71
2,75,51
2,76,77
2,77,19
2,78,26
2,79,57
2,80,64
2,81,51
2,82,-38
2,83,160
2,84,64
2,85,211
2,86,57
2,87,64
2,88,-538
2,89,51
2,90,64
2,91,25
2,92,64
2,93,71
2,94,32
2,95,58
2,96,45
2,97,19
2,98,38
2,99,45
2,100,64
2,101,52
2,102,51
2,103,166
2,104,58
2,105,103
2,106,115
2,107,115
2,108,115
2,109,45
2,110,57
2,111,102
2,112,96
2,113,25
2,114,179
2,115,166
2,116,58
2,117,250
2,118,64
2,119,64
2,120,71
2,121,518
2,122,32
2,123,256
2,124,128
2,125,64
2,126,32
2,127,-205
2,128,64
2,129,32
2,130,57
2,131,51
2,132,102
2,133,64
2,134,51
2,135,32
2,136,116
2,137,108
2,138,64
2,139,109
2,140,102
2,141,51
2,142,58
2,143,70
2,144,64
2,145,51
2,146,32
2,147,19
2,148,64
2,149,77
2,150,26
2,151,-237
2,152,96
2,153,109
2,154,103
2,155,103
2,156,122
2,157,71
2,158,-205
2,159,96
2,160,52
2,161,64
2,162,109
2,163,77
2,164,45
2,165,-32
2,166,26
2,167,32
2,168,32
2,169,64
2,170,51
2,171,64
2,172,153
2,173,-531
2,174,115
2,175,262
2,176,89
2,177,313
2,178,83
2,179,109
2,180,122
2,181,-230
2,182,51
2,183,57
2,184,109
2,185,39
2,186,58
2,187,102
2,188,83
2,189,57
2,190,44
2,191,25
2,192,122
2,193,115
2,194,-230
2,195,-148
2,196,166
2,197,173
2,198,96
2,199,-243
2,200,51
2,201,89
2,202,218
2,203,148
2,204,108
2,205,77
2,206,109
2,207,-243
2,208,57
2,209,90
2,210,108
2,211,167
2,212,64
2,213,76
2,214,115
2,215,51
2,216,96
2,217,249
2,218,64
2,219,57
2,220,813
2,221,58
2,222,20
2,223,-301
2,224,77
2,225,19
2,226,20
2,227,58
2,228,70
2,229,-51
2,230,32
2,231,77
2,232,57
2,233,57
2,234,160
2,235,-64
2,236,77
2,237,96
2,238,-64
2,239,83
2,240,128
2,241,51
2,242,32
2,243,-26
2,244,83
2,245,45
2,246,52
2,247,64
2,248,57
2,249,102
2,250,38
2,251,109
2,252,83
2,253,103
2,254,109
2,255,103
2,256,71
2,257,115
2,258,57
2,259,-378
2,260,52
2,261,102
2,262,77
2,263,77
2,264,57
2,265,141
2,266,115
2,267,160
2,268,96
2,269,141
2,270,70
2,271,-51
2,272,109
2,273,32
2,274,64
2,275,51
2,276,83
2,277,89
2,278,70
2,279,20
2,280,45
2,281,173
2,282,70
2,283,26
2,284,64
2,285,77
2,286,64
2,287,84
2,288,128
2,289,57
2,290,-218
2,291,20
2,292,122
2,293,45
2,294,64
2,295,77
2,296,51
2,297,109
2,298,32
2,299,52
2,300,19
2,301,320
2,302,51
2,303,-442
2,304,96
2,305,57
2,306,103
2,307,-199
2,308,-276
2,309,51
2,310,64
2,311,52
2,312,346
2,313,64
2,314,26
2,315,-26
2,316,77
2,317,64
2,318,57
2,319,64
2,320,58
2,321,70
2,322,51
2,323,71
2,324,77
2,325,64
2,326,103
2,327,365
2,328,109
2,329,460
2,330,96
2,331,20
2,332,32
2,333,122
2,334,211
2,335,173
2,336,103
2,337,102
2,338,64
2,339,166
2,340,57
2,341,32
2,342,51
2,343,32
2,344,-332
2,345,32
2,346,19
2,347,26
2,348,32
2,349,64
2,350,57
2,351,51
2,352,109
2,353,51
2,354,45
2,355,-38
2,356,96
2,357,51
2,358,13
2,359,-57
2,360,96
2,361,90
2,362,70
2,363,103
2,364,77
2,365,122
2,366,64
2,367,71
2,368,102
2,369,83
2,370,103
2,371,51
2,372,45
2,373,57
2,374,141
2,375,26
2,376,115
2,377,83
2,378,51
2,379,83
2,380,109
2,381,70
2,382,-256
2,383,45
2,384,57
2,385,45
2,386,-19
2,387,346
2,388,77
2,389,116
2,390,51
2,391,224
2,392,64
2,393,140
2,394,70
2,395,64
2,396,51
2,397,-212
2,398,26
2,399,70
2,400,115
2,401,32
2,402,25
2,403,153
2,404,84
2,405,64
2,406,58
2,407,26
2,408,57
2,409,102
2,410,76
2,411,116
2,412,179
2,413,-38
2,414,57
2,415,26
2,416,102
2,417,25
2,418,89
2,419,19
2,420,141
2,421,102
2,422,-19
2,423,-288
2,424,58
2,425,64
2,426,51
2,427,57
2,428,70
2,429,-403
2,430,96
2,431,64
2,432,147
2,433,141
2,434,-320
2,435,-64
2,436,115
2,437,96
2,438,64
2,439,58
2,440,281
2,441,70
2,442,70
2,443,58
2,444,83
2,445,83
2,446,51
2,447,109
2,448,71
2,449,25
2,450,153
2,451,70
2,452,108
2,453,83
2,454,-51
2,455,83
2,456,64
2,457,70
2,458,52
2,459,-205
2,460,128
2,461,269
2,462,-185
2,463,64
2,464,115
2,465,-39
2,466,58
2,467,96
2,468,160
2,469,83
2,470,147
2,471,224
2,472,166
2,473,313
2,474,64
2,475,-243
2,476,813
2,477,103
2,478,38
2,479,134
2,480,70
2,481,166
2,482,-249
2,483,25
2,484,57
2,485,32
2,486,51
2,487,71
2,488,96
2,489,787
2,490,64
2,491,781
2,492,89
2,493,32
2,494,70
2,495,90
2,496,122
2,497,57
2,498,64
2,499,-39
2,500,64
2,501,58
2,502,32
2,503,83
2,504,71
2,505,76
2,506,109
2,507,64
2,508,134
2,509,141
2,510,70
2,511,115
2,512,96
2,513,25
2,514,13
2,515,-614
2,516,44
2,517,58
2,518,77
2,519,96
2,520,32
2,521,58
2,522,108
2,523,39
2,524,77
2,525,71
2,526,57
2,527,26
2,528,115
2,529,25
2,530,-13
2,531,-19
2,532,38
2,533,-339
2,534,19
2,535,52
2,536,32
2,537,378
2,538,26
2,539,71
2,540,77
2,541,109
2,542,71
2,543,70
2,544,51
2,545,122
2,546,192
2,547,90
2,548,32
2,549,121
2,550,64
2,551,109
2,552,205
2,553,141
2,554,109
2,555,135
2,556,108
2,557,89
2,558,204
2,559,134
2,560,134
2,561,147
2,562,128
2,563,90
2,564,109
2,565,109
2,566,70
2,567,64
2,568,212
2,569,52
2,570,83
2,571,64
2,572,121
2,573,84
2,574,64
2,575,160
2,576,52
2,577,-205
2,578,70
2,579,185
2,580,205
2,581,115
2,582,166
2,583,128
2,584,166
2,585,45
2,586,160
2,587,160
2,588,166
2,589,134
2,590,64
2,591,77
2,592,58
2,593,160
2,594,160
2,595,154
2,596,153
2,597,147
2,598,70
2,599,90
2,600,-512
2,601,103
2,602,58
2,603,64
2,604,166
2,605,83
2,606,115
2,607,268
2,608,199
2,609,-26
2,610,32
2,611,32
2,612,64
2,613,-57
2,614,83
2,615,57
2,616,122
2,617,179
2,618,128
2,619,103
2,620,115
2,621,96
2,622,192
2,623,122
2,624,128
2,625,26
2,626,64
2,627,52
2,628,57
2,629,-38
2,630,89
2,631,45
2,632,109
2,633,109
2,634,121
2,635,134
2,636,154
2,637,102
2,638,122
2,639,121
2,640,76
2,641,58
2,642,141
2,643,57
2,644,64
2,645,84
2,646,115
2,647,57
2,648,148
2,649,58
2,650,83
2,651,96
2,652,134
2,653,103
2,654,57
2,655,39
2,656,38
2,657,71
2,658,51
2,659,167
2,660,64
2,661,141
2,662,70
2,663,52
2,664,154
2,665,147
2,666,121
2,667,77
2,668,96
2,669,70
2,670,83
2,671,58
2,672,77
2,673,121
2,674,71
2,675,70
2,676,166
2,677,44
2,678,109
2,679,71
2,680,83
2,681,64
2,682,58
2,683,90
2,684,147
2,685,-614
2,686,32
2,687,160
2,688,141
2,689,166
2,690,147
2,691,76
2,692,109
2,693,52
2,694,70
2,695,134
2,696,173
2,697,64
2,698,115
2,699,154
2,700,90
2,701,58
2,702,153
2,703,71
2,704,51
2,705,58
2,706,115
2,707,295
2,708,109
2,709,32
2,710,115
2,711,96
2,712,57
2,713,147
2,714,-25
2,715,25
2,716,83
2,717,103
2,718,58
2,719,77
2,720,154
2,721,147
2,722,121
2,723,70
2,724,211
2,725,58
2,726,121
2,727,109
2,728,153
2,729,365
2,730,77
2,731,-45
2,732,793
2,733,64
2,734,71
2,735,128
2,736,102
2,737,64
2,738,64
2,739,89
2,740,154
2,741,-26
2,742,25
2,743,89
2,744,51
2,745,108
2,746,768
2,747,45
2,748,212
2,749,198
2,750,109
2,751,70
2,752,64
2,753,64
2,754,109
2,755,26
2,756,115
2,757,96
2,758,71
2,759,102
2,760,83
2,761,109
2,762,-52
2,763,128
2,764,116
2,765,109
2,766,103
2,767,77
2,768,135
2,769,-25
2,770,-396
2,771,64
2,772,-12
2,773,160
2,774,70
2,775,109
2,776,243
2,777,77
2,778,57
2,779,115
2,780,77
2,781,90
2,782,84
2,783,121
2,784,166
2,785,64
2,786,64
2,787,103
2,788,173
2,789,64
2,790,58
2,791,103
2,792,51
2,793,-19
2,794,83
2,795,109
2,796,109
2,797,64
2,798,108
2,799,64
2,800,77
2,801,115
2,802,70
2,803,102
2,804,179
2,805,102
2,806,77
2,807,90
2,808,160
2,809,51
2,810,58
2,811,52
2,812,64
2,813,64
2,814,26
2,815,70
2,816,96
2,817,192
2,818,108
2,819,71
2,820,109
2,821,103
2,822,147
2,823,109
2,824,135
2,825,45
2,826,89
2,827,19
2,828,32
2,829,352
2,830,108
2,831,64
2,832,51
2,833,102
2,834,90
2,835,109
2,836,109
2,837,148
2,838,128
2,839,89
2,840,166
2,841,-32
2,842,64
2,843,71
2,844,167
2,845,269
2,846,103
2,847,148
2,848,115
2,849,51
2,850,96
2,851,102
2,852,89
2,853,52
2,854,90
2,855,89
2,856,-653
2,857,64
2,858,96
2,859,20
2,860,160
2,861,102
2,862,58
2,863,167
2,864,45
2,865,64
2,866,19
2,867,116
2,868,71
2,869,45
2,870,-45
2,871,102
2,872,102
2,873,51
2,874,122
2,875,167
2,876,173
2,877,76
2,878,173
2,879,141
2,880,160
2,881,103
2,882,147
2,883,19
2,884,51
2,885,57
2,886,71
2,887,102
2,888,154
2,889,116
2,890,141
2,891,160
2,892,13
2,893,128
2,894,71
2,895,83
2,896,154
2,897,26
2,898,-26
2,899,77
2,900,51
2,901,154
2,902,-45
2,903,96
2,904,122
2,905,83
2,906,148
2,907,166
2,908,135
2,909,103
2,910,173
2,911,160
2,912,102
2,913,96
2,914,71
2,915,64
2,916,44
2,917,51
2,918,-32
2,919,64
2,920,167
2,921,121
2,922,147
2,923,96
2,924,166
2,925,89
2,926,64
2,927,64
2,928,179
2,929,32
2,930,57
2,931,282
2,932,70
2,933,109
2,934,128
2,935,122
2,936,64
2,937,102
2,938,108
2,939,71
2,940,-832
2,941,122
2,942,64
2,943,77
2,944,128
2,945,154
2,946,83
2,947,147
2,948,160
2,949,57
2,950,-25
2,951,134
2,952,64
2,953,83
2,954,64
2,955,76
2,956,103
2,957,160
2,958,25
2,959,115
2,960,96
2,961,109
2,962,45
2,963,51
2,964,76
2,965,109
2,966,64
2,967,108
2,968,128
2,969,58
2,970,135
2,971,115
2,972,77
2,973,122
2,974,58
2,975,83
2,976,102
2,977,147
2,978,333
2,979,115
2,980,64
2,981,70
2,982,-32
2,983,96
2,984,173
2,985,96
2,986,57
2,987,109
2,988,794
2,989,121
2,990,51
2,991,-391
2,992,128
2,993,90
2,994,64
2,995,32
2,996,154
2,997,45
2,998,141
2,999,102
2,1000,115
2,1001,762
2,1002,121
2,1003,845
2,1004,109
2,1005,58
2,1006,96
2,1007,108
2,1008,320
2,1009,51
2,1010,83
2,1011,57
2,1012,122
2,1013,51
2,1014,83
2,1015,83
2,1016,121
2,1017,116
2,1018,115
2,1019,102
2,1020,45
2,1021,70
2,1022,26
2,1023,89
2,1024,71
2,1025,-487
2,1026,160
2,1027,64
2,1028,83
2,1029,52
2,1030,116
2,1031,84
2,1032,121
2,1033,77
2,1034,51
2,1035,364
2,1036,51
2,1037,76
2,1038,199
2,1039,116
2,1040,115
2,1041,39
2,1042,77
2,1043,102
2,1044,51
2,1045,90
2,1046,179
2,1047,52
2,1048,166
2,1049,179
2,1050,77
2,1051,70
2,1052,167
2,1053,51
2,1054,186
2,1055,122
2,1056,109
2,1057,-19
2,1058,205
2,1059,128
2,1060,122
2,1061,102
2,1062,166
2,1063,173
2,1064,64
2,1065,64
2,1066,84
2,1067,217
2,1068,109
2,1069,25
2,1070,160
2,1071,64
2,1072,71
2,1073,134
2,1074,205
2,1075,115
2,1076,122
2,1077,103
2,1078,211
2,1079,45
2,1080,109
2,1081,38
2,1082,166
2,1083,108
2,1084,179
2,1085,38
2,1086,211
2,1087,83
2,1088,26
2,1089,108
2,1090,147
2,1091,115
2,1092,115
2,1093,64
2,1094,173
2,1095,141
2,1096,179
2,1097,51
2,1098,83
2,1099,115
2,1100,51
2,1101,57
2,1102,327
2,1103,116
2,1104,83
2,1105,102
2,1106,173
2,1107,71
2,1108,147
2,1109,83
2,1110,84
2,1111,-358
2,1112,167
2,1113,-32
2,1114,52
2,1115,26
2,1116,58
2,1117,44
2,1118,51
2,1119,-64
2,1120,128
2,1121,403
2,1122,154
2,1123,51
2,1124,64
2,1125,51
2,1126,90
2,1127,102
2,1128,25
2,1129,45
2,1130,371
2,1131,116
2,1132,173
2,1133,96
2,1134,64
2,1135,32
2,1136,84
2,1137,77
2,1138,102
2,1139,64
2,1140,89
2,1141,32
2,1142,77
2,1143,38
2,1144,282
2,1145,89
2,1146,166
2,1147,83
2,1148,115
2,1149,84
2,1150,128
2,1151,109
2,1152,128
2,1153,52
2,1154,58
2,1155,109
2,1156,70
2,1157,58
2,1158,115
2,1159,39
2,1160,64
2,1161,64
2,1162,186
2,1163,115
2,1164,115
2,1165,20
2,1166,96
2,1167,109
2,1168,39
2,1169,77
2,1170,186
2,1171,108
2,1172,57
2,1173,64
2,1174,199
2,1175,148
2,1176,141
2,1177,102
2,1178,160
2,1179,115
2,1180,128
2,1181,135
2,1182,25
2,1183,-58
2,1184,52
2,1185,51
2,1186,109
2,1187,122
2,1188,205
2,1189,51
2,1190,90
2,1191,70
2,1192,83
2,1193,51
2,1194,-32
2,1195,141
2,1196,-474
2,1197,45
2,1198,128
2,1199,51
2,1200,89
2,1201,70
2,1202,76
2,1203,128
2,1204,-44
2,1205,38
2,1206,71
2,1207,96
2,1208,148
2,1209,51
2,1210,64
2,1211,83
2,1212,179
2,1213,269
2,1214,147
2,1215,19
2,1216,51
2,1217,115
2,1218,83
2,1219,121
2,1220,172
2,1221,96
2,1222,167
2,1223,115
2,1224,115
2,1225,96
2,1226,179
2,1227,103
2,1228,109
2,1229,109
2,1230,109
2,1231,115
2,1232,76
2,1233,147
2,1234,147
2,1235,90
2,1236,199
2,1237,90
2,1238,96
2,1239,32
2,1240,128
2,1241,32
2,1242,115
2,1243,64
2,1244,812
2,1245,96
2,1246,64
2,1247,58
2,1248,173
2,1249,-7
2,1250,45
2,1251,57
2,1252,109
2,1253,64
2,1254,121
2,1255,141
2,1256,166
2,1257,64
2,1258,787
2,1259,115
2,1260,198
2,1261,71
2,1262,153
2,1263,70
2,1264,102
2,1265,71
2,1266,179
2,1267,32
2,1268,39
2,1269,51
2,1270,83
2,1271,115
2,1272,58
2,1273,70
2,1274,166
2,1275,96
2,1276,102
2,1277,96
2,1278,-13
2,1279,70
2,1280,128
2,1281,-512
2,1282,115
2,1283,57
2,1284,89
2,1285,58
2,1286,116
2,1287,64
2,1288,45
2,1289,154
2,1290,211
2,1291,160
2,1292,134
2,1293,109
2,1294,128
2,1295,166
2,1296,166
2,1297,77
2,1298,173
2,1299,-294
2,1300,154
2,1301,89
2,1302,211
2,1303,64
2,1304,122
2,1305,77
2,1306,121
2,1307,89
2,1308,153
2,1309,141
2,1310,58
2,1311,83
2,1312,70
2,1313,57
2,1314,339
2,1315,115
2,1316,90
2,1317,64
2,1318,160
2,1319,121
2,1320,115
2,1321,45
2,1322,64
2,1323,45
2,1324,77
2,1325,122
2,1326,199
2,1327,102
2,1328,224
2,1329,109
2,1330,160
2,1331,116
2,1332,128
2,1333,109
2,1334,141
2,1335,-51
2,1336,141
2,1337,-52
2,1338,173
2,1339,83
2,1340,122
2,1341,109
2,1342,84
2,1343,26
2,1344,64
2,1345,51
2,1346,115
2,1347,-199
2,1348,122
2,1349,64
2,1350,71
2,1351,160
2,1352,166
2,1353,26
2,1354,58
2,1355,64
2,1356,77
2,1357,64
2,1358,32
2,1359,77
2,1360,64
2,1361,32
2,1362,76
2,1363,103
2,1364,211
2,1365,57
2,1366,173
2,1367,-371
2,1368,179
2,1369,25
2,1370,58
2,1371,20
2,1372,57
2,1373,-52
2,1374,141
2,1375,83
2,1376,160
2,1377,109
2,1378,102
2,1379,96
2,1380,160
2,1381,45
2,1382,365
2,1383,52
2,1384,39
2,1385,58
2,1386,64
2,1387,84
2,1388,403
2,1389,77
2,1390,109
2,1391,109
2,1392,166
2,1393,52
2,1394,96
2,1395,20
2,1396,51
2,1397,57
2,1398,13
2,1399,71
2,1400,173
2,1401,128
2,1402,122
2,1403,160
2,1404,121
2,1405,45
2,1406,192
2,1407,70
2,1408,320
2,1409,51
2,1410,167
2,1411,25
2,1412,96
2,1413,160
2,1414,84
2,1415,102
2,1416,121
2,1417,204
2,1418,154
2,1419,-32
2,1420,186
2,1421,109
2,1422,122
2,1423,109
2,1424,45
2,1425,70
2,1426,83
2,1427,64
2,1428,-6
2,1429,32
2,1430,58
2,1431,64
2,1432,90
2,1433,128
2,1434,167
2,1435,71
2,1436,134
2,1437,38
2,1438,109
2,1439,25
2,1440,135
2,1441,115
2,1442,115
2,1443,71
2,1444,76
2,1445,90
2,1446,372
2,1447,58
2,1448,102
2,1449,52
2,1450,64
2,1451,64
2,1452,-467
2,1453,77
2,1454,160
2,1455,51
2,1456,365
2,1457,70
2,1458,121
2,1459,58
2,1460,102
2,1461,51
2,1462,211
2,1463,103
2,1464,115
2,1465,58
2,1466,90
2,1467,128
2,1468,391
2,1469,64
2,1470,122
2,1471,77
2,1472,172
2,1473,-58
2,1474,77
2,1475,64
2,1476,140
2,1477,51
2,1478,128
2,1479,108
2,1480,153
2,1481,58
2,1482,109
2,1483,397
2,1484,154
2,1485,64
2,1486,199
2,1487,13
2,1488,109
2,1489,115
2,1490,122
2,1491,103
2,1492,51
2,1493,115
2,1494,115
2,1495,109
2,1496,180
2,1497,57
2,1498,121
2,1499,128
2,1500,813
2,1501,96
2,1502,185
2,1503,57
2,1504,128
2,1505,45
2,1506,58
2,1507,32
2,1508,109
2,1509,173
2,1510,51
2,1511,32
2,1512,64
2,1513,800
2,1514,116
2,1515,775
2,1516,173
2,1517,51
2,1518,135
2,1519,262
2,1520,166
2,1521,64
2,1522,109
2,1523,128
2,1524,90
2,1525,102
2,1526,90
2,1527,70
2,1528,173
2,1529,64
2,1530,109
2,1531,-38
2,1532,-51
2,1533,96
2,1534,-237
2,1535,109
2,1536,167
2,1537,-819
2,1538,71
2,1539,38
2,1540,32
2,1541,45
2,1542,103
2,1543,173
2,1544,77
2,1545,96
2,1546,96
2,1547,147
2,1548,147
2,1549,96
2,1550,103
2,1551,115
2,1552,76
2,1553,-19
2,1554,70
2,1555,102
2,1556,128
2,1557,70
2,1558,115
2,1559,96
2,1560,32
2,1561,38
2,1562,122
2,1563,134
2,1564,109
2,1565,77
2,1566,128
2,1567,115
2,1568,147
2,1569,57
2,1570,224
2,1571,167
2,1572,115
2,1573,-38
2,1574,109
2,1575,115
2,1576,128
2,1577,64
2,1578,134
2,1579,96
2,1580,115
2,1581,102
2,1582,109
2,1583,122
2,1584,115
2,1585,-52
2,1586,141
2,1587,128
2,1588,198
2,1589,77
2,1590,205
2,1591,83
2,1592,173
2,1593,32
2,1594,147
2,1595,89
2,1596,52
2,1597,83
2,1598,378
2,1599,77
2,1600,77
2,1601,167
2,1602,128
2,1603,121
2,1604,211
2,1605,121
2,1606,109
2,1607,84
2,1608,160
2,1609,77
2,1610,122
2,1611,103
2,1612,64
2,1613,76
2,1614,371
2,1615,-51
2,1616,134
2,1617,121
2,1618,115
2,1619,134
2,1620,166
2,1621,154
2,1622,153
2,1623,-416
2,1624,192
2,1625,51
2,1626,64
2,1627,51
2,1628,179
2,1629,51
2,1630,-52
2,1631,135
2,1632,103
2,1633,-7
2,1634,96
2,1635,51
2,1636,45
2,1637,-19
2,1638,84
2,1639,58
2,1640,77
2,1641,135
2,1642,397
2,1643,141
2,1644,115
2,1645,52
2,1646,51
2,1647,77
2,1648,166
2,1649,71
2,1650,122
2,1651,52
2,1652,57
2,1653,64
2,1654,128
2,1655,173
2,1656,103
2,1657,64
2,1658,122
2,1659,121
2,1660,147
2,1661,134
2,1662,160
2,1663,115
2,1664,192
2,1665,57
2,1666,70
2,1667,96
2,1668,102
2,1669,58
2,1670,70
2,1671,128
2,1672,141
2,1673,64
2,1674,147
2,1675,166
2,1676,115
2,1677,71
2,1678,128
2,1679,192
2,1680,109
2,1681,102
2,1682,70
2,1683,134
2,1684,109
2,1685,89
2,1686,147
2,1687,90
2,1688,115
2,1689,45
2,1690,83
2,1691,77
2,1692,122
2,1693,135
2,1694,135
2,1695,90
2,1696,140
2,1697,-52
2,1698,135
2,1699,-198
2,1700,185
2,1701,115
2,1702,173
2,1703,153
2,1704,128
2,1705,26
2,1706,70
2,1707,148
2,1708,-518
2,1709,45
2,1710,32
2,1711,128
2,1712,90
2,1713,84
2,1714,115
2,1715,128
2,1716,153
2,1717,51
2,1718,307
2,1719,134
2,1720,147
2,1721,57
2,1722,90
2,1723,103
2,1724,122
2,1725,-26
2,1726,83
2,1727,102
2,1728,109
2,1729,83
2,1730,116
2,1731,173
2,1732,167
2,1733,167
2,1734,115
2,1735,121
2,1736,166
2,1737,57
2,1738,96
2,1739,44
2,1740,102
2,1741,64
2,1742,109
2,1743,102
2,1744,115
2,1745,102
2,1746,160
2,1747,160
2,1748,-25
2,1749,109
2,1750,160
2,1751,57
2,1752,-38
2,1753,128
2,1754,121
2,1755,115
2,1756,813
2,1757,58
2,1758,64
2,1759,32
2,1760,51
2,1761,45
2,1762,51
2,1763,102
2,1764,51
2,1765,51
2,1766,167
2,1767,64
2,1768,96
2,1769,-58
2,1770,806
2,1771,135
2,1772,166
2,1773,70
2,1774,224
2,1775,128
2,1776,122
2,1777,45
2,1778,313
2,1779,64
2,1780,121
2,1781,64
2,1782,167
2,1783,109
2,1784,179
2,1785,115
2,1786,173
2,1787,102
2,1788,192
2,1789,70
2,1790,128
2,1791,71
2,1792,167
2,1793,-576
2,1794,96
2,1795,96
2,1796,90
2,1797,83
2,1798,217
2,1799,109
2,1800,115
2,1801,90
2,1802,173
2,1803,103
2,1804,179
2,1805,38
2,1806,116
2,1807,90
2,1808,166
2,1809,358
2,1810,147
2,1811,102
2,1812,102
2,1813,58
2,1814,205
2,1815,115
2,1816,57
2,1817,71
2,1818,160
2,1819,153
2,1820,205
2,1821,57
2,1822,211
2,1823,116
2,1824,70
2,1825,109
2,1826,153
2,1827,45
2,1828,192
2,1829,141
2,1830,326
2,1831,108
2,1832,154
2,1833,25
2,1834,128
2,1835,45
2,1836,160
2,1837,45
2,1838,71
2,1839,52
2,1840,147
2,1841,166
2,1842,167
2,1843,52
2,1844,115
2,1845,307
2,1846,211
2,1847,26
2,1848,198
2,1849,38
2,1850,64
2,1851,109
2,1852,58
2,1853,109
2,1854,115
2,1855,109
2,1856,83
2,1857,51
2,1858,269
2,1859,109
2,1860,160
2,1861,140
2,1862,83
2,1863,153
2,1864,128
2,1865,25
2,1866,32
2,1867,134
2,1868,121
2,1869,51
2,1870,211
2,1871,217
2,1872,167
2,1873,128
2,1874,128
2,1875,102
2,1876,128
2,1877,76
2,1878,64
2,1879,-352
2,1880,172
2,1881,52
2,1882,70
2,1883,58
2,1884,115
2,1885,45
2,1886,135
2,1887,371
2,1888,115
2,1889,32
2,1890,128
2,1891,109
2,1892,153
2,1893,51
2,1894,70
2,1895,102
2,1896,70
2,1897,116
2,1898,115
2,1899,121
2,1900,365
2,1901,96
2,1902,122
2,1903,-19
2,1904,141
2,1905,64
2,1906,58
2,1907,96
2,1908,64
2,1909,32
2,1910,160
2,1911,45
2,1912,71
2,1913,77
2,1914,115
2,1915,-32
2,1916,173
2,1917,45
2,1918,71
2,1919,83
2,1920,116
2,1921,45
2,1922,89
2,1923,20
2,1924,108
2,1925,57
2,1926,141
2,1927,70
2,1928,173
2,1929,102
2,1930,160
2,1931,173
2,1932,167
2,1933,57
2,1934,384
2,1935,-128
2,1936,134
2,1937,192
2,1938,96
2,1939,44
2,1940,70
2,1941,19
2,1942,44
2,1943,64
2,1944,122
2,1945,57
2,1946,167
2,1947,77
2,1948,211
2,1949,83
2,1950,70
2,1951,96
2,1952,122
2,1953,-19
2,1954,416
2,1955,64
2,1956,-45
2,1957,45
2,1958,128
2,1959,89
2,1960,180
2,1961,57
2,1962,218
2,1963,122
2,1964,-352
2,1965,90
2,1966,109
2,1967,173
2,1968,103
2,1969,64
2,1970,96
2,1971,121
2,1972,83
2,1973,58
2,1974,108
2,1975,167
2,1976,77
2,1977,25
2,1978,122
2,1979,109
2,1980,116
2,1981,71
2,1982,166
2,1983,128
2,1984,52
2,1985,32
2,1986,115
2,1987,141
2,1988,109
2,1989,51
2,1990,122
2,1991,71
2,1992,116
2,1993,57
2,1994,160
2,1995,70
2,1996,90
2,1997,102
2,1998,-44
2,1999,371
2,2000,166
2,2001,84
2,2002,96
2,2003,32
2,2004,90
2,2005,64
2,2006,77
2,2007,116
2,2008,102
2,2009,45
2,2010,109
2,2011,262
2,2012,793
2,2013,57
2,2014,71
2,2015,128
2,2016,140
2,2017,-51
2,2018,179
2,2019,70
2,2020,167
2,2021,115
2,2022,154
2,2023,89
2,2024,166
2,2025,787
2,2026,160
2,2027,774
2,2028,179
2,2029,58
2,2030,115
2,2031,115
2,2032,192
2,2033,70
2,2034,192
2,2035,76
2,2036,371
2,2037,-32
2,2038,135
2,2039,121
2,2040,102
2,2041,51
2,2042,115
2,2043,77
2,2044,109
2,2045,45
2,2046,25
2,2047,173
2,2048,102
2,2049,-435
2,2050,153
2,2051,38
2,2052,90
2,2053,45
2,2054,109
2,2055,83
2,2056,148
2,2057,96
2,2058,32
2,2059,102
2,2060,122
2,2061,160
2,2062,167
2,2063,-45
2,2064,192
2,2065,51
2,2066,109
2,2067,83
2,2068,115
2,2069,58
2,2070,115
2,2071,160
2,2072,77
2,2073,76
2,2074,128
2,2075,160
2,2076,160
2,2077,128
2,2078,-51
2,2079,180
2,2080,153
2,2081,70
2,2082,268
2,2083,90
2,2084,160
2,2085,135
2,2086,204
2,2087,109
2,2088,192
2,2089,64
2,2090,192
2,2091,39
2,2092,109
2,2093,77
2,2094,135
2,2095,64
2,2096,166
2,2097,121
2,2098,192
2,2099,64
2,2100,122
2,2101,70
2,2102,141
2,2103,153
2,2104,167
2,2105,70
2,2106,122
2,2107,109
2,2108,96
2,2109,96
2,2110,147
2,2111,154
2,2112,90
2,2113,64
2,2114,121
2,2115,147
2,2116,-32
2,2117,70
2,2118,148
2,2119,147
2,2120,211
2,2121,26
2,2122,70
2,2123,141
2,2124,179
2,2125,51
2,2126,-26
2,2127,134
2,2128,128
2,2129,44
2,2130,121
2,2131,243
2,2132,186
2,2133,116
2,2134,-365
2,2135,70
2,2136,135
2,2137,51
2,2138,52
2,2139,122
2,2140,115
2,2141,313
2,2142,179
2,2143,51
2,2144,172
2,2145,89
2,2146,64
2,2147,64
2,2148,121
2,2149,26
2,2150,109
2,2151,83
2,2152,160
2,2153,70
2,2154,160
2,2155,109
2,2156,326
2,2157,64
2,2158,-38
2,2159,96
2,2160,128
2,2161,39
2,2162,102
2,2163,77
2,2164,103
2,2165,90
2,2166,109
2,2167,307
2,2168,64
2,2169,26
2,2170,166
2,2171,179
2,2172,122
2,2173,25
2,2174,153
2,2175,154
2,2176,134
2,2177,52
2,2178,77
2,2179,58
2,2180,64
2,2181,58
2,2182,198
2,2183,103
2,2184,70
2,2185,19
2,2186,211
2,2187,64
2,2188,153
2,2189,32
2,2190,199
2,2191,102
2,2192,141
2,2193,51
2,2194,172
2,2195,115
2,2196,-38
2,2197,122
2,2198,141
2,2199,378
2,2200,103
2,2201,90
2,2202,134
2,2203,121
2,2204,96
2,2205,64
2,2206,179
2,2207,84
2,2208,121
2,2209,109
2,2210,115
2,2211,166
2,2212,160
2,2213,38
2,2214,154
2,2215,-51
2,2216,230
2,2217,51
2,2218,64
2,2219,160
2,2220,-358
2,2221,90
2,2222,103
2,2223,160
2,2224,70
2,2225,64
2,2226,84
2,2227,160
2,2228,166
2,2229,109
2,2230,109
2,2231,109
2,2232,153
2,2233,-52
2,2234,83
2,2235,122
2,2236,115
2,2237,25
2,2238,57
2,2239,115
2,2240,39
2,2241,116
2,2242,160
2,2243,115
2,2244,173
2,2245,102
2,2246,64
2,2247,102
2,2248,166
2,2249,84
2,2250,122
2,2251,70
2,2252,83
2,2253,109
2,2254,70
2,2255,89
2,2256,173
2,2257,147
2,2258,212
2,2259,-58
2,2260,77
2,2261,84
2,2262,192
2,2263,102
2,2264,154
2,2265,71
2,2266,128
2,2267,121
2,2268,812
2,2269,25
2,2270,83
2,2271,77
2,2272,26
2,2273,26
2,2274,108
2,2275,121
2,2276,70
2,2277,25
2,2278,51
2,2279,89
2,2280,77
2,2281,64
2,2282,788
2,2283,103
2,2284,116
2,2285,51
2,2286,141
2,2287,115
2,2288,103
2,2289,236
2,2290,102
2,2291,96
2,2292,96
2,2293,32
2,2294,96
2,2295,115
2,2296,121
2,2297,147
2,2298,147
2,2299,166
2,2300,102
2,2301,83
2,2302,167
2,2303,64
2,2304,115
2,2305,-397
2,2306,250
2,2307,135
2,2308,58
2,2309,96
2,2310,141
2,2311,102
2,2312,134
2,2313,77
2,2314,192
2,2315,282
2,2316,179
2,2317,134
2,2318,83
2,2319,166
2,2320,122
2,2321,326
2,2322,115
2,2323,116
2,2324,128
2,2325,77
2,2326,116
2,2327,84
2,2328,70
2,2329,71
2,2330,109
2,2331,58
2,2332,103
2,2333,71
2,2334,160
2,2335,198
2,2336,116
2,2337,64
2,2338,160
2,2339,96
2,2340,166
2,2341,160
2,2342,160
2,2343,160
2,2344,109
2,2345,96
2,2346,160
2,2347,45
2,2348,77
2,2349,38
2,2350,167
2,2351,83
2,2352,167
2,2353,320
2,2354,134
2,2355,109
2,2356,172
2,2357,102
2,2358,147
2,2359,173
2,2360,147
2,2361,102
2,2362,44
2,2363,51
2,2364,77
2,2365,89
2,2366,115
2,2367,77
2,2368,314
2,2369,96
2,2370,-45
2,2371,173
2,2372,172
2,2373,96
2,2374,166
2,2375,167
2,2376,166
2,2377,26
2,2378,141
2,2379,102
2,2380,218
2,2381,52
2,2382,115
2,2383,-64
2,2384,122
2,2385,51
2,2386,19
2,2387,103
2,2388,153
2,2389,122
2,2390,-378
2,2391,115
2,2392,128
2,2393,45
2,2394,115
2,2395,256
2,2396,13
2,2397,51
2,2398,58
2,2399,83
2,2400,121
2,2401,25
2,2402,89
2,2403,58
2,2404,96
2,2405,52
2,2406,147
2,2407,64
2,2408,116
2,2409,90
2,2410,115
2,2411,160
2,2412,218
2,2413,64
2,2414,122
2,2415,205
2,2416,204
2,2417,51
2,2418,122
2,2419,71
2,2420,77
2,2421,102
2,2422,51
2,2423,83
2,2424,167
2,2425,64
2,2426,153
2,2427,166
2,2428,128
2,2429,96
2,2430,64
2,2431,358
2,2432,83
2,2433,26
2,2434,147
2,2435,32
2,2436,134
2,2437,83
2,2438,128
2,2439,198
2,2440,64
2,2441,71
2,2442,108
2,2443,205
2,2444,102
2,2445,58
2,2446,333
2,2447,173
2,2448,64
2,2449,-19
2,2450,89
2,2451,160
2,2452,58
2,2453,58
2,2454,77
2,2455,26
2,2456,192
2,2457,64
2,2458,211
2,2459,109
2,2460,211
2,2461,96
2,2462,109
2,2463,167
2,2464,154
2,2465,45
2,2466,167
2,2467,109
2,2468,-45
2,2469,77
2,2470,116
2,2471,102
2,2472,58
2,2473,359
2,2474,141
2,2475,77
2,2476,-365
2,2477,103
2,2478,154
2,2479,103
2,2480,224
2,2481,96
2,2482,205
2,2483,186
2,2484,32
2,2485,179
2,2486,83
2,2487,173
2,2488,83
2,2489,109
2,2490,141
2,2491,378
2,2492,134
2,2493,90
2,2494,359
2,2495,397
2,2496,115
2,2497,109
2,2498,70
2,2499,185
2,2500,70
2,2501,109
2,2502,109
2,2503,148
2,2504,154
2,2505,51
2,2506,166
2,2507,103
2,2508,185
2,2509,96
2,2510,153
2,2511,109
2,2512,115
2,2513,58
2,2514,83
2,2515,51
2,2516,166
2,2517,45
2,2518,167
2,2519,179
2,2520,147
2,2521,89
2,2522,96
2,2523,358
2,2524,992
2,2525,128
2,2526,115
2,2527,166
2,2528,116
2,2529,-32
2,2530,199
2,2531,102
2,2532,52
2,2533,64
2,2534,103
2,2535,84
2,2536,64
2,2537,813
2,2538,166
2,2539,794
2,2540,135
2,2541,115
2,2542,89
2,2543,-32
2,2544,115
2,2545,102
2,2546,109
2,2547,134
2,2548,102
2,2549,71
2,2550,102
2,2551,166
2,2552,147
2,2553,103
2,2554,-32
2,2555,128
2,2556,205
2,2557,365
2,2558,58
2,2559,89
2,2560,96
2,2561,-455
2,2562,96
2,2563,372
2,2564,166
2,2565,51
2,2566,71
2,2567,249
2,2568,154
2,2569,64
2,2570,198
2,2571,121
2,2572,102
2,2573,116
2,2574,166
2,2575,173
2,2576,160
2,2577,58
2,2578,122
2,2579,89
2,2580,32
2,2581,58
2,2582,134
2,2583,96
2,2584,166
2,2585,96
2,2586,173
2,2587,141
2,2588,153
2,2589,96
2,2590,166
2,2591,102
2,2592,115
2,2593,64
2,2594,237
2,2595,365
2,2596,166
2,2597,57
2,2598,115
2,2599,121
2,2600,154
2,2601,211
2,2602,166
2,2603,109
2,2604,52
2,2605,122
2,2606,58
2,2607,83
2,2608,38
2,2609,109
2,2610,173
2,2611,122
2,2612,122
2,2613,70
2,2614,179
2,2615,116
2,2616,173
2,2617,76
2,2618,109
2,2619,103
2,2620,147
2,2621,77
2,2622,109
2,2623,26
2,2624,102
2,2625,109
2,2626,84
2,2627,288
2,2628,134
2,2629,77
2,2630,141
2,2631,109
2,2632,160
2,2633,51
2,2634,90
2,2635,83
2,2636,90
2,2637,77
2,2638,115
2,2639,96
2,2640,154
2,2641,167
2,2642,96
2,2643,12
2,2644,199
2,2645,96
2,2646,-269
2,2647,185
2,2648,160
2,2649,-57
2,2650,109
2,2651,57
2,2652,134
2,2653,83
2,2654,154
2,2655,160
2,2656,121
2,2657,77
2,2658,326
2,2659,58
2,2660,167
2,2661,25
2,2662,83
2,2663,26
2,2664,89
2,2665,154
2,2666,109
2,2667,115
2,2668,205
2,2669,-39
2,2670,173
2,2671,96
2,2672,128
2,2673,96
2,2674,122
2,2675,-52
2,2676,96
2,2677,102
2,2678,26
2,2679,115
2,2680,134
2,2681,-38
2,2682,166
2,2683,205
2,2684,166
2,2685,89
2,2686,90
2,2687,160
2,2688,205
2,2689,58
2,2690,410
2,2691,103
2,2692,71
2,2693,32
2,2694,102
2,2695,115
2,2696,76
2,2697,320
2,2698,83
2,2699,115
2,2700,153
2,2701,102
2,2702,51
2,2703,192
2,2704,70
2,2705,90
2,2706,70
2,2707,83
2,2708,192
2,2709,115
2,2710,192
2,2711,90
2,2712,115
2,2713,160
2,2714,160
2,2715,128
2,2716,166
2,2717,167
2,2718,64
2,2719,121
2,2720,71
2,2721,115
2,2722,154
2,2723,64
2,2724,109
2,2725,-32
2,2726,64
2,2727,58
2,2728,45
2,2729,51
2,2730,179
2,2731,83
2,2732,-410
2,2733,64
2,2734,32
2,2735,89
2,2736,179
2,2737,141
2,2738,-64
2,2739,134
2,2740,198
2,2741,301
2,2742,58
2,2743,102
2,2744,166
2,2745,58
2,2746,160
2,2747,103
2,2748,128
2,2749,96
2,2750,160
2,2751,135
2,2752,115
2,2753,52
2,2754,160
2,2755,128
2,2756,141
2,2757,103
2,2758,102
2,2759,64
2,2760,141
2,2761,89
2,2762,231
2,2763,173
2,2764,365
2,2765,90
2,2766,134
2,2767,96
2,2768,179
2,2769,64
2,2770,77
2,2771,128
2,2772,141
2,2773,-38
2,2774,-25
2,2775,179
2,2776,115
2,2777,109
2,2778,90
2,2779,102
2,2780,800
2,2781,32
2,2782,167
2,2783,77
2,2784,121
2,2785,26
2,2786,-32
2,2787,77
2,2788,154
2,2789,51
2,2790,166
2,2791,64
2,2792,77
2,2793,51
2,2794,787
2,2795,307
2,2796,147
2,2797,71
2,2798,51
2,2799,64
2,2800,365
2,2801,45
2,2802,64
2,2803,32
2,2804,83
2,2805,26
2,2806,57
2,2807,83
2,2808,173
2,2809,70
2,2810,166
2,2811,-32
2,2812,140
2,2813,109
2,2814,339
2,2815,115
2,2816,116
2,2817,-410
2,2818,102
2,2819,96
2,2820,83
2,2821,90
2,2822,89
2,2823,44
2,2824,122
2,2825,45
2,2826,160
2,2827,77
2,2828,83
2,2829,58
2,2830,103
2,2831,115
2,2832,148
2,2833,45
2,2834,109
2,2835,147
2,2836,77
2,2837,51
2,2838,90
2,2839,108
2,2840,77
2,2841,96
2,2842,102
2,2843,109
2,2844,134
2,2845,89
2,2846,102
2,2847,96
2,2848,115
2,2849,96
2,2850,167
2,2851,44
2,2852,128
2,2853,57
2,2854,160
2,2855,70
2,2856,121
2,2857,32
2,2858,64
2,2859,57
2,2860,84
2,2861,64
2,2862,147
2,2863,38
2,2864,45
2,2865,141
2,2866,141
2,2867,116
2,2868,172
2,2869,108
2,2870,96
2,2871,147
2,2872,167
2,2873,51
2,2874,166
2,2875,51
2,2876,121
2,2877,96
2,2878,83
2,2879,51
2,2880,-45
2,2881,77
2,2882,116
2,2883,122
2,2884,128
2,2885,32
2,2886,153
2,2887,70
2,2888,122
2,2889,45
2,2890,70
2,2891,96
2,2892,121
2,2893,26
2,2894,346
2,2895,173
2,2896,83
2,2897,116
2,2898,199
2,2899,115
2,2900,128
2,2901,103
2,2902,-326
2,2903,135
2,2904,96
2,2905,32
2,2906,364
2,2907,-45
2,2908,147
2,2909,32
2,2910,102
2,2911,77
2,2912,166
2,2913,160
2,2914,128
2,2915,109
2,2916,51
2,2917,45
2,2918,57
2,2919,71
2,2920,-45
2,2921,147
2,2922,179
2,2923,128
2,2924,173
2,2925,135
2,2926,70
2,2927,147
2,2928,128
2,2929,71
2,2930,154
2,2931,70
2,2932,166
2,2933,116
2,2934,179
2,2935,64
2,2936,154
2,2937,115
2,2938,141
2,2939,116
2,2940,173
2,2941,-38
2,2942,173
2,2943,135
2,2944,122
2,2945,45
2,2946,-19
2,2947,58
2,2948,109
2,2949,102
2,2950,135
2,2951,128
2,2952,-38
2,2953,128
2,2954,153
2,2955,115
2,2956,173
2,2957,103
2,2958,128
2,2959,90
2,2960,205
2,2961,38
2,2962,25
2,2963,102
2,2964,153
2,2965,71
2,2966,199
2,2967,58
2,2968,70
2,2969,122
2,2970,186
2,2971,128
2,2972,205
2,2973,-52
2,2974,185
2,2975,115
2,2976,115
2,2977,52
2,2978,160
2,2979,44
2,2980,115
2,2981,64
2,2982,109
2,2983,109
2,2984,102
2,2985,25
2,2986,160
2,2987,-403
2,2988,167
2,2989,64
2,2990,121
2,2991,109
2,2992,109
2,2993,83
2,2994,96
2,2995,51
2,2996,179
2,2997,71
2,2998,96
2,2999,51
2,3000,109
2,3001,96
2,3002,173
2,3003,83
2,3004,39
2,3005,51
2,3006,384
2,3007,166
2,3008,166
2,3009,64
2,3010,77
2,3011,-25
2,3012,179
2,3013,103
2,3014,19
2,3015,109
2,3016,141
2,3017,-32
2,3018,83
2,3019,71
2,3020,115
2,3021,128
2,3022,70
2,3023,58
2,3024,173
2,3025,96
2,3026,64
2,3027,102
2,3028,77
2,3029,58
2,3030,51
2,3031,58
2,3032,192
2,3033,70
2,3034,109
2,3035,140
2,3036,806
2,3037,70
2,3038,109
2,3039,96
2,3040,154
2,3041,19
2,3042,71
2,3043,45
2,3044,44
2,3045,64
2,3046,83
2,3047,115
2,3048,96
2,3049,781
2,3050,89
2,3051,781
2,3052,211
2,3053,108
2,3054,103
2,3055,109
2,3056,211
2,3057,45
2,3058,89
2,3059,26
2,3060,122
2,3061,109
2,3062,45
2,3063,154
2,3064,166
2,3065,-26
2,3066,76
2,3067,116
2,3068,166
2,3069,115
2,3070,217
2,3071,167
2,3072,-480
2,3073,51
2,3074,115
2,3075,371
2,3076,64
2,3077,71
2,3078,89
2,3079,84
2,3080,96
2,3081,51
2,3082,160
2,3083,77
2,3084,109
2,3085,89
2,3086,70
2,3087,109
2,3088,179
2,3089,64
2,3090,58
2,3091,45
2,3092,-57
2,3093,102
2,3094,32
2,3095,115
2,3096,109
2,3097,71
2,3098,26
2,3099,102
2,3100,122
2,3101,116
2,3102,147
2,3103,64
2,3104,173
2,3105,147
2,3106,128
2,3107,154
2,3108,185
2,3109,167
2,3110,154
2,3111,-32
2,3112,192
2,3113,71
2,3114,172
2,3115,52
2,3116,32
2,3117,38
2,3118,147
2,3119,115
2,3120,217
2,3121,83
2,3122,128
2,3123,109
2,3124,224
2,3125,89
2,3126,192
2,3127,128
2,3128,180
2,3129,76
2,3130,64
2,3131,141
2,3132,154
2,3133,96
2,3134,148
2,3135,103
2,3136,70
2,3137,135
2,3138,76
2,3139,230
2,3140,179
2,3141,38
2,3142,166
2,3143,166
2,3144,147
2,3145,32
2,3146,154
2,3147,109
2,3148,371
2,3149,102
2,3150,102
2,3151,109
2,3152,64
2,3153,51
2,3154,199
2,3155,167
2,3156,205
2,3157,-512
2,3158,204
2,3159,96
2,3160,115
2,3161,32
2,3162,77
2,3163,64
2,3164,115
2,3165,32
2,3166,103
2,3167,32
2,3168,109
2,3169,26
2,3170,115
2,3171,70
2,3172,154
2,3173,58
2,3174,-32
2,3175,70
2,3176,96
2,3177,102
2,3178,147
2,3179,128
2,3180,217
2,3181,-51
2,3182,160
2,3183,103
2,3184,121
2,3185,51
2,3186,365
2,3187,109
2,3188,115
2,3189,77
2,3190,115
2,3191,109
2,3192,64
2,3193,140
2,3194,128
2,3195,167
2,3196,173
2,3197,52
2,3198,102
2,3199,128
2,3200,173
2,3201,26
2,3202,102
2,3203,64
2,3204,134
2,3205,96
2,3206,122
2,3207,172
2,3208,167
2,3209,52
2,3210,173
2,3211,173
2,3212,32
2,3213,45
2,3214,77
2,3215,128
2,3216,32
2,3217,32
2,3218,166
2,3219,-32
2,3220,192
2,3221,96
2,3222,134
2,3223,147
2,3224,58
2,3225,52
2,3226,166
2,3227,115
2,3228,154
2,3229,51
2,3230,122
2,3231,154
2,3232,115
2,3233,141
2,3234,-51
2,3235,185
2,3236,109
2,3237,96
2,3238,192
2,3239,147
2,3240,160
2,3241,96
2,3242,121
2,3243,-358
2,3244,173
2,3245,57
2,3246,109
2,3247,58
2,3248,103
2,3249,57
2,3250,115
2,3251,141
2,3252,64
2,3253,58
2,3254,166
2,3255,115
2,3256,166
2,3257,102
2,3258,154
2,3259,64
2,3260,109
2,3261,77
2,3262,83
2,3263,365
2,3264,70
2,3265,109
2,3266,167
2,3267,135
2,3268,89
2,3269,128
2,3270,122
2,3271,147
2,3272,103
2,3273,153
2,3274,269
2,3275,70
2,3276,135
2,3277,58
2,3278,64
2,3279,77
2,3280,173
2,3281,109
2,3282,122
2,3283,121
2,3284,160
2,3285,96
2,3286,198
2,3287,102
2,3288,83
2,3289,64
2,3290,44
2,3291,96
2,3292,787
2,3293,154
2,3294,84
2,3295,160
2,3296,115
2,3297,57
2,3298,172
2,3299,-198
2,3300,38
2,3301,58
2,3302,57
2,3303,128
2,3304,89
2,3305,109
2,3306,800
2,3307,-64
2,3308,134
2,3309,115
2,3310,64
2,3311,96
2,3312,167
2,3313,45
2,3314,134
2,3315,90
2,3316,108
2,3317,269
2,3318,58
2,3319,70
2,3320,115
2,3321,32
2,3322,103
2,3323,141
2,3324,167
2,3325,57
2,3326,224
2,3327,154
2,3328,-864
2,3329,64
2,3330,173
2,3331,83
2,3332,64
2,3333,26
2,3334,58
2,3335,64
2,3336,122
2,3337,103
2,3338,160
2,3339,109
2,3340,128
2,3341,109
2,3342,128
2,3343,205
2,3344,70
2,3345,38
2,3346,115
2,3347,70
2,3348,115
2,3349,102
2,3350,77
2,3351,26
2,3352,263
2,3353,122
2,3354,377
2,3355,122
2,3356,102
2,3357,64
2,3358,77
2,3359,64
2,3360,116
2,3361,51
2,3362,179
2,3363,102
2,3364,153
2,3365,58
2,3366,122
2,3367,122
2,3368,115
2,3369,32
2,3370,-38
2,3371,32
2,3372,58
2,3373,211
2,3374,102
2,3375,71
2,3376,109
2,3377,115
2,3378,154
2,3379,128
2,3380,64
2,3381,64
2,3382,212
2,3383,76
2,3384,115
2,3385,51
2,3386,58
2,3387,135
2,3388,90
2,3389,51
2,3390,173
2,3391,96
2,3392,108
2,3393,116
2,3394,167
2,3395,147
2,3396,180
2,3397,96
2,3398,173
2,3399,109
2,3400,115
2,3401,58
2,3402,89
2,3403,77
2,3404,96
2,3405,160
2,3406,-26
2,3407,135
2,3408,147
2,3409,90
2,3410,154
2,3411,70
2,3412,186
2,3413,-659
2,3414,70
2,3415,115
2,3416,122
2,3417,333
2,3418,108
2,3419,45
2,3420,70
2,3421,32
2,3422,58
2,3423,-38
2,3424,135
2,3425,108
2,3426,115
2,3427,58
2,3428,116
2,3429,51
2,3430,121
2,3431,-32
2,3432,83
2,3433,-19
2,3434,217
2,3435,128
2,3436,103
2,3437,262
2,3438,172
2,3439,128
2,3440,154
2,3441,32
2,3442,58
2,3443,-64
2,3444,102
2,3445,57
2,3446,160
2,3447,64
2,3448,-39
2,3449,122
2,3450,154
2,3451,71
2,3452,141
2,3453,58
2,3454,166
2,3455,166
2,3456,76
2,3457,64
2,3458,154
2,3459,115
2,3460,122
2,3461,109
2,3462,166
2,3463,70
2,3464,109
2,3465,109
2,3466,192
2,3467,179
2,3468,109
2,3469,102
2,3470,121
2,3471,122
2,3472,154
2,3473,109
2,3474,115
2,3475,-19
2,3476,179
2,3477,160
2,3478,217
2,3479,135
2,3480,140
2,3481,64
2,3482,217
2,3483,121
2,3484,218
2,3485,96
2,3486,166
2,3487,39
2,3488,147
2,3489,109
2,3490,179
2,3491,103
2,3492,109
2,3493,45
2,3494,71
2,3495,154
2,3496,121
2,3497,-51
2,3498,-288
2,3499,109
2,3500,153
2,3501,77
2,3502,102
2,3503,109
2,3504,147
2,3505,96
2,3506,83
2,3507,-45
2,3508,391
2,3509,109
2,3510,153
2,3511,115
2,3512,96
2,3513,109
2,3514,166
2,3515,76
2,3516,77
2,3517,288
2,3518,173
2,3519,71
2,3520,108
2,3521,102
2,3522,154
2,3523,116
2,3524,83
2,3525,58
2,3526,128
2,3527,109
2,3528,372
2,3529,58
2,3530,172
2,3531,160
2,3532,109
2,3533,64
2,3534,160
2,3535,70
2,3536,115
2,3537,45
2,3538,57
2,3539,109
2,3540,301
2,3541,38
2,3542,166
2,3543,-64
2,3544,147
2,3545,140
2,3546,160
2,3547,71
2,3548,819
2,3549,76
2,3550,199
2,3551,96
2,3552,128
2,3553,-20
2,3554,83
2,3555,371
2,3556,64
2,3557,83
2,3558,26
2,3559,51
2,3560,90
2,3561,794
2,3562,160
2,3563,755
2,3564,108
2,3565,20
2,3566,103
2,3567,116
2,3568,122
2,3569,109
2,3570,-25
2,3571,154
2,3572,109
2,3573,102
2,3574,109
2,3575,103
2,3576,102
2,3577,64
2,3578,172
2,3579,108
2,3580,108
2,3581,90
2,3582,64
2,3583,122
2,3584,-339
2,3585,77
2,3586,160
2,3587,19
2,3588,64
2,3589,83
2,3590,153
2,3591,121
2,3592,148
2,3593,64
2,3594,167
2,3595,134
2,3596,185
2,3597,51
2,3598,154
2,3599,51
2,3600,377
2,3601,57
2,3602,70
2,3603,71
2,3604,71
2,3605,103
2,3606,64
2,3607,89
2,3608,166
2,3609,52
2,3610,121
2,3611,160
2,3612,115
2,3613,58
2,3614,121
2,3615,83
2,3616,83
2,3617,96
2,3618,154
2,3619,141
2,3620,109
2,3621,32
2,3622,371
2,3623,-64
2,3624,76
2,3625,25
2,3626,160
2,3627,103
2,3628,58
2,3629,32
2,3630,141
2,3631,58
2,3632,44
2,3633,148
2,3634,211
2,3635,115
2,3636,173
2,3637,77
2,3638,364
2,3639,122
2,3640,167
2,3641,90
2,3642,167
2,3643,58
2,3644,38
2,3645,128
2,3646,205
2,3647,115
2,3648,109
2,3649,122
2,3650,121
2,3651,205
2,3652,167
2,3653,109
2,3654,275
2,3655,173
2,3656,160
2,3657,84
2,3658,121
2,3659,121
2,3660,147
2,3661,102
2,3662,115
2,3663,84
2,3664,313
2,3665,70
2,3666,192
2,3667,148
2,3668,153
2,3669,-371
2,3670,173
2,3671,141
2,3672,109
2,3673,96
2,3674,192
2,3675,121
2,3676,-51
2,3677,141
2,3678,135
2,3679,70
2,3680,109
2,3681,51
2,3682,121
2,3683,109
2,3684,116
2,3685,147
2,3686,269
2,3687,115
2,3688,153
2,3689,64
2,3690,166
2,3691,140
2,3692,141
2,3693,77
2,3694,224
2,3695,121
2,3696,167
2,3697,77
2,3698,224
2,3699,109
2,3700,57
2,3701,39
2,3702,115
2,3703,160
2,3704,166
2,3705,160
2,3706,281
2,3707,160
2,3708,141
2,3709,166
2,3710,212
2,3711,121
2,3712,154
2,3713,96
2,3714,167
2,3715,25
2,3716,108
2,3717,45
2,3718,102
2,3719,116
2,3720,70
2,3721,103
2,3722,160
2,3723,135
2,3724,166
2,3725,192
2,3726,128
2,3727,148
2,3728,109
2,3729,32
2,3730,204
2,3731,25
2,3732,77
2,3733,141
2,3734,134
2,3735,141
2,3736,179
2,3737,96
2,3738,218
2,3739,64
2,3740,148
2,3741,173
2,3742,160
2,3743,179
2,3744,192
2,3745,192
2,3746,231
2,3747,115
2,3748,141
2,3749,-38
2,3750,154
2,3751,102
2,3752,122
2,3753,32
2,3754,-320
2,3755,147
2,3756,102
2,3757,154
2,3758,115
2,3759,314
2,3760,39
2,3761,115
2,3762,218
2,3763,109
2,3764,147
2,3765,64
2,3766,166
2,3767,89
2,3768,134
2,3769,51
2,3770,268
2,3771,115
2,3772,141
2,3773,51
2,3774,51
2,3775,70
2,3776,154
2,3777,122
2,3778,-45
2,3779,141
2,3780,167
2,3781,96
2,3782,121
2,3783,167
2,3784,173
2,3785,90
2,3786,320
2,3787,51
2,3788,102
2,3789,109
2,3790,173
2,3791,70
2,3792,115
2,3793,160
2,3794,212
2,3795,160
2,3796,109
2,3797,154
2,3798,179
2,3799,102
2,3800,166
2,3801,352
2,3802,160
2,3803,71
2,3804,800
2,3805,26
2,3806,167
2,3807,-51
2,3808,180
2,3809,102
2,3810,172
2,3811,64
2,3812,96
2,3813,-32
2,3814,154
2,3815,44
2,3816,70
2,3817,57
2,3818,812
2,3819,173
2,3820,167
2,3821,96
2,3822,141
2,3823,70
2,3824,115
2,3825,83
2,3826,102
2,3827,51
2,3828,121
2,3829,38
2,3830,160
2,3831,103
2,3832,166
2,3833,102
2,3834,116
2,3835,102
2,3836,160
2,3837,109
2,3838,160
2,3839,109
2,3840,-288
2,3841,26
2,3842,84
2,3843,25
2,3844,58
2,3845,71
2,3846,173
2,3847,96
2,3848,90
2,3849,371
2,3850,154
2,3851,103
2,3852,103
2,3853,314
2,3854,147
2,3855,166
2,3856,147
2,3857,51
2,3858,58
2,3859,89
2,3860,-6
2,3861,122
2,3862,51
2,3863,179
2,3864,122
2,3865,135
2,3866,160
2,3867,58
2,3868,134
2,3869,52
2,3870,-51
2,3871,128
2,3872,115
2,3873,32
2,3874,77
2,3875,167
2,3876,96
2,3877,205
2,3878,186
2,3879,160
2,3880,154
2,3881,-6
2,3882,51
2,3883,51
2,3884,115
2,3885,83
2,3886,134
2,3887,25
2,3888,166
2,3889,64
2,3890,160
2,3891,128
2,3892,-45
2,3893,103
2,3894,77
2,3895,115
2,3896,70
2,3897,32
2,3898,-39
2,3899,83
2,3900,57
2,3901,256
2,3902,166
2,3903,141
2,3904,102
2,3905,58
2,3906,103
2,3907,294
2,3908,166
2,3909,64
2,3910,109
2,3911,77
2,3912,108
2,3913,71
2,3914,52
2,3915,109
2,3916,58
2,3917,39
2,3918,58
2,3919,108
2,3920,115
2,3921,45
2,3922,115
2,3923,115
2,3924,128
2,3925,-377
2,3926,147
2,3927,51
2,3928,147
2,3929,51
2,3930,90
2,3931,103
2,3932,58
2,3933,108
2,3934,-45
2,3935,148
2,3936,103
2,3937,38
2,3938,25
2,3939,77
2,3940,121
2,3941,45
2,3942,160
2,3943,365
2,3944,198
2,3945,83
2,3946,122
2,3947,166
2,3948,167
2,3949,352
2,3950,135
2,3951,122
2,3952,115
2,3953,121
2,3954,307
2,3955,58
2,3956,121
2,3957,51
2,3958,185
2,3959,-32
2,3960,121
2,3961,403
2,3962,167
2,3963,173
2,3964,154
2,3965,51
2,3966,179
2,3967,64
2,3968,154
2,3969,64
2,3970,77
2,3971,115
2,3972,96
2,3973,96
2,3974,64
2,3975,332
2,3976,153
2,3977,153
2,3978,179
2,3979,77
2,3980,-32
2,3981,115
2,3982,89
2,3983,147
2,3984,340
2,3985,70
2,3986,167
2,3987,96
2,3988,109
2,3989,52
2,3990,-32
2,3991,128
2,3992,172
2,3993,109
2,3994,166
2,3995,108
2,3996,167
2,3997,320
2,3998,96
2,3999,115
2,4000,128
2,4001,19
2,4002,26
2,4003,26
2,4004,128
2,4005,96
2,4006,154
2,4007,90
2,4008,166
2,4009,-544
2,4010,109
2,4011,109
2,4012,135
2,4013,64
2,4014,109
2,4015,51
2,4016,179
2,4017,52
2,4018,115
2,4019,359
2,4020,160
2,4021,108
2,4022,147
2,4023,231
2,4024,153
2,4025,140
2,4026,70
2,4027,147
2,4028,77
2,4029,102
2,4030,205
2,4031,71
2,4032,90
2,4033,32
2,4034,-44
2,4035,128
2,4036,83
2,4037,84
2,4038,160
2,4039,77
2,4040,141
2,4041,71
2,4042,154
2,4043,109
2,4044,148
2,4045,76
2,4046,154
2,4047,103
2,4048,185
2,4049,58
2,4050,115
2,4051,365
2,4052,147
2,4053,51
2,4054,-32
2,4055,134
2,4056,128
2,4057,64
2,4058,128
2,4059,102
2,4060,813
2,4061,64
2,4062,179
2,4063,90
2,4064,115
2,4065,32
2,4066,166
2,4067,19
2,4068,108
2,4069,64
2,4070,103
2,4071,128
2,4072,173
2,4073,768
2,4074,122
2,4075,774
2,4076,102
2,4077,58
2,4078,96
2,4079,64
2,4080,160
2,4081,109
2,4082,64
2,4083,147
2,4084,51
2,4085,64
2,4086,141
2,4087,-64
2,4088,134
2,4089,128
2,4090,115
2,4091,76
2,4092,70
2,4093,96
2,4094,-199
2,4095,-295
2,4096,160
2,4097,25
2,4098,141
2,4099,57
2,4100,154
2,4101,52
2,4102,-38
2,4103,109
2,4104,160
2,4105,134
2,4106,128
2,4107,-211
2,4108,134
2,4109,51
2,4110,173
2,4111,122
2,4112,109
2,4113,26
2,4114,-32
2,4115,32
2,4116,38
2,4117,-32
2,4118,141
2,4119,51
2,4120,115
2,4121,39
2,4122,135
2,4123,115
2,4124,166
2,4125,198
2,4126,186
2,4127,153
2,4128,115
2,4129,186
2,4130,166
2,4131,64
2,4132,121
2,4133,134
2,4134,249
2,4135,121
2,4136,166
2,4137,96
2,4138,103
2,4139,109
2,4140,109
2,4141,122
2,4142,77
2,4143,76
2,4144,122
2,4145,58
2,4146,-45
2,4147,-45
2,4148,154
2,4149,77
2,4150,154
2,4151,71
2,4152,179
2,4153,89
2,4154,115
2,4155,115
2,4156,121
2,4157,57
2,4158,83
2,4159,19
2,4160,83
2,4161,307
2,4162,166
2,4163,167
2,4164,160
2,4165,51
2,4166,166
2,4167,121
2,4168,166
2,4169,44
2,4170,108
2,4171,122
2,4172,96
2,4173,64
2,4174,135
2,4175,109
2,4176,154
2,4177,57
2,4178,121
2,4179,84
2,4180,-403
2,4181,-51
2,4182,595
2,4183,102
2,4184,109
2,4185,45
2,4186,45
2,4187,-57
2,4188,186
2,4189,90
2,4190,281
2,4191,115
2,4192,109
2,4193,51
2,4194,96
2,4195,45
2,4196,32
2,4197,32
2,4198,166
2,4199,102
2,4200,115
2,4201,102
2,4202,147
2,4203,70
2,4204,140
2,4205,64
2,4206,160
2,4207,89
2,4208,204
2,4209,96
2,4210,109
2,4211,96
2,4212,45
2,4213,64
2,4214,96
2,4215,64
2,4216,103
2,4217,64
2,4218,121
2,4219,135
2,4220,167
2,4221,38
2,4222,160
2,4223,45
2,4224,167
2,4225,-19
2,4226,96
2,4227,64
2,4228,70
2,4229,70
2,4230,166
2,4231,141
2,4232,153
2,4233,205
2,4234,224
2,4235,70
2,4236,147
2,4237,71
2,4238,116
2,4239,-57
2,4240,224
2,4241,-39
2,4242,205
2,4243,20
2,4244,147
2,4245,167
2,4246,116
2,4247,77
2,4248,134
2,4249,96
2,4250,160
2,4251,90
2,4252,121
2,4253,256
2,4254,115
2,4255,90
2,4256,192
2,4257,-38
2,4258,128
2,4259,160
2,4260,192
2,4261,25
2,4262,154
2,4263,122
2,4264,211
2,4265,-500
2,4266,134
2,4267,122
2,4268,211
2,4269,64
2,4270,186
2,4271,135
2,4272,166
2,4273,83
2,4274,115
2,4275,77
2,4276,154
2,4277,64
2,4278,154
2,4279,154
2,4280,147
2,4281,103
2,4282,116
2,4283,83
2,4284,115
2,4285,19
2,4286,109
2,4287,109
2,4288,96
2,4289,70
2,4290,180
2,4291,141
2,4292,204
2,4293,83
2,4294,211
2,4295,57
2,4296,141
2,4297,77
2,4298,115
2,4299,83
2,4300,121
2,4301,90
2,4302,147
2,4303,-26
2,4304,148
2,4305,115
2,4306,134
2,4307,167
2,4308,167
2,4309,160
2,4310,147
2,4311,102
2,4312,-39
2,4313,96
2,4314,115
2,4315,154
2,4316,800
2,4317,83
2,4318,115
2,4319,64
2,4320,115
2,4321,32
2,4322,172
2,4323,26
2,4324,-134
2,4325,96
2,4326,192
2,4327,103
2,4328,102
2,4329,109
2,4330,845
2,4331,77
2,4332,102
2,4333,301
2,4334,115
2,4335,58
2,4336,121
2,4337,45
2,4338,115
2,4339,230
2,4340,32
2,4341,45
2,4342,154
2,4343,121
2,4344,108
2,4345,135
2,4346,77
2,4347,64
2,4348,121
2,4349,70
2,4350,103
2,4351,-358
2,4352,205
2,4353,57
2,4354,64
2,4355,122
2,4356,115
2,4357,57
2,4358,89
2,4359,58
2,4360,128
2,4361,71
2,4362,-26
2,4363,153
2,4364,185
2,4365,64
2,4366,70
2,4367,148
2,4368,173
2,4369,38
2,4370,96
2,4371,77
2,4372,185
2,4373,102
2,4374,121
2,4375,19
2,4376,109
2,4377,58
2,4378,77
2,4379,64
2,4380,115
2,4381,90
2,4382,167
2,4383,166
2,4384,154
2,4385,140
2,4386,140
2,4387,83
2,4388,148
2,4389,58
2,4390,134
2,4391,102
2,4392,192
2,4393,-26
2,4394,141
2,4395,84
2,4396,128
2,4397,52
2,4398,-32
2,4399,77
2,4400,173
2,4401,115
2,4402,160
2,4403,358
2,4404,51
2,4405,154
2,4406,96
2,4407,205
2,4408,192
2,4409,26
2,4410,70
2,4411,51
2,4412,26
2,4413,109
2,4414,167
2,4415,109
2,4416,108
2,4417,51
2,4418,141
2,4419,64
2,4420,166
2,4421,70
2,4422,250
2,4423,166
2,4424,153
2,4425,-19
2,4426,51
2,4427,115
2,4428,45
2,4429,-13
2,4430,96
2,4431,58
2,4432,167
2,4433,45
2,4434,154
2,4435,128
2,4436,-1037
2,4437,121
2,4438,76
2,4439,409
2,4440,71
2,4441,52
2,4442,90
2,4443,45
2,4444,64
2,4445,-6
2,4446,58
2,4447,25
2,4448,89
2,4449,77
2,4450,-45
2,4451,96
2,4452,70
2,4453,57
2,4454,256
2,4455,52
2,4456,122
2,4457,122
2,4458,109
2,4459,83
2,4460,186
2,4461,58
2,4462,148
2,4463,109
2,4464,115
2,4465,45
2,4466,116
2,4467,32
2,4468,64
2,4469,51
2,4470,166
2,4471,109
2,4472,115
2,4473,147
2,4474,134
2,4475,77
2,4476,204
2,4477,64
2,4478,166
2,4479,58
2,4480,211
2,4481,115
2,4482,167
2,4483,122
2,4484,153
2,4485,108
2,4486,71
2,4487,115
2,4488,108
2,4489,64
2,4490,116
2,4491,147
2,4492,218
2,4493,141
2,4494,102
2,4495,122
2,4496,115
2,4497,90
2,4498,403
2,4499,96
2,4500,128
2,4501,109
2,4502,397
2,4503,64
2,4504,154
2,4505,140
2,4506,166
2,4507,83
2,4508,231
2,4509,51
2,4510,160
2,4511,64
2,4512,115
2,4513,38
2,4514,109
2,4515,121
2,4516,115
2,4517,109
2,4518,-45
2,4519,140
2,4520,153
2,4521,-518
2,4522,192
2,4523,96
2,4524,103
2,4525,96
2,4526,115
2,4527,64
2,4528,160
2,4529,103
2,4530,166
2,4531,39
2,4532,205
2,4533,102
2,4534,172
2,4535,128
2,4536,115
2,4537,109
2,4538,167
2,4539,-32
2,4540,77
2,4541,57
2,4542,173
2,4543,64
2,4544,128
2,4545,64
2,4546,64
2,4547,109
2,4548,167
2,4549,115
2,4550,140
2,4551,115
2,4552,173
2,4553,102
2,4554,122
2,4555,128
2,4556,160
2,4557,83
2,4558,147
2,4559,128
2,4560,147
2,4561,102
2,4562,96
2,4563,109
2,4564,147
2,4565,32
2,4566,166
2,4567,115
2,4568,89
2,4569,148
2,4570,83
2,4571,128
2,4572,781
2,4573,140
2,4574,141
2,4575,122
2,4576,103
2,4577,64
2,4578,115
2,4579,96
2,4580,26
2,4581,52
2,4582,89
2,4583,102
2,4584,96
2,4585,819
2,4586,134
2,4587,774
2,4588,154
2,4589,109
2,4590,160
2,4591,211
2,4592,217
2,4593,76
2,4594,147
2,4595,76
2,4596,154
2,4597,83
2,4598,128
2,4599,64
2,4600,64
2,4601,38
2,4602,76
2,4603,64
2,4604,173
2,4605,64
2,4606,64
2,4607,-83
2,4608,109
2,4609,51
2,4610,32
2,4611,70
2,4612,83
2,4613,26
2,4614,103
2,4615,71
2,4616,108
2,4617,71
2,4618,153
2,4619,109
2,4620,167
2,4621,51
2,4622,116
2,4623,64
2,4624,96
2,4625,39
2,4626,83
2,4627,102
2,4628,45
2,4629,-38
2,4630,102
2,4631,32
2,4632,109
2,4633,51
2,4634,135
2,4635,108
2,4636,199
2,4637,148
2,4638,160
2,4639,134
2,4640,160
2,4641,96
2,4642,83
2,4643,166
2,4644,154
2,4645,109
2,4646,160
2,4647,108
2,4648,116
2,4649,71
2,4650,58
2,4651,83
2,4652,84
2,4653,32
2,4654,64
2,4655,109
2,4656,70
2,4657,83
2,4658,205
2,4659,102
2,4660,422
2,4661,102
2,4662,160
2,4663,83
2,4664,166
2,4665,64
2,4666,377
2,4667,64
2,4668,109
2,4669,32
2,4670,122
2,4671,89
2,4672,51
2,4673,83
2,4674,128
2,4675,122
2,4676,167
2,4677,32
2,4678,115
2,4679,160
2,4680,172
2,4681,96
2,4682,121
2,4683,173
2,4684,167
2,4685,64
2,4686,141
2,4687,70
2,4688,121
2,4689,64
2,4690,64
2,4691,102
2,4692,-416
2,4693,45
2,4694,122
2,4695,108
2,4696,160
2,4697,102
2,4698,70
2,4699,26
2,4700,121
2,4701,51
2,4702,-52
2,4703,25
2,4704,122
2,4705,102
2,4706,167
2,4707,70
2,4708,205
2,4709,108
2,4710,115
2,4711,70
2,4712,103
2,4713,71
2,4714,109
2,4715,103
2,4716,154
2,4717,103
2,4718,115
2,4719,51
2,4720,109
2,4721,115
2,4722,52
2,4723,51
2,4724,115
2,4725,83
2,4726,134
2,4727,77
2,4728,172
2,4729,128
2,4730,160
2,4731,198
2,4732,-45
2,4733,109
2,4734,371
2,4735,141
2,4736,160
2,4737,25
2,4738,108
2,4739,153
2,4740,115
2,4741,45
2,4742,83
2,4743,116
2,4744,70
2,4745,115
2,4746,122
2,4747,-13
2,4748,186
2,4749,57
2,4750,-19
2,4751,83
2,4752,70
2,4753,64
2,4754,89
2,4755,109
2,4756,83
2,4757,51
2,4758,103
2,4759,64
2,4760,160
2,4761,359
2,4762,179
2,4763,148
2,4764,109
2,4765,160
2,4766,204
2,4767,122
2,4768,166
2,4769,122
2,4770,211
2,4771,153
2,4772,237
2,4773,64
2,4774,-205
2,4775,371
2,4776,205
2,4777,-704
2,4778,70
2,4779,128
2,4780,211
2,4781,121
2,4782,102
2,4783,83
2,4784,64
2,4785,179
2,4786,186
2,4787,147
2,4788,205
2,4789,115
2,4790,160
2,4791,364
2,4792,218
2,4793,77
2,4794,-51
2,4795,147
2,4796,77
2,4797,90
2,4798,115
2,4799,109
2,4800,102
2,4801,102
2,4802,250
2,4803,205
2,4804,211
2,4805,89
2,4806,70
2,4807,109
2,4808,115
2,4809,57
2,4810,122
2,4811,57
2,4812,166
2,4813,51
2,4814,71
2,4815,70
2,4816,160
2,4817,102
2,4818,128
2,4819,256
2,4820,148
2,4821,179
2,4822,128
2,4823,-25
2,4824,180
2,4825,64
2,4826,147
2,4827,115
2,4828,813
2,4829,64
2,4830,121
2,4831,83
2,4832,153
2,4833,77
2,4834,141
2,4835,371
2,4836,128
2,4837,122
2,4838,173
2,4839,103
2,4840,70
2,4841,64
2,4842,832
2,4843,102
2,4844,51
2,4845,-32
2,4846,192
2,4847,51
2,4848,167
2,4849,44
2,4850,96
2,4851,84
2,4852,166
2,4853,58
2,4854,70
2,4855,108
2,4856,103
2,4857,134
2,4858,76
2,4859,108
2,4860,192
2,4861,96
2,4862,-275
2,4863,58
2,4864,211
2,4865,25
2,4866,109
2,4867,96
2,4868,115
2,4869,83
2,4870,57
2,4871,-26
2,4872,185
2,4873,160
2,4874,160
2,4875,108
2,4876,128
2,4877,96
2,4878,122
2,4879,135
2,4880,160
2,4881,96
2,4882,83
2,4883,64
2,4884,64
2,4885,57
2,4886,135
2,4887,58
2,4888,166
2,4889,-32
2,4890,134
2,4891,121
2,4892,141
2,4893,64
2,4894,77
2,4895,160
2,4896,205
2,4897,102
2,4898,160
2,4899,166
2,4900,122
2,4901,141
2,4902,71
2,4903,109
2,4904,141
2,4905,26
2,4906,96
2,4907,64
2,4908,135
2,4909,141
2,4910,109
2,4911,102
2,4912,166
2,4913,115
2,4914,205
2,4915,-39
2,4916,134
2,4917,102
2,4918,192
2,4919,77
2,4920,179
2,4921,45
2,4922,45
2,4923,64
2,4924,122
2,4925,64
2,4926,128
2,4927,77
2,4928,147
2,4929,64
2,4930,301
2,4931,128
2,4932,166
2,4933,109
2,4934,205
2,4935,134
2,4936,115
2,4937,57
2,4938,199
2,4939,77
2,4940,90
2,4941,51
2,4942,173
2,4943,115
2,4944,45
2,4945,109
2,4946,103
2,4947,-64
2,4948,-301
2,4949,58
2,4950,166
2,4951,-32
2,4952,192
2,4953,122
2,4954,71
2,4955,70
2,4956,71
2,4957,-32
2,4958,84
2,4959,77
2,4960,409
2,4961,32
2,4962,64
2,4963,32
2,4964,121
2,4965,-38
2,4966,173
2,4967,147
2,4968,109
2,4969,180
2,4970,122
2,4971,160
2,4972,166
2,4973,32
2,4974,64
2,4975,89
2,4976,83
2,4977,-19
2,4978,134
2,4979,51
2,4980,154
2,4981,377
2,4982,134
2,4983,57
2,4984,103
2,4985,58
2,4986,211
2,4987,148
2,4988,166
2,4989,84
2,4990,122
2,4991,122
2,4992,173
2,4993,58
2,4994,71
2,4995,51
2,4996,141
2,4997,26
2,4998,76
2,4999,84
2,5000,115
2,5001,45
2,5002,153
2,5003,-32
2,5004,76
2,5005,32
2,5006,64
2,5007,71
2,5008,25
2,5009,45
2,5010,76
2,5011,64
2,5012,90
2,5013,64
2,5014,103
2,5015,70
2,5016,102
2,5017,77
2,5018,102
2,5019,83
2,5020,153
2,5021,83
2,5022,122
2,5023,122
2,5024,147
2,5025,-39
2,5026,397
2,5027,64
2,5028,134
2,5029,45
2,5030,173
2,5031,70
2,5032,-621
2,5033,77
2,5034,122
2,5035,115
2,5036,185
2,5037,96
2,5038,141
2,5039,70
2,5040,236
2,5041,64
2,5042,115
2,5043,205
2,5044,83
2,5045,38
2,5046,167
2,5047,281
2,5048,121
2,5049,103
2,5050,135
2,5051,115
2,5052,160
2,5053,134
2,5054,58
2,5055,160
2,5056,186
2,5057,32
2,5058,269
2,5059,19
2,5060,64
2,5061,51
2,5062,128
2,5063,64
2,5064,96
2,5065,89
2,5066,96
2,5067,122
2,5068,109
2,5069,32
2,5070,26
2,5071,39
2,5072,115
2,5073,102
2,5074,89
2,5075,153
2,5076,-45
2,5077,76
2,5078,64
2,5079,103
2,5080,51
2,5081,70
2,5082,103
2,5083,115
2,5084,800
2,5085,38
2,5086,77
2,5087,70
2,5088,102
2,5089,25
2,5090,51
2,5091,103
2,5092,160
2,5093,57
2,5094,26
2,5095,90
2,5096,173
2,5097,806
2,5098,173
2,5099,794
2,5100,166
2,5101,76
2,5102,64
2,5103,391
2,5104,128
2,5105,147
2,5106,64
2,5107,57
2,5108,115
2,5109,64
2,5110,109
2,5111,108
2,5112,147
2,5113,64
2,5114,160
2,5115,121
2,5116,185
2,5117,-474
2,5118,58
2,5119,-38
2,5120,64
2,5121,51
2,5122,70
2,5123,25
2,5124,115
2,5125,96
2,5126,135
2,5127,102
2,5128,96
2,5129,103
2,5130,205
2,5131,83
2,5132,173
2,5133,115
2,5134,198
2,5135,102
2,5136,160
2,5137,-39
2,5138,122
2,5139,83
2,5140,26
2,5141,51
2,5142,166
2,5143,96
2,5144,109
2,5145,71
2,5146,58
2,5147,116
2,5148,154
2,5149,103
2,5150,153
2,5151,-32
2,5152,134
2,5153,115
2,5154,173
2,5155,128
2,5156,167
2,5157,103
2,5158,166
2,5159,128
2,5160,102
2,5161,153
2,5162,109
2,5163,64
2,5164,141
2,5165,57
2,5166,135
2,5167,-64
2,5168,64
2,5169,57
2,5170,77
2,5171,116
2,5172,205
2,5173,71
2,5174,154
2,5175,141
2,5176,166
2,5177,38
2,5178,52
2,5179,32
2,5180,77
2,5181,128
2,5182,115
2,5183,83
2,5184,96
2,5185,83
2,5186,122
2,5187,115
2,5188,173
2,5189,102
2,5190,147
2,5191,154
2,5192,410
2,5193,90
2,5194,26
2,5195,160
2,5196,115
2,5197,64
2,5198,45
2,5199,96
2,5200,70
2,5201,103
2,5202,32
2,5203,-365
2,5204,198
2,5205,166
2,5206,147
2,5207,122
2,5208,83
2,5209,25
2,5210,102
2,5211,45
2,5212,116
2,5213,160
2,5214,-44
2,5215,109
2,5216,134
2,5217,51
2,5218,32
2,5219,58
2,5220,173
2,5221,64
2,5222,160
2,5223,211
2,5224,166
2,5225,39
2,5226,147
2,5227,108
2,5228,153
2,5229,38
2,5230,185
2,5231,166
2,5232,154
2,5233,-32
2,5234,70
2,5235,45
2,5236,147
2,5237,77
2,5238,102
2,5239,109
2,5240,115
2,5241,109
2,5242,103
2,5243,192
2,5244,122
2,5245,205
2,5246,167
2,5247,83
2,5248,58
2,5249,89
2,5250,141
2,5251,71
2,5252,26
2,5253,45
2,5254,314
2,5255,160
2,5256,154
2,5257,359
2,5258,153
2,5259,166
2,5260,166
2,5261,64
2,5262,96
2,5263,198
2,5264,25
2,5265,38
2,5266,64
2,5267,102
2,5268,147
2,5269,109
2,5270,71
2,5271,64
2,5272,148
2,5273,83
2,5274,115
2,5275,83
2,5276,205
2,5277,51
2,5278,116
2,5279,116
2,5280,147
2,5281,115
2,5282,211
2,5283,224
2,5284,128
2,5285,58
2,5286,173
2,5287,275
2,5288,-570
2,5289,57
2,5290,154
2,5291,70
2,5292,154
2,5293,52
2,5294,121
2,5295,115
2,5296,89
2,5297,89
2,5298,141
2,5299,-12
2,5300,230
2,5301,147
2,5302,167
2,5303,121
2,5304,167
2,5305,96
2,5306,64
2,5307,90
2,5308,128
2,5309,76
2,5310,58
2,5311,103
2,5312,128
2,5313,122
2,5314,198
2,5315,134
2,5316,224
2,5317,70
2,5318,166
2,5319,410
2,5320,166
2,5321,58
2,5322,84
2,5323,128
2,5324,84
2,5325,71
2,5326,64
2,5327,166
2,5328,115
2,5329,103
2,5330,166
2,5331,128
2,5332,115
2,5333,64
2,5334,71
2,5335,128
2,5336,89
2,5337,109
2,5338,134
2,5339,116
2,5340,794
2,5341,39
2,5342,64
2,5343,70
2,5344,58
2,5345,45
2,5346,109
2,5347,76
2,5348,64
2,5349,51
2,5350,109
2,5351,160
2,5352,-58
2,5353,96
2,5354,838
2,5355,76
2,5356,198
2,5357,89
2,5358,77
2,5359,70
2,5360,77
2,5361,38
2,5362,76
2,5363,90
2,5364,135
2,5365,89
2,5366,32
2,5367,89
2,5368,205
2,5369,109
2,5370,70
2,5371,102
2,5372,166
2,5373,-499
2,5374,128
2,5375,121
2,5376,128
2,5377,51
2,5378,410
2,5379,122
2,5380,218
2,5381,102
2,5382,108
2,5383,115
2,5384,147
2,5385,147
2,5386,179
2,5387,160
2,5388,166
2,5389,96
2,5390,147
2,5391,122
2,5392,121
2,5393,51
2,5394,192
2,5395,115
2,5396,153
2,5397,90
2,5398,70
2,5399,-70
2,5400,128
2,5401,102
2,5402,128
2,5403,141
2,5404,147
2,5405,51
2,5406,135
2,5407,160
2,5408,217
2,5409,122
2,5410,167
2,5411,-128
2,5412,71
2,5413,243
2,5414,102
2,5415,121
2,5416,204
2,5417,-25
2,5418,77
2,5419,51
2,5420,128
2,5421,58
2,5422,58
2,5423,70
2,5424,109
2,5425,64
2,5426,116
2,5427,141
2,5428,167
2,5429,102
2,5430,179
2,5431,167
2,5432,211
2,5433,26
2,5434,19
2,5435,64
2,5436,141
2,5437,76
2,5438,141
2,5439,70
2,5440,115
2,5441,51
2,5442,147
2,5443,141
2,5444,134
2,5445,52
2,5446,134
2,5447,103
2,5448,160
2,5449,96
2,5450,26
2,5451,89
2,5452,103
2,5453,96
2,5454,128
2,5455,102
2,5456,109
2,5457,64
2,5458,141
2,5459,-326
2,5460,237
2,5461,96
2,5462,115
2,5463,109
2,5464,160
2,5465,32
2,5466,19
2,5467,64
2,5468,45
2,5469,57
2,5470,166
2,5471,83
2,5472,141
2,5473,96
2,5474,58
2,5475,45
2,5476,153
2,5477,51
2,5478,19
2,5479,134
2,5480,116
2,5481,121
2,5482,115
2,5483,115
2,5484,115
2,5485,102
2,5486,51
2,5487,102
2,5488,115
2,5489,70
2,5490,83
2,5491,167
2,5492,32
2,5493,64
2,5494,108
2,5495,102
2,5496,115
2,5497,96
2,5498,141
2,5499,109
2,5500,134
2,5501,96
2,5502,167
2,5503,346
2,5504,167
2,5505,32
2,5506,32
2,5507,64
2,5508,141
2,5509,44
2,5510,122
2,5511,121
2,5512,167
2,5513,115
2,5514,102
2,5515,179
2,5516,186
2,5517,58
2,5518,96
2,5519,179
2,5520,77
2,5521,-51
2,5522,64
2,5523,96
2,5524,121
2,5525,45
2,5526,108
2,5527,83
2,5528,154
2,5529,58
2,5530,115
2,5531,116
2,5532,83
2,5533,26
2,5534,109
2,5535,96
2,5536,109
2,5537,32
2,5538,102
2,5539,45
2,5540,128
2,5541,25
2,5542,70
2,5543,115
2,5544,-493
2,5545,109
2,5546,51
2,5547,102
2,5548,83
2,5549,89
2,5550,109
2,5551,371
2,5552,198
2,5553,70
2,5554,205
2,5555,140
2,5556,57
2,5557,52
2,5558,32
2,5559,153
2,5560,70
2,5561,64
2,5562,115
2,5563,103
2,5564,166
2,5565,115
2,5566,-442
2,5567,160
2,5568,121
2,5569,44
2,5570,122
2,5571,64
2,5572,109
2,5573,269
2,5574,103
2,5575,109
2,5576,166
2,5577,51
2,5578,224
2,5579,218
2,5580,109
2,5581,58
2,5582,160
2,5583,275
2,5584,153
2,5585,64
2,5586,77
2,5587,32
2,5588,185
2,5589,83
2,5590,153
2,5591,160
2,5592,141
2,5593,57
2,5594,115
2,5595,64
2,5596,806
2,5597,51
2,5598,154
2,5599,108
2,5600,134
2,5601,192
2,5602,20
2,5603,20
2,5604,103
2,5605,51
2,5606,109
2,5607,77
2,5608,109
2,5609,819
2,5610,83
2,5611,788
2,5612,154
2,5613,122
2,5614,345
2,5615,160
2,5616,135
2,5617,115
2,5618,45
2,5619,77
2,5620,167
2,5621,57
2,5622,166
2,5623,77
2,5624,166
2,5625,58
2,5626,122
2,5627,115
2,5628,141
2,5629,-531
2,5630,-160
2,5631,180
2,5632,153
2,5633,19
2,5634,102
2,5635,70
2,5636,160
2,5637,83
2,5638,153
2,5639,121
2,5640,358
2,5641,122
2,5642,-32
2,5643,83
2,5644,115
2,5645,218
2,5646,160
2,5647,173
2,5648,185
2,5649,64
2,5650,57
2,5651,58
2,5652,45
2,5653,45
2,5654,64
2,5655,109
2,5656,116
2,5657,90
2,5658,-26
2,5659,134
2,5660,121
2,5661,141
2,5662,115
2,5663,148
2,5664,83
2,5665,96
2,5666,166
2,5667,172
2,5668,173
2,5669,141
2,5670,135
2,5671,64
2,5672,122
2,5673,57
2,5674,44
2,5675,96
2,5676,45
2,5677,77
2,5678,128
2,5679,64
2,5680,160
2,5681,70
2,5682,173
2,5683,121
2,5684,166
2,5685,115
2,5686,166
2,5687,122
2,5688,186
2,5689,-26
2,5690,135
2,5691,32
2,5692,70
2,5693,58
2,5694,122
2,5695,39
2,5696,96
2,5697,64
2,5698,128
2,5699,135
2,5700,179
2,5701,122
2,5702,64
2,5703,179
2,5704,262
2,5705,83
2,5706,-51
2,5707,76
2,5708,90
2,5709,77
2,5710,173
2,5711,134
2,5712,134
2,5713,64
2,5714,204
2,5715,-166
2,5716,160
2,5717,58
2,5718,135
2,5719,115
2,5720,115
2,5721,45
2,5722,154
2,5723,71
2,5724,71
2,5725,39
2,5726,115
2,5727,70
2,5728,115
2,5729,45
2,5730,147
2,5731,45
2,5732,89
2,5733,57
2,5734,121
2,5735,115
2,5736,115
2,5737,-57
2,5738,147
2,5739,64
2,5740,179
2,5741,71
2,5742,96
2,5743,45
2,5744,115
2,5745,57
2,5746,32
2,5747,83
2,5748,-32
2,5749,128
2,5750,365
2,5751,58
2,5752,70
2,5753,102
2,5754,140
2,5755,154
2,5756,160
2,5757,71
2,5758,102
2,5759,173
2,5760,109
2,5761,51
2,5762,64
2,5763,45
2,5764,70
2,5765,45
2,5766,180
2,5767,77
2,5768,102
2,5769,-148
2,5770,179
2,5771,109
2,5772,128
2,5773,70
2,5774,96
2,5775,109
2,5776,128
2,5777,58
2,5778,167
2,5779,83
2,5780,167
2,5781,135
2,5782,269
2,5783,103
2,5784,153
2,5785,103
2,5786,211
2,5787,128
2,5788,327
2,5789,70
2,5790,154
2,5791,57
2,5792,167
2,5793,140
2,5794,64
2,5795,147
2,5796,128
2,5797,109
2,5798,281
2,5799,116
2,5800,-512
2,5801,-58
2,5802,122
2,5803,122
2,5804,109
2,5805,51
2,5806,109
2,5807,44
2,5808,103
2,5809,64
2,5810,115
2,5811,109
2,5812,211
2,5813,58
2,5814,141
2,5815,109
2,5816,166
2,5817,109
2,5818,122
2,5819,121
2,5820,148
2,5821,57
2,5822,160
2,5823,89
2,5824,64
2,5825,52
2,5826,192
2,5827,115
2,5828,147
2,5829,57
2,5830,205
2,5831,77
2,5832,166
2,5833,58
2,5834,115
2,5835,70
2,5836,44
2,5837,51
2,5838,115
2,5839,109
2,5840,377
2,5841,116
2,5842,19
2,5843,173
2,5844,186
2,5845,96
2,5846,64
2,5847,108
2,5848,77
2,5849,70
2,5850,103
2,5851,121
2,5852,794
2,5853,83
2,5854,77
2,5855,109
2,5856,154
2,5857,102
2,5858,166
2,5859,57
2,5860,141
2,5861,365
2,5862,70
2,5863,102
2,5864,77
2,5865,64
2,5866,800
2,5867,115
2,5868,122
2,5869,122
2,5870,128
2,5871,71
2,5872,212
2,5873,64
2,5874,141
2,5875,51
2,5876,121
2,5877,109
2,5878,109
2,5879,115
2,5880,96
2,5881,64
2,5882,134
2,5883,134
2,5884,301
2,5885,-468
2,5886,154
2,5887,147
2,5888,128
2,5889,52
2,5890,64
2,5891,71
2,5892,134
2,5893,134
2,5894,122
2,5895,70
2,5896,102
2,5897,96
2,5898,135
2,5899,166
2,5900,166
2,5901,70
2,5902,154
2,5903,108
2,5904,205
2,5905,52
2,5906,109
2,5907,109
2,5908,192
2,5909,77
2,5910,179
2,5911,109
2,5912,166
2,5913,57
2,5914,185
2,5915,128
2,5916,102
2,5917,109
2,5918,167
2,5919,115
2,5920,109
2,5921,103
2,5922,140
2,5923,109
2,5924,109
2,5925,71
2,5926,135
2,5927,76
2,5928,128
2,5929,52
2,5930,58
2,5931,103
2,5932,-38
2,5933,90
2,5934,148
2,5935,160
2,5936,25
2,5937,147
2,5938,147
2,5939,70
2,5940,167
2,5941,38
2,5942,96
2,5943,140
2,5944,205
2,5945,-13
2,5946,83
2,5947,58
2,5948,115
2,5949,109
2,5950,205
2,5951,89
2,5952,57
2,5953,51
2,5954,-32
2,5955,141
2,5956,108
2,5957,77
2,5958,19
2,5959,77
2,5960,102
2,5961,122
2,5962,109
2,5963,83
2,5964,167
2,5965,26
2,5966,32
2,5967,90
2,5968,211
2,5969,57
2,5970,109
2,5971,-390
2,5972,160
2,5973,109
2,5974,83
2,5975,115
2,5976,121
2,5977,83
2,5978,326
2,5979,26
2,5980,77
2,5981,90
2,5982,96
2,5983,128
2,5984,-45
2,5985,122
2,5986,135
2,5987,25
2,5988,153
2,5989,77
2,5990,128
2,5991,77
2,5992,-45
2,5993,180
2,5994,122
2,5995,141
2,5996,211
2,5997,128
2,5998,122
2,5999,109
2,6000,32
2,6001,64
2,6002,160
2,6003,32
2,6004,51
2,6005,64
2,6006,115
2,6007,96
2,6008,135
2,6009,103
2,6010,141
2,6011,77
2,6012,154
2,6013,116
2,6014,186
2,6015,90
2,6016,128
2,6017,32
2,6018,58
2,6019,153
2,6020,115
2,6021,32
2,6022,90
2,6023,84
2,6024,83
2,6025,116
2,6026,320
2,6027,115
2,6028,116
2,6029,96
2,6030,102
2,6031,64
2,6032,154
2,6033,52
2,6034,64
2,6035,109
2,6036,109
2,6037,77
2,6038,179
2,6039,83
2,6040,70
2,6041,103
2,6042,147
2,6043,32
2,6044,122
2,6045,58
2,6046,179
2,6047,83
2,6048,64
2,6049,51
2,6050,57
2,6051,-243
2,6052,166
2,6053,89
2,6054,166
2,6055,26
2,6056,-314
2,6057,76
2,6058,108
2,6059,76
2,6060,90
2,6061,51
2,6062,96
2,6063,96
2,6064,115
2,6065,70
2,6066,89
2,6067,38
2,6068,70
2,6069,32
2,6070,115
2,6071,58
2,6072,128
2,6073,32
2,6074,128
2,6075,64
2,6076,102
2,6077,115
2,6078,96
2,6079,166
2,6080,64
2,6081,19
2,6082,186
2,6083,116
2,6084,134
2,6085,51
2,6086,179
2,6087,115
2,6088,141
2,6089,45
2,6090,70
2,6091,71
2,6092,64
2,6093,19
2,6094,205
2,6095,64
2,6096,77
2,6097,51
2,6098,77
2,6099,64
2,6100,89
2,6101,51
2,6102,192
2,6103,116
2,6104,64
2,6105,-38
2,6106,141
2,6107,25
2,6108,794
2,6109,70
2,6110,115
2,6111,64
2,6112,115
2,6113,32
2,6114,51
2,6115,51
2,6116,70
2,6117,32
2,6118,173
2,6119,32
2,6120,141
2,6121,813
2,6122,84
2,6123,794
2,6124,147
2,6125,58
2,6126,115
2,6127,89
2,6128,134
2,6129,38
2,6130,121
2,6131,102
2,6132,-45
2,6133,76
2,6134,237
2,6135,64
2,6136,180
2,6137,64
2,6138,153
2,6139,64
2,6140,198
2,6141,-416
2,6142,288
2,6143,90
2,6144,173
2,6145,45
2,6146,51
2,6147,58
2,6148,51
2,6149,38
2,6150,166
2,6151,51
2,6152,115
2,6153,-51
2,6154,179
2,6155,26
2,6156,83
2,6157,64
2,6158,-109
2,6159,135
2,6160,205
2,6161,45
2,6162,83
2,6163,83
2,6164,384
2,6165,96
2,6166,167
2,6167,173
2,6168,115
2,6169,115
2,6170,185
2,6171,115
2,6172,135
2,6173,122
2,6174,115
2,6175,180
2,6176,192
2,6177,64
2,6178,160
2,6179,371
2,6180,-57
2,6181,109
2,6182,154
2,6183,128
2,6184,128
2,6185,84
2,6186,70
2,6187,96
2,6188,102
2,6189,-25
2,6190,147
2,6191,64
2,6192,140
2,6193,179
2,6194,199
2,6195,108
2,6196,179
2,6197,64
2,6198,198
2,6199,301
2,6200,-45
2,6201,64
2,6202,83
2,6203,103
2,6204,116
2,6205,51
2,6206,102
2,6207,52
2,6208,167
2,6209,44
2,6210,122
2,6211,115
2,6212,147
2,6213,89
2,6214,140
2,6215,70
2,6216,128
2,6217,45
2,6218,115
2,6219,109
2,6220,51
2,6221,-7
2,6222,121
2,6223,103
2,6224,116
2,6225,51
2,6226,-359
2,6227,-19
2,6228,167
2,6229,38
2,6230,154
2,6231,122
2,6232,-38
2,6233,-26
2,6234,84
2,6235,64
2,6236,128
2,6237,32
2,6238,96
2,6239,64
2,6240,218
2,6241,-7
2,6242,154
2,6243,19
2,6244,70
2,6245,51
2,6246,51
2,6247,57
2,6248,115
2,6249,83
2,6250,108
2,6251,109
2,6252,121
2,6253,-44
2,6254,96
2,6255,32
2,6256,172
2,6257,45
2,6258,115
2,6259,-32
2,6260,77
2,6261,39
2,6262,404
2,6263,148
2,6264,166
2,6265,109
2,6266,64
2,6267,147
2,6268,173
2,6269,44
2,6270,128
2,6271,58
2,6272,58
2,6273,38
2,6274,102
2,6275,77
2,6276,134
2,6277,64
2,6278,135
2,6279,96
2,6280,58
2,6281,102
2,6282,236
2,6283,122
2,6284,160
2,6285,71
2,6286,109
2,6287,116
2,6288,186
2,6289,83
2,6290,26
2,6291,-45
2,6292,76
2,6293,103
2,6294,77
2,6295,25
2,6296,205
2,6297,108
2,6298,179
2,6299,128
2,6300,167
2,6301,57
2,6302,109
2,6303,90
2,6304,134
2,6305,58
2,6306,186
2,6307,167
2,6308,204
2,6309,96
2,6310,64
2,6311,115
2,6312,-275
2,6313,51
2,6314,141
2,6315,51
2,6316,153
2,6317,52
2,6318,32
2,6319,121
2,6320,64
2,6321,64
2,6322,135
2,6323,135
2,6324,198
2,6325,64
2,6326,160
2,6327,-116
2,6328,167
2,6329,45
2,6330,160
2,6331,90
2,6332,122
2,6333,32
2,6334,109
2,6335,64
2,6336,115
2,6337,70
2,6338,160
2,6339,64
2,6340,153
2,6341,57
2,6342,-45
2,6343,141
2,6344,186
2,6345,64
2,6346,122
2,6347,19
2,6348,166
2,6349,32
2,6350,121
2,6351,26
2,6352,70
2,6353,26
2,6354,19
2,6355,89
2,6356,103
2,6357,352
2,6358,25
2,6359,71
2,6360,70
2,6361,64
2,6362,198
2,6363,308
2,6364,864
2,6365,58
2,6366,160
2,6367,64
2,6368,122
2,6369,211
2,6370,64
2,6371,57
2,6372,90
2,6373,39
2,6374,115
2,6375,57
2,6376,77
2,6377,45
2,6378,787
2,6379,70
2,6380,115
2,6381,64
2,6382,180
2,6383,109
2,6384,-38
2,6385,71
2,6386,32
2,6387,76
2,6388,108
2,6389,250
2,6390,122
2,6391,58
2,6392,116
2,6393,51
2,6394,121
2,6395,83
2,6396,186
2,6397,-429
2,6398,186
2,6399,58
2,6400,192
2,6401,58
2,6402,51
2,6403,115
2,6404,160
2,6405,-19
2,6406,166
2,6407,71
2,6408,135
2,6409,160
2,6410,167
2,6411,141
2,6412,167
2,6413,109
2,6414,64
2,6415,115
2,6416,147
2,6417,26
2,6418,71
2,6419,116
2,6420,90
2,6421,89
2,6422,32
2,6423,122
2,6424,122
2,6425,70
2,6426,96
2,6427,76
2,6428,122
2,6429,51
2,6430,173
2,6431,108
2,6432,116
2,6433,147
2,6434,121
2,6435,83
2,6436,122
2,6437,205
2,6438,-64
2,6439,173
2,6440,218
2,6441,51
2,6442,128
2,6443,-64
2,6444,141
2,6445,109
2,6446,102
2,6447,77
2,6448,102
2,6449,58
2,6450,205
2,6451,45
2,6452,122
2,6453,77
2,6454,115
2,6455,115
2,6456,83
2,6457,45
2,6458,224
2,6459,64
2,6460,173
2,6461,122
2,6462,134
2,6463,77
2,6464,89
2,6465,109
2,6466,103
2,6467,115
2,6468,180
2,6469,70
2,6470,192
2,6471,102
2,6472,90
2,6473,70
2,6474,70
2,6475,57
2,6476,96
2,6477,52
2,6478,211
2,6479,103
2,6480,160
2,6481,-32
2,6482,-359
2,6483,77
2,6484,243
2,6485,51
2,6486,154
2,6487,115
2,6488,96
2,6489,32
2,6490,52
2,6491,58
2,6492,109
2,6493,51
2,6494,128
2,6495,122
2,6496,128
2,6497,-25
2,6498,192
2,6499,51
2,6500,96
2,6501,58
2,6502,160
2,6503,84
2,6504,166
2,6505,83
2,6506,128
2,6507,141
2,6508,102
2,6509,90
2,6510,365
2,6511,52
2,6512,89
2,6513,44
2,6514,141
2,6515,26
2,6516,327
2,6517,45
2,6518,167
2,6519,109
2,6520,211
2,6521,70
2,6522,154
2,6523,96
2,6524,217
2,6525,308
2,6526,134
2,6527,83
2,6528,218
2,6529,84
2,6530,121
2,6531,64
2,6532,-45
2,6533,96
2,6534,109
2,6535,96
2,6536,167
2,6537,71
2,6538,153
2,6539,64
2,6540,153
2,6541,51
2,6542,147
2,6543,160
2,6544,122
2,6545,32
2,6546,160
2,6547,224
2,6548,96
2,6549,64
2,6550,172
2,6551,32
2,6552,57
2,6553,58
2,6554,102
2,6555,83
2,6556,166
2,6557,70
2,6558,166
2,6559,108
2,6560,108
2,6561,19
2,6562,115
2,6563,-52
2,6564,96
2,6565,115
2,6566,77
2,6567,135
2,6568,-377
2,6569,-38
2,6570,199
2,6571,77
2,6572,115
2,6573,45
2,6574,340
2,6575,109
2,6576,134
2,6577,51
2,6578,180
2,6579,103
2,6580,148
2,6581,44
2,6582,115
2,6583,96
2,6584,154
2,6585,71
2,6586,77
2,6587,115
2,6588,103
2,6589,141
2,6590,147
2,6591,84
2,6592,173
2,6593,96
2,6594,103
2,6595,77
2,6596,192
2,6597,64
2,6598,141
2,6599,102
2,6600,173
2,6601,32
2,6602,148
2,6603,141
2,6604,32
2,6605,64
2,6606,243
2,6607,109
2,6608,224
2,6609,64
2,6610,71
2,6611,83
2,6612,32
2,6613,83
2,6614,141
2,6615,70
2,6616,365
2,6617,115
2,6618,83
2,6619,115
2,6620,813
2,6621,58
2,6622,25
2,6623,64
2,6624,77
2,6625,71
2,6626,77
2,6627,115
2,6628,64
2,6629,57
2,6630,116
2,6631,218
2,6632,147
2,6633,851
2,6634,102
2,6635,768
2,6636,128
2,6637,77
2,6638,115
2,6639,102
2,6640,205
2,6641,25
2,6642,45
2,6643,102
2,6644,96
2,6645,32
2,6646,198
2,6647,153
2,6648,109
2,6649,58
2,6650,122
2,6651,122
2,6652,115
2,6653,-423
2,6654,-199
2,6655,128
2,6656,57
2,6657,32
2,6658,77
2,6659,64
2,6660,96
2,6661,77
2,6662,205
2,6663,70
2,6664,115
2,6665,96
2,6666,160
2,6667,140
2,6668,121
2,6669,102
2,6670,115
2,6671,90
2,6672,186
2,6673,103
2,6674,371
2,6675,-26
2,6676,45
2,6677,58
2,6678,377
2,6679,96
2,6680,134
2,6681,-26
2,6682,70
2,6683,64
2,6684,103
2,6685,52
2,6686,103
2,6687,64
2,6688,153
2,6689,90
2,6690,397
2,6691,116
2,6692,166
2,6693,109
2,6694,179
2,6695,70
2,6696,173
2,6697,51
2,6698,109
2,6699,64
2,6700,96
2,6701,166
2,6702,135
2,6703,96
2,6704,122
2,6705,70
2,6706,173
2,6707,89
2,6708,-13
2,6709,115
2,6710,122
2,6711,64
2,6712,167
2,6713,109
2,6714,121
2,6715,25
2,6716,160
2,6717,58
2,6718,90
2,6719,70
2,6720,102
2,6721,52
2,6722,64
2,6723,25
2,6724,140
2,6725,134
2,6726,160
2,6727,134
2,6728,224
2,6729,38
2,6730,121
2,6731,384
2,6732,84
2,6733,71
2,6734,173
2,6735,58
2,6736,192
2,6737,115
2,6738,-365
2,6739,166
2,6740,128
2,6741,71
2,6742,172
2,6743,-25
2,6744,237
2,6745,51
2,6746,102
2,6747,58
2,6748,64
2,6749,57
2,6750,25
2,6751,96
2,6752,45
2,6753,84
2,6754,57
2,6755,-38
2,6756,70
2,6757,70
2,6758,141
2,6759,19
2,6760,58
2,6761,102
2,6762,173
2,6763,103
2,6764,339
2,6765,102
2,6766,77
2,6767,108
2,6768,198
2,6769,108
2,6770,83
2,6771,58
2,6772,172
2,6773,115
2,6774,109
2,6775,166
2,6776,167
2,6777,109
2,6778,218
2,6779,109
2,6780,192
2,6781,128
2,6782,166
2,6783,90
2,6784,116
2,6785,64
2,6786,51
2,6787,109
2,6788,160
2,6789,89
2,6790,205
2,6791,57
2,6792,108
2,6793,141
2,6794,217
2,6795,371
2,6796,121
2,6797,52
2,6798,108
2,6799,121
2,6800,90
2,6801,45
2,6802,103
2,6803,128
2,6804,96
2,6805,333
2,6806,198
2,6807,77
2,6808,102
2,6809,58
2,6810,205
2,6811,128
2,6812,122
2,6813,90
2,6814,167
2,6815,294
2,6816,77
2,6817,96
2,6818,128
2,6819,71
2,6820,70
2,6821,83
2,6822,166
2,6823,121
2,6824,-352
2,6825,25
2,6826,371
2,6827,64
2,6828,58
2,6829,45
2,6830,64
2,6831,25
2,6832,38
2,6833,109
2,6834,134
2,6835,71
2,6836,167
2,6837,51
2,6838,192
2,6839,128
2,6840,109
2,6841,26
2,6842,102
2,6843,96
2,6844,121
2,6845,90
2,6846,122
2,6847,64
2,6848,77
2,6849,109
2,6850,211
2,6851,122
2,6852,186
2,6853,64
2,6854,-64
2,6855,128
2,6856,102
2,6857,83
2,6858,390
2,6859,-38
2,6860,147
2,6861,64
2,6862,186
2,6863,141
2,6864,141
2,6865,116
2,6866,186
2,6867,103
2,6868,166
2,6869,109
2,6870,172
2,6871,141
2,6872,121
2,6873,77
2,6874,147
2,6875,103
2,6876,813
2,6877,96
2,6878,109
2,6879,64
2,6880,45
2,6881,134
2,6882,128
2,6883,102
2,6884,116
2,6885,51
2,6886,160
2,6887,109
2,6888,70
2,6889,64
2,6890,780
2,6891,128
2,6892,109
2,6893,84
2,6894,116
2,6895,76
2,6896,64
2,6897,45
2,6898,109
2,6899,90
2,6900,102
2,6901,57
2,6902,90
2,6903,64
2,6904,147
2,6905,57
2,6906,167
2,6907,-45
2,6908,173
2,6909,-371
2,6910,121
2,6911,121
2,6912,134
2,6913,-51
2,6914,83
2,6915,70
2,6916,128
2,6917,90
2,6918,115
2,6919,160
2,6920,77
2,6921,70
2,6922,135
2,6923,103
2,6924,198
2,6925,122
2,6926,172
2,6927,116
2,6928,166
2,6929,96
2,6930,121
2,6931,71
2,6932,96
2,6933,64
2,6934,134
2,6935,64
2,6936,115
2,6937,108
2,6938,243
2,6939,102
2,6940,186
2,6941,57
2,6942,371
2,6943,-26
2,6944,154
2,6945,64
2,6946,153
2,6947,122
2,6948,269
2,6949,109
2,6950,141
2,6951,122
2,6952,128
2,6953,45
2,6954,103
2,6955,77
2,6956,51
2,6957,64
2,6958,96
2,6959,-32
2,6960,141
2,6961,147
2,6962,128
2,6963,134
2,6964,64
2,6965,89
2,6966,166
2,6967,122
2,6968,269
2,6969,38
2,6970,185
2,6971,64
2,6972,89
2,6973,109
2,6974,-44
2,6975,70
2,6976,166
2,6977,32
2,6978,204
2,6979,109
2,6980,173
2,6981,77
2,6982,160
2,6983,83
2,6984,108
2,6985,77
2,6986,109
2,6987,51
2,6988,83
2,6989,45
2,6990,-32
2,6991,128
2,6992,64
2,6993,-544
2,6994,173
2,6995,211
2,6996,173
2,6997,103
2,6998,141
2,6999,122
2,7000,377
2,7001,38
2,7002,166
2,7003,57
2,7004,96
2,7005,83
2,7006,166
2,7007,122
2,7008,147
2,7009,58
2,7010,102
2,7011,96
2,7012,128
2,7013,51
2,7014,512
2,7015,371
2,7016,192
2,7017,192
2,7018,186
2,7019,89
2,7020,204
2,7021,96
2,7022,167
2,7023,115
2,7024,141
2,7025,64
2,7026,179
2,7027,32
2,7028,122
2,7029,71
2,7030,153
2,7031,89
2,7032,166
2,7033,352
2,7034,141
2,7035,83
2,7036,134
2,7037,90
2,7038,167
2,7039,115
2,7040,212
2,7041,39
2,7042,115
2,7043,128
2,7044,109
2,7045,39
2,7046,25
2,7047,26
2,7048,205
2,7049,160
2,7050,167
2,7051,103
2,7052,128
2,7053,-32
2,7054,96
2,7055,154
2,7056,173
2,7057,116
2,7058,198
2,7059,340
2,7060,185
2,7061,115
2,7062,128
2,7063,102
2,7064,64
2,7065,51
2,7066,116
2,7067,64
2,7068,102
2,7069,52
2,7070,166
2,7071,25
2,7072,96
2,7073,89
2,7074,128
2,7075,70
2,7076,153
2,7077,32
2,7078,109
2,7079,-960
2,7080,64
2,7081,26
2,7082,109
2,7083,102
2,7084,173
2,7085,96
2,7086,205
2,7087,70
2,7088,154
2,7089,96
2,7090,32
2,7091,77
2,7092,153
2,7093,153
2,7094,160
2,7095,89
2,7096,211
2,7097,96
2,7098,397
2,7099,115
2,7100,102
2,7101,70
2,7102,102
2,7103,71
2,7104,121
2,7105,71
2,7106,122
2,7107,57
2,7108,57
2,7109,51
2,7110,-32
2,7111,109
2,7112,64
2,7113,51
2,7114,147
2,7115,20
2,7116,116
2,7117,64
2,7118,186
2,7119,70
2,7120,115
2,7121,64
2,7122,160
2,7123,77
2,7124,76
2,7125,38
2,7126,115
2,7127,364
2,7128,128
2,7129,64
2,7130,51
2,7131,218
2,7132,807
2,7133,51
2,7134,173
2,7135,185
2,7136,64
2,7137,32
2,7138,77
2,7139,-38
2,7140,83
2,7141,44
2,7142,185
2,7143,71
2,7144,58
2,7145,806
2,7146,147
2,7147,774
2,7148,45
2,7149,38
2,7150,135
2,7151,96
2,7152,205
2,7153,19
2,7154,58
2,7155,103
2,7156,32
2,7157,45
2,7158,154
2,7159,90
2,7160,70
2,7161,51
2,7162,19
2,7163,122
2,7164,-460
2,7165,58
2,7166,77
2,7167,160
2,7168,103
2,7169,45
2,7170,167
2,7171,45
2,7172,70
2,7173,64
2,7174,64
2,7175,58
2,7176,167
2,7177,58
2,7178,115
2,7179,26
2,7180,135
2,7181,102
2,7182,160
2,7183,77
2,7184,115
2,7185,109
2,7186,396
2,7187,32
2,7188,109
2,7189,396
2,7190,121
2,7191,32
2,7192,103
2,7193,83
2,7194,199
2,7195,205
2,7196,115
2,7197,-51
2,7198,135
2,7199,205
2,7200,116
2,7201,135
2,7202,134
2,7203,115
2,7204,115
2,7205,115
2,7206,128
2,7207,83
2,7208,154
2,7209,57
2,7210,153
2,7211,57
2,7212,153
2,7213,103
2,7214,141
2,7215,217
2,7216,84
2,7217,167
2,7218,212
2,7219,77
2,7220,166
2,7221,173
2,7222,211
2,7223,160
2,7224,172
2,7225,103
2,7226,198
2,7227,77
2,7228,147
2,7229,77
2,7230,166
2,7231,57
2,7232,64
2,7233,51
2,7234,-45
2,7235,147
2,7236,122
2,7237,359
2,7238,103
2,7239,115
2,7240,134
2,7241,89
2,7242,160
2,7243,25
2,7244,90
2,7245,-52
2,7246,205
2,7247,109
2,7248,198
2,7249,-544
2,7250,173
2,7251,103
2,7252,153
2,7253,52
2,7254,38
2,7255,141
2,7256,147
2,7257,77
2,7258,128
2,7259,57
2,7260,167
2,7261,26
2,7262,64
2,7263,103
2,7264,70
2,7265,45
2,7266,83
2,7267,64
2,7268,26
2,7269,32
2,7270,135
2,7271,45
2,7272,173
2,7273,173
2,7274,244
2,7275,96
2,7276,198
2,7277,44
2,7278,160
2,7279,160
2,7280,173
2,7281,83
2,7282,160
2,7283,70
2,7284,167
2,7285,52
2,7286,109
2,7287,71
2,7288,70
2,7289,122
2,7290,160
2,7291,147
2,7292,115
2,7293,83
2,7294,89
2,7295,102
2,7296,64
2,7297,25
2,7298,109
2,7299,102
2,7300,108
2,7301,-6
2,7302,51
2,7303,64
2,7304,115
2,7305,58
2,7306,179
2,7307,115
2,7308,230
2,7309,70
2,7310,160
2,7311,198
2,7312,39
2,7313,52
2,7314,147
2,7315,32
2,7316,51
2,7317,89
2,7318,160
2,7319,45
2,7320,154
2,7321,58
2,7322,160
2,7323,64
2,7324,141
2,7325,96
2,7326,198
2,7327,115
2,7328,167
2,7329,64
2,7330,128
2,7331,109
2,7332,167
2,7333,58
2,7334,192
2,7335,-384
2,7336,102
2,7337,58
2,7338,160
2,7339,58
2,7340,109
2,7341,64
2,7342,148
2,7343,211
2,7344,83
2,7345,141
2,7346,180
2,7347,122
2,7348,346
2,7349,160
2,7350,135
2,7351,122
2,7352,70
2,7353,26
2,7354,84
2,7355,64
2,7356,102
2,7357,71
2,7358,58
2,7359,64
2,7360,58
2,7361,58
2,7362,154
2,7363,167
2,7364,147
2,7365,76
2,7366,172
2,7367,96
2,7368,102
2,7369,96
2,7370,83
2,7371,90
2,7372,122
2,7373,32
2,7374,108
2,7375,115
2,7376,115
2,7377,77
2,7378,154
2,7379,109
2,7380,90
2,7381,51
2,7382,103
2,7383,166
2,7384,122
2,7385,103
2,7386,115
2,7387,-71
2,7388,832
2,7389,77
2,7390,26
2,7391,77
2,7392,64
2,7393,102
2,7394,89
2,7395,58
2,7396,96
2,7397,58
2,7398,128
2,7399,64
2,7400,237
2,7401,38
2,7402,768
2,7403,71
2,7404,115
2,7405,153
2,7406,160
2,7407,89
2,7408,90
2,7409,90
2,7410,147
2,7411,64
2,7412,371
2,7413,109
2,7414,204
2,7415,102
2,7416,109
2,7417,77
2,7418,89
2,7419,121
2,7420,-468
2,7421,116
2,7422,167
2,7423,-32
2,7424,128
2,7425,-26
2,7426,128
2,7427,122
2,7428,167
2,7429,109
2,7430,192
2,7431,115
2,7432,358
2,7433,301
2,7434,148
2,7435,128
2,7436,135
2,7437,122
2,7438,115
2,7439,64
2,7440,109
2,7441,51
2,7442,64
2,7443,51
2,7444,58
2,7445,51
2,7446,83
2,7447,25
2,7448,45
2,7449,96
2,7450,179
2,7451,109
2,7452,122
2,7453,231
2,7454,160
2,7455,128
2,7456,192
2,7457,-64
2,7458,173
2,7459,378
2,7460,167
2,7461,128
2,7462,199
2,7463,103
2,7464,153
2,7465,32
2,7466,180
2,7467,32
2,7468,122
2,7469,58
2,7470,192
2,7471,51
2,7472,217
2,7473,89
2,7474,166
2,7475,32
2,7476,-32
2,7477,89
2,7478,198
2,7479,160
2,7480,204
2,7481,57
2,7482,147
2,7483,64
2,7484,77
2,7485,160
2,7486,172
2,7487,83
2,7488,148
2,7489,64
2,7490,108
2,7491,333
2,7492,173
2,7493,109
2,7494,211
2,7495,102
2,7496,173
2,7497,-38
2,7498,77
2,7499,64
2,7500,167
2,7501,39
2,7502,109
2,7503,76
2,7504,179
2,7505,-640
2,7506,128
2,7507,147
2,7508,166
2,7509,108
2,7510,141
2,7511,128
2,7512,211
2,7513,90
2,7514,84
2,7515,90
2,7516,116
2,7517,39
2,7518,128
2,7519,148
2,7520,83
2,7521,71
2,7522,122
2,7523,77
2,7524,173
2,7525,64
2,7526,109
2,7527,116
2,7528,58
2,7529,115
2,7530,160
2,7531,128
2,7532,167
2,7533,263
2,7534,64
2,7535,64
2,7536,147
2,7537,19
2,7538,-26
2,7539,25
2,7540,64
2,7541,51
2,7542,128
2,7543,64
2,7544,186
2,7545,64
2,7546,154
2,7547,77
2,7548,173
2,7549,192
2,7550,186
2,7551,58
2,7552,109
2,7553,64
2,7554,58
2,7555,109
2,7556,205
2,7557,96
2,7558,57
2,7559,256
2,7560,64
2,7561,147
2,7562,115
2,7563,166
2,7564,122
2,7565,128
2,7566,109
2,7567,121
2,7568,173
2,7569,205
2,7570,57
2,7571,160
2,7572,205
2,7573,199
2,7574,121
2,7575,122
2,7576,153
2,7577,109
2,7578,166
2,7579,115
2,7580,128
2,7581,45
2,7582,154
2,7583,160
2,7584,-45
2,7585,90
2,7586,32
2,7587,70
2,7588,121
2,7589,71
2,7590,-333
2,7591,141
2,7592,89
2,7593,70
2,7594,166
2,7595,83
2,7596,90
2,7597,83
2,7598,179
2,7599,90
2,7600,135
2,7601,45
2,7602,102
2,7603,173
2,7604,64
2,7605,45
2,7606,198
2,7607,365
2,7608,179
2,7609,122
2,7610,58
2,7611,83
2,7612,160
2,7613,103
2,7614,83
2,7615,122
2,7616,71
2,7617,45
2,7618,122
2,7619,160
2,7620,198
2,7621,-51
2,7622,109
2,7623,295
2,7624,179
2,7625,153
2,7626,173
2,7627,135
2,7628,166
2,7629,346
2,7630,122
2,7631,109
2,7632,173
2,7633,64
2,7634,121
2,7635,83
2,7636,192
2,7637,19
2,7638,-51
2,7639,134
2,7640,90
2,7641,52
2,7642,51
2,7643,64
2,7644,838
2,7645,89
2,7646,58
2,7647,237
2,7648,64
2,7649,64
2,7650,128
2,7651,19
2,7652,45
2,7653,52
2,7654,77
2,7655,77
2,7656,116
2,7657,787
2,7658,121
2,7659,794
2,7660,147
2,7661,58
2,7662,167
2,7663,109
2,7664,134
2,7665,32
2,7666,128
2,7667,44
2,7668,58
2,7669,32
2,7670,115
2,7671,25
2,7672,122
2,7673,109
2,7674,83
2,7675,301
2,7676,-429
2,7677,109
2,7678,154
2,7679,115
2,7680,397
2,7681,26
2,7682,121
2,7683,58
2,7684,115
2,7685,45
2,7686,153
2,7687,83
2,7688,135
2,7689,51
2,7690,128
2,7691,83
2,7692,90
2,7693,89
2,7694,160
2,7695,64
2,7696,160
2,7697,38
2,7698,76
2,7699,58
2,7700,-45
2,7701,90
2,7702,160
2,7703,71
2,7704,128
2,7705,58
2,7706,89
2,7707,109
2,7708,154
2,7709,51
2,7710,128
2,7711,371
2,7712,115
2,7713,116
2,7714,160
2,7715,160
2,7716,90
2,7717,115
2,7718,83
2,7719,109
2,7720,90
2,7721,26
2,7722,115
2,7723,77
2,7724,122
2,7725,52
2,7726,64
2,7727,57
2,7728,128
2,7729,89
2,7730,160
2,7731,115
2,7732,141
2,7733,346
2,7734,115
2,7735,70
2,7736,217
2,7737,38
2,7738,96
2,7739,19
2,7740,140
2,7741,58
2,7742,166
2,7743,70
2,7744,167
2,7745,160
2,7746,96
2,7747,102
2,7748,211
2,7749,102
2,7750,205
2,7751,135
2,7752,167
2,7753,64
2,7754,115
2,7755,51
2,7756,102
2,7757,71
2,7758,89
2,7759,173
2,7760,115
2,7761,-410
2,7762,160
2,7763,147
2,7764,128
2,7765,122
2,7766,122
2,7767,115
2,7768,173
2,7769,32
2,7770,26
2,7771,45
2,7772,83
2,7773,51
2,7774,64
2,7775,45
2,7776,83
2,7777,-51
2,7778,141
2,7779,25
2,7780,333
2,7781,44
2,7782,45
2,7783,38
2,7784,102
2,7785,90
2,7786,173
2,7787,115
2,7788,212
2,7789,58
2,7790,70
2,7791,90
2,7792,147
2,7793,57
2,7794,115
2,7795,25
2,7796,90
2,7797,19
2,7798,96
2,7799,103
2,7800,166
2,7801,102
2,7802,140
2,7803,83
2,7804,167
2,7805,96
2,7806,122
2,7807,-38
2,7808,77
2,7809,-58
2,7810,44
2,7811,128
2,7812,115
2,7813,51
2,7814,70
2,7815,102
2,7816,115
2,7817,141
2,7818,166
2,7819,160
2,7820,186
2,7821,160
2,7822,224
2,7823,135
2,7824,57
2,7825,96
2,7826,160
2,7827,102
2,7828,262
2,7829,70
2,7830,173
2,7831,83
2,7832,211
2,7833,153
2,7834,89
2,7835,109
2,7836,89
2,7837,148
2,7838,345
2,7839,128
2,7840,90
2,7841,77
2,7842,134
2,7843,153
2,7844,128
2,7845,64
2,7846,-409
2,7847,103
2,7848,115
2,7849,358
2,7850,70
2,7851,102
2,7852,179
2,7853,51
2,7854,58
2,7855,115
2,7856,89
2,7857,122
2,7858,173
2,7859,153
2,7860,211
2,7861,90
2,7862,109
2,7863,128
2,7864,128
2,7865,45
2,7866,90
2,7867,77
2,7868,115
2,7869,38
2,7870,358
2,7871,71
2,7872,71
2,7873,70
2,7874,103
2,7875,371
2,7876,141
2,7877,58
2,7878,217
2,7879,26
2,7880,116
2,7881,96
2,7882,-38
2,7883,121
2,7884,108
2,7885,57
2,7886,109
2,7887,116
2,7888,141
2,7889,135
2,7890,211
2,7891,173
2,7892,109
2,7893,121
2,7894,89
2,7895,122
2,7896,160
2,7897,90
2,7898,109
2,7899,64
2,7900,819
2,7901,64
2,7902,71
2,7903,-52
2,7904,45
2,7905,64
2,7906,77
2,7907,70
2,7908,230
2,7909,71
2,7910,102
2,7911,51
2,7912,115
2,7913,102
2,7914,781
2,7915,96
2,7916,102
2,7917,83
2,7918,71
2,7919,70
2,7920,108
2,7921,96
2,7922,109
2,7923,19
2,7924,166
2,7925,102
2,7926,160
2,7927,90
2,7928,327
2,7929,77
2,7930,128
2,7931,128
2,7932,-314
2,7933,141
2,7934,147
2,7935,121
2,7936,166
2,7937,76
2,7938,83
2,7939,64
2,7940,281
2,7941,38
2,7942,96
2,7943,166
2,7944,-45
2,7945,135
2,7946,128
2,7947,-109
2,7948,205
2,7949,186
2,7950,211
2,7951,160
2,7952,103
2,7953,32
2,7954,166
2,7955,217
2,7956,64
2,7957,32
2,7958,83
2,7959,83
2,7960,140
2,7961,102
2,7962,128
2,7963,109
2,7964,109
2,7965,64
2,7966,128
2,7967,116
2,7968,186
2,7969,71
2,7970,128
2,7971,90
2,7972,147
2,7973,135
2,7974,121
2,7975,134
2,7976,115
2,7977,121
2,7978,90
2,7979,39
2,7980,57
2,7981,77
2,7982,64
2,7983,77
2,7984,96
2,7985,51
2,7986,160
2,7987,276
2,7988,115
2,7989,128
2,7990,167
2,7991,96
2,7992,173
2,7993,32
2,7994,116
2,7995,102
2,7996,185
2,7997,51
2,7998,160
2,7999,64
2,8000,96
2,8001,76
2,8002,70
2,8003,77
2,8004,115
2,8005,70
2,8006,135
2,8007,109
2,8008,134
2,8009,-38
2,8010,77
2,8011,109
2,8012,71
2,8013,77
2,8014,26
2,8015,192
2,8016,-531
2,8017,57
2,8018,179
2,8019,147
2,8020,173
2,8021,135
2,8022,135
2,8023,115
2,8024,102
2,8025,45
2,8026,115
2,8027,64
2,8028,64
2,8029,-51
2,8030,64
2,8031,26
2,8032,38
2,8033,58
2,8034,166
2,8035,64
2,8036,77
2,8037,121
2,8038,256
2,8039,103
2,8040,115
2,8041,115
2,8042,115
2,8043,64
2,8044,115
2,8045,102
2,8046,160
2,8047,147
2,8048,115
2,8049,32
2,8050,96
2,8051,51
2,8052,76
2,8053,64
2,8054,64
2,8055,70
2,8056,83
2,8057,256
2,8058,199
2,8059,128
2,8060,153
2,8061,70
2,8062,115
2,8063,64
2,8064,134
2,8065,32
2,8066,179
2,8067,128
2,8068,102
2,8069,64
2,8070,19
2,8071,140
2,8072,115
2,8073,102
2,8074,128
2,8075,141
2,8076,116
2,8077,116
2,8078,121
2,8079,58
2,8080,64
2,8081,173
2,8082,115
2,8083,58
2,8084,64
2,8085,96
2,8086,83
2,8087,96
2,8088,89
2,8089,122
2,8090,166
2,8091,89
2,8092,64
2,8093,32
2,8094,109
2,8095,147
2,8096,109
2,8097,166
2,8098,116
2,8099,109
2,8100,102
2,8101,-544
2,8102,103
2,8103,116
2,8104,173
2,8105,77
2,8106,166
2,8107,77
2,8108,84
2,8109,154
2,8110,77
2,8111,-45
2,8112,128
2,8113,115
2,8114,384
2,8115,71
2,8116,77
2,8117,-32
2,8118,147
2,8119,160
2,8120,102
2,8121,38
2,8122,84
2,8123,147
2,8124,122
2,8125,115
2,8126,160
2,8127,96
2,8128,166
2,8129,58
2,8130,115
2,8131,64
2,8132,211
2,8133,51
2,8134,64
2,8135,58
2,8136,205
2,8137,58
2,8138,116
2,8139,83
2,8140,205
2,8141,90
2,8142,198
2,8143,-64
2,8144,128
2,8145,32
2,8146,365
2,8147,83
2,8148,77
2,8149,102
2,8150,154
2,8151,128
2,8152,134
2,8153,96
2,8154,154
2,8155,-32
2,8156,832
2,8157,109
2,8158,13
2,8159,25
2,8160,64
2,8161,109
2,8162,38
2,8163,103
2,8164,115
2,8165,26
2,8166,64
2,8167,32
2,8168,116
2,8169,807
2,8170,128
2,8171,768
2,8172,185
2,8173,121
2,8174,218
2,8175,147
2,8176,179
2,8177,358
2,8178,83
2,8179,32
2,8180,141
2,8181,-45
2,8182,128
2,8183,71
2,8184,128
2,8185,102
2,8186,77
2,8187,-423
2,8188,167
2,8189,102
2,8190,25
2,8191,160
2,8192,-32
2,8193,71
2,8194,116
2,8195,32
2,8196,25
2,8197,64
2,8198,83
2,8199,25
2,8200,109
2,8201,39
2,8202,121
2,8203,108
2,8204,167
2,8205,116
2,8206,179
2,8207,57
2,8208,217
2,8209,26
2,8210,32
2,8211,51
2,8212,70
2,8213,115
2,8214,205
2,8215,90
2,8216,102
2,8217,58
2,8218,58
2,8219,122
2,8220,-45
2,8221,109
2,8222,173
2,8223,108
2,8224,109
2,8225,64
2,8226,153
2,8227,71
2,8228,83
2,8229,102
2,8230,122
2,8231,115
2,8232,128
2,8233,64
2,8234,173
2,8235,96
2,8236,102
2,8237,58
2,8238,122
2,8239,-64
2,8240,185
2,8241,77
2,8242,167
2,8243,154
2,8244,153
2,8245,141
2,8246,224
2,8247,134
2,8248,160
2,8249,51
2,8250,256
2,8251,96
2,8252,109
2,8253,307
2,8254,83
2,8255,39
2,8256,70
2,8257,96
2,8258,77
2,8259,108
2,8260,121
2,8261,70
2,8262,96
2,8263,71
2,8264,173
2,8265,45
2,8266,70
2,8267,77
2,8268,71
2,8269,96
2,8270,109
2,8271,90
2,8272,-544
2,8273,96
2,8274,109
2,8275,115
2,8276,217
2,8277,172
2,8278,103
2,8279,52
2,8280,160
2,8281,52
2,8282,102
2,8283,90
2,8284,122
2,8285,70
2,8286,121
2,8287,38
2,8288,103
2,8289,51
2,8290,108
2,8291,45
2,8292,365
2,8293,25
2,8294,128
2,8295,19
2,8296,141
2,8297,90
2,8298,160
2,8299,102
2,8300,160
2,8301,115
2,8302,135
2,8303,109
2,8304,198
2,8305,96
2,8306,121
2,8307,83
2,8308,122
2,8309,96
2,8310,58
2,8311,96
2,8312,58
2,8313,109
2,8314,179
2,8315,180
2,8316,192
2,8317,90
2,8318,90
2,8319,96
2,8320,51
2,8321,-19
2,8322,58
2,8323,25
2,8324,77
2,8325,32
2,8326,141
2,8327,90
2,8328,147
2,8329,128
2,8330,153
2,8331,96
2,8332,115
2,8333,134
2,8334,121
2,8335,109
2,8336,212
2,8337,51
2,8338,102
2,8339,64
2,8340,167
2,8341,64
2,8342,128
2,8343,147
2,8344,96
2,8345,89
2,8346,167
2,8347,160
2,8348,179
2,8349,108
2,8350,180
2,8351,122
2,8352,140
2,8353,108
2,8354,198
2,8355,148
2,8356,64
2,8357,-525
2,8358,122
2,8359,115
2,8360,179
2,8361,64
2,8362,160
2,8363,76
2,8364,172
2,8365,115
2,8366,173
2,8367,154
2,8368,57
2,8369,122
2,8370,128
2,8371,372
2,8372,160
2,8373,57
2,8374,199
2,8375,115
2,8376,179
2,8377,358
2,8378,141
2,8379,115
2,8380,115
2,8381,45
2,8382,32
2,8383,44
2,8384,115
2,8385,90
2,8386,249
2,8387,109
2,8388,70
2,8389,96
2,8390,-288
2,8391,83
2,8392,173
2,8393,64
2,8394,160
2,8395,32
2,8396,198
2,8397,96
2,8398,57
2,8399,64
2,8400,166
2,8401,198
2,8402,141
2,8403,102
2,8404,-38
2,8405,45
2,8406,121
2,8407,327
2,8408,25
2,8409,32
2,8410,64
2,8411,64
2,8412,806
2,8413,58
2,8414,167
2,8415,116
2,8416,77
2,8417,51
2,8418,70
2,8419,64
2,8420,128
2,8421,19
2,8422,25
2,8423,26
2,8424,115
2,8425,90
2,8426,775
2,8427,166
2,8428,102
2,8429,115
2,8430,102
2,8431,64
2,8432,102
2,8433,70
2,8434,166
2,8435,58
2,8436,167
2,8437,45
2,8438,109
2,8439,58
2,8440,-19
2,8441,57
2,8442,205
2,8443,-333
2,8444,140
2,8445,108
2,8446,154
2,8447,108
2,8448,320
2,8449,57
2,8450,147
2,8451,173
2,8452,121
2,8453,58
2,8454,212
2,8455,109
2,8456,90
2,8457,64
2,8458,218
2,8459,51
2,8460,199
2,8461,89
2,8462,122
2,8463,173
2,8464,64
2,8465,51
2,8466,102
2,8467,64
2,8468,13
2,8469,58
2,8470,71
2,8471,-26
2,8472,-38
2,8473,122
2,8474,179
2,8475,71
2,8476,52
2,8477,51
2,8478,109
2,8479,109
2,8480,173
2,8481,51
2,8482,-262
2,8483,64
2,8484,70
2,8485,70
2,8486,167
2,8487,77
2,8488,160
2,8489,51
2,8490,128
2,8491,57
2,8492,77
2,8493,-26
2,8494,135
2,8495,57
2,8496,116
2,8497,96
2,8498,198
2,8499,102
2,8500,109
2,8501,128
2,8502,128
2,8503,167
2,8504,115
2,8505,25
2,8506,64
2,8507,71
2,8508,89
2,8509,58
2,8510,115
2,8511,96
2,8512,64
2,8513,109
2,8514,77
2,8515,83
2,8516,147
2,8517,77
2,8518,128
2,8519,122
2,8520,52
2,8521,57
2,8522,108
2,8523,90
2,8524,153
2,8525,52
2,8526,96
2,8527,102
2,8528,-518
2,8529,39
2,8530,83
2,8531,122
2,8532,122
2,8533,52
2,8534,103
2,8535,70
2,8536,77
2,8537,51
2,8538,160
2,8539,89
2,8540,102
2,8541,64
2,8542,160
2,8543,115
2,8544,198
2,8545,26
2,8546,64
2,8547,64
2,8548,70
2,8549,96
2,8550,140
2,8551,109
2,8552,154
2,8553,58
2,8554,84
2,8555,160
2,8556,166
2,8557,70
2,8558,115
2,8559,102
2,8560,121
2,8561,339
2,8562,109
2,8563,58
2,8564,147
2,8565,19
2,8566,115
2,8567,70
2,8568,154
2,8569,109
2,8570,154
2,8571,122
2,8572,378
2,8573,96
2,8574,179
2,8575,332
2,8576,359
2,8577,115
2,8578,57
2,8579,77
2,8580,115
2,8581,57
2,8582,147
2,8583,90
2,8584,76
2,8585,83
2,8586,167
2,8587,148
2,8588,173
2,8589,58
2,8590,147
2,8591,288
2,8592,173
2,8593,173
2,8594,154
2,8595,109
2,8596,160
2,8597,57
2,8598,166
2,8599,64
2,8600,205
2,8601,109
2,8602,109
2,8603,76
2,8604,148
2,8605,57
2,8606,121
2,8607,102
2,8608,154
2,8609,51
2,8610,147
2,8611,135
2,8612,154
2,8613,-820
2,8614,102
2,8615,115
2,8616,160
2,8617,64
2,8618,115
2,8619,147
2,8620,224
2,8621,147
2,8622,70
2,8623,77
2,8624,153
2,8625,147
2,8626,71
2,8627,115
2,8628,141
2,8629,96
2,8630,89
2,8631,109
2,8632,128
2,8633,102
2,8634,96
2,8635,77
2,8636,122
2,8637,45
2,8638,70
2,8639,154
2,8640,108
2,8641,71
2,8642,115
2,8643,122
2,8644,76
2,8645,83
2,8646,121
2,8647,77
2,8648,122
2,8649,44
2,8650,109
2,8651,-51
2,8652,217
2,8653,51
2,8654,128
2,8655,166
2,8656,121
2,8657,218
2,8658,128
2,8659,64
2,8660,115
2,8661,116
2,8662,108
2,8663,108
2,8664,121
2,8665,-205
2,8666,-32
2,8667,121
2,8668,787
2,8669,121
2,8670,147
2,8671,365
2,8672,115
2,8673,-134
2,8674,70
2,8675,-26
2,8676,141
2,8677,58
2,8678,58
2,8679,102
2,8680,147
2,8681,819
2,8682,173
2,8683,755
2,8684,224
2,8685,51
2,8686,172
2,8687,128
2,8688,102
2,8689,-6
2,8690,102
2,8691,58
2,8692,51
2,8693,45
2,8694,147
2,8695,64
2,8696,58
2,8697,64
2,8698,359
2,8699,-332
2,8700,218
2,8701,109
2,8702,172
2,8703,51
2,8704,148
2,8705,-25
2,8706,83
2,8707,44
2,8708,121
2,8709,122
2,8710,160
2,8711,64
2,8712,256
2,8713,160
2,8714,103
2,8715,115
2,8716,141
2,8717,147
2,8718,70
2,8719,167
2,8720,224
2,8721,109
2,8722,96
2,8723,64
2,8724,147
2,8725,90
2,8726,172
2,8727,96
2,8728,205
2,8729,64
2,8730,71
2,8731,64
2,8732,77
2,8733,121
2,8734,103
2,8735,147
2,8736,90
2,8737,109
2,8738,32
2,8739,122
2,8740,83
2,8741,58
2,8742,122
2,8743,57
2,8744,135
2,8745,57
2,8746,32
2,8747,128
2,8748,109
2,8749,44
2,8750,57
2,8751,64
2,8752,57
2,8753,57
2,8754,70
2,8755,358
2,8756,218
2,8757,103
2,8758,109
2,8759,115
2,8760,128
2,8761,58
2,8762,185
2,8763,141
2,8764,103
2,8765,340
2,8766,122
2,8767,-38
2,8768,186
2,8769,102
2,8770,179
2,8771,179
2,8772,166
2,8773,64
2,8774,141
2,8775,134
2,8776,249
2,8777,45
2,8778,141
2,8779,109
2,8780,122
2,8781,45
2,8782,166
2,8783,64
2,8784,-518
2,8785,77
2,8786,172
2,8787,83
2,8788,166
2,8789,32
2,8790,141
2,8791,70
2,8792,122
2,8793,51
2,8794,148
2,8795,64
2,8796,103
2,8797,39
2,8798,90
2,8799,57
2,8800,84
2,8801,26
2,8802,71
2,8803,51
2,8804,166
2,8805,51
2,8806,173
2,8807,52
2,8808,320
2,8809,51
2,8810,77
2,8811,83
2,8812,115
2,8813,52
2,8814,116
2,8815,58
2,8816,70
2,8817,96
2,8818,90
2,8819,64
2,8820,52
2,8821,51
2,8822,147
2,8823,71
2,8824,76
2,8825,96
2,8826,109
2,8827,108
2,8828,102
2,8829,115
2,8830,109
2,8831,160
2,8832,109
2,8833,-6
2,8834,90
2,8835,20
2,8836,102
2,8837,70
2,8838,109
2,8839,64
2,8840,115
2,8841,-32
2,8842,198
2,8843,102
2,8844,122
2,8845,90
2,8846,77
2,8847,77
2,8848,141
2,8849,58
2,8850,231
2,8851,109
2,8852,58
2,8853,128
2,8854,103
2,8855,52
2,8856,-51
2,8857,128
2,8858,147
2,8859,103
2,8860,84
2,8861,51
2,8862,166
2,8863,57
2,8864,198
2,8865,77
2,8866,153
2,8867,128
2,8868,160
2,8869,-634
2,8870,115
2,8871,44
2,8872,167
2,8873,45
2,8874,160
2,8875,160
2,8876,192
2,8877,25
2,8878,173
2,8879,51
2,8880,77
2,8881,70
2,8882,198
2,8883,-32
2,8884,77
2,8885,51
2,8886,76
2,8887,96
2,8888,141
2,8889,-25
2,8890,115
2,8891,90
2,8892,128
2,8893,-25
2,8894,38
2,8895,45
2,8896,51
2,8897,71
2,8898,116
2,8899,109
2,8900,122
2,8901,96
2,8902,179
2,8903,268
2,8904,128
2,8905,211
2,8906,128
2,8907,153
2,8908,115
2,8909,51
2,8910,90
2,8911,128
2,8912,167
2,8913,64
2,8914,180
2,8915,134
2,8916,109
2,8917,135
2,8918,160
2,8919,-26
2,8920,205
2,8921,-128
2,8922,185
2,8923,167
2,8924,832
2,8925,26
2,8926,115
2,8927,121
2,8928,160
2,8929,38
2,8930,326
2,8931,109
2,8932,115
2,8933,44
2,8934,90
2,8935,51
2,8936,58
2,8937,39
2,8938,781
2,8939,154
2,8940,141
2,8941,64
2,8942,96
2,8943,58
2,8944,77
2,8945,89
2,8946,173
2,8947,57
2,8948,153
2,8949,51
2,8950,64
2,8951,128
2,8952,57
2,8953,64
2,8954,-288
2,8955,115
2,8956,231
2,8957,58
2,8958,154
2,8959,102
2,8960,365
2,8961,57
2,8962,77
2,8963,-25
2,8964,186
2,8965,96
2,8966,128
2,8967,116
2,8968,38
2,8969,58
2,8970,122
2,8971,109
2,8972,96
2,8973,51
2,8974,90
2,8975,141
2,8976,121
2,8977,51
2,8978,-32
2,8979,70
2,8980,116
2,8981,51
2,8982,77
2,8983,-20
2,8984,128
2,8985,51
2,8986,173
2,8987,76
2,8988,116
2,8989,134
2,8990,147
2,8991,153
2,8992,371
2,8993,147
2,8994,122
2,8995,51
2,8996,166
2,8997,173
2,8998,160
2,8999,141
2,9000,141
2,9001,57
2,9002,45
2,9003,20
2,9004,314
2,9005,39
2,9006,64
2,9007,83
2,9008,64
2,9009,38
2,9010,-26
2,9011,77
2,9012,217
2,9013,148
2,9014,160
2,9015,160
2,9016,51
2,9017,52
2,9018,70
2,9019,109
2,9020,134
2,9021,109
2,9022,160
2,9023,83
2,9024,358
2,9025,103
2,9026,102
2,9027,121
2,9028,198
2,9029,26
2,9030,115
2,9031,108
2,9032,116
2,9033,96
2,9034,115
2,9035,121
2,9036,160
2,9037,45
2,9038,71
2,9039,-345
2,9040,128
2,9041,51
2,9042,-32
2,9043,211
2,9044,192
2,9045,51
2,9046,-64
2,9047,122
2,9048,160
2,9049,19
2,9050,115
2,9051,64
2,9052,96
2,9053,96
2,9054,77
2,9055,109
2,9056,217
2,9057,-25
2,9058,141
2,9059,71
2,9060,109
2,9061,358
2,9062,167
2,9063,180
2,9064,102
2,9065,102
2,9066,84
2,9067,115
2,9068,109
2,9069,160
2,9070,64
2,9071,71
2,9072,51
2,9073,45
2,9074,77
2,9075,19
2,9076,51
2,9077,83
2,9078,26
2,9079,102
2,9080,109
2,9081,38
2,9082,167
2,9083,173
2,9084,160
2,9085,25
2,9086,-52
2,9087,128
2,9088,83
2,9089,-32
2,9090,83
2,9091,102
2,9092,115
2,9093,70
2,9094,25
2,9095,122
2,9096,108
2,9097,128
2,9098,-45
2,9099,84
2,9100,204
2,9101,64
2,9102,89
2,9103,102
2,9104,121
2,9105,39
2,9106,109
2,9107,32
2,9108,135
2,9109,51
2,9110,115
2,9111,96
2,9112,121
2,9113,109
2,9114,64
2,9115,121
2,9116,128
2,9117,77
2,9118,154
2,9119,128
2,9120,128
2,9121,378
2,9122,128
2,9123,89
2,9124,-506
2,9125,90
2,9126,109
2,9127,109
2,9128,167
2,9129,45
2,9130,115
2,9131,282
2,9132,128
2,9133,77
2,9134,167
2,9135,64
2,9136,167
2,9137,32
2,9138,192
2,9139,64
2,9140,148
2,9141,77
2,9142,122
2,9143,70
2,9144,71
2,9145,-64
2,9146,154
2,9147,160
2,9148,122
2,9149,96
2,9150,70
2,9151,109
2,9152,64
2,9153,102
2,9154,205
2,9155,64
2,9156,-38
2,9157,32
2,9158,71
2,9159,70
2,9160,108
2,9161,58
2,9162,-45
2,9163,96
2,9164,115
2,9165,102
2,9166,121
2,9167,77
2,9168,115
2,9169,45
2,9170,102
2,9171,-26
2,9172,173
2,9173,64
2,9174,83
2,9175,116
2,9176,71
2,9177,45
2,9178,166
2,9179,57
2,9180,794
2,9181,-51
2,9182,89
2,9183,116
2,9184,90
2,9185,57
2,9186,128
2,9187,76
2,9188,96
2,9189,84
2,9190,57
2,9191,103
2,9192,179
2,9193,781
2,9194,166
2,9195,762
2,9196,115
2,9197,58
2,9198,166
2,9199,83
2,9200,121
2,9201,25
2,9202,58
2,9203,51
2,9204,166
2,9205,64
2,9206,122
2,9207,71
2,9208,135
2,9209,-563
2,9210,276
2,9211,147
2,9212,115
2,9213,96
2,9214,58
2,9215,109
2,9216,173
2,9217,77
2,9218,109
2,9219,121
2,9220,83
2,9221,44
2,9222,77
2,9223,134
2,9224,115
2,9225,77
2,9226,108
2,9227,77
2,9228,71
2,9229,167
2,9230,166
2,9231,96
2,9232,179
2,9233,83
2,9234,109
2,9235,32
2,9236,244
2,9237,103
2,9238,179
2,9239,115
2,9240,121
2,9241,109
2,9242,115
2,9243,96
2,9244,186
2,9245,103
2,9246,179
2,9247,70
2,9248,134
2,9249,128
2,9250,102
2,9251,167
2,9252,115
2,9253,83
2,9254,58
2,9255,89
2,9256,64
2,9257,109
2,9258,167
2,9259,128
2,9260,147
2,9261,70
2,9262,116
2,9263,83
2,9264,186
2,9265,115
2,9266,147
2,9267,154
2,9268,179
2,9269,147
2,9270,115
2,9271,147
2,9272,224
2,9273,-7
2,9274,45
2,9275,83
2,9276,89
2,9277,51
2,9278,77
2,9279,25
2,9280,77
2,9281,102
2,9282,205
2,9283,141
2,9284,128
2,9285,70
2,9286,166
2,9287,109
2,9288,160
2,9289,32
2,9290,71
2,9291,102
2,9292,115
2,9293,84
2,9294,147
2,9295,-519
2,9296,64
2,9297,51
2,9298,103
2,9299,70
2,9300,154
2,9301,64
2,9302,141
2,9303,115
2,9304,122
2,9305,-32
2,9306,135
2,9307,58
2,9308,115
2,9309,45
2,9310,64
2,9311,109
2,9312,71
2,9313,52
2,9314,90
2,9315,32
2,9316,89
2,9317,64
2,9318,147
2,9319,64
2,9320,76
2,9321,89
2,9322,179
2,9323,64
2,9324,153
2,9325,102
2,9326,160
2,9327,77
2,9328,115
2,9329,96
2,9330,134
2,9331,-51
2,9332,64
2,9333,96
2,9334,103
2,9335,128
2,9336,147
2,9337,90
2,9338,166
2,9339,83
2,9340,141
2,9341,102
2,9342,134
2,9343,128
2,9344,45
2,9345,51
2,9346,173
2,9347,327
2,9348,76
2,9349,76
2,9350,160
2,9351,115
2,9352,-38
2,9353,-39
2,9354,212
2,9355,115
2,9356,192
2,9357,32
2,9358,115
2,9359,122
2,9360,154
2,9361,52
2,9362,83
2,9363,25
2,9364,-32
2,9365,58
2,9366,58
2,9367,121
2,9368,128
2,9369,70
2,9370,147
2,9371,76
2,9372,115
2,9373,51
2,9374,77
2,9375,77
2,9376,205
2,9377,102
2,9378,90
2,9379,128
2,9380,-455
2,9381,108
2,9382,172
2,9383,109
2,9384,109
2,9385,-39
2,9386,180
2,9387,96
2,9388,147
2,9389,38
2,9390,160
2,9391,71
2,9392,109
2,9393,90
2,9394,217
2,9395,166
2,9396,186
2,9397,71
2,9398,205
2,9399,134
2,9400,-13
2,9401,45
2,9402,173
2,9403,70
2,9404,262
2,9405,45
2,9406,154
2,9407,64
2,9408,83
2,9409,57
2,9410,102
2,9411,141
2,9412,224
2,9413,32
2,9414,109
2,9415,58
2,9416,166
2,9417,38
2,9418,122
2,9419,83
2,9420,122
2,9421,77
2,9422,173
2,9423,70
2,9424,51
2,9425,57
2,9426,192
2,9427,96
2,9428,122
2,9429,70
2,9430,-186
2,9431,128
2,9432,154
2,9433,64
2,9434,211
2,9435,44
2,9436,845
2,9437,38
2,9438,19
2,9439,52
2,9440,153
2,9441,32
2,9442,160
2,9443,58
2,9444,83
2,9445,52
2,9446,70
2,9447,134
2,9448,173
2,9449,108
2,9450,787
2,9451,122
2,9452,147
2,9453,128
2,9454,211
2,9455,90
2,9456,128
2,9457,58
2,9458,108
2,9459,134
2,9460,192
2,9461,38
2,9462,153
2,9463,122
2,9464,205
2,9465,-506
2,9466,211
2,9467,122
2,9468,102
2,9469,58
2,9470,141
2,9471,211
2,9472,102
2,9473,25
2,9474,372
2,9475,141
2,9476,51
2,9477,57
2,9478,167
2,9479,103
2,9480,70
2,9481,116
2,9482,179
2,9483,173
2,9484,58
2,9485,103
2,9486,204
2,9487,121
2,9488,313
2,9489,32
2,9490,192
2,9491,90
2,9492,116
2,9493,58
2,9494,19
2,9495,57
2,9496,51
2,9497,51
2,9498,198
2,9499,115
2,9500,167
2,9501,51
2,9502,173
2,9503,32
2,9504,84
2,9505,115
2,9506,205
2,9507,77
2,9508,108
2,9509,70
2,9510,122
2,9511,102
2,9512,121
2,9513,102
2,9514,115
2,9515,26
2,9516,115
2,9517,115
2,9518,147
2,9519,96
2,9520,70
2,9521,70
2,9522,173
2,9523,160
2,9524,179
2,9525,70
2,9526,211
2,9527,71
2,9528,109
2,9529,25
2,9530,134
2,9531,38
2,9532,128
2,9533,96
2,9534,167
2,9535,64
2,9536,167
2,9537,77
2,9538,166
2,9539,134
2,9540,172
2,9541,109
2,9542,160
2,9543,154
2,9544,77
2,9545,-32
2,9546,108
2,9547,115
2,9548,115
2,9549,32
2,9550,96
2,9551,-359
2,9552,96
2,9553,52
2,9554,122
2,9555,102
2,9556,64
2,9557,71
2,9558,109
2,9559,115
2,9560,166
2,9561,38
2,9562,166
2,9563,51
2,9564,58
2,9565,45
2,9566,281
2,9567,51
2,9568,-45
2,9569,32
2,9570,148
2,9571,64
2,9572,-51
2,9573,45
2,9574,64
2,9575,96
2,9576,109
2,9577,83
2,9578,109
2,9579,121
2,9580,108
2,9581,64
2,9582,281
2,9583,51
2,9584,38
2,9585,51
2,9586,115
2,9587,64
2,9588,64
2,9589,58
2,9590,166
2,9591,109
2,9592,147
2,9593,109
2,9594,218
2,9595,108
2,9596,122
2,9597,109
2,9598,179
2,9599,122
2,9600,134
2,9601,-25
2,9602,89
2,9603,51
2,9604,109
2,9605,57
2,9606,77
2,9607,109
2,9608,109
2,9609,96
2,9610,153
2,9611,84
2,9612,115
2,9613,71
2,9614,269
2,9615,109
2,9616,38
2,9617,45
2,9618,77
2,9619,32
2,9620,45
2,9621,51
2,9622,154
2,9623,64
2,9624,-12
2,9625,109
2,9626,185
2,9627,89
2,9628,205
2,9629,45
2,9630,135
2,9631,83
2,9632,173
2,9633,102
2,9634,115
2,9635,57
2,9636,-506
2,9637,51
2,9638,166
2,9639,102
2,9640,76
2,9641,-26
2,9642,160
2,9643,166
2,9644,154
2,9645,128
2,9646,205
2,9647,90
2,9648,134
2,9649,70
2,9650,179
2,9651,160
2,9652,166
2,9653,64
2,9654,115
2,9655,96
2,9656,109
2,9657,39
2,9658,147
2,9659,103
2,9660,167
2,9661,-134
2,9662,121
2,9663,160
2,9664,122
2,9665,44
2,9666,70
2,9667,20
2,9668,103
2,9669,45
2,9670,115
2,9671,147
2,9672,166
2,9673,58
2,9674,333
2,9675,147
2,9676,141
2,9677,-32
2,9678,249
2,9679,147
2,9680,84
2,9681,51
2,9682,173
2,9683,153
2,9684,19
2,9685,-25
2,9686,217
2,9687,96
2,9688,51
2,9689,51
2,9690,83
2,9691,70
2,9692,800
2,9693,90
2,9694,103
2,9695,70
2,9696,70
2,9697,-38
2,9698,186
2,9699,256
2,9700,410
2,9701,64
2,9702,179
2,9703,51
2,9704,205
2,9705,820
2,9706,198
2,9707,755
2,9708,173
2,9709,352
2,9710,141
2,9711,64
2,9712,115
2,9713,70
2,9714,83
2,9715,51
2,9716,134
2,9717,52
2,9718,109
2,9719,102
2,9720,141
2,9721,-448
2,9722,128
2,9723,109
2,9724,147
2,9725,109
2,9726,25
2,9727,166
2,9728,154
2,9729,51
2,9730,166
2,9731,64
2,9732,57
2,9733,77
2,9734,122
2,9735,64
2,9736,122
2,9737,115
2,9738,173
2,9739,134
2,9740,115
2,9741,64
2,9742,140
2,9743,115
2,9744,109
2,9745,64
2,9746,64
2,9747,115
2,9748,77
2,9749,64
2,9750,102
2,9751,377
2,9752,71
2,9753,45
2,9754,115
2,9755,71
2,9756,109
2,9757,199
2,9758,180
2,9759,83
2,9760,173
2,9761,84
2,9762,173
2,9763,51
2,9764,26
2,9765,154
2,9766,153
2,9767,76
2,9768,128
2,9769,-32
2,9770,115
2,9771,128
2,9772,64
2,9773,64
2,9774,38
2,9775,83
2,9776,141
2,9777,96
2,9778,102
2,9779,90
2,9780,147
2,9781,109
2,9782,160
2,9783,199
2,9784,192
2,9785,70
2,9786,166
2,9787,57
2,9788,103
2,9789,83
2,9790,154
2,9791,102
2,9792,371
2,9793,109
2,9794,172
2,9795,83
2,9796,179
2,9797,64
2,9798,269
2,9799,109
2,9800,122
2,9801,103
2,9802,153
2,9803,116
2,9804,122
2,9805,58
2,9806,-313
2,9807,52
2,9808,115
2,9809,64
2,9810,179
2,9811,128
2,9812,134
2,9813,51
2,9814,199
2,9815,141
2,9816,122
2,9817,44
2,9818,70
2,9819,25
2,9820,44
2,9821,26
2,9822,147
2,9823,103
2,9824,83
2,9825,32
2,9826,64
2,9827,51
2,9828,108
2,9829,32
2,9830,70
2,9831,108
2,9832,44
2,9833,71
2,9834,140
2,9835,77
2,9836,166
2,9837,25
2,9838,102
2,9839,58
2,9840,153
2,9841,32
2,9842,109
2,9843,32
2,9844,180
2,9845,103
2,9846,141
2,9847,77
2,9848,153
2,9849,58
2,9850,198
2,9851,115
2,9852,166
2,9853,52
2,9854,71
2,9855,153
2,9856,147
2,9857,25
2,9858,121
2,9859,115
2,9860,128
2,9861,154
2,9862,166
2,9863,77
2,9864,89
2,9865,89
2,9866,166
2,9867,122
2,9868,358
2,9869,57
2,9870,115
2,9871,70
2,9872,39
2,9873,57
2,9874,84
2,9875,-64
2,9876,128
2,9877,26
2,9878,96
2,9879,134
2,9880,122
2,9881,102
2,9882,128
2,9883,333
2,9884,-128
2,9885,64
2,9886,115
2,9887,64
2,9888,64
2,9889,51
2,9890,205
2,9891,57
2,9892,-339
2,9893,288
2,9894,51
2,9895,102
2,9896,108
2,9897,45
2,9898,115
2,9899,25
2,9900,173
2,9901,58
2,9902,26
2,9903,128
2,9904,109
2,9905,390
2,9906,-32
2,9907,154
2,9908,135
2,9909,51
2,9910,108
2,9911,70
2,9912,103
2,9913,38
2,9914,173
2,9915,71
2,9916,109
2,9917,45
2,9918,173
2,9919,64
2,9920,140
2,9921,211
2,9922,154
2,9923,147
2,9924,115
2,9925,148
2,9926,154
2,9927,102
2,9928,160
2,9929,-26
2,9930,83
2,9931,147
2,9932,70
2,9933,70
2,9934,160
2,9935,115
2,9936,64
2,9937,-32
2,9938,262
2,9939,217
2,9940,211
2,9941,77
2,9942,102
2,9943,89
2,9944,134
2,9945,70
2,9946,116
2,9947,77
2,9948,800
2,9949,51
2,9950,141
2,9951,83
2,9952,333
2,9953,38
2,9954,154
2,9955,103
2,9956,102
2,9957,38
2,9958,116
2,9959,76
2,9960,77
2,9961,51
2,9962,807
2,9963,115
2,9964,166
2,9965,96
2,9966,115
2,9967,58
2,9968,122
2,9969,52
2,9970,160
2,9971,58
2,9972,154
2,9973,57
2,9974,108
2,9975,122
2,9976,70
2,9977,-416
2,9978,153
2,9979,128
2,9980,64
2,9981,115
2,9982,173
2,9983,64
2,9984,116
2,9985,141
2,9986,109
2,9987,71
2,9988,128
2,9989,19
2,9990,109
2,9991,121
2,9992,154
2,9993,90
2,9994,249
2,9995,39
2,9996,64
2,9997,70
2,9998,147
2,9999,166
2,10000,204
2,10001,84
2,10002,153
2,10003,57
2,10004,160
2,10005,52
2,10006,70
2,10007,160
2,10008,115
2,10009,96
2,10010,371
2,10011,96
2,10012,160
2,10013,108
2,10014,160
2,10015,160
2,10016,128
2,10017,109
2,10018,64
2,10019,57
2,10020,115
2,10021,71
2,10022,237
2,10023,166
2,10024,147
2,10025,57
2,10026,352
2,10027,39
2,10028,64
2,10029,115
2,10030,122
2,10031,141
2,10032,173
2,10033,128
2,10034,211
2,10035,121
2,10036,211
2,10037,122
2,10038,179
2,10039,70
2,10040,115
2,10041,115
2,10042,122
2,10043,102
2,10044,51
2,10045,102
2,10046,212
2,10047,77
2,10048,173
2,10049,90
2,10050,122
2,10051,154
2,10052,122
2,10053,115
2,10054,160
2,10055,64
2,10056,301
2,10057,44
2,10058,172
2,10059,83
2,10060,166
2,10061,-550
2,10062,76
2,10063,147
2,10064,128
2,10065,160
2,10066,116
2,10067,116
2,10068,224
2,10069,64
2,10070,147
2,10071,153
2,10072,121
2,10073,51
2,10074,71
2,10075,103
2,10076,83
2,10077,58
2,10078,134
2,10079,84
2,10080,198
2,10081,109
2,10082,96
2,10083,128
2,10084,-45
2,10085,90
2,10086,122
2,10087,90
2,10088,38
2,10089,352
2,10090,134
2,10091,134
2,10092,141
2,10093,96
2,10094,340
2,10095,89
2,10096,128
2,10097,102
2,10098,77
2,10099,365
2,10100,102
2,10101,45
2,10102,109
2,10103,58
2,10104,84
2,10105,128
2,10106,173
2,10107,204
2,10108,231
2,10109,109
2,10110,160
2,10111,128
2,10112,186
2,10113,51
2,10114,108
2,10115,70
2,10116,45
2,10117,51
2,10118,147
2,10119,96
2,10120,115
2,10121,-71
2,10122,205
2,10123,64
2,10124,135
2,10125,122
2,10126,173
2,10127,109
2,10128,76
2,10129,64
2,10130,115
2,10131,58
2,10132,166
2,10133,108
2,10134,51
2,10135,108
2,10136,25
2,10137,102
2,10138,198
2,10139,121
2,10140,192
2,10141,96
2,10142,128
2,10143,96
2,10144,204
2,10145,71
2,10146,102
2,10147,-429
2,10148,167
2,10149,77
2,10150,121
2,10151,77
2,10152,153
2,10153,58
2,10154,70
2,10155,90
2,10156,121
2,10157,96
2,10158,83
2,10159,77
2,10160,134
2,10161,77
2,10162,70
2,10163,109
2,10164,122
2,10165,70
2,10166,166
2,10167,147
2,10168,109
2,10169,256
2,10170,224
2,10171,121
2,10172,109
2,10173,102
2,10174,185
2,10175,96
2,10176,167
2,10177,58
2,10178,128
2,10179,77
2,10180,205
2,10181,71
2,10182,-45
2,10183,51
2,10184,173
2,10185,70
2,10186,186
2,10187,128
2,10188,147
2,10189,134
2,10190,51
2,10191,96
2,10192,205
2,10193,128
2,10194,77
2,10195,141
2,10196,160
2,10197,64
2,10198,198
2,10199,64
2,10200,109
2,10201,198
2,10202,269
2,10203,109
2,10204,794
2,10205,51
2,10206,70
2,10207,173
2,10208,147
2,10209,51
2,10210,58
2,10211,64
2,10212,115
2,10213,115
2,10214,89
2,10215,109
2,10216,128
2,10217,775
2,10218,173
2,10219,793
2,10220,115
2,10221,154
2,10222,115
2,10223,160
2,10224,128
2,10225,96
2,10226,173
2,10227,167
2,10228,115
2,10229,109
2,10230,115
2,10231,231
2,10232,-736
2,10233,-83
2,10234,205
2,10235,179
2,10236,180
2,10237,109
2,10238,243
2,10239,134
2,10240,217
2,10241,70
2,10242,58
2,10243,19
2,10244,-58
2,10245,70
2,10246,153
2,10247,57
2,10248,115
2,10249,83
2,10250,83
2,10251,173
2,10252,102
2,10253,45
2,10254,122
2,10255,199
2,10256,204
2,10257,51
2,10258,160
2,10259,115
2,10260,154
2,10261,64
2,10262,198
2,10263,-64
2,10264,186
2,10265,-32
2,10266,224
2,10267,166
2,10268,211
2,10269,128
2,10270,77
2,10271,160
2,10272,134
2,10273,128
2,10274,77
2,10275,153
2,10276,160
2,10277,64
2,10278,122
2,10279,192
2,10280,121
2,10281,90
2,10282,198
2,10283,128
2,10284,70
2,10285,-38
2,10286,134
2,10287,70
2,10288,160
2,10289,147
2,10290,218
2,10291,167
2,10292,141
2,10293,103
2,10294,128
2,10295,141
2,10296,128
2,10297,96
2,10298,115
2,10299,96
2,10300,64
2,10301,109
2,10302,128
2,10303,109
2,10304,160
2,10305,109
2,10306,167
2,10307,84
2,10308,122
2,10309,109
2,10310,109
2,10311,64
2,10312,160
2,10313,57
2,10314,109
2,10315,115
2,10316,102
2,10317,-409
2,10318,115
2,10319,64
2,10320,83
2,10321,244
2,10322,83
2,10323,115
2,10324,180
2,10325,109
2,10326,140
2,10327,70
2,10328,115
2,10329,109
2,10330,160
2,10331,109
2,10332,109
2,10333,51
2,10334,77
2,10335,109
2,10336,154
2,10337,70
2,10338,128
2,10339,-38
2,10340,70
2,10341,51
2,10342,64
2,10343,26
2,10344,166
2,10345,166
2,10346,218
2,10347,77
2,10348,173
2,10349,-45
2,10350,140
2,10351,71
2,10352,167
2,10353,90
2,10354,141
2,10355,77
2,10356,122
2,10357,76
2,10358,167
2,10359,141
2,10360,115
2,10361,115
2,10362,205
2,10363,160
2,10364,166
2,10365,212
2,10366,115
2,10367,103
2,10368,147
2,10369,64
2,10370,-25
2,10371,77
2,10372,121
2,10373,83
2,10374,205
2,10375,115
2,10376,128
2,10377,109
2,10378,167
2,10379,154
2,10380,192
2,10381,57
2,10382,128
2,10383,77
2,10384,179
2,10385,45
2,10386,32
2,10387,192
2,10388,173
2,10389,128
2,10390,128
2,10391,108
2,10392,51
2,10393,166
2,10394,109
2,10395,198
2,10396,256
2,10397,64
2,10398,217
2,10399,121
2,10400,128
2,10401,90
2,10402,-371
2,10403,122
2,10404,211
2,10405,115
2,10406,147
2,10407,135
2,10408,218
2,10409,96
2,10410,109
2,10411,122
2,10412,70
2,10413,77
2,10414,122
2,10415,160
2,10416,166
2,10417,153
2,10418,167
2,10419,141
2,10420,115
2,10421,-39
2,10422,148
2,10423,115
2,10424,141
2,10425,83
2,10426,83
2,10427,141
2,10428,172
2,10429,103
2,10430,262
2,10431,32
2,10432,115
2,10433,141
2,10434,-26
2,10435,244
2,10436,186
2,10437,57
2,10438,308
2,10439,166
2,10440,96
2,10441,32
2,10442,70
2,10443,-38
2,10444,71
2,10445,45
2,10446,32
2,10447,269
2,10448,-44
2,10449,122
2,10450,109
2,10451,211
2,10452,116
2,10453,38
2,10454,173
2,10455,52
2,10456,109
2,10457,64
2,10458,282
2,10459,64
2,10460,807
2,10461,64
2,10462,64
2,10463,237
2,10464,141
2,10465,-25
2,10466,51
2,10467,64
2,10468,115
2,10469,58
2,10470,103
2,10471,160
2,10472,70
2,10473,64
2,10474,780
2,10475,122
2,10476,166
2,10477,71
2,10478,192
2,10479,218
2,10480,198
2,10481,96
2,10482,166
2,10483,96
2,10484,96
2,10485,141
2,10486,199
2,10487,103
2,10488,-308
2,10489,64
2,10490,378
2,10491,173
2,10492,77
2,10493,77
2,10494,128
2,10495,140
2,10496,148
2,10497,90
2,10498,122
2,10499,70
2,10500,153
2,10501,134
2,10502,109
2,10503,90
2,10504,109
2,10505,71
2,10506,199
2,10507,121
2,10508,173
2,10509,115
2,10510,45
2,10511,-45
2,10512,167
2,10513,57
2,10514,77
2,10515,109
2,10516,115
2,10517,96
2,10518,172
2,10519,122
2,10520,371
2,10521,109
2,10522,205
2,10523,102
2,10524,134
2,10525,147
2,10526,166
2,10527,128
2,10528,192
2,10529,-32
2,10530,172
2,10531,121
2,10532,135
2,10533,96
2,10534,122
2,10535,167
2,10536,243
2,10537,64
2,10538,102
2,10539,32
2,10540,153
2,10541,237
2,10542,166
2,10543,-44
2,10544,147
2,10545,173
2,10546,256
2,10547,128
2,10548,128
2,10549,96
2,10550,109
2,10551,122
2,10552,179
2,10553,64
2,10554,-52
2,10555,-32
2,10556,121
2,10557,71
2,10558,25
2,10559,128
2,10560,51
2,10561,51
2,10562,70
2,10563,109
2,10564,167
2,10565,96
2,10566,122
2,10567,249
2,10568,211
2,10569,45
2,10570,121
2,10571,57
2,10572,71
2,10573,-320
2,10574,332
2,10575,102
2,10576,192
2,10577,147
2,10578,135
2,10579,115
2,10580,167
2,10581,109
2,10582,173
2,10583,269
2,10584,134
2,10585,19
2,10586,64
2,10587,166
2,10588,115
2,10589,51
2,10590,173
2,10591,19
2,10592,96
2,10593,45
2,10594,64
2,10595,58
2,10596,109
2,10597,90
2,10598,32
2,10599,83
2,10600,76
2,10601,96
2,10602,166
2,10603,70
2,10604,134
2,10605,135
2,10606,96
2,10607,64
2,10608,115
2,10609,103
2,10610,141
2,10611,173
2,10612,77
2,10613,71
2,10614,141
2,10615,-64
2,10616,-45
2,10617,230
2,10618,122
2,10619,172
2,10620,173
2,10621,128
2,10622,185
2,10623,58
2,10624,154
2,10625,32
2,10626,71
2,10627,83
2,10628,179
2,10629,102
2,10630,116
2,10631,77
2,10632,109
2,10633,64
2,10634,109
2,10635,116
2,10636,160
2,10637,109
2,10638,186
2,10639,90
2,10640,109
2,10641,-6
2,10642,109
2,10643,77
2,10644,77
2,10645,26
2,10646,359
2,10647,115
2,10648,135
2,10649,134
2,10650,122
2,10651,186
2,10652,186
2,10653,19
2,10654,115
2,10655,96
2,10656,121
2,10657,71
2,10658,-352
2,10659,71
2,10660,147
2,10661,51
2,10662,96
2,10663,211
2,10664,141
2,10665,70
2,10666,147
2,10667,71
2,10668,205
2,10669,64
2,10670,96
2,10671,166
2,10672,134
2,10673,64
2,10674,64
2,10675,128
2,10676,109
2,10677,135
2,10678,128
2,10679,83
2,10680,173
2,10681,109
2,10682,83
2,10683,218
2,10684,109
2,10685,148
2,10686,108
2,10687,121
2,10688,147
2,10689,45
2,10690,58
2,10691,154
2,10692,166
2,10693,102
2,10694,141
2,10695,141
2,10696,141
2,10697,57
2,10698,160
2,10699,128
2,10700,134
2,10701,147
2,10702,199
2,10703,109
2,10704,167
2,10705,77
2,10706,90
2,10707,109
2,10708,115
2,10709,51
2,10710,115
2,10711,71
2,10712,83
2,10713,352
2,10714,96
2,10715,141
2,10716,800
2,10717,384
2,10718,109
2,10719,90
2,10720,-45
2,10721,51
2,10722,141
2,10723,51
2,10724,128
2,10725,262
2,10726,141
2,10727,77
2,10728,199
2,10729,793
2,10730,173
2,10731,780
2,10732,173
2,10733,147
2,10734,128
2,10735,108
2,10736,141
2,10737,160
2,10738,64
2,10739,25
2,10740,167
2,10741,44
2,10742,96
2,10743,64
2,10744,-308
2,10745,84
2,10746,121
2,10747,204
2,10748,153
2,10749,103
2,10750,179
2,10751,160
2,10752,154
2,10753,38
2,10754,71
2,10755,26
2,10756,90
2,10757,153
2,10758,-26
2,10759,83
2,10760,160
2,10761,64
2,10762,166
2,10763,365
2,10764,25
2,10765,51
2,10766,199
2,10767,147
2,10768,192
2,10769,32
2,10770,154
2,10771,83
2,10772,109
2,10773,134
2,10774,153
2,10775,141
2,10776,70
2,10777,25
2,10778,109
2,10779,77
2,10780,135
2,10781,103
2,10782,102
2,10783,122
2,10784,211
2,10785,83
2,10786,288
2,10787,109
2,10788,122
2,10789,109
2,10790,173
2,10791,116
2,10792,102
2,10793,96
2,10794,102
2,10795,121
2,10796,140
2,10797,102
2,10798,186
2,10799,364
2,10800,173
2,10801,371
2,10802,179
2,10803,77
2,10804,166
2,10805,83
2,10806,122
2,10807,83
2,10808,199
2,10809,77
2,10810,90
2,10811,57
2,10812,64
2,10813,51
2,10814,135
2,10815,108
2,10816,185
2,10817,77
2,10818,122
2,10819,64
2,10820,211
2,10821,-141
2,10822,218
2,10823,199
2,10824,192
2,10825,26
2,10826,109
2,10827,103
2,10828,173
2,10829,-429
2,10830,83
2,10831,122
2,10832,179
2,10833,64
2,10834,204
2,10835,109
2,10836,211
2,10837,64
2,10838,160
2,10839,90
2,10840,211
2,10841,26
2,10842,116
2,10843,96
2,10844,64
2,10845,57
2,10846,96
2,10847,83
2,10848,121
2,10849,70
2,10850,19
2,10851,64
2,10852,153
2,10853,58
2,10854,160
2,10855,52
2,10856,135
2,10857,90
2,10858,121
2,10859,64
2,10860,141
2,10861,115
2,10862,198
2,10863,64
2,10864,147
2,10865,-71
2,10866,166
2,10867,103
2,10868,128
2,10869,122
2,10870,103
2,10871,115
2,10872,141
2,10873,102
2,10874,108
2,10875,128
2,10876,167
2,10877,38
2,10878,166
2,10879,160
2,10880,320
2,10881,32
2,10882,109
2,10883,96
2,10884,122
2,10885,-70
2,10886,134
2,10887,128
2,10888,121
2,10889,109
2,10890,384
2,10891,103
2,10892,192
2,10893,192
2,10894,345
2,10895,52
2,10896,-134
2,10897,58
2,10898,179
2,10899,70
2,10900,154
2,10901,64
2,10902,96
2,10903,173
2,10904,167
2,10905,83
2,10906,115
2,10907,-45
2,10908,121
2,10909,83
2,10910,51
2,10911,-45
2,10912,-38
2,10913,109
2,10914,-377
2,10915,179
2,10916,218
2,10917,166
2,10918,109
2,10919,76
2,10920,224
2,10921,64
2,10922,122
2,10923,-32
2,10924,-32
2,10925,64
2,10926,122
2,10927,96
2,10928,167
2,10929,147
2,10930,115
2,10931,122
2,10932,154
2,10933,89
2,10934,160
2,10935,108
2,10936,102
2,10937,77
2,10938,96
2,10939,102
2,10940,147
2,10941,186
2,10942,-51
2,10943,77
2,10944,128
2,10945,122
2,10946,192
2,10947,128
2,10948,128
2,10949,135
2,10950,154
2,10951,77
2,10952,185
2,10953,308
2,10954,141
2,10955,64
2,10956,115
2,10957,108
2,10958,179
2,10959,51
2,10960,166
2,10961,45
2,10962,211
2,10963,141
2,10964,205
2,10965,109
2,10966,121
2,10967,83
2,10968,364
2,10969,109
2,10970,173
2,10971,103
2,10972,826
2,10973,57
2,10974,-51
2,10975,38
2,10976,141
2,10977,25
2,10978,109
2,10979,51
2,10980,71
2,10981,38
2,10982,32
2,10983,77
2,10984,167
2,10985,269
2,10986,780
2,10987,115
2,10988,122
2,10989,58
2,10990,134
2,10991,70
2,10992,115
2,10993,96
2,10994,90
2,10995,96
2,10996,77
2,10997,51
2,10998,179
2,10999,83
2,11000,-416
2,11001,108
2,11002,102
2,11003,134
2,11004,153
2,11005,153
2,11006,160
2,11007,116
2,11008,224
2,11009,51
2,11010,115
2,11011,70
2,11012,153
2,11013,64
2,11014,172
2,11015,269
2,11016,166
2,11017,154
2,11018,115
2,11019,76
2,11020,166
2,11021,77
2,11022,25
2,11023,115
2,11024,160
2,11025,102
2,11026,199
2,11027,115
2,11028,147
2,11029,77
2,11030,90
2,11031,167
2,11032,167
2,11033,115
2,11034,211
2,11035,70
2,11036,77
2,11037,83
2,11038,160
2,11039,109
2,11040,166
2,11041,134
2,11042,199
2,11043,58
2,11044,172
2,11045,76
2,11046,64
2,11047,140
2,11048,179
2,11049,51
2,11050,102
2,11051,64
2,11052,109
2,11053,89
2,11054,128
2,11055,147
2,11056,211
2,11057,-32
2,11058,167
2,11059,122
2,11060,51
2,11061,153
2,11062,115
2,11063,96
2,11064,-45
2,11065,57
2,11066,147
2,11067,96
2,11068,109
2,11069,71
2,11070,147
2,11071,64
2,11072,90
2,11073,51
2,11074,51
2,11075,108
2,11076,-38
2,11077,77
2,11078,173
2,11079,167
2,11080,167
2,11081,64
2,11082,58
2,11083,96
2,11084,-525
2,11085,70
2,11086,166
2,11087,167
2,11088,173
2,11089,76
2,11090,128
2,11091,147
2,11092,173
2,11093,166
2,11094,147
2,11095,96
2,11096,115
2,11097,-19
2,11098,141
2,11099,64
2,11100,83
2,11101,116
2,11102,122
2,11103,109
2,11104,166
2,11105,19
2,11106,167
2,11107,256
2,11108,173
2,11109,109
2,11110,-51
2,11111,77
2,11112,121
2,11113,109
2,11114,198
2,11115,134
2,11116,154
2,11117,122
2,11118,64
2,11119,141
2,11120,205
2,11121,64
2,11122,147
2,11123,57
2,11124,134
2,11125,109
2,11126,231
2,11127,103
2,11128,217
2,11129,160
2,11130,148
2,11131,186
2,11132,185
2,11133,77
2,11134,77
2,11135,71
2,11136,153
2,11137,44
2,11138,90
2,11139,102
2,11140,154
2,11141,109
2,11142,70
2,11143,57
2,11144,84
2,11145,167
2,11146,218
2,11147,153
2,11148,109
2,11149,51
2,11150,172
2,11151,140
2,11152,64
2,11153,32
2,11154,-39
2,11155,109
2,11156,58
2,11157,45
2,11158,128
2,11159,102
2,11160,109
2,11161,115
2,11162,218
2,11163,84
2,11164,180
2,11165,140
2,11166,128
2,11167,70
2,11168,115
2,11169,-550
2,11170,122
2,11171,160
2,11172,166
2,11173,128
2,11174,-25
2,11175,128
2,11176,166
2,11177,102
2,11178,167
2,11179,58
2,11180,121
2,11181,134
2,11182,205
2,11183,45
2,11184,128
2,11185,109
2,11186,205
2,11187,96
2,11188,167
2,11189,166
2,11190,115
2,11191,186
2,11192,83
2,11193,102
2,11194,122
2,11195,64
2,11196,153
2,11197,346
2,11198,167
2,11199,128
2,11200,77
2,11201,51
2,11202,153
2,11203,70
2,11204,103
2,11205,83
2,11206,121
2,11207,83
2,11208,52
2,11209,115
2,11210,179
2,11211,109
2,11212,269
2,11213,102
2,11214,108
2,11215,51
2,11216,128
2,11217,102
2,11218,115
2,11219,96
2,11220,121
2,11221,134
2,11222,115
2,11223,45
2,11224,128
2,11225,103
2,11226,76
2,11227,96
2,11228,820
2,11229,70
2,11230,115
2,11231,167
2,11232,166
2,11233,19
2,11234,128
2,11235,25
2,11236,128
2,11237,365
2,11238,90
2,11239,51
2,11240,115
2,11241,832
2,11242,128
2,11243,768
2,11244,76
2,11245,109
2,11246,77
2,11247,71
2,11248,186
2,11249,64
2,11250,83
2,11251,102
2,11252,64
2,11253,115
2,11254,102
2,11255,-404
2,11256,179
2,11257,115
2,11258,173
2,11259,121
2,11260,-52
2,11261,167
2,11262,77
2,11263,217
2,11264,147
2,11265,25
2,11266,109
2,11267,141
2,11268,32
2,11269,102
2,11270,-25
2,11271,179
2,11272,172
2,11273,109
2,11274,180
2,11275,359
2,11276,167
2,11277,115
2,11278,179
2,11279,358
2,11280,199
2,11281,160
2,11282,384
2,11283,160
2,11284,134
2,11285,154
2,11286,173
2,11287,115
2,11288,154
2,11289,64
2,11290,372
2,11291,153
2,11292,147
2,11293,115
2,11294,179
2,11295,115
2,11296,96
2,11297,167
2,11298,-45
2,11299,140
2,11300,167
2,11301,115
2,11302,167
2,11303,166
2,11304,180
2,11305,173
2,11306,102
2,11307,275
2,11308,148
2,11309,96
2,11310,346
2,11311,-58
2,11312,173
2,11313,237
2,11314,172
2,11315,103
2,11316,192
2,11317,96
2,11318,180
2,11319,96
2,11320,199
2,11321,51
2,11322,128
2,11323,365
2,11324,57
2,11325,64
2,11326,128
2,11327,173
2,11328,172
2,11329,205
2,11330,121
2,11331,90
2,11332,166
2,11333,-26
2,11334,160
2,11335,173
2,11336,128
2,11337,58
2,11338,153
2,11339,77
2,11340,-428
2,11341,51
2,11342,116
2,11343,109
2,11344,25
2,11345,96
2,11346,166
2,11347,122
2,11348,211
2,11349,185
2,11350,167
2,11351,121
2,11352,166
2,11353,76
2,11354,108
2,11355,121
2,11356,160
2,11357,102
2,11358,115
2,11359,71
2,11360,109
2,11361,390
2,11362,96
2,11363,102
2,11364,89
2,11365,57
2,11366,70
2,11367,192
2,11368,141
2,11369,135
2,11370,378
2,11371,109
2,11372,198
2,11373,70
2,11374,211
2,11375,77
2,11376,173
2,11377,128
2,11378,166
2,11379,51
2,11380,211
2,11381,96
2,11382,154
2,11383,64
2,11384,122
2,11385,167
2,11386,147
2,11387,128
2,11388,166
2,11389,122
2,11390,160
2,11391,57
2,11392,205
2,11393,64
2,11394,70
2,11395,115
2,11396,96
2,11397,90
2,11398,205
2,11399,166
2,11400,358
2,11401,109
2,11402,166
2,11403,-64
2,11404,205
2,11405,365
2,11406,128
2,11407,160
2,11408,109
2,11409,102
2,11410,166
2,11411,96
2,11412,167
2,11413,102
2,11414,109
2,11415,173
2,11416,192
2,11417,128
2,11418,192
2,11419,199
2,11420,102
2,11421,167
2,11422,154
2,11423,-25
2,11424,166
2,11425,-422
2,11426,160
2,11427,109
2,11428,173
2,11429,103
2,11430,128
2,11431,230
2,11432,211
2,11433,397
2,11434,115
2,11435,148
2,11436,109
2,11437,38
2,11438,218
2,11439,103
2,11440,115
2,11441,160
2,11442,173
2,11443,147
2,11444,128
2,11445,96
2,11446,179
2,11447,77
2,11448,186
2,11449,96
2,11450,77
2,11451,71
2,11452,128
2,11453,217
2,11454,52
2,11455,122
2,11456,166
2,11457,57
2,11458,147
2,11459,122
2,11460,384
2,11461,77
2,11462,122
2,11463,102
2,11464,217
2,11465,167
2,11466,109
2,11467,166
2,11468,166
2,11469,90
2,11470,57
2,11471,64
2,11472,166
2,11473,109
2,11474,160
2,11475,250
2,11476,180
2,11477,96
2,11478,109
2,11479,64
2,11480,115
2,11481,45
2,11482,167
2,11483,211
2,11484,820
2,11485,83
2,11486,-51
2,11487,70
2,11488,64
2,11489,32
2,11490,51
2,11491,64
2,11492,352
2,11493,83
2,11494,26
2,11495,173
2,11496,160
2,11497,38
2,11498,934
2,11499,109
2,11500,153
2,11501,103
2,11502,77
2,11503,83
2,11504,122
2,11505,39
2,11506,64
2,11507,26
2,11508,109
2,11509,64
2,11510,154
2,11511,-390
2,11512,224
2,11513,148
2,11514,199
2,11515,121
2,11516,160
2,11517,77
2,11518,173
2,11519,64
2,11520,154
2,11521,116
2,11522,121
2,11523,173
2,11524,128
2,11525,71
2,11526,77
2,11527,64
2,11528,128
2,11529,153
2,11530,180
2,11531,160
2,11532,160
2,11533,134
2,11534,77
2,11535,109
2,11536,128
2,11537,83
2,11538,173
2,11539,115
2,11540,71
2,11541,57
2,11542,77
2,11543,154
2,11544,116
2,11545,115
2,11546,179
2,11547,77
2,11548,192
2,11549,96
2,11550,198
2,11551,64
2,11552,167
2,11553,51
2,11554,172
2,11555,199
2,11556,-45
2,11557,115
2,11558,141
2,11559,218
2,11560,186
2,11561,77
2,11562,77
2,11563,122
2,11564,128
2,11565,147
2,11566,173
2,11567,83
2,11568,391
2,11569,108
2,11570,115
2,11571,83
2,11572,205
2,11573,160
2,11574,153
2,11575,71
2,11576,179
2,11577,58
2,11578,147
2,11579,108
2,11580,102
2,11581,89
2,11582,77
2,11583,64
2,11584,96
2,11585,90
2,11586,96
2,11587,172
2,11588,173
2,11589,90
2,11590,96
2,11591,140
2,11592,218
2,11593,-26
2,11594,77
2,11595,39
2,11596,-596
2,11597,38
2,11598,141
2,11599,199
2,11600,141
2,11601,179
2,11602,77
2,11603,166
2,11604,173
2,11605,115
2,11606,205
2,11607,-44
2,11608,140
2,11609,51
2,11610,102
2,11611,-26
2,11612,307
2,11613,57
2,11614,134
2,11615,102
2,11616,153
2,11617,51
2,11618,410
2,11619,154
2,11620,64
2,11621,77
2,11622,365
2,11623,70
2,11624,185
2,11625,121
2,11626,90
2,11627,160
2,11628,224
2,11629,109
2,11630,173
2,11631,128
2,11632,377
2,11633,64
2,11634,153
2,11635,77
2,11636,166
2,11637,109
2,11638,167
2,11639,64
2,11640,205
2,11641,115
2,11642,172
2,11643,160
2,11644,186
2,11645,51
2,11646,83
2,11647,198
2,11648,147
2,11649,71
2,11650,115
2,11651,45
2,11652,141
2,11653,71
2,11654,141
2,11655,45
2,11656,109
2,11657,141
2,11658,128
2,11659,410
2,11660,192
2,11661,103
2,11662,122
2,11663,128
2,11664,173
2,11665,-32
2,11666,103
2,11667,32
2,11668,192
2,11669,58
2,11670,198
2,11671,128
2,11672,70
2,11673,115
2,11674,173
2,11675,307
2,11676,160
2,11677,64
2,11678,108
2,11679,173
2,11680,185
2,11681,-422
2,11682,217
2,11683,102
2,11684,141
2,11685,96
2,11686,115
2,11687,122
2,11688,108
2,11689,71
2,11690,115
2,11691,128
2,11692,77
2,11693,57
2,11694,109
2,11695,57
2,11696,185
2,11697,58
2,11698,166
2,11699,166
2,11700,121
2,11701,83
2,11702,147
2,11703,166
2,11704,71
2,11705,64
2,11706,83
2,11707,57
2,11708,180
2,11709,115
2,11710,199
2,11711,166
2,11712,102
2,11713,96
2,11714,173
2,11715,109
2,11716,128
2,11717,52
2,11718,173
2,11719,96
2,11720,154
2,11721,160
2,11722,121
2,11723,64
2,11724,212
2,11725,103
2,11726,121
2,11727,167
2,11728,160
2,11729,102
2,11730,166
2,11731,141
2,11732,83
2,11733,76
2,11734,64
2,11735,128
2,11736,141
2,11737,89
2,11738,71
2,11739,90
2,11740,838
2,11741,83
2,11742,64
2,11743,205
2,11744,128
2,11745,20
2,11746,103
2,11747,102
2,11748,90
2,11749,262
2,11750,147
2,11751,166
2,11752,199
2,11753,788
2,11754,115
2,11755,761
2,11756,154
2,11757,122
2,11758,102
2,11759,141
2,11760,205
2,11761,52
2,11762,58
2,11763,70
2,11764,122
2,11765,51
2,11766,-320
2,11767,96
2,11768,134
2,11769,71
2,11770,115
2,11771,134
2,11772,173
2,11773,77
2,11774,64
2,11775,90
2,11776,70
2,11777,58
2,11778,-45
2,11779,109
2,11780,179
2,11781,51
2,11782,250
2,11783,192
2,11784,141
2,11785,141
2,11786,160
2,11787,58
2,11788,141
2,11789,25
2,11790,352
2,11791,32
2,11792,128
2,11793,102
2,11794,20
2,11795,32
2,11796,135
2,11797,45
2,11798,128
2,11799,89
2,11800,83
2,11801,167
2,11802,116
2,11803,115
2,11804,154
2,11805,160
2,11806,256
2,11807,77
2,11808,166
2,11809,96
2,11810,172
2,11811,154
2,11812,116
2,11813,64
2,11814,115
2,11815,153
2,11816,205
2,11817,45
2,11818,115
2,11819,64
2,11820,116
2,11821,25
2,11822,89
2,11823,-58
2,11824,167
2,11825,-57
2,11826,224
2,11827,179
2,11828,128
2,11829,-39
2,11830,205
2,11831,128
2,11832,167
2,11833,51
2,11834,180
2,11835,70
2,11836,128
2,11837,70
2,11838,154
2,11839,121
2,11840,147
2,11841,116
2,11842,205
2,11843,121
2,11844,205
2,11845,96
2,11846,153
2,11847,103
2,11848,217
2,11849,51
2,11850,154
2,11851,160
2,11852,-339
2,11853,64
2,11854,211
2,11855,96
2,11856,154
2,11857,96
2,11858,166
2,11859,167
2,11860,172
2,11861,147
2,11862,160
2,11863,141
2,11864,166
2,11865,160
2,11866,-45
2,11867,71
2,11868,154
2,11869,52
2,11870,154
2,11871,57
2,11872,205
2,11873,-38
2,11874,134
2,11875,109
2,11876,77
2,11877,71
2,11878,205
2,11879,64
2,11880,154
2,11881,64
2,11882,179
2,11883,109
2,11884,179
2,11885,167
2,11886,217
2,11887,173
2,11888,147
2,11889,121
2,11890,154
2,11891,109
2,11892,140
2,11893,57
2,11894,109
2,11895,76
2,11896,128
2,11897,71
2,11898,115
2,11899,160
2,11900,167
2,11901,77
2,11902,115
2,11903,122
2,11904,154
2,11905,32
2,11906,115
2,11907,153
2,11908,141
2,11909,90
2,11910,71
2,11911,103
2,11912,185
2,11913,147
2,11914,13
2,11915,122
2,11916,172
2,11917,64
2,11918,102
2,11919,71
2,11920,134
2,11921,102
2,11922,154
2,11923,90
2,11924,128
2,11925,96
2,11926,173
2,11927,371
2,11928,26
2,11929,103
2,11930,192
2,11931,102
2,11932,153
2,11933,51
2,11934,122
2,11935,134
2,11936,179
2,11937,-403
2,11938,141
2,11939,109
2,11940,166
2,11941,38
2,11942,109
2,11943,109
2,11944,90
2,11945,45
2,11946,122
2,11947,96
2,11948,186
2,11949,256
2,11950,-45
2,11951,45
2,11952,154
2,11953,115
2,11954,128
2,11955,250
2,11956,-38
2,11957,103
2,11958,205
2,11959,71
2,11960,135
2,11961,51
2,11962,135
2,11963,77
2,11964,172
2,11965,-39
2,11966,108
2,11967,77
2,11968,160
2,11969,96
2,11970,160
2,11971,134
2,11972,173
2,11973,51
2,11974,192
2,11975,121
2,11976,89
2,11977,71
2,11978,77
2,11979,192
2,11980,167
2,11981,83
2,11982,128
2,11983,19
2,11984,166
2,11985,64
2,11986,243
2,11987,314
2,11988,211
2,11989,103
2,11990,186
2,11991,77
2,11992,166
2,11993,26
2,11994,167
2,11995,102
2,11996,800
2,11997,26
2,11998,84
2,11999,115
2,12000,109
2,12001,45
2,12002,77
2,12003,-58
2,12004,160
2,12005,45
2,12006,224
2,12007,109
2,12008,122
2,12009,96
2,12010,819
2,12011,109
2,12012,211
2,12013,96
2,12014,96
2,12015,83
2,12016,115
2,12017,96
2,12018,64
2,12019,51
2,12020,109
2,12021,96
2,12022,-116
2,12023,121
2,12024,166
2,12025,51
2,12026,166
2,12027,141
2,12028,128
2,12029,109
2,12030,198
2,12031,96
2,12032,160
2,12033,19
2,12034,77
2,12035,20
2,12036,198
2,12037,57
2,12038,147
2,12039,51
2,12040,153
2,12041,108
2,12042,173
2,12043,179
2,12044,173
2,12045,-58
2,12046,199
2,12047,122
2,12048,122
2,12049,51
2,12050,275
2,12051,26
2,12052,83
2,12053,352
2,12054,115
2,12055,64
2,12056,108
2,12057,109
2,12058,160
2,12059,109
2,12060,173
2,12061,109
2,12062,115
2,12063,76
2,12064,198
2,12065,64
2,12066,25
2,12067,64
2,12068,153
2,12069,166
2,12070,192
2,12071,76
2,12072,205
2,12073,45
2,12074,51
2,12075,83
2,12076,198
2,12077,51
2,12078,121
2,12079,20
2,12080,403
2,12081,64
2,12082,205
2,12083,64
2,12084,154
2,12085,237
2,12086,173
2,12087,64
2,12088,172
2,12089,26
2,12090,109
2,12091,102
2,12092,128
2,12093,64
2,12094,179
2,12095,71
2,12096,115
2,12097,64
2,12098,416
2,12099,192
2,12100,102
2,12101,96
2,12102,179
2,12103,122
2,12104,185
2,12105,128
2,12106,109
2,12107,-410
2,12108,122
2,12109,115
2,12110,154
2,12111,115
2,12112,134
2,12113,102
2,12114,115
2,12115,141
2,12116,224
2,12117,160
2,12118,26
2,12119,-38
2,12120,186
2,12121,90
2,12122,32
2,12123,84
2,12124,70
2,12125,90
2,12126,76
2,12127,64
2,12128,115
2,12129,26
2,12130,160
2,12131,122
2,12132,121
2,12133,44
2,12134,160
2,12135,116
2,12136,108
2,12137,147
2,12138,148
2,12139,371
2,12140,134
2,12141,58
2,12142,160
2,12143,320
2,12144,109
2,12145,384
2,12146,128
2,12147,109
2,12148,122
2,12149,108
2,12150,115
2,12151,64
2,12152,154
2,12153,83
2,12154,224
2,12155,109
2,12156,371
2,12157,121
2,12158,205
2,12159,64
2,12160,154
2,12161,307
2,12162,58
2,12163,198
2,12164,44
2,12165,70
2,12166,134
2,12167,109
2,12168,186
2,12169,115
2,12170,199
2,12171,173
2,12172,166
2,12173,83
2,12174,179
2,12175,217
2,12176,128
2,12177,89
2,12178,172
2,12179,96
2,12180,83
2,12181,76
2,12182,115
2,12183,96
2,12184,186
2,12185,154
2,12186,154
2,12187,83
2,12188,172
2,12189,77
2,12190,96
2,12191,32
2,12192,-518
2,12193,-39
2,12194,211
2,12195,64
2,12196,160
2,12197,39
2,12198,58
2,12199,64
2,12200,179
2,12201,51
2,12202,96
2,12203,102
2,12204,160
2,12205,103
2,12206,153
2,12207,109
2,12208,211
2,12209,102
2,12210,153
2,12211,102
2,12212,122
2,12213,109
2,12214,243
2,12215,115
2,12216,115
2,12217,115
2,12218,160
2,12219,116
2,12220,90
2,12221,103
2,12222,160
2,12223,128
2,12224,115
2,12225,90
2,12226,128
2,12227,26
2,12228,192
2,12229,26
2,12230,70
2,12231,179
2,12232,83
2,12233,116
2,12234,141
2,12235,307
2,12236,134
2,12237,96
2,12238,122
2,12239,167
2,12240,148
2,12241,371
2,12242,128
2,12243,-205
2,12244,140
2,12245,205
2,12246,160
2,12247,115
2,12248,39
2,12249,90
2,12250,32
2,12251,108
2,12252,807
2,12253,-38
2,12254,134
2,12255,96
2,12256,122
2,12257,70
2,12258,70
2,12259,64
2,12260,199
2,12261,179
2,12262,83
2,12263,115
2,12264,64
2,12265,787
2,12266,141
2,12267,819
2,12268,186
2,12269,109
2,12270,58
2,12271,166
2,12272,154
2,12273,160
2,12274,154
2,12275,115
2,12276,378
2,12277,-583
2,12278,70
2,12279,115
2,12280,250
2,12281,147
2,12282,186
2,12283,-51
2,12284,185
2,12285,198
2,12286,250
2,12287,116
2,12288,116
2,12289,45
2,12290,32
2,12291,19
2,12292,172
2,12293,64
2,12294,160
2,12295,122
2,12296,102
2,12297,108
2,12298,205
2,12299,96
2,12300,198
2,12301,57
2,12302,211
2,12303,166
2,12304,218
2,12305,51
2,12306,122
2,12307,103
2,12308,198
2,12309,71
2,12310,141
2,12311,199
2,12312,121
2,12313,58
2,12314,173
2,12315,160
2,12316,172
2,12317,109
2,12318,160
2,12319,160
2,12320,102
2,12321,109
2,12322,167
2,12323,121
2,12324,371
2,12325,109
2,12326,153
2,12327,122
2,12328,167
2,12329,58
2,12330,96
2,12331,64
2,12332,45
2,12333,77
2,12334,-32
2,12335,83
2,12336,121
2,12337,160
2,12338,205
2,12339,141
2,12340,173
2,12341,77
2,12342,109
2,12343,160
2,12344,224
2,12345,96
2,12346,109
2,12347,26
2,12348,160
2,12349,58
2,12350,160
2,12351,109
2,12352,153
2,12353,83
2,12354,141
2,12355,122
2,12356,262
2,12357,109
2,12358,128
2,12359,122
2,12360,140
2,12361,70
2,12362,-416
2,12363,76
2,12364,121
2,12365,90
2,12366,192
2,12367,70
2,12368,141
2,12369,109
2,12370,173
2,12371,141
2,12372,211
2,12373,102
2,12374,205
2,12375,96
2,12376,167
2,12377,64
2,12378,103
2,12379,96
2,12380,173
2,12381,173
2,12382,108
2,12383,70
2,12384,153
2,12385,51
2,12386,166
2,12387,64
2,12388,58
2,12389,58
2,12390,70
2,12391,64
2,12392,186
2,12393,116
2,12394,167
2,12395,122
2,12396,198
2,12397,160
2,12398,-25
2,12399,102
2,12400,148
2,12401,121
2,12402,89
2,12403,71
2,12404,154
2,12405,173
2,12406,64
2,12407,275
2,12408,135
2,12409,103
2,12410,116
2,12411,83
2,12412,205
2,12413,365
2,12414,211
2,12415,116
2,12416,172
2,12417,58
2,12418,64
2,12419,109
2,12420,89
2,12421,109
2,12422,192
2,12423,109
2,12424,134
2,12425,109
2,12426,218
2,12427,160
2,12428,160
2,12429,64
2,12430,103
2,12431,89
2,12432,205
2,12433,51
2,12434,115
2,12435,58
2,12436,160
2,12437,83
2,12438,122
2,12439,51
2,12440,71
2,12441,147
2,12442,224
2,12443,160
2,12444,211
2,12445,109
2,12446,121
2,12447,115
2,12448,-262
2,12449,77
2,12450,211
2,12451,-51
2,12452,186
2,12453,96
2,12454,109
2,12455,96
2,12456,167
2,12457,102
2,12458,102
2,12459,109
2,12460,294
2,12461,-45
2,12462,51
2,12463,141
2,12464,153
2,12465,160
2,12466,128
2,12467,160
2,12468,128
2,12469,109
2,12470,109
2,12471,57
2,12472,-32
2,12473,135
2,12474,96
2,12475,96
2,12476,141
2,12477,115
2,12478,166
2,12479,83
2,12480,154
2,12481,109
2,12482,359
2,12483,96
2,12484,217
2,12485,109
2,12486,102
2,12487,76
2,12488,154
2,12489,51
2,12490,115
2,12491,115
2,12492,115
2,12493,45
2,12494,153
2,12495,147
2,12496,167
2,12497,128
2,12498,211
2,12499,172
2,12500,128
2,12501,58
2,12502,109
2,12503,-39
2,12504,128
2,12505,154
2,12506,160
2,12507,102
2,12508,1037
2,12509,64
2,12510,122
2,12511,109
2,12512,115
2,12513,38
2,12514,57
2,12515,26
2,12516,128
2,12517,51
2,12518,64
2,12519,77
2,12520,134
2,12521,64
2,12522,813
2,12523,96
2,12524,371
2,12525,128
2,12526,121
2,12527,103
2,12528,166
2,12529,77
2,12530,70
2,12531,26
2,12532,64
2,12533,-615
2,12534,-26
2,12535,84
2,12536,83
2,12537,160
2,12538,128
2,12539,192
2,12540,38
2,12541,147
2,12542,141
2,12543,371
2,12544,154
2,12545,57
2,12546,115
2,12547,96
2,12548,173
2,12549,103
2,12550,103
2,12551,39
2,12552,134
2,12553,83
2,12554,172
2,12555,115
2,12556,115
2,12557,70
2,12558,186
2,12559,109
2,12560,371
2,12561,116
2,12562,64
2,12563,58
2,12564,154
2,12565,141
2,12566,26
2,12567,84
2,12568,121
2,12569,64
2,12570,172
2,12571,51
2,12572,167
2,12573,51
2,12574,109
2,12575,115
2,12576,-39
2,12577,249
2,12578,90
2,12579,83
2,12580,141
2,12581,122
2,12582,-19
2,12583,141
2,12584,185
2,12585,58
2,12586,102
2,12587,96
2,12588,-39
2,12589,173
2,12590,147
2,12591,141
2,12592,115
2,12593,109
2,12594,141
2,12595,153
2,12596,147
2,12597,103
2,12598,45
2,12599,58
2,12600,147
2,12601,58
2,12602,71
2,12603,109
2,12604,96
2,12605,83
2,12606,121
2,12607,372
2,12608,115
2,12609,-256
2,12610,128
2,12611,154
2,12612,198
2,12613,116
2,12614,173
2,12615,70
2,12616,57
2,12617,-19
2,12618,-352
2,12619,224
2,12620,32
2,12621,38
2,12622,77
2,12623,26
2,12624,135
2,12625,192
2,12626,51
2,12627,160
2,12628,211
2,12629,365
2,12630,167
2,12631,90
2,12632,148
2,12633,57
2,12634,167
2,12635,19
2,12636,-45
2,12637,38
2,12638,167
2,12639,102
2,12640,153
2,12641,301
2,12642,70
2,12643,45
2,12644,153
2,12645,51
2,12646,64
2,12647,109
2,12648,134
2,12649,141
2,12650,160
2,12651,140
2,12652,198
2,12653,115
2,12654,83
2,12655,378
2,12656,160
2,12657,70
2,12658,141
2,12659,103
2,12660,-39
2,12661,83
2,12662,160
2,12663,102
2,12664,103
2,12665,160
2,12666,147
2,12667,109
2,12668,167
2,12669,58
2,12670,365
2,12671,-19
2,12672,179
2,12673,45
2,12674,64
2,12675,102
2,12676,70
2,12677,44
2,12678,134
2,12679,102
2,12680,121
2,12681,83
2,12682,-45
2,12683,-51
2,12684,179
2,12685,77
2,12686,384
2,12687,109
2,12688,179
2,12689,51
2,12690,109
2,12691,167
2,12692,109
2,12693,64
2,12694,102
2,12695,58
2,12696,134
2,12697,109
2,12698,224
2,12699,-51
2,12700,135
2,12701,38
2,12702,148
2,12703,77
2,12704,-320
2,12705,-51
2,12706,166
2,12707,115
2,12708,180
2,12709,64
2,12710,224
2,12711,122
2,12712,115
2,12713,109
2,12714,-32
2,12715,135
2,12716,134
2,12717,83
2,12718,141
2,12719,122
2,12720,218
2,12721,180
2,12722,122
2,12723,192
2,12724,173
2,12725,76
2,12726,70
2,12727,160
2,12728,204
2,12729,83
2,12730,121
2,12731,102
2,12732,173
2,12733,52
2,12734,154
2,12735,90
2,12736,122
2,12737,51
2,12738,217
2,12739,-236
2,12740,51
2,12741,64
2,12742,64
2,12743,115
2,12744,109
2,12745,109
2,12746,134
2,12747,128
2,12748,218
2,12749,96
2,12750,115
2,12751,166
2,12752,154
2,12753,122
2,12754,115
2,12755,204
2,12756,103
2,12757,44
2,12758,166
2,12759,179
2,12760,96
2,12761,121
2,12762,147
2,12763,77
2,12764,793
2,12765,-20
2,12766,192
2,12767,135
2,12768,166
2,12769,25
2,12770,115
2,12771,77
2,12772,116
2,12773,134
2,12774,166
2,12775,160
2,12776,179
2,12777,800
2,12778,96
2,12779,813
2,12780,167
2,12781,243
2,12782,102
2,12783,128
2,12784,102
2,12785,25
2,12786,96
2,12787,109
2,12788,230
2,12789,-442
2,12790,186
2,12791,115
2,12792,102
2,12793,128
2,12794,134
2,12795,84
2,12796,57
2,12797,115
2,12798,64
2,12799,109
2,12800,211
2,12801,-6
2,12802,52
2,12803,19
2,12804,153
2,12805,64
2,12806,160
2,12807,122
2,12808,371
2,12809,96
2,12810,160
2,12811,115
2,12812,77
2,12813,122
2,12814,212
2,12815,89
2,12816,205
2,12817,44
2,12818,166
2,12819,-19
2,12820,134
2,12821,103
2,12822,186
2,12823,52
2,12824,83
2,12825,64
2,12826,160
2,12827,141
2,12828,121
2,12829,89
2,12830,154
2,12831,64
2,12832,103
2,12833,115
2,12834,128
2,12835,250
2,12836,211
2,12837,109
2,12838,154
2,12839,230
2,12840,83
2,12841,-51
2,12842,134
2,12843,45
2,12844,96
2,12845,39
2,12846,115
2,12847,26
2,12848,108
2,12849,141
2,12850,141
2,12851,141
2,12852,204
2,12853,141
2,12854,167
2,12855,218
2,12856,166
2,12857,-115
2,12858,192
2,12859,96
2,12860,141
2,12861,115
2,12862,83
2,12863,64
2,12864,153
2,12865,77
2,12866,173
2,12867,365
2,12868,51
2,12869,108
2,12870,96
2,12871,403
2,12872,-134
2,12873,57
2,12874,-307
2,12875,77
2,12876,57
2,12877,58
2,12878,121
2,12879,121
2,12880,128
2,12881,103
2,12882,115
2,12883,326
2,12884,185
2,12885,71
2,12886,57
2,12887,160
2,12888,166
2,12889,320
2,12890,70
2,12891,64
2,12892,102
2,12893,-32
2,12894,186
2,12895,84
2,12896,122
2,12897,26
2,12898,128
2,12899,64
2,12900,128
2,12901,52
2,12902,96
2,12903,83
2,12904,-45
2,12905,115
2,12906,205
2,12907,57
2,12908,115
2,12909,115
2,12910,64
2,12911,109
2,12912,212
2,12913,121
2,12914,211
2,12915,71
2,12916,160
2,12917,109
2,12918,128
2,12919,77
2,12920,166
2,12921,115
2,12922,141
2,12923,147
2,12924,167
2,12925,64
2,12926,167
2,12927,77
2,12928,173
2,12929,38
2,12930,173
2,12931,-39
2,12932,83
2,12933,51
2,12934,154
2,12935,160
2,12936,141
2,12937,102
2,12938,231
2,12939,160
2,12940,211
2,12941,96
2,12942,89
2,12943,122
2,12944,218
2,12945,51
2,12946,128
2,12947,76
2,12948,153
2,12949,103
2,12950,116
2,12951,109
2,12952,77
2,12953,167
2,12954,160
2,12955,128
2,12956,166
2,12957,-121
2,12958,115
2,12959,147
2,12960,-679
2,12961,116
2,12962,230
2,12963,-32
2,12964,205
2,12965,192
2,12966,173
2,12967,-51
2,12968,128
2,12969,90
2,12970,51
2,12971,109
2,12972,70
2,12973,70
2,12974,211
2,12975,64
2,12976,64
2,12977,102
2,12978,96
2,12979,122
2,12980,166
2,12981,89
2,12982,147
2,12983,179
2,12984,135
2,12985,57
2,12986,70
2,12987,109
2,12988,90
2,12989,58
2,12990,140
2,12991,172
2,12992,102
2,12993,147
2,12994,204
2,12995,128
2,12996,167
2,12997,109
2,12998,186
2,12999,122
2,13000,128
2,13001,493
2,13002,192
2,13003,52
2,13004,116
2,13005,32
2,13006,198
2,13007,89
2,13008,102
2,13009,147
2,13010,231
2,13011,167
2,13012,199
2,13013,45
2,13014,90
2,13015,166
2,13016,205
2,13017,96
2,13018,135
2,13019,166
2,13020,819
2,13021,64
2,13022,32
2,13023,71
2,13024,141
2,13025,19
2,13026,77
2,13027,71
2,13028,76
2,13029,32
2,13030,-39
2,13031,83
2,13032,102
2,13033,89
2,13034,812
2,13035,160
2,13036,237
2,13037,102
2,13038,217
2,13039,122
2,13040,141
2,13041,224
2,13042,135
2,13043,96
2,13044,160
2,13045,-224
2,13046,32
2,13047,64
2,13048,166
2,13049,96
2,13050,122
2,13051,108
2,13052,-38
2,13053,128
2,13054,179
2,13055,115
2,13056,205
2,13057,39
2,13058,77
2,13059,109
2,13060,89
2,13061,70
2,13062,57
2,13063,51
2,13064,135
2,13065,147
2,13066,166
2,13067,96
2,13068,13
2,13069,70
2,13070,45
2,13071,141
2,13072,205
2,13073,26
2,13074,20
2,13075,115
2,13076,89
2,13077,19
2,13078,122
2,13079,109
2,13080,71
2,13081,84
2,13082,218
2,13083,154
2,13084,64
2,13085,45
2,13086,64
2,13087,115
2,13088,77
2,13089,45
2,13090,77
2,13091,58
2,13092,179
2,13093,45
2,13094,147
2,13095,148
2,13096,64
2,13097,58
2,13098,25
2,13099,26
2,13100,-45
2,13101,76
2,13102,199
2,13103,71
2,13104,102
2,13105,71
2,13106,122
2,13107,103
2,13108,167
2,13109,115
2,13110,180
2,13111,122
2,13112,166
2,13113,19
2,13114,166
2,13115,26
2,13116,77
2,13117,90
2,13118,166
2,13119,333
2,13120,167
2,13121,51
2,13122,147
2,13123,179
2,13124,185
2,13125,128
2,13126,116
2,13127,141
2,13128,250
2,13129,-493
2,13130,212
2,13131,147
2,13132,141
2,13133,160
2,13134,192
2,13135,25
2,13136,160
2,13137,-38
2,13138,186
2,13139,141
2,13140,153
2,13141,109
2,13142,115
2,13143,115
2,13144,77
2,13145,128
2,13146,173
2,13147,-45
2,13148,77
2,13149,51
2,13150,352
2,13151,115
2,13152,-45
2,13153,39
2,13154,172
2,13155,32
2,13156,115
2,13157,51
2,13158,64
2,13159,64
2,13160,364
2,13161,77
2,13162,-32
2,13163,179
2,13164,108
2,13165,115
2,13166,76
2,13167,83
2,13168,58
2,13169,44
2,13170,103
2,13171,52
2,13172,-51
2,13173,173
2,13174,77
2,13175,71
2,13176,96
2,13177,51
2,13178,186
2,13179,167
2,13180,198
2,13181,96
2,13182,-32
2,13183,51
2,13184,128
2,13185,51
2,13186,25
2,13187,160
2,13188,32
2,13189,51
2,13190,64
2,13191,96
2,13192,268
2,13193,205
2,13194,180
2,13195,135
2,13196,173
2,13197,109
2,13198,173
2,13199,71
2,13200,166
2,13201,71
2,13202,102
2,13203,121
2,13204,307
2,13205,64
2,13206,166
2,13207,115
2,13208,102
2,13209,262
2,13210,160
2,13211,83
2,13212,166
2,13213,71
2,13214,70
2,13215,-551
2,13216,128
2,13217,19
2,13218,96
2,13219,96
2,13220,109
2,13221,96
2,13222,160
2,13223,64
2,13224,90
2,13225,57
2,13226,160
2,13227,371
2,13228,122
2,13229,-32
2,13230,218
2,13231,51
2,13232,109
2,13233,115
2,13234,83
2,13235,64
2,13236,77
2,13237,71
2,13238,134
2,13239,83
2,13240,173
2,13241,102
2,13242,262
2,13243,77
2,13244,121
2,13245,109
2,13246,58
2,13247,70
2,13248,57
2,13249,51
2,13250,96
2,13251,76
2,13252,192
2,13253,51
2,13254,167
2,13255,64
2,13256,96
2,13257,-26
2,13258,186
2,13259,173
2,13260,237
2,13261,-38
2,13262,128
2,13263,115
2,13264,166
2,13265,83
2,13266,-32
2,13267,115
2,13268,109
2,13269,57
2,13270,83
2,13271,134
2,13272,205
2,13273,96
2,13274,186
2,13275,32
2,13276,788
2,13277,89
2,13278,70
2,13279,32
2,13280,160
2,13281,25
2,13282,102
2,13283,25
2,13284,64
2,13285,102
2,13286,160
2,13287,109
2,13288,-25
2,13289,807
2,13290,237
2,13291,819
2,13292,128
2,13293,109
2,13294,109
2,13295,134
2,13296,140
2,13297,122
2,13298,71
2,13299,96
2,13300,-480
2,13301,134
2,13302,173
2,13303,147
2,13304,147
2,13305,26
2,13306,179
2,13307,109
2,13308,134
2,13309,199
2,13310,64
2,13311,109
2,13312,154
2,13313,96
2,13314,134
2,13315,96
2,13316,70
2,13317,141
2,13318,172
2,13319,71
2,13320,121
2,13321,-38
2,13322,199
2,13323,70
2,13324,90
2,13325,198
2,13326,160
2,13327,52
2,13328,173
2,13329,243
2,13330,218
2,13331,250
2,13332,-45
2,13333,96
2,13334,154
2,13335,224
2,13336,96
2,13337,-32
2,13338,205
2,13339,167
2,13340,179
2,13341,77
2,13342,179
2,13343,102
2,13344,115
2,13345,70
2,13346,115
2,13347,134
2,13348,147
2,13349,102
2,13350,211
2,13351,122
2,13352,89
2,13353,-38
2,13354,147
2,13355,141
2,13356,57
2,13357,32
2,13358,154
2,13359,70
2,13360,154
2,13361,128
2,13362,211
2,13363,115
2,13364,121
2,13365,103
2,13366,148
2,13367,141
2,13368,153
2,13369,122
2,13370,51
2,13371,45
2,13372,359
2,13373,128
2,13374,128
2,13375,180
2,13376,154
2,13377,51
2,13378,173
2,13379,134
2,13380,212
2,13381,128
2,13382,140
2,13383,166
2,13384,198
2,13385,-551
2,13386,134
2,13387,51
2,13388,102
2,13389,64
2,13390,89
2,13391,115
2,13392,134
2,13393,77
2,13394,141
2,13395,115
2,13396,167
2,13397,121
2,13398,148
2,13399,122
2,13400,83
2,13401,26
2,13402,71
2,13403,128
2,13404,141
2,13405,83
2,13406,185
2,13407,64
2,13408,141
2,13409,115
2,13410,199
2,13411,32
2,13412,109
2,13413,64
2,13414,275
2,13415,64
2,13416,115
2,13417,96
2,13418,167
2,13419,115
2,13420,160
2,13421,90
2,13422,141
2,13423,90
2,13424,186
2,13425,77
2,13426,160
2,13427,77
2,13428,121
2,13429,64
2,13430,76
2,13431,121
2,13432,108
2,13433,109
2,13434,128
2,13435,122
2,13436,167
2,13437,160
2,13438,153
2,13439,115
2,13440,160
2,13441,19
2,13442,19
2,13443,57
2,13444,128
2,13445,205
2,13446,160
2,13447,90
2,13448,160
2,13449,153
2,13450,218
2,13451,122
2,13452,179
2,13453,89
2,13454,64
2,13455,199
2,13456,-45
2,13457,70
2,13458,122
2,13459,58
2,13460,166
2,13461,365
2,13462,77
2,13463,116
2,13464,166
2,13465,211
2,13466,199
2,13467,153
2,13468,192
2,13469,147
2,13470,167
2,13471,-384
2,13472,102
2,13473,96
2,13474,147
2,13475,166
2,13476,211
2,13477,396
2,13478,135
2,13479,77
2,13480,173
2,13481,102
2,13482,122
2,13483,71
2,13484,180
2,13485,58
2,13486,205
2,13487,109
2,13488,122
2,13489,352
2,13490,135
2,13491,147
2,13492,147
2,13493,70
2,13494,25
2,13495,141
2,13496,109
2,13497,70
2,13498,71
2,13499,109
2,13500,122
2,13501,153
2,13502,166
2,13503,64
2,13504,391
2,13505,64
2,13506,128
2,13507,84
2,13508,154
2,13509,314
2,13510,179
2,13511,58
2,13512,115
2,13513,38
2,13514,45
2,13515,-32
2,13516,173
2,13517,128
2,13518,115
2,13519,71
2,13520,185
2,13521,121
2,13522,224
2,13523,153
2,13524,160
2,13525,-38
2,13526,141
2,13527,192
2,13528,115
2,13529,109
2,13530,199
2,13531,96
2,13532,800
2,13533,38
2,13534,141
2,13535,77
2,13536,166
2,13537,-64
2,13538,51
2,13539,32
2,13540,51
2,13541,51
2,13542,116
2,13543,76
2,13544,166
2,13545,89
2,13546,832
2,13547,378
2,13548,173
2,13549,115
2,13550,148
2,13551,109
2,13552,167
2,13553,57
2,13554,96
2,13555,45
2,13556,-666
2,13557,58
2,13558,83
2,13559,167
2,13560,128
2,13561,115
2,13562,166
2,13563,122
2,13564,192
2,13565,179
2,13566,-263
2,13567,166
2,13568,192
2,13569,326
2,13570,64
2,13571,167
2,13572,172
2,13573,96
2,13574,83
2,13575,109
2,13576,141
2,13577,109
2,13578,147
2,13579,-57
2,13580,103
2,13581,70
2,13582,109
2,13583,115
2,13584,179
2,13585,-52
2,13586,186
2,13587,51
2,13588,167
2,13589,103
2,13590,166
2,13591,102
2,13592,166
2,13593,84
2,13594,102
2,13595,64
2,13596,128
2,13597,102
2,13598,346
2,13599,96
2,13600,224
2,13601,134
2,13602,154
2,13603,58
2,13604,58
2,13605,352
2,13606,185
2,13607,192
2,13608,192
2,13609,115
2,13610,64
2,13611,96
2,13612,167
2,13613,166
2,13614,140
2,13615,167
2,13616,204
2,13617,160
2,13618,147
2,13619,109
2,13620,148
2,13621,148
2,13622,154
2,13623,153
2,13624,167
2,13625,71
2,13626,109
2,13627,58
2,13628,70
2,13629,64
2,13630,77
2,13631,108
2,13632,141
2,13633,58
2,13634,167
2,13635,147
2,13636,236
2,13637,77
2,13638,211
2,13639,128
2,13640,346
2,13641,-666
2,13642,25
2,13643,102
2,13644,64
2,13645,64
2,13646,167
2,13647,-45
2,13648,192
2,13649,39
2,13650,115
2,13651,102
2,13652,57
2,13653,96
2,13654,71
2,13655,115
2,13656,217
2,13657,25
2,13658,109
2,13659,77
2,13660,71
2,13661,364
2,13662,70
2,13663,44
2,13664,122
2,13665,26
2,13666,134
2,13667,58
2,13668,121
2,13669,77
2,13670,167
2,13671,83
2,13672,128
2,13673,134
2,13674,173
2,13675,52
2,13676,128
2,13677,103
2,13678,173
2,13679,140
2,13680,166
2,13681,116
2,13682,58
2,13683,51
2,13684,365
2,13685,96
2,13686,192
2,13687,186
2,13688,-45
2,13689,-32
2,13690,211
2,13691,121
2,13692,211
2,13693,333
2,13694,205
2,13695,57
2,13696,166
2,13697,52
2,13698,52
2,13699,364
2,13700,96
2,13701,45
2,13702,89
2,13703,134
2,13704,256
2,13705,58
2,13706,141
2,13707,121
2,13708,199
2,13709,83
2,13710,141
2,13711,160
2,13712,115
2,13713,64
2,13714,52
2,13715,26
2,13716,166
2,13717,57
2,13718,77
2,13719,167
2,13720,77
2,13721,115
2,13722,147
2,13723,115
2,13724,172
2,13725,268
2,13726,-390
2,13727,84
2,13728,122
2,13729,122
2,13730,134
2,13731,109
2,13732,121
2,13733,96
2,13734,121
2,13735,57
2,13736,108
2,13737,116
2,13738,172
2,13739,76
2,13740,141
2,13741,116
2,13742,160
2,13743,153
2,13744,128
2,13745,102
2,13746,186
2,13747,90
2,13748,179
2,13749,83
2,13750,76
2,13751,128
2,13752,167
2,13753,102
2,13754,371
2,13755,166
2,13756,70
2,13757,307
2,13758,167
2,13759,141
2,13760,115
2,13761,32
2,13762,109
2,13763,25
2,13764,224
2,13765,83
2,13766,121
2,13767,64
2,13768,212
2,13769,70
2,13770,166
2,13771,96
2,13772,128
2,13773,64
2,13774,160
2,13775,90
2,13776,179
2,13777,103
2,13778,32
2,13779,109
2,13780,160
2,13781,57
2,13782,115
2,13783,77
2,13784,84
2,13785,64
2,13786,58
2,13787,115
2,13788,819
2,13789,26
2,13790,58
2,13791,173
2,13792,147
2,13793,32
2,13794,32
2,13795,64
2,13796,109
2,13797,166
2,13798,109
2,13799,185
2,13800,147
2,13801,812
2,13802,147
2,13803,768
2,13804,365
2,13805,108
2,13806,179
2,13807,109
2,13808,153
2,13809,58
2,13810,115
2,13811,-64
2,13812,-314
2,13813,64
2,13814,115
2,13815,102
2,13816,128
2,13817,109
2,13818,212
2,13819,166
2,13820,166
2,13821,148
2,13822,32
2,13823,122
2,13824,51
2,13825,-32
2,13826,134
2,13827,71
2,13828,122
2,13829,45
2,13830,109
2,13831,-58
2,13832,135
2,13833,51
2,13834,166
2,13835,148
2,13836,262
2,13837,-32
2,13838,179
2,13839,70
2,13840,153
2,13841,51
2,13842,83
2,13843,57
2,13844,77
2,13845,70
2,13846,154
2,13847,115
2,13848,121
2,13849,-6
2,13850,147
2,13851,115
2,13852,121
2,13853,102
2,13854,192
2,13855,122
2,13856,211
2,13857,71
2,13858,128
2,13859,173
2,13860,185
2,13861,116
2,13862,147
2,13863,-19
2,13864,173
2,13865,96
2,13866,102
2,13867,25
2,13868,77
2,13869,96
2,13870,115
2,13871,64
2,13872,173
2,13873,121
2,13874,371
2,13875,-64
2,13876,172
2,13877,109
2,13878,-19
2,13879,83
2,13880,212
2,13881,45
2,13882,166
2,13883,166
2,13884,76
2,13885,64
2,13886,153
2,13887,76
2,13888,115
2,13889,57
2,13890,115
2,13891,102
2,13892,237
2,13893,102
2,13894,179
2,13895,154
2,13896,211
2,13897,-794
2,13898,96
2,13899,64
2,13900,103
2,13901,32
2,13902,166
2,13903,109
2,13904,116
2,13905,358
2,13906,116
2,13907,102
2,13908,122
2,13909,109
2,13910,135
2,13911,121
2,13912,90
2,13913,25
2,13914,102
2,13915,71
2,13916,339
2,13917,45
2,13918,121
2,13919,58
2,13920,160
2,13921,26
2,13922,77
2,13923,57
2,13924,154
2,13925,64
2,13926,116
2,13927,77
2,13928,121
2,13929,45
2,13930,185
2,13931,218
2,13932,32
2,13933,57
2,13934,205
2,13935,58
2,13936,51
2,13937,115
2,13938,128
2,13939,64
2,13940,115
2,13941,-32
2,13942,160
2,13943,45
2,13944,115
2,13945,115
2,13946,109
2,13947,192
2,13948,135
2,13949,115
2,13950,173
2,13951,128
2,13952,141
2,13953,32
2,13954,167
2,13955,84
2,13956,147
2,13957,32
2,13958,167
2,13959,90
2,13960,166
2,13961,102
2,13962,211
2,13963,173
2,13964,166
2,13965,116
2,13966,154
2,13967,-205
2,13968,166
2,13969,45
2,13970,-32
2,13971,109
2,13972,90
2,13973,51
2,13974,64
2,13975,77
2,13976,102
2,13977,83
2,13978,115
2,13979,90
2,13980,128
2,13981,57
2,13982,-486
2,13983,147
2,13984,128
2,13985,102
2,13986,25
2,13987,96
2,13988,173
2,13989,109
2,13990,180
2,13991,134
2,13992,173
2,13993,103
2,13994,89
2,13995,76
2,13996,57
2,13997,26
2,13998,128
2,13999,64
2,14000,122
2,14001,128
2,14002,77
2,14003,134
2,14004,211
2,14005,90
2,14006,224
2,14007,135
2,14008,148
2,14009,71
2,14010,83
2,14011,58
2,14012,172
2,14013,38
2,14014,64
2,14015,-44
2,14016,135
2,14017,83
2,14018,109
2,14019,179
2,14020,185
2,14021,115
2,14022,173
2,14023,58
2,14024,192
2,14025,89
2,14026,70
2,14027,147
2,14028,147
2,14029,173
2,14030,128
2,14031,115
2,14032,134
2,14033,109
2,14034,199
2,14035,128
2,14036,128
2,14037,115
2,14038,115
2,14039,153
2,14040,83
2,14041,58
2,14042,364
2,14043,70
2,14044,793
2,14045,70
2,14046,83
2,14047,32
2,14048,115
2,14049,26
2,14050,160
2,14051,-26
2,14052,90
2,14053,32
2,14054,192
2,14055,96
2,14056,186
2,14057,109
2,14058,839
2,14059,-51
2,14060,217
2,14061,198
2,14062,256
2,14063,-39
2,14064,154
2,14065,121
2,14066,90
2,14067,52
2,14068,-364
2,14069,135
2,14070,154
2,14071,121
2,14072,147
2,14073,84
2,14074,167
2,14075,154
2,14076,166
2,14077,365
2,14078,109
2,14079,77
2,14080,166
2,14081,96
2,14082,64
2,14083,57
2,14084,384
2,14085,64
2,14086,96
2,14087,64
2,14088,134
2,14089,96
2,14090,224
2,14091,77
2,14092,160
2,14093,109
2,14094,-32
2,14095,128
2,14096,147
2,14097,45
2,14098,64
2,14099,84
2,14100,115
2,14101,57
2,14102,134
2,14103,109
2,14104,192
2,14105,147
2,14106,372
2,14107,122
2,14108,166
2,14109,256
2,14110,102
2,14111,122
2,14112,154
2,14113,115
2,14114,154
2,14115,102
2,14116,83
2,14117,64
2,14118,103
2,14119,115
2,14120,365
2,14121,153
2,14122,70
2,14123,45
2,14124,172
2,14125,58
2,14126,218
2,14127,115
2,14128,134
2,14129,109
2,14130,172
2,14131,122
2,14132,160
2,14133,51
2,14134,128
2,14135,108
2,14136,365
2,14137,58
2,14138,-25
2,14139,121
2,14140,77
2,14141,308
2,14142,58
2,14143,26
2,14144,122
2,14145,109
2,14146,109
2,14147,103
2,14148,204
2,14149,116
2,14150,154
2,14151,307
2,14152,-403
2,14153,45
2,14154,20
2,14155,77
2,14156,128
2,14157,-32
2,14158,147
2,14159,147
2,14160,180
2,14161,52
2,14162,186
2,14163,185
2,14164,153
2,14165,90
2,14166,160
2,14167,76
2,14168,134
2,14169,51
2,14170,90
2,14171,58
2,14172,71
2,14173,45
2,14174,102
2,14175,-38
2,14176,211
2,14177,83
2,14178,154
2,14179,179
2,14180,-39
2,14181,128
2,14182,-231
2,14183,166
2,14184,134
2,14185,-32
2,14186,204
2,14187,89
2,14188,180
2,14189,58
2,14190,45
2,14191,77
2,14192,167
2,14193,109
2,14194,58
2,14195,45
2,14196,102
2,14197,116
2,14198,109
2,14199,122
2,14200,96
2,14201,70
2,14202,147
2,14203,154
2,14204,173
2,14205,135
2,14206,166
2,14207,57
2,14208,166
2,14209,32
2,14210,115
2,14211,115
2,14212,-39
2,14213,77
2,14214,-45
2,14215,236
2,14216,116
2,14217,103
2,14218,166
2,14219,96
2,14220,128
2,14221,141
2,14222,103
2,14223,134
2,14224,153
2,14225,32
2,14226,58
2,14227,45
2,14228,96
2,14229,38
2,14230,70
2,14231,64
2,14232,147
2,14233,84
2,14234,166
2,14235,96
2,14236,192
2,14237,-563
2,14238,153
2,14239,70
2,14240,173
2,14241,83
2,14242,148
2,14243,103
2,14244,122
2,14245,57
2,14246,141
2,14247,64
2,14248,71
2,14249,115
2,14250,121
2,14251,77
2,14252,173
2,14253,314
2,14254,96
2,14255,45
2,14256,109
2,14257,103
2,14258,58
2,14259,192
2,14260,173
2,14261,96
2,14262,-45
2,14263,51
2,14264,199
2,14265,115
2,14266,70
2,14267,71
2,14268,115
2,14269,45
2,14270,58
2,14271,109
2,14272,147
2,14273,96
2,14274,70
2,14275,45
2,14276,147
2,14277,96
2,14278,166
2,14279,77
2,14280,160
2,14281,90
2,14282,166
2,14283,128
2,14284,224
2,14285,179
2,14286,128
2,14287,115
2,14288,179
2,14289,153
2,14290,-25
2,14291,96
2,14292,109
2,14293,103
2,14294,134
2,14295,186
2,14296,109
2,14297,45
2,14298,154
2,14299,115
2,14300,812
2,14301,96
2,14302,70
2,14303,121
2,14304,121
2,14305,58
2,14306,128
2,14307,-26
2,14308,128
2,14309,77
2,14310,-32
2,14311,115
2,14312,148
2,14313,826
2,14314,160
2,14315,768
2,14316,230
2,14317,160
2,14318,71
2,14319,64
2,14320,153
2,14321,128
2,14322,51
2,14323,-428
2,14324,192
2,14325,83
2,14326,141
2,14327,173
2,14328,147
2,14329,167
2,14330,167
2,14331,147
2,14332,148
2,14333,83
2,14334,102
2,14335,109
2,14336,70
2,14337,20
2,14338,71
2,14339,64
2,14340,44
2,14341,115
2,14342,212
2,14343,51
2,14344,128
2,14345,109
2,14346,167
2,14347,115
2,14348,204
2,14349,128
2,14350,243
2,14351,109
2,14352,154
2,14353,122
2,14354,166
2,14355,141
2,14356,103
2,14357,250
2,14358,160
2,14359,64
2,14360,166
2,14361,89
2,14362,147
2,14363,140
2,14364,116
2,14365,70
2,14366,71
2,14367,173
2,14368,249
2,14369,89
2,14370,147
2,14371,96
2,14372,96
2,14373,77
2,14374,160
2,14375,147
2,14376,154
2,14377,58
2,14378,173
2,14379,52
2,14380,269
2,14381,102
2,14382,160
2,14383,51
2,14384,115
2,14385,141
2,14386,166
2,14387,147
2,14388,147
2,14389,102
2,14390,167
2,14391,64
2,14392,153
2,14393,57
2,14394,64
2,14395,58
2,14396,134
2,14397,102
2,14398,115
2,14399,262
2,14400,154
2,14401,83
2,14402,224
2,14403,64
2,14404,108
2,14405,166
2,14406,160
2,14407,128
2,14408,-467
2,14409,52
2,14410,38
2,14411,384
2,14412,173
2,14413,64
2,14414,166
2,14415,38
2,14416,89
2,14417,52
2,14418,103
2,14419,122
2,14420,192
2,14421,38
2,14422,-12
2,14423,160
2,14424,128
2,14425,51
2,14426,116
2,14427,154
2,14428,160
2,14429,141
2,14430,96
2,14431,83
2,14432,173
2,14433,58
2,14434,128
2,14435,83
2,14436,115
2,14437,51
2,14438,160
2,14439,83
2,14440,102
2,14441,148
2,14442,128
2,14443,173
2,14444,77
2,14445,83
2,14446,109
2,14447,109
2,14448,166
2,14449,122
2,14450,83
2,14451,96
2,14452,108
2,14453,89
2,14454,102
2,14455,77
2,14456,153
2,14457,128
2,14458,218
2,14459,198
2,14460,-32
2,14461,121
2,14462,64
2,14463,115
2,14464,84
2,14465,327
2,14466,160
2,14467,115
2,14468,167
2,14469,115
2,14470,231
2,14471,141
2,14472,186
2,14473,115
2,14474,192
2,14475,134
2,14476,199
2,14477,109
2,14478,128
2,14479,64
2,14480,211
2,14481,96
2,14482,90
2,14483,25
2,14484,167
2,14485,134
2,14486,166
2,14487,64
2,14488,160
2,14489,147
2,14490,160
2,14491,160
2,14492,141
2,14493,-467
2,14494,134
2,14495,83
2,14496,141
2,14497,-38
2,14498,249
2,14499,109
2,14500,128
2,14501,-39
2,14502,77
2,14503,96
2,14504,332
2,14505,51
2,14506,109
2,14507,71
2,14508,90
2,14509,115
2,14510,64
2,14511,160
2,14512,102
2,14513,116
2,14514,186
2,14515,32
2,14516,160
2,14517,-39
2,14518,134
2,14519,135
2,14520,173
2,14521,64
2,14522,96
2,14523,32
2,14524,160
2,14525,211
2,14526,166
2,14527,45
2,14528,121
2,14529,96
2,14530,160
2,14531,153
2,14532,185
2,14533,122
2,14534,173
2,14535,115
2,14536,211
2,14537,70
2,14538,173
2,14539,103
2,14540,173
2,14541,244
2,14542,109
2,14543,77
2,14544,135
2,14545,103
2,14546,205
2,14547,108
2,14548,256
2,14549,154
2,14550,153
2,14551,64
2,14552,262
2,14553,102
2,14554,198
2,14555,160
2,14556,826
2,14557,57
2,14558,70
2,14559,102
2,14560,89
2,14561,45
2,14562,154
2,14563,39
2,14564,64
2,14565,83
2,14566,186
2,14567,70
2,14568,121
2,14569,134
2,14570,646
2,14571,77
2,14572,116
2,14573,154
2,14574,19
2,14575,121
2,14576,173
2,14577,71
2,14578,83
2,14579,-391
2,14580,154
2,14581,116
2,14582,121
2,14583,83
2,14584,115
2,14585,186
2,14586,109
2,14587,121
2,14588,205
2,14589,121
2,14590,179
2,14591,148
2,14592,147
2,14593,58
2,14594,121
2,14595,84
2,14596,141
2,14597,90
2,14598,109
2,14599,83
2,14600,102
2,14601,166
2,14602,166
2,14603,64
2,14604,115
2,14605,154
2,14606,160
2,14607,71
2,14608,115
2,14609,38
2,14610,192
2,14611,83
2,14612,71
2,14613,96
2,14614,109
2,14615,115
2,14616,122
2,14617,384
2,14618,192
2,14619,160
2,14620,160
2,14621,108
2,14622,147
2,14623,167
2,14624,128
2,14625,154
2,14626,160
2,14627,39
2,14628,-57
2,14629,122
2,14630,90
2,14631,166
2,14632,-38
2,14633,26
2,14634,103
2,14635,70
2,14636,154
2,14637,128
2,14638,70
2,14639,153
2,14640,147
2,14641,58
2,14642,128
2,14643,64
2,14644,147
2,14645,141
2,14646,122
2,14647,108
2,14648,224
2,14649,70
2,14650,109
2,14651,38
2,14652,147
2,14653,64
2,14654,128
2,14655,103
2,14656,108
2,14657,45
2,14658,51
2,14659,57
2,14660,212
2,14661,71
2,14662,141
2,14663,115
2,14664,-1005
2,14665,-51
2,14666,89
2,14667,96
2,14668,70
2,14669,141
2,14670,108
2,14671,121
2,14672,109
2,14673,109
2,14674,154
2,14675,160
2,14676,172
2,14677,102
2,14678,115
2,14679,116
2,14680,167
2,14681,96
2,14682,83
2,14683,-32
2,14684,134
2,14685,153
2,14686,160
2,14687,167
2,14688,160
2,14689,58
2,14690,70
2,14691,45
2,14692,77
2,14693,26
2,14694,166
2,14695,83
2,14696,167
2,14697,154
2,14698,135
2,14699,147
2,14700,224
2,14701,96
2,14702,205
2,14703,77
2,14704,204
2,14705,45
2,14706,96
2,14707,199
2,14708,166
2,14709,141
2,14710,212
2,14711,83
2,14712,205
2,14713,199
2,14714,160
2,14715,134
2,14716,224
2,14717,128
2,14718,147
2,14719,70
2,14720,115
2,14721,58
2,14722,128
2,14723,141
2,14724,141
2,14725,141
2,14726,89
2,14727,153
2,14728,76
2,14729,64
2,14730,186
2,14731,70
2,14732,390
2,14733,128
2,14734,167
2,14735,313
2,14736,218
2,14737,25
2,14738,109
2,14739,51
2,14740,160
2,14741,135
2,14742,192
2,14743,96
2,14744,77
2,14745,199
2,14746,192
2,14747,134
2,14748,-45
2,14749,-506
2,14750,115
2,14751,57
2,14752,115
2,14753,26
2,14754,121
2,14755,64
2,14756,166
2,14757,96
2,14758,77
2,14759,77
2,14760,166
2,14761,109
2,14762,167
2,14763,71
2,14764,134
2,14765,71
2,14766,115
2,14767,71
2,14768,122
2,14769,109
2,14770,-26
2,14771,90
2,14772,141
2,14773,115
2,14774,71
2,14775,275
2,14776,173
2,14777,103
2,14778,115
2,14779,167
2,14780,83
2,14781,115
2,14782,154
2,14783,172
2,14784,-44
2,14785,38
2,14786,51
2,14787,115
2,14788,141
2,14789,57
2,14790,121
2,14791,77
2,14792,179
2,14793,39
2,14794,109
2,14795,70
2,14796,-45
2,14797,135
2,14798,128
2,14799,71
2,14800,115
2,14801,128
2,14802,57
2,14803,58
2,14804,70
2,14805,83
2,14806,77
2,14807,32
2,14808,141
2,14809,141
2,14810,70
2,14811,128
2,14812,813
2,14813,90
2,14814,122
2,14815,51
2,14816,115
2,14817,32
2,14818,116
2,14819,58
2,14820,102
2,14821,-26
2,14822,70
2,14823,26
2,14824,122
2,14825,838
2,14826,198
2,14827,787
2,14828,160
2,14829,121
2,14830,103
2,14831,218
2,14832,45
2,14833,71
2,14834,-26
2,14835,-377
2,14836,166
2,14837,44
2,14838,166
2,14839,148
2,14840,167
2,14841,102
2,14842,153
2,14843,160
2,14844,38
2,14845,70
2,14846,51
2,14847,122
2,14848,38
2,14849,-25
2,14850,135
2,14851,25
2,14852,173
2,14853,141
2,14854,147
2,14855,70
2,14856,83
2,14857,76
2,14858,160
2,14859,141
2,14860,109
2,14861,108
2,14862,224
2,14863,103
2,14864,-44
2,14865,275
2,14866,166
2,14867,122
2,14868,51
2,14869,-51
2,14870,192
2,14871,115
2,14872,134
2,14873,57
2,14874,211
2,14875,83
2,14876,122
2,14877,103
2,14878,70
2,14879,352
2,14880,128
2,14881,51
2,14882,212
2,14883,51
2,14884,128
2,14885,160
2,14886,122
2,14887,70
2,14888,192
2,14889,58
2,14890,160
2,14891,224
2,14892,147
2,14893,45
2,14894,58
2,14895,71
2,14896,166
2,14897,122
2,14898,166
2,14899,153
2,14900,166
2,14901,96
2,14902,218
2,14903,147
2,14904,211
2,14905,135
2,14906,128
2,14907,-64
2,14908,185
2,14909,89
2,14910,390
2,14911,102
2,14912,-25
2,14913,83
2,14914,115
2,14915,109
2,14916,199
2,14917,109
2,14918,173
2,14919,115
2,14920,-480
2,14921,64
2,14922,102
2,14923,-45
2,14924,179
2,14925,109
2,14926,122
2,14927,45
2,14928,166
2,14929,71
2,14930,173
2,14931,109
2,14932,205
2,14933,109
2,14934,122
2,14935,89
2,14936,173
2,14937,64
2,14938,141
2,14939,26
2,14940,115
2,14941,51
2,14942,96
2,14943,-51
2,14944,134
2,14945,-32
2,14946,83
2,14947,26
2,14948,71
2,14949,-13
2,14950,89
2,14951,83
2,14952,166
2,14953,96
2,14954,84
2,14955,77
2,14956,147
2,14957,391
2,14958,179
2,14959,166
2,14960,102
2,14961,108
2,14962,109
2,14963,58
2,14964,96
2,14965,51
2,14966,147
2,14967,102
2,14968,70
2,14969,96
2,14970,154
2,14971,166
2,14972,212
2,14973,76
2,14974,-32
2,14975,173
2,14976,192
2,14977,-19
2,14978,102
2,14979,26
2,14980,147
2,14981,115
2,14982,71
2,14983,58
2,14984,172
2,14985,154
2,14986,205
2,14987,135
2,14988,173
2,14989,58
2,14990,116
2,14991,96
2,14992,186
2,14993,64
2,14994,128
2,14995,77
2,14996,180
2,14997,38
2,14998,52
2,14999,166
2,15000,166
2,15001,51
2,15002,51
2,15003,128
2,15004,166
2,15005,-436
2,15006,167
2,15007,109
2,15008,185
2,15009,115
2,15010,96
2,15011,141
2,15012,192
2,15013,90
2,15014,71
2,15015,109
2,15016,115
2,15017,45
2,15018,103
2,15019,128
2,15020,122
2,15021,45
2,15022,84
2,15023,64
2,15024,134
2,15025,51
2,15026,231
2,15027,397
2,15028,122
2,15029,122
2,15030,109
2,15031,115
2,15032,160
2,15033,147
2,15034,134
2,15035,160
2,15036,160
2,15037,89
2,15038,115
2,15039,102
2,15040,122
2,15041,96
2,15042,128
2,15043,378
2,15044,141
2,15045,147
2,15046,172
2,15047,115
2,15048,70
2,15049,64
2,15050,154
2,15051,115
2,15052,167
2,15053,115
2,15054,154
2,15055,90
2,15056,166
2,15057,102
2,15058,179
2,15059,115
2,15060,378
2,15061,115
2,15062,140
2,15063,109
2,15064,250
2,15065,77
2,15066,231
2,15067,64
2,15068,826
2,15069,39
2,15070,115
2,15071,64
2,15072,141
2,15073,38
2,15074,83
2,15075,70
2,15076,141
2,15077,44
2,15078,51
2,15079,116
2,15080,-45
2,15081,333
2,15082,832
2,15083,109
2,15084,173
2,15085,96
2,15086,109
2,15087,71
2,15088,166
2,15089,51
2,15090,-345
2,15091,96
2,15092,128
2,15093,160
2,15094,121
2,15095,96
2,15096,173
2,15097,64
2,15098,128
2,15099,77
2,15100,166
2,15101,128
2,15102,173
2,15103,153
2,15104,115
2,15105,45
2,15106,102
2,15107,58
2,15108,-51
2,15109,70
2,15110,64
2,15111,58
2,15112,96
2,15113,96
2,15114,32
2,15115,173
2,15116,173
2,15117,167
2,15118,83
2,15119,147
2,15120,147
2,15121,45
2,15122,84
2,15123,89
2,15124,84
2,15125,84
2,15126,250
2,15127,70
2,15128,134
2,15129,103
2,15130,166
2,15131,96
2,15132,115
2,15133,64
2,15134,224
2,15135,83
2,15136,166
2,15137,109
2,15138,313
2,15139,96
2,15140,147
2,15141,109
2,15142,217
2,15143,172
2,15144,70
2,15145,102
2,15146,25
2,15147,90
2,15148,96
2,15149,71
2,15150,116
2,15151,122
2,15152,173
2,15153,135
2,15154,166
2,15155,52
2,15156,148
2,15157,70
2,15158,122
2,15159,96
2,15160,115
2,15161,57
2,15162,109
2,15163,76
2,15164,83
2,15165,77
2,15166,108
2,15167,58
2,15168,102
2,15169,70
2,15170,154
2,15171,-13
2,15172,224
2,15173,64
2,15174,365
2,15175,-250
2,15176,185
2,15177,25
2,15178,83
2,15179,64
2,15180,64
2,15181,90
2,15182,103
2,15183,122
2,15184,212
2,15185,154
2,15186,153
2,15187,160
2,15188,160
2,15189,128
2,15190,148
2,15191,77
2,15192,121
2,15193,109
2,15194,84
2,15195,26
2,15196,57
2,15197,-38
2,15198,141
2,15199,160
2,15200,256
2,15201,51
2,15202,160
2,15203,32
2,15204,109
2,15205,52
2,15206,70
2,15207,103
2,15208,109
2,15209,109
2,15210,167
2,15211,205
2,15212,128
2,15213,166
2,15214,102
2,15215,83
2,15216,-26
2,15217,96
2,15218,116
2,15219,45
2,15220,115
2,15221,307
2,15222,96
2,15223,57
2,15224,205
2,15225,57
2,15226,172
2,15227,109
2,15228,211
2,15229,108
2,15230,160
2,15231,103
2,15232,185
2,15233,44
2,15234,122
2,15235,89
2,15236,77
2,15237,58
2,15238,365
2,15239,116
2,15240,135
2,15241,109
2,15242,147
2,15243,-52
2,15244,230
2,15245,103
2,15246,179
2,15247,96
2,15248,205
2,15249,45
2,15250,172
2,15251,70
2,15252,179
2,15253,89
2,15254,115
2,15255,19
2,15256,134
2,15257,102
2,15258,167
2,15259,256
2,15260,-448
2,15261,44
2,15262,122
2,15263,141
2,15264,128
2,15265,32
2,15266,179
2,15267,64
2,15268,58
2,15269,77
2,15270,108
2,15271,71
2,15272,64
2,15273,45
2,15274,154
2,15275,64
2,15276,115
2,15277,96
2,15278,121
2,15279,19
2,15280,102
2,15281,148
2,15282,77
2,15283,90
2,15284,122
2,15285,77
2,15286,147
2,15287,89
2,15288,153
2,15289,71
2,15290,121
2,15291,109
2,15292,71
2,15293,39
2,15294,122
2,15295,134
2,15296,128
2,15297,90
2,15298,83
2,15299,109
2,15300,109
2,15301,141
2,15302,154
2,15303,102
2,15304,217
2,15305,83
2,15306,154
2,15307,141
2,15308,128
2,15309,38
2,15310,166
2,15311,77
2,15312,147
2,15313,83
2,15314,166
2,15315,64
2,15316,135
2,15317,58
2,15318,173
2,15319,77
2,15320,141
2,15321,58
2,15322,109
2,15323,-51
2,15324,807
2,15325,109
2,15326,51
2,15327,64
2,15328,198
2,15329,58
2,15330,89
2,15331,109
2,15332,84
2,15333,64
2,15334,166
2,15335,109
2,15336,141
2,15337,813
2,15338,134
2,15339,756
2,15340,109
2,15341,83
2,15342,115
2,15343,70
2,15344,109
2,15345,-608
2,15346,77
2,15347,64
2,15348,83
2,15349,103
2,15350,140
2,15351,64
2,15352,205
2,15353,109
2,15354,147
2,15355,122
2,15356,109
2,15357,102
2,15358,115
2,15359,154
2,15360,116
2,15361,26
2,15362,77
2,15363,52
2,15364,282
2,15365,103
2,15366,154
2,15367,108
2,15368,167
2,15369,166
2,15370,173
2,15371,154
2,15372,147
2,15373,109
2,15374,198
2,15375,173
2,15376,148
2,15377,64
2,15378,199
2,15379,89
2,15380,108
2,15381,115
2,15382,179
2,15383,148
2,15384,128
2,15385,77
2,15386,166
2,15387,90
2,15388,141
2,15389,70
2,15390,198
2,15391,-64
2,15392,185
2,15393,84
2,15394,32
2,15395,83
2,15396,307
2,15397,64
2,15398,205
2,15399,77
2,15400,103
2,15401,57
2,15402,77
2,15403,320
2,15404,167
2,15405,103
2,15406,135
2,15407,128
2,15408,140
2,15409,166
2,15410,167
2,15411,115
2,15412,153
2,15413,198
2,15414,224
2,15415,90
2,15416,109
2,15417,64
2,15418,365
2,15419,-45
2,15420,128
2,15421,84
2,15422,160
2,15423,64
2,15424,89
2,15425,26
2,15426,109
2,15427,128
2,15428,173
2,15429,147
2,15430,166
2,15431,-391
2,15432,167
2,15433,77
2,15434,167
2,15435,115
2,15436,128
2,15437,109
2,15438,346
2,15439,122
2,15440,141
2,15441,115
2,15442,198
2,15443,121
2,15444,211
2,15445,102
2,15446,147
2,15447,154
2,15448,121
2,15449,153
2,15450,115
2,15451,108
2,15452,58
2,15453,32
2,15454,172
2,15455,103
2,15456,173
2,15457,-6
2,15458,172
2,15459,19
2,15460,122
2,15461,39
2,15462,166
2,15463,45
2,15464,186
2,15465,166
2,15466,128
2,15467,224
2,15468,135
2,15469,154
2,15470,140
2,15471,-57
2,15472,243
2,15473,64
2,15474,153
2,15475,122
2,15476,109
2,15477,96
2,15478,109
2,15479,109
2,15480,103
2,15481,128
2,15482,134
2,15483,70
2,15484,102
2,15485,83
2,15486,153
2,15487,134
2,15488,102
2,15489,96
2,15490,64
2,15491,116
2,15492,128
2,15493,204
2,15494,96
2,15495,218
2,15496,89
2,15497,90
2,15498,102
2,15499,160
2,15500,121
2,15501,282
2,15502,172
2,15503,173
2,15504,115
2,15505,58
2,15506,108
2,15507,64
2,15508,64
2,15509,103
2,15510,121
2,15511,384
2,15512,115
2,15513,140
2,15514,160
2,15515,115
2,15516,-448
2,15517,58
2,15518,154
2,15519,70
2,15520,185
2,15521,141
2,15522,134
2,15523,141
2,15524,231
2,15525,109
2,15526,64
2,15527,116
2,15528,128
2,15529,102
2,15530,109
2,15531,58
2,15532,154
2,15533,64
2,15534,160
2,15535,70
2,15536,211
2,15537,128
2,15538,121
2,15539,76
2,15540,128
2,15541,108
2,15542,205
2,15543,135
2,15544,160
2,15545,109
2,15546,115
2,15547,70
2,15548,167
2,15549,64
2,15550,141
2,15551,51
2,15552,166
2,15553,128
2,15554,128
2,15555,121
2,15556,166
2,15557,109
2,15558,153
2,15559,198
2,15560,-45
2,15561,134
2,15562,121
2,15563,134
2,15564,96
2,15565,115
2,15566,185
2,15567,89
2,15568,166
2,15569,109
2,15570,179
2,15571,121
2,15572,205
2,15573,102
2,15574,115
2,15575,58
2,15576,154
2,15577,77
2,15578,154
2,15579,96
2,15580,819
2,15581,96
2,15582,52
2,15583,160
2,15584,102
2,15585,26
2,15586,76
2,15587,32
2,15588,71
2,15589,96
2,15590,102
2,15591,115
2,15592,70
2,15593,70
2,15594,1101
2,15595,64
2,15596,185
2,15597,153
2,15598,179
2,15599,160
2,15600,135
2,15601,-557
2,15602,340
2,15603,90
2,15604,115
2,15605,108
2,15606,109
2,15607,64
2,15608,44
2,15609,64
2,15610,116
2,15611,121
2,15612,115
2,15613,-19
2,15614,199
2,15615,116
2,15616,135
2,15617,32
2,15618,128
2,15619,109
2,15620,102
2,15621,64
2,15622,115
2,15623,90
2,15624,154
2,15625,153
2,15626,135
2,15627,160
2,15628,141
2,15629,19
2,15630,128
2,15631,160
2,15632,115
2,15633,76
2,15634,64
2,15635,83
2,15636,166
2,15637,116
2,15638,64
2,15639,109
2,15640,166
2,15641,121
2,15642,141
2,15643,154
2,15644,147
2,15645,58
2,15646,77
2,15647,77
2,15648,205
2,15649,109
2,15650,378
2,15651,32
2,15652,205
2,15653,102
2,15654,166
2,15655,109
2,15656,179
2,15657,77
2,15658,167
2,15659,116
2,15660,166
2,15661,116
2,15662,141
2,15663,121
2,15664,153
2,15665,64
2,15666,205
2,15667,51
2,15668,211
2,15669,109
2,15670,135
2,15671,109
2,15672,153
2,15673,57
2,15674,109
2,15675,217
2,15676,109
2,15677,115
2,15678,269
2,15679,109
2,15680,288
2,15681,52
2,15682,122
2,15683,121
2,15684,166
2,15685,109
2,15686,121
2,15687,-390
2,15688,128
2,15689,45
2,15690,102
2,15691,45
2,15692,102
2,15693,57
2,15694,160
2,15695,96
2,15696,108
2,15697,57
2,15698,134
2,15699,135
2,15700,173
2,15701,102
2,15702,198
2,15703,77
2,15704,166
2,15705,57
2,15706,167
2,15707,71
2,15708,614
2,15709,116
2,15710,71
2,15711,320
2,15712,173
2,15713,103
2,15714,122
2,15715,83
2,15716,89
2,15717,103
2,15718,128
2,15719,70
2,15720,166
2,15721,71
2,15722,224
2,15723,122
2,15724,166
2,15725,115
2,15726,160
2,15727,64
2,15728,115
2,15729,103
2,15730,173
2,15731,147
2,15732,160
2,15733,-38
2,15734,179
2,15735,108
2,15736,179
2,15737,58
2,15738,134
2,15739,-32
2,15740,212
2,15741,103
2,15742,173
2,15743,116
2,15744,167
2,15745,-32
2,15746,77
2,15747,64
2,15748,76
2,15749,89
2,15750,121
2,15751,192
2,15752,147
2,15753,96
2,15754,128
2,15755,115
2,15756,166
2,15757,84
2,15758,148
2,15759,77
2,15760,166
2,15761,390
2,15762,45
2,15763,173
2,15764,122
2,15765,90
2,15766,198
2,15767,122
2,15768,58
2,15769,109
2,15770,148
2,15771,160
2,15772,-403
2,15773,26
2,15774,77
2,15775,166
2,15776,212
2,15777,32
2,15778,364
2,15779,70
2,15780,-45
2,15781,77
2,15782,51
2,15783,70
2,15784,160
2,15785,173
2,15786,211
2,15787,102
2,15788,141
2,15789,64
2,15790,-45
2,15791,83
2,15792,365
2,15793,154
2,15794,199
2,15795,121
2,15796,160
2,15797,89
2,15798,167
2,15799,211
2,15800,51
2,15801,108
2,15802,167
2,15803,141
2,15804,147
2,15805,115
2,15806,115
2,15807,-32
2,15808,179
2,15809,70
2,15810,314
2,15811,64
2,15812,147
2,15813,58
2,15814,192
2,15815,83
2,15816,160
2,15817,64
2,15818,160
2,15819,115
2,15820,192
2,15821,103
2,15822,166
2,15823,128
2,15824,77
2,15825,269
2,15826,64
2,15827,25
2,15828,166
2,15829,308
2,15830,128
2,15831,90
2,15832,122
2,15833,45
2,15834,115
2,15835,58
2,15836,800
2,15837,109
2,15838,84
2,15839,173
2,15840,70
2,15841,51
2,15842,140
2,15843,77
2,15844,135
2,15845,57
2,15846,160
2,15847,160
2,15848,179
2,15849,787
2,15850,135
2,15851,788
2,15852,115
2,15853,83
2,15854,140
2,15855,64
2,15856,102
2,15857,-570
2,15858,52
2,15859,77
2,15860,64
2,15861,64
2,15862,122
2,15863,64
2,15864,185
2,15865,103
2,15866,115
2,15867,141
2,15868,166
2,15869,115
2,15870,372
2,15871,115
2,15872,147
2,15873,-32
2,15874,96
2,15875,19
2,15876,77
2,15877,51
2,15878,167
2,15879,109
2,15880,166
2,15881,109
2,15882,122
2,15883,32
2,15884,172
2,15885,205
2,15886,231
2,15887,147
2,15888,102
2,15889,96
2,15890,64
2,15891,32
2,15892,365
2,15893,38
2,15894,134
2,15895,71
2,15896,58
2,15897,148
2,15898,38
2,15899,122
2,15900,153
2,15901,64
2,15902,377
2,15903,160
2,15904,134
2,15905,64
2,15906,198
2,15907,115
2,15908,141
2,15909,96
2,15910,122
2,15911,96
2,15912,109
2,15913,102
2,15914,64
2,15915,122
2,15916,115
2,15917,96
2,15918,58
2,15919,64
2,15920,166
2,15921,140
2,15922,205
2,15923,115
2,15924,378
2,15925,122
2,15926,147
2,15927,115
2,15928,211
2,15929,339
2,15930,179
2,15931,70
2,15932,160
2,15933,109
2,15934,160
2,15935,51
2,15936,83
2,15937,108
2,15938,71
2,15939,160
2,15940,224
2,15941,51
2,15942,109
2,15943,-339
2,15944,185
2,15945,64
2,15946,96
2,15947,83
2,15948,134
2,15949,-45
2,15950,179
2,15951,115
2,15952,122
2,15953,89
2,15954,179
2,15955,172
2,15956,115
2,15957,160
2,15958,148
2,15959,77
2,15960,167
2,15961,154
2,15962,83
2,15963,45
2,15964,58
2,15965,70
2,15966,147
2,15967,32
2,15968,134
2,15969,-13
2,15970,179
2,15971,70
2,15972,96
2,15973,108
2,15974,212
2,15975,64
2,15976,77
2,15977,70
2,15978,90
2,15979,141
2,15980,224
2,15981,102
2,15982,153
2,15983,154
2,15984,128
2,15985,64
2,15986,153
2,15987,377
2,15988,147
2,15989,103
2,15990,173
2,15991,115
2,15992,167
2,15993,109
2,15994,109
2,15995,166
2,15996,204
2,15997,76
2,15998,166
2,15999,122
2,16000,134
2,16001,32
2,16002,115
2,16003,70
2,16004,121
2,16005,39
2,16006,147
2,16007,166
2,16008,64
2,16009,71
2,16010,160
2,16011,160
2,16012,141
2,16013,70
2,16014,167
2,16015,128
2,16016,128
2,16017,103
2,16018,211
2,16019,89
2,16020,154
2,16021,51
2,16022,122
2,16023,109
2,16024,173
2,16025,121
2,16026,122
2,16027,166
2,16028,-467
2,16029,32
2,16030,166
2,16031,115
2,16032,115
2,16033,109
2,16034,108
2,16035,115
2,16036,166
2,16037,103
2,16038,147
2,16039,-26
2,16040,166
2,16041,-26
2,16042,58
2,16043,153
2,16044,365
2,16045,-26
2,16046,173
2,16047,147
2,16048,109
2,16049,109
2,16050,199
2,16051,109
2,16052,166
2,16053,51
2,16054,83
2,16055,70
2,16056,122
2,16057,57
2,16058,116
2,16059,102
2,16060,166
2,16061,64
2,16062,58
2,16063,45
2,16064,160
2,16065,103
2,16066,102
2,16067,134
2,16068,58
2,16069,160
2,16070,263
2,16071,147
2,16072,180
2,16073,173
2,16074,167
2,16075,173
2,16076,275
2,16077,76
2,16078,115
2,16079,32
2,16080,166
2,16081,173
2,16082,173
2,16083,166
2,16084,173
2,16085,115
2,16086,70
2,16087,115
2,16088,115
2,16089,96
2,16090,115
2,16091,77
2,16092,832
2,16093,19
2,16094,64
2,16095,103
2,16096,84
2,16097,25
2,16098,115
2,16099,76
2,16100,109
2,16101,122
2,16102,32
2,16103,109
2,16104,128
2,16105,102
2,16106,755
2,16107,192
2,16108,371
2,16109,128
2,16110,83
2,16111,102
2,16112,231
2,16113,-423
2,16114,154
2,16115,160
2,16116,160
2,16117,45
2,16118,90
2,16119,109
2,16120,108
2,16121,96
2,16122,128
2,16123,122
2,16124,-51
2,16125,71
2,16126,96
2,16127,166
2,16128,205
2,16129,83
2,16130,121
2,16131,77
2,16132,121
2,16133,83
2,16134,160
2,16135,89
2,16136,108
2,16137,70
2,16138,128
2,16139,122
2,16140,180
2,16141,90
2,16142,134
2,16143,122
2,16144,211
2,16145,96
2,16146,147
2,16147,115
2,16148,173
2,16149,416
2,16150,-45
2,16151,77
2,16152,115
2,16153,103
2,16154,122
2,16155,121
2,16156,166
2,16157,70
2,16158,64
2,16159,141
2,16160,121
2,16161,51
2,16162,115
2,16163,128
2,16164,115
2,16165,109
2,16166,-32
2,16167,141
2,16168,167
2,16169,109
2,16170,121
2,16171,77
2,16172,89
2,16173,102
2,16174,116
2,16175,70
2,16176,96
2,16177,148
2,16178,-45
2,16179,135
2,16180,172
2,16181,211
2,16182,108
2,16183,147
2,16184,109
2,16185,58
2,16186,90
2,16187,96
2,16188,109
2,16189,153
2,16190,71
2,16191,64
2,16192,128
2,16193,109
2,16194,-45
2,16195,173
2,16196,154
2,16197,352
2,16198,-326
2,16199,102
2,16200,115
2,16201,90
2,16202,25
2,16203,103
2,16204,180
2,16205,70
2,16206,140
2,16207,166
2,16208,211
2,16209,103
2,16210,83
2,16211,141
2,16212,147
2,16213,115
2,16214,128
2,16215,147
2,16216,122
2,16217,301
2,16218,70
2,16219,26
2,16220,116
2,16221,96
2,16222,198
2,16223,102
2,16224,205
2,16225,300
2,16226,58
2,16227,199
2,16228,115
2,16229,109
2,16230,109
2,16231,116
2,16232,147
2,16233,51
2,16234,109
2,16235,115
2,16236,192
2,16237,160
2,16238,116
2,16239,116
2,16240,77
2,16241,58
2,16242,198
2,16243,77
2,16244,90
2,16245,57
2,16246,160
2,16247,122
2,16248,122
2,16249,140
2,16250,134
2,16251,109
2,16252,179
2,16253,128
2,16254,365
2,16255,122
2,16256,115
2,16257,109
2,16258,147
2,16259,102
2,16260,147
2,16261,115
2,16262,103
2,16263,122
2,16264,167
2,16265,128
2,16266,20
2,16267,147
2,16268,217
2,16269,122
2,16270,364
2,16271,115
2,16272,205
2,16273,51
2,16274,154
2,16275,77
2,16276,96
2,16277,64
2,16278,64
2,16279,70
2,16280,179
2,16281,109
2,16282,84
2,16283,102
2,16284,-390
2,16285,108
2,16286,-32
2,16287,109
2,16288,115
2,16289,339
2,16290,96
2,16291,96
2,16292,166
2,16293,115
2,16294,135
2,16295,96
2,16296,166
2,16297,102
2,16298,147
2,16299,70
2,16300,108
2,16301,-32
2,16302,173
2,16303,32
2,16304,128
2,16305,108
2,16306,115
2,16307,121
2,16308,108
2,16309,327
2,16310,77
2,16311,64
2,16312,83
2,16313,96
2,16314,134
2,16315,90
2,16316,115
2,16317,51
2,16318,102
2,16319,122
2,16320,148
2,16321,90
2,16322,89
2,16323,57
2,16324,122
2,16325,141
2,16326,148
2,16327,64
2,16328,115
2,16329,89
2,16330,83
2,16331,109
2,16332,128
2,16333,-39
2,16334,128
2,16335,96
2,16336,115
2,16337,160
2,16338,122
2,16339,102
2,16340,204
2,16341,77
2,16342,128
2,16343,128
2,16344,186
2,16345,-38
2,16346,83
2,16347,71
2,16348,806
2,16349,103
2,16350,166
2,16351,45
2,16352,115
2,16353,64
2,16354,51
2,16355,108
2,16356,89
2,16357,108
2,16358,96
2,16359,186
2,16360,77
2,16361,787
2,16362,-32
2,16363,774
2,16364,71
2,16365,77
2,16366,76
2,16367,76
2,16368,172
2,16369,-429
2,16370,83
2,16371,115
2,16372,45
2,16373,115
2,16374,96
2,16375,128
2,16376,121
2,16377,199
2,16378,115
2,16379,166
2,16380,128
2,16381,90
2,16382,64
2,16383,109
2,16384,121
2,16385,52
2,16386,102
2,16387,256
2,16388,96
2,16389,115
2,16390,77
2,16391,77
2,16392,108
2,16393,141
2,16394,211
2,16395,96
2,16396,166
2,16397,186
2,16398,173
2,16399,198
2,16400,186
2,16401,147
2,16402,115
2,16403,89
2,16404,76
2,16405,160
2,16406,102
2,16407,115
2,16408,-51
2,16409,154
2,16410,160
2,16411,153
2,16412,167
2,16413,-39
2,16414,64
2,16415,109
2,16416,51
2,16417,128
2,16418,121
2,16419,83
2,16420,134
2,16421,103
2,16422,160
2,16423,70
2,16424,51
2,16425,51
2,16426,103
2,16427,26
2,16428,115
2,16429,96
2,16430,147
2,16431,70
2,16432,128
2,16433,115
2,16434,192
2,16435,90
2,16436,128
2,16437,77
2,16438,64
2,16439,83
2,16440,-45
2,16441,192
2,16442,-288
2,16443,128
2,16444,26
2,16445,64
2,16446,70
2,16447,52
2,16448,109
2,16449,51
2,16450,103
2,16451,154
2,16452,192
2,16453,102
2,16454,-281
2,16455,115
2,16456,173
2,16457,122
2,16458,70
2,16459,71
2,16460,256
2,16461,70
2,16462,64
2,16463,103
2,16464,115
2,16465,128
2,16466,160
2,16467,128
2,16468,167
2,16469,108
2,16470,198
2,16471,77
2,16472,64
2,16473,58
2,16474,51
2,16475,51
2,16476,58
2,16477,128
2,16478,83
2,16479,83
2,16480,115
2,16481,19
2,16482,173
2,16483,38
2,16484,70
2,16485,89
2,16486,166
2,16487,116
2,16488,147
2,16489,-25
2,16490,148
2,16491,115
2,16492,147
2,16493,135
2,16494,140
2,16495,89
2,16496,199
2,16497,108
2,16498,103
2,16499,26
2,16500,121
2,16501,96
2,16502,103
2,16503,19
2,16504,122
2,16505,134
2,16506,102
2,16507,205
2,16508,192
2,16509,102
2,16510,64
2,16511,64
2,16512,77
2,16513,70
2,16514,109
2,16515,179
2,16516,64
2,16517,58
2,16518,167
2,16519,122
2,16520,166
2,16521,192
2,16522,121
2,16523,83
2,16524,205
2,16525,134
2,16526,89
2,16527,103
2,16528,58
2,16529,76
2,16530,84
2,16531,102
2,16532,115
2,16533,192
2,16534,51
2,16535,102
2,16536,122
2,16537,160
2,16538,179
2,16539,135
2,16540,-332
2,16541,173
2,16542,103
2,16543,128
2,16544,205
2,16545,102
2,16546,359
2,16547,134
2,16548,128
2,16549,147
2,16550,108
2,16551,116
2,16552,102
2,16553,71
2,16554,160
2,16555,109
2,16556,172
2,16557,102
2,16558,116
2,16559,128
2,16560,122
2,16561,179
2,16562,160
2,16563,102
2,16564,154
2,16565,51
2,16566,102
2,16567,122
2,16568,116
2,16569,128
2,16570,71
2,16571,64
2,16572,64
2,16573,64
2,16574,141
2,16575,102
2,16576,64
2,16577,64
2,16578,96
2,16579,109
2,16580,179
2,16581,249
2,16582,160
2,16583,102
2,16584,108
2,16585,115
2,16586,71
2,16587,64
2,16588,64
2,16589,83
2,16590,160
2,16591,103
2,16592,122
2,16593,141
2,16594,109
2,16595,64
2,16596,211
2,16597,76
2,16598,-198
2,16599,83
2,16600,109
2,16601,103
2,16602,192
2,16603,96
2,16604,819
2,16605,64
2,16606,108
2,16607,96
2,16608,-39
2,16609,64
2,16610,109
2,16611,64
2,16612,83
2,16613,58
2,16614,83
2,16615,122
2,16616,134
2,16617,109
2,16618,768
2,16619,218
2,16620,166
2,16621,179
2,16622,108
2,16623,77
2,16624,205
2,16625,-384
2,16626,166
2,16627,77
2,16628,90
2,16629,160
2,16630,96
2,16631,122
2,16632,135
2,16633,160
2,16634,122
2,16635,377
2,16636,198
2,16637,134
2,16638,198
2,16639,70
2,16640,211
2,16641,70
2,16642,179
2,16643,45
2,16644,192
2,16645,19
2,16646,167
2,16647,96
2,16648,115
2,16649,122
2,16650,167
2,16651,83
2,16652,70
2,16653,173
2,16654,160
2,16655,109
2,16656,211
2,16657,154
2,16658,77
2,16659,90
2,16660,160
2,16661,71
2,16662,102
2,16663,102
2,16664,263
2,16665,154
2,16666,102
2,16667,147
2,16668,115
2,16669,141
2,16670,115
2,16671,172
2,16672,154
2,16673,141
2,16674,160
2,16675,83
2,16676,77
2,16677,-38
2,16678,71
2,16679,160
2,16680,154
2,16681,64
2,16682,71
2,16683,-45
2,16684,70
2,16685,141
2,16686,77
2,16687,179
2,16688,153
2,16689,38
2,16690,141
2,16691,71
2,16692,172
2,16693,121
2,16694,115
2,16695,128
2,16696,115
2,16697,52
2,16698,205
2,16699,51
2,16700,166
2,16701,147
2,16702,52
2,16703,51
2,16704,76
2,16705,39
2,16706,64
2,16707,116
2,16708,108
2,16709,64
2,16710,-512
2,16711,122
2,16712,384
2,16713,96
2,16714,70
2,16715,-45
2,16716,128
2,16717,121
2,16718,153
2,16719,102
2,16720,199
2,16721,109
2,16722,96
2,16723,153
2,16724,160
2,16725,134
2,16726,121
2,16727,121
2,16728,160
2,16729,116
2,16730,121
2,16731,109
2,16732,109
2,16733,96
2,16734,121
2,16735,115
2,16736,115
2,16737,121
2,16738,64
2,16739,26
2,16740,160
2,16741,90
2,16742,70
2,16743,64
2,16744,365
2,16745,173
2,16746,167
2,16747,198
2,16748,166
2,16749,134
2,16750,32
2,16751,76
2,16752,108
2,16753,134
2,16754,76
2,16755,148
2,16756,83
2,16757,173
2,16758,128
2,16759,154
2,16760,90
2,16761,167
2,16762,147
2,16763,102
2,16764,212
2,16765,167
2,16766,212
2,16767,147
2,16768,148
2,16769,109
2,16770,115
2,16771,108
2,16772,76
2,16773,103
2,16774,109
2,16775,102
2,16776,-45
2,16777,109
2,16778,173
2,16779,167
2,16780,205
2,16781,103
2,16782,179
2,16783,160
2,16784,153
2,16785,90
2,16786,57
2,16787,96
2,16788,326
2,16789,77
2,16790,205
2,16791,116
2,16792,140
2,16793,128
2,16794,128
2,16795,147
2,16796,-276
2,16797,83
2,16798,167
2,16799,89
2,16800,166
2,16801,71
2,16802,121
2,16803,121
2,16804,166
2,16805,64
2,16806,39
2,16807,26
2,16808,166
2,16809,-71
2,16810,135
2,16811,109
2,16812,102
2,16813,70
2,16814,108
2,16815,19
2,16816,198
2,16817,109
2,16818,38
2,16819,211
2,16820,166
2,16821,179
2,16822,115
2,16823,84
2,16824,166
2,16825,179
2,16826,173
2,16827,128
2,16828,96
2,16829,109
2,16830,173
2,16831,160
2,16832,57
2,16833,57
2,16834,160
2,16835,102
2,16836,109
2,16837,90
2,16838,102
2,16839,109
2,16840,160
2,16841,45
2,16842,135
2,16843,64
2,16844,121
2,16845,83
2,16846,147
2,16847,57
2,16848,153
2,16849,102
2,16850,57
2,16851,96
2,16852,58
2,16853,64
2,16854,70
2,16855,166
2,16856,109
2,16857,108
2,16858,141
2,16859,115
2,16860,825
2,16861,128
2,16862,148
2,16863,64
2,16864,90
2,16865,51
2,16866,96
2,16867,64
2,16868,51
2,16869,77
2,16870,103
2,16871,249
2,16872,-51
2,16873,800
2,16874,128
2,16875,781
2,16876,160
2,16877,148
2,16878,205
2,16879,166
2,16880,224
2,16881,-397
2,16882,19
2,16883,39
2,16884,147
2,16885,166
2,16886,64
2,16887,83
2,16888,186
2,16889,77
2,16890,90
2,16891,109
2,16892,148
2,16893,52
2,16894,-262
2,16895,57
2,16896,128
2,16897,64
2,16898,96
2,16899,71
2,16900,96
2,16901,141
2,16902,167
2,16903,365
2,16904,167
2,16905,-58
2,16906,128
2,16907,102
2,16908,153
2,16909,108
2,16910,199
2,16911,51
2,16912,358
2,16913,141
2,16914,116
2,16915,365
2,16916,32
2,16917,58
2,16918,64
2,16919,109
2,16920,198
2,16921,141
2,16922,32
2,16923,121
2,16924,76
2,16925,-32
2,16926,173
2,16927,64
2,16928,237
2,16929,147
2,16930,103
2,16931,-57
2,16932,135
2,16933,128
2,16934,90
2,16935,96
2,16936,64
2,16937,116
2,16938,26
2,16939,32
2,16940,115
2,16941,58
2,16942,128
2,16943,58
2,16944,185
2,16945,109
2,16946,122
2,16947,122
2,16948,154
2,16949,128
2,16950,77
2,16951,122
2,16952,160
2,16953,153
2,16954,116
2,16955,102
2,16956,167
2,16957,179
2,16958,77
2,16959,64
2,16960,102
2,16961,71
2,16962,128
2,16963,102
2,16964,109
2,16965,109
2,16966,-359
2,16967,90
2,16968,160
2,16969,83
2,16970,141
2,16971,64
2,16972,371
2,16973,58
2,16974,103
2,16975,83
2,16976,58
2,16977,64
2,16978,281
2,16979,115
2,16980,173
2,16981,77
2,16982,90
2,16983,109
2,16984,205
2,16985,32
2,16986,109
2,16987,70
2,16988,90
2,16989,32
2,16990,64
2,16991,71
2,16992,102
2,16993,58
2,16994,96
2,16995,64
2,16996,140
2,16997,44
2,16998,90
2,16999,45
2,17000,147
2,17001,243
2,17002,128
2,17003,160
2,17004,109
2,17005,205
2,17006,147
2,17007,83
2,17008,211
2,17009,109
2,17010,372
2,17011,109
2,17012,83
2,17013,134
2,17014,-64
2,17015,84
2,17016,134
2,17017,128
2,17018,76
2,17019,154
2,17020,96
2,17021,96
2,17022,128
2,17023,71
2,17024,128
2,17025,32
2,17026,64
2,17027,26
2,17028,71
2,17029,116
2,17030,115
2,17031,109
2,17032,173
2,17033,121
2,17034,121
2,17035,83
2,17036,160
2,17037,108
2,17038,109
2,17039,96
2,17040,45
2,17041,103
2,17042,154
2,17043,134
2,17044,121
2,17045,352
2,17046,-218
2,17047,141
2,17048,135
2,17049,128
2,17050,218
2,17051,134
2,17052,-339
2,17053,160
2,17054,71
2,17055,166
2,17056,147
2,17057,90
2,17058,122
2,17059,141
2,17060,231
2,17061,83
2,17062,57
2,17063,160
2,17064,83
2,17065,96
2,17066,71
2,17067,115
2,17068,83
2,17069,128
2,17070,96
2,17071,96
2,17072,52
2,17073,160
2,17074,71
2,17075,121
2,17076,167
2,17077,45
2,17078,-262
2,17079,96
2,17080,128
2,17081,77
2,17082,71
2,17083,76
2,17084,166
2,17085,103
2,17086,51
2,17087,89
2,17088,205
2,17089,314
2,17090,192
2,17091,192
2,17092,224
2,17093,121
2,17094,121
2,17095,77
2,17096,179
2,17097,147
2,17098,77
2,17099,116
2,17100,160
2,17101,57
2,17102,83
2,17103,173
2,17104,134
2,17105,128
2,17106,135
2,17107,160
2,17108,211
2,17109,167
2,17110,108
2,17111,115
2,17112,128
2,17113,147
2,17114,122
2,17115,52
2,17116,851
2,17117,38
2,17118,38
2,17119,58
2,17120,70
2,17121,-45
2,17122,83
2,17123,57
2,17124,83
2,17125,64
2,17126,90
2,17127,83
2,17128,77
2,17129,141
2,17130,909
2,17131,-26
2,17132,179
2,17133,109
2,17134,166
2,17135,70
2,17136,-480
2,17137,58
2,17138,167
2,17139,-230
2,17140,384
2,17141,109
2,17142,153
2,17143,116
2,17144,77
2,17145,108
2,17146,122
2,17147,122
2,17148,90
2,17149,115
2,17150,108
2,17151,58
2,17152,109
2,17153,256
2,17154,134
2,17155,167
2,17156,115
2,17157,-45
2,17158,96
2,17159,64
2,17160,45
2,17161,153
2,17162,128
2,17163,134
2,17164,83
2,17165,64
2,17166,77
2,17167,192
2,17168,166
2,17169,84
2,17170,154
2,17171,128
2,17172,83
2,17173,115
2,17174,64
2,17175,121
2,17176,109
2,17177,160
2,17178,115
2,17179,-32
2,17180,121
2,17181,90
2,17182,377
2,17183,128
2,17184,217
2,17185,108
2,17186,77
2,17187,172
2,17188,250
2,17189,135
2,17190,160
2,17191,154
2,17192,108
2,17193,77
2,17194,288
2,17195,103
2,17196,84
2,17197,51
2,17198,198
2,17199,102
2,17200,154
2,17201,109
2,17202,160
2,17203,211
2,17204,108
2,17205,140
2,17206,160
2,17207,141
2,17208,121
2,17209,64
2,17210,51
2,17211,84
2,17212,160
2,17213,77
2,17214,160
2,17215,-64
2,17216,141
2,17217,108
2,17218,121
2,17219,160
2,17220,185
2,17221,-749
2,17222,160
2,17223,115
2,17224,186
2,17225,64
2,17226,-45
2,17227,83
2,17228,108
2,17229,160
2,17230,116
2,17231,160
2,17232,115
2,17233,64
2,17234,64
2,17235,116
2,17236,154
2,17237,-32
2,17238,186
2,17239,64
2,17240,166
2,17241,102
2,17242,77
2,17243,96
2,17244,64
2,17245,96
2,17246,39
2,17247,109
2,17248,173
2,17249,58
2,17250,153
2,17251,103
2,17252,166
2,17253,71
2,17254,115
2,17255,115
2,17256,109
2,17257,115
2,17258,115
2,17259,128
2,17260,121
2,17261,115
2,17262,160
2,17263,89
2,17264,121
2,17265,70
2,17266,96
2,17267,339
2,17268,160
2,17269,121
2,17270,115
2,17271,-64
2,17272,179
2,17273,64
2,17274,103
2,17275,122
2,17276,134
2,17277,115
2,17278,166
2,17279,51
2,17280,122
2,17281,89
2,17282,115
2,17283,83
2,17284,128
2,17285,154
2,17286,160
2,17287,256
2,17288,109
2,17289,160
2,17290,109
2,17291,166
2,17292,166
2,17293,-38
2,17294,109
2,17295,121
2,17296,121
2,17297,64
2,17298,19
2,17299,83
2,17300,173
2,17301,96
2,17302,115
2,17303,122
2,17304,173
2,17305,192
2,17306,122
2,17307,-275
2,17308,115
2,17309,147
2,17310,173
2,17311,147
2,17312,198
2,17313,135
2,17314,160
2,17315,122
2,17316,185
2,17317,147
2,17318,103
2,17319,26
2,17320,116
2,17321,83
2,17322,96
2,17323,115
2,17324,192
2,17325,83
2,17326,109
2,17327,115
2,17328,154
2,17329,70
2,17330,160
2,17331,103
2,17332,153
2,17333,108
2,17334,57
2,17335,102
2,17336,115
2,17337,70
2,17338,108
2,17339,64
2,17340,115
2,17341,109
2,17342,102
2,17343,116
2,17344,102
2,17345,44
2,17346,102
2,17347,32
2,17348,167
2,17349,64
2,17350,147
2,17351,64
2,17352,166
2,17353,96
2,17354,115
2,17355,115
2,17356,205
2,17357,103
2,17358,51
2,17359,153
2,17360,128
2,17361,103
2,17362,13
2,17363,96
2,17364,96
2,17365,185
2,17366,89
2,17367,166
2,17368,83
2,17369,51
2,17370,32
2,17371,83
2,17372,800
2,17373,160
2,17374,96
2,17375,128
2,17376,186
2,17377,96
2,17378,26
2,17379,71
2,17380,77
2,17381,102
2,17382,115
2,17383,122
2,17384,77
2,17385,768
2,17386,160
2,17387,793
2,17388,173
2,17389,147
2,17390,109
2,17391,122
2,17392,-461
2,17393,70
2,17394,70
2,17395,26
2,17396,154
2,17397,109
2,17398,115
2,17399,64
2,17400,90
2,17401,167
2,17402,212
2,17403,51
2,17404,115
2,17405,109
2,17406,76
2,17407,173
2,17408,96
2,17409,262
2,17410,147
2,17411,89
2,17412,89
2,17413,102
2,17414,109
2,17415,-32
2,17416,173
2,17417,115
2,17418,76
2,17419,192
2,17420,148
2,17421,-26
2,17422,109
2,17423,167
2,17424,204
2,17425,109
2,17426,116
2,17427,96
2,17428,109
2,17429,186
2,17430,173
2,17431,173
2,17432,70
2,17433,70
2,17434,96
2,17435,20
2,17436,365
2,17437,102
2,17438,109
2,17439,70
2,17440,167
2,17441,71
2,17442,262
2,17443,211
2,17444,103
2,17445,378
2,17446,122
2,17447,180
2,17448,166
2,17449,70
2,17450,109
2,17451,109
2,17452,173
2,17453,71
2,17454,122
2,17455,64
2,17456,45
2,17457,77
2,17458,141
2,17459,90
2,17460,160
2,17461,96
2,17462,185
2,17463,134
2,17464,128
2,17465,64
2,17466,160
2,17467,90
2,17468,39
2,17469,103
2,17470,141
2,17471,58
2,17472,160
2,17473,102
2,17474,77
2,17475,71
2,17476,160
2,17477,-506
2,17478,147
2,17479,192
2,17480,173
2,17481,71
2,17482,51
2,17483,135
2,17484,134
2,17485,71
2,17486,115
2,17487,89
2,17488,57
2,17489,83
2,17490,115
2,17491,141
2,17492,167
2,17493,115
2,17494,108
2,17495,32
2,17496,83
2,17497,109
2,17498,45
2,17499,51
2,17500,109
2,17501,51
2,17502,160
2,17503,58
2,17504,173
2,17505,57
2,17506,71
2,17507,121
2,17508,96
2,17509,365
2,17510,122
2,17511,64
2,17512,121
2,17513,154
2,17514,115
2,17515,64
2,17516,160
2,17517,102
2,17518,173
2,17519,217
2,17520,77
2,17521,160
2,17522,77
2,17523,77
2,17524,122
2,17525,51
2,17526,166
2,17527,160
2,17528,153
2,17529,128
2,17530,204
2,17531,109
2,17532,52
2,17533,173
2,17534,166
2,17535,52
2,17536,173
2,17537,-32
2,17538,140
2,17539,167
2,17540,109
2,17541,115
2,17542,167
2,17543,173
2,17544,147
2,17545,108
2,17546,116
2,17547,249
2,17548,166
2,17549,115
2,17550,96
2,17551,-32
2,17552,128
2,17553,90
2,17554,108
2,17555,153
2,17556,122
2,17557,166
2,17558,115
2,17559,77
2,17560,102
2,17561,160
2,17562,96
2,17563,-326
2,17564,211
2,17565,147
2,17566,160
2,17567,147
2,17568,64
2,17569,134
2,17570,128
2,17571,64
2,17572,121
2,17573,90
2,17574,122
2,17575,198
2,17576,160
2,17577,90
2,17578,173
2,17579,83
2,17580,128
2,17581,121
2,17582,128
2,17583,58
2,17584,115
2,17585,102
2,17586,147
2,17587,166
2,17588,115
2,17589,147
2,17590,76
2,17591,83
2,17592,166
2,17593,103
2,17594,153
2,17595,122
2,17596,52
2,17597,76
2,17598,301
2,17599,77
2,17600,128
2,17601,154
2,17602,-45
2,17603,198
2,17604,160
2,17605,108
2,17606,147
2,17607,109
2,17608,70
2,17609,109
2,17610,166
2,17611,52
2,17612,199
2,17613,77
2,17614,58
2,17615,83
2,17616,166
2,17617,141
2,17618,166
2,17619,173
2,17620,211
2,17621,71
2,17622,192
2,17623,76
2,17624,39
2,17625,108
2,17626,76
2,17627,25
2,17628,832
2,17629,173
2,17630,121
2,17631,64
2,17632,166
2,17633,26
2,17634,51
2,17635,77
2,17636,64
2,17637,38
2,17638,160
2,17639,58
2,17640,32
2,17641,109
2,17642,807
2,17643,102
2,17644,172
2,17645,166
2,17646,256
2,17647,173
2,17648,-435
2,17649,173
2,17650,166
2,17651,77
2,17652,134
2,17653,109
2,17654,96
2,17655,116
2,17656,122
2,17657,128
2,17658,134
2,17659,160
2,17660,166
2,17661,166
2,17662,115
2,17663,-64
2,17664,180
2,17665,109
2,17666,64
2,17667,51
2,17668,377
2,17669,147
2,17670,71
2,17671,96
2,17672,70
2,17673,109
2,17674,166
2,17675,173
2,17676,166
2,17677,115
2,17678,166
2,17679,192
2,17680,70
2,17681,96
2,17682,128
2,17683,115
2,17684,58
2,17685,71
2,17686,128
2,17687,77
2,17688,102
2,17689,148
2,17690,102
2,17691,121
2,17692,70
2,17693,102
2,17694,71
2,17695,128
2,17696,212
2,17697,109
2,17698,179
2,17699,109
2,17700,179
2,17701,160
2,17702,166
2,17703,192
2,17704,268
2,17705,71
2,17706,102
2,17707,45
2,17708,166
2,17709,64
2,17710,-38
2,17711,128
2,17712,58
2,17713,121
2,17714,160
2,17715,89
2,17716,116
2,17717,116
2,17718,128
2,17719,102
2,17720,231
2,17721,109
2,17722,89
2,17723,26
2,17724,153
2,17725,199
2,17726,25
2,17727,70
2,17728,115
2,17729,102
2,17730,115
2,17731,167
2,17732,-13
2,17733,-589
2,17734,147
2,17735,384
2,17736,134
2,17737,108
2,17738,115
2,17739,141
2,17740,121
2,17741,51
2,17742,103
2,17743,173
2,17744,77
2,17745,51
2,17746,108
2,17747,121
2,17748,70
2,17749,141
2,17750,179
2,17751,135
2,17752,269
2,17753,96
2,17754,160
2,17755,122
2,17756,96
2,17757,160
2,17758,103
2,17759,121
2,17760,154
2,17761,64
2,17762,102
2,17763,103
2,17764,103
2,17765,51
2,17766,64
2,17767,115
2,17768,64
2,17769,96
2,17770,192
2,17771,128
2,17772,128
2,17773,109
2,17774,84
2,17775,103
2,17776,128
2,17777,135
2,17778,77
2,17779,128
2,17780,115
2,17781,109
2,17782,186
2,17783,102
2,17784,122
2,17785,211
2,17786,121
2,17787,211
2,17788,122
2,17789,154
2,17790,134
2,17791,115
2,17792,121
2,17793,32
2,17794,83
2,17795,122
2,17796,128
2,17797,122
2,17798,64
2,17799,109
2,17800,154
2,17801,224
2,17802,192
2,17803,192
2,17804,166
2,17805,115
2,17806,262
2,17807,102
2,17808,262
2,17809,83
2,17810,128
2,17811,166
2,17812,122
2,17813,134
2,17814,-64
2,17815,122
2,17816,172
2,17817,160
2,17818,-275
2,17819,128
2,17820,377
2,17821,160
2,17822,89
2,17823,147
2,17824,167
2,17825,147
2,17826,185
2,17827,160
2,17828,166
2,17829,121
2,17830,141
2,17831,179
2,17832,154
2,17833,160
2,17834,198
2,17835,199
2,17836,-44
2,17837,211
2,17838,166
2,17839,218
2,17840,128
2,17841,115
2,17842,166
2,17843,115
2,17844,51
2,17845,115
2,17846,64
2,17847,128
2,17848,122
2,17849,154
2,17850,128
2,17851,173
2,17852,148
2,17853,154
2,17854,84
2,17855,140
2,17856,186
2,17857,109
2,17858,135
2,17859,89
2,17860,84
2,17861,115
2,17862,128
2,17863,134
2,17864,70
2,17865,83
2,17866,115
2,17867,115
2,17868,58
2,17869,371
2,17870,116
2,17871,198
2,17872,166
2,17873,57
2,17874,77
2,17875,326
2,17876,115
2,17877,115
2,17878,173
2,17879,121
2,17880,128
2,17881,134
2,17882,115
2,17883,153
2,17884,672
2,17885,173
2,17886,179
2,17887,160
2,17888,179
2,17889,71
2,17890,122
2,17891,83
2,17892,173
2,17893,179
2,17894,102
2,17895,115
2,17896,45
2,17897,800
2,17898,160
2,17899,780
2,17900,198
2,17901,70
2,17902,205
2,17903,172
2,17904,-352
2,17905,38
2,17906,160
2,17907,160
2,17908,77
2,17909,359
2,17910,122
2,17911,-45
2,17912,122
2,17913,115
2,17914,192
2,17915,147
2,17916,77
2,17917,141
2,17918,-237
2,17919,167
2,17920,326
2,17921,57
2,17922,109
2,17923,115
2,17924,58
2,17925,51
2,17926,108
2,17927,147
2,17928,211
2,17929,64
2,17930,83
2,17931,128
2,17932,147
2,17933,121
2,17934,115
2,17935,179
2,17936,185
2,17937,147
2,17938,77
2,17939,76
2,17940,121
2,17941,141
2,17942,90
2,17943,89
2,17944,102
2,17945,-26
2,17946,134
2,17947,192
2,17948,192
2,17949,109
2,17950,115
2,17951,96
2,17952,77
2,17953,109
2,17954,218
2,17955,141
2,17956,115
2,17957,70
2,17958,64
2,17959,109
2,17960,90
2,17961,57
2,17962,102
2,17963,153
2,17964,288
2,17965,115
2,17966,160
2,17967,134
2,17968,141
2,17969,199
2,17970,77
2,17971,45
2,17972,250
2,17973,352
2,17974,185
2,17975,173
2,17976,96
2,17977,173
2,17978,64
2,17979,365
2,17980,109
2,17981,109
2,17982,167
2,17983,58
2,17984,77
2,17985,102
2,17986,116
2,17987,134
2,17988,160
2,17989,-326
2,17990,147
2,17991,160
2,17992,115
2,17993,83
2,17994,71
2,17995,166
2,17996,77
2,17997,128
2,17998,83
2,17999,166
2,18000,12
2,18001,140
2,18002,121
2,18003,103
2,18004,148
2,18005,115
2,18006,83
2,18007,167
2,18008,166
2,18009,64
2,18010,90
2,18011,83
2,18012,122
2,18013,96
2,18014,76
2,18015,122
2,18016,102
2,18017,295
2,18018,198
2,18019,77
2,18020,89
2,18021,45
2,18022,122
2,18023,96
2,18024,185
2,18025,115
2,18026,205
2,18027,154
2,18028,243
2,18029,173
2,18030,122
2,18031,96
2,18032,166
2,18033,70
2,18034,90
2,18035,115
2,18036,64
2,18037,122
2,18038,122
2,18039,179
2,18040,83
2,18041,109
2,18042,122
2,18043,109
2,18044,135
2,18045,147
2,18046,166
2,18047,128
2,18048,243
2,18049,-39
2,18050,70
2,18051,83
2,18052,116
2,18053,19
2,18054,96
2,18055,154
2,18056,326
2,18057,160
2,18058,116
2,18059,160
2,18060,71
2,18061,52
2,18062,128
2,18063,-32
2,18064,224
2,18065,51
2,18066,96
2,18067,185
2,18068,70
2,18069,57
2,18070,83
2,18071,103
2,18072,186
2,18073,135
2,18074,-365
2,18075,192
2,18076,109
2,18077,96
2,18078,141
2,18079,109
2,18080,121
2,18081,90
2,18082,160
2,18083,166
2,18084,237
2,18085,103
2,18086,160
2,18087,173
2,18088,64
2,18089,109
2,18090,365
2,18091,199
2,18092,64
2,18093,90
2,18094,76
2,18095,-44
2,18096,128
2,18097,186
2,18098,179
2,18099,172
2,18100,211
2,18101,121
2,18102,89
2,18103,122
2,18104,377
2,18105,115
2,18106,115
2,18107,147
2,18108,154
2,18109,64
2,18110,96
2,18111,160
2,18112,198
2,18113,-38
2,18114,154
2,18115,134
2,18116,102
2,18117,77
2,18118,153
2,18119,121
2,18120,384
2,18121,198
2,18122,-52
2,18123,135
2,18124,115
2,18125,352
2,18126,115
2,18127,89
2,18128,134
2,18129,186
2,18130,179
2,18131,154
2,18132,211
2,18133,109
2,18134,217
2,18135,108
2,18136,140
2,18137,71
2,18138,109
2,18139,25
2,18140,781
2,18141,52
2,18142,64
2,18143,96
2,18144,45
2,18145,45
2,18146,115
2,18147,160
2,18148,160
2,18149,58
2,18150,51
2,18151,128
2,18152,57
2,18153,147
2,18154,787
2,18155,160
2,18156,212
2,18157,185
2,18158,-51
2,18159,-359
2,18160,140
2,18161,115
2,18162,115
2,18163,141
2,18164,173
2,18165,64
2,18166,160
2,18167,186
2,18168,121
2,18169,108
2,18170,204
2,18171,173
2,18172,199
2,18173,173
2,18174,192
2,18175,135
2,18176,115
2,18177,64
2,18178,77
2,18179,77
2,18180,64
2,18181,96
2,18182,141
2,18183,89
2,18184,160
2,18185,115
2,18186,115
2,18187,76
2,18188,148
2,18189,141
2,18190,-32
2,18191,186
2,18192,173
2,18193,102
2,18194,122
2,18195,26
2,18196,173
2,18197,103
2,18198,116
2,18199,26
2,18200,153
2,18201,160
2,18202,173
2,18203,109
2,18204,147
2,18205,102
2,18206,71
2,18207,128
2,18208,160
2,18209,128
2,18210,320
2,18211,70
2,18212,70
2,18213,160
2,18214,108
2,18215,122
2,18216,179
2,18217,-32
2,18218,154
2,18219,102
2,18220,89
2,18221,116
2,18222,-32
2,18223,166
2,18224,-211
2,18225,141
2,18226,141
2,18227,83
2,18228,58
2,18229,180
2,18230,57
2,18231,64
2,18232,154
2,18233,83
2,18234,96
2,18235,128
2,18236,108
2,18237,58
2,18238,103
2,18239,128
2,18240,71
2,18241,89
2,18242,103
2,18243,135
2,18244,-410
2,18245,160
2,18246,205
2,18247,115
2,18248,179
2,18249,103
2,18250,96
2,18251,102
2,18252,26
2,18253,64
2,18254,109
2,18255,115
2,18256,122
2,18257,115
2,18258,378
2,18259,115
2,18260,134
2,18261,51
2,18262,109
2,18263,122
2,18264,148
2,18265,52
2,18266,154
2,18267,108
2,18268,122
2,18269,83
2,18270,109
2,18271,122
2,18272,192
2,18273,64
2,18274,166
2,18275,103
2,18276,160
2,18277,141
2,18278,70
2,18279,116
2,18280,64
2,18281,76
2,18282,173
2,18283,153
2,18284,109
2,18285,64
2,18286,115
2,18287,121
2,18288,153
2,18289,-39
2,18290,147
2,18291,64
2,18292,90
2,18293,153
2,18294,84
2,18295,102
2,18296,121
2,18297,153
2,18298,58
2,18299,154
2,18300,153
2,18301,147
2,18302,160
2,18303,115
2,18304,140
2,18305,32
2,18306,58
2,18307,77
2,18308,160
2,18309,103
2,18310,-44
2,18311,83
2,18312,108
2,18313,134
2,18314,167
2,18315,122
2,18316,128
2,18317,109
2,18318,103
2,18319,160
2,18320,-44
2,18321,83
2,18322,70
2,18323,160
2,18324,57
2,18325,-25
2,18326,166
2,18327,115
2,18328,77
2,18329,-500
2,18330,192
2,18331,102
2,18332,275
2,18333,64
2,18334,58
2,18335,109
2,18336,384
2,18337,71
2,18338,-44
2,18339,128
2,18340,148
2,18341,58
2,18342,-51
2,18343,77
2,18344,166
2,18345,153
2,18346,148
2,18347,58
2,18348,147
2,18349,64
2,18350,160
2,18351,172
2,18352,148
2,18353,70
2,18354,186
2,18355,179
2,18356,84
2,18357,121
2,18358,102
2,18359,77
2,18360,141
2,18361,64
2,18362,121
2,18363,122
2,18364,147
2,18365,89
2,18366,108
2,18367,96
2,18368,122
2,18369,96
2,18370,77
2,18371,122
2,18372,77
2,18373,-147
2,18374,192
2,18375,77
2,18376,147
2,18377,122
2,18378,237
2,18379,103
2,18380,116
2,18381,32
2,18382,109
2,18383,64
2,18384,167
2,18385,115
2,18386,205
2,18387,109
2,18388,147
2,18389,128
2,18390,166
2,18391,115
2,18392,109
2,18393,115
2,18394,198
2,18395,115
2,18396,832
2,18397,154
2,18398,128
2,18399,96
2,18400,103
2,18401,51
2,18402,102
2,18403,83
2,18404,172
2,18405,128
2,18406,160
2,18407,70
2,18408,57
2,18409,825
2,18410,282
2,18411,806
2,18412,160
2,18413,90
2,18414,198
2,18415,-448
2,18416,237
2,18417,179
2,18418,160
2,18419,102
2,18420,147
2,18421,141
2,18422,148
2,18423,103
2,18424,154
2,18425,192
2,18426,108
2,18427,179
2,18428,135
2,18429,147
2,18430,-742
2,18431,384
2,18432,199
2,18433,57
2,18434,134
2,18435,52
2,18436,45
2,18437,103
2,18438,179
2,18439,83
2,18440,122
2,18441,84
2,18442,205
2,18443,77
2,18444,186
2,18445,147
2,18446,212
2,18447,134
2,18448,224
2,18449,384
2,18450,135
2,18451,147
2,18452,115
2,18453,166
2,18454,167
2,18455,103
2,18456,83
2,18457,109
2,18458,153
2,18459,211
2,18460,-51
2,18461,172
2,18462,179
2,18463,115
2,18464,198
2,18465,122
2,18466,160
2,18467,153
2,18468,179
2,18469,-32
2,18470,198
2,18471,186
2,18472,102
2,18473,96
2,18474,185
2,18475,115
2,18476,96
2,18477,166
2,18478,122
2,18479,26
2,18480,122
2,18481,90
2,18482,148
2,18483,109
2,18484,128
2,18485,-45
2,18486,141
2,18487,128
2,18488,134
2,18489,109
2,18490,307
2,18491,38
2,18492,115
2,18493,160
2,18494,115
2,18495,26
2,18496,134
2,18497,64
2,18498,153
2,18499,77
2,18500,-409
2,18501,115
2,18502,96
2,18503,218
2,18504,180
2,18505,89
2,18506,371
2,18507,70
2,18508,179
2,18509,51
2,18510,103
2,18511,71
2,18512,109
2,18513,89
2,18514,180
2,18515,160
2,18516,167
2,18517,147
2,18518,153
2,18519,121
2,18520,109
2,18521,52
2,18522,83
2,18523,51
2,18524,58
2,18525,71
2,18526,-25
2,18527,140
2,18528,121
2,18529,-71
2,18530,128
2,18531,26
2,18532,198
2,18533,64
2,18534,77
2,18535,102
2,18536,147
2,18537,128
2,18538,77
2,18539,115
2,18540,166
2,18541,102
2,18542,58
2,18543,128
2,18544,116
2,18545,96
2,18546,122
2,18547,128
2,18548,83
2,18549,70
2,18550,102
2,18551,128
2,18552,102
2,18553,256
2,18554,147
2,18555,96
2,18556,122
2,18557,71
2,18558,377
2,18559,179
2,18560,185
2,18561,96
2,18562,109
2,18563,141
2,18564,58
2,18565,103
2,18566,103
2,18567,13
2,18568,128
2,18569,77
2,18570,122
2,18571,134
2,18572,128
2,18573,64
2,18574,96
2,18575,116
2,18576,115
2,18577,58
2,18578,71
2,18579,108
2,18580,122
2,18581,115
2,18582,115
2,18583,76
2,18584,128
2,18585,-480
2,18586,109
2,18587,128
2,18588,167
2,18589,141
2,18590,96
2,18591,109
2,18592,192
2,18593,102
2,18594,179
2,18595,166
2,18596,89
2,18597,96
2,18598,77
2,18599,57
2,18600,77
2,18601,32
2,18602,96
2,18603,109
2,18604,64
2,18605,109
2,18606,96
2,18607,83
2,18608,83
2,18609,140
2,18610,116
2,18611,77
2,18612,153
2,18613,160
2,18614,109
2,18615,128
2,18616,153
2,18617,109
2,18618,64
2,18619,64
2,18620,109
2,18621,58
2,18622,-13
2,18623,128
2,18624,89
2,18625,103
2,18626,180
2,18627,115
2,18628,154
2,18629,166
2,18630,83
2,18631,116
2,18632,192
2,18633,77
2,18634,121
2,18635,64
2,18636,160
2,18637,77
2,18638,108
2,18639,58
2,18640,122
2,18641,147
2,18642,147
2,18643,166
2,18644,166
2,18645,109
2,18646,109
2,18647,115
2,18648,-32
2,18649,122
2,18650,-26
2,18651,141
2,18652,800
2,18653,-52
2,18654,173
2,18655,96
2,18656,109
2,18657,32
2,18658,103
2,18659,102
2,18660,64
2,18661,83
2,18662,71
2,18663,108
2,18664,109
2,18665,51
2,18666,1197
2,18667,77
2,18668,128
2,18669,121
2,18670,83
2,18671,-378
2,18672,172
2,18673,-19
2,18674,51
2,18675,135
2,18676,71
2,18677,96
2,18678,160
2,18679,333
2,18680,-45
2,18681,147
2,18682,166
2,18683,199
2,18684,122
2,18685,166
2,18686,205
2,18687,83
2,18688,173
2,18689,141
2,18690,115
2,18691,314
2,18692,103
2,18693,148
2,18694,77
2,18695,77
2,18696,173
2,18697,140
2,18698,211
2,18699,116
2,18700,160
2,18701,-70
2,18702,179
2,18703,205
2,18704,153
2,18705,70
2,18706,115
2,18707,160
2,18708,103
2,18709,140
2,18710,147
2,18711,90
2,18712,154
2,18713,-32
2,18714,140
2,18715,147
2,18716,90
2,18717,173
2,18718,70
2,18719,217
2,18720,122
2,18721,166
2,18722,179
2,18723,64
2,18724,115
2,18725,109
2,18726,115
2,18727,115
2,18728,141
2,18729,160
2,18730,96
2,18731,128
2,18732,384
2,18733,-45
2,18734,-19
2,18735,135
2,18736,173
2,18737,102
2,18738,115
2,18739,89
2,18740,135
2,18741,135
2,18742,12
2,18743,-45
2,18744,154
2,18745,76
2,18746,160
2,18747,64
2,18748,96
2,18749,135
2,18750,109
2,18751,90
2,18752,128
2,18753,89
2,18754,83
2,18755,58
2,18756,-493
2,18757,103
2,18758,128
2,18759,135
2,18760,153
2,18761,57
2,18762,102
2,18763,32
2,18764,58
2,18765,58
2,18766,51
2,18767,122
2,18768,371
2,18769,96
2,18770,89
2,18771,70
2,18772,167
2,18773,109
2,18774,108
2,18775,83
2,18776,109
2,18777,51
2,18778,58
2,18779,20
2,18780,307
2,18781,58
2,18782,96
2,18783,58
2,18784,121
2,18785,121
2,18786,166
2,18787,58
2,18788,89
2,18789,90
2,18790,173
2,18791,122
2,18792,77
2,18793,147
2,18794,108
2,18795,173
2,18796,108
2,18797,115
2,18798,180
2,18799,173
2,18800,211
2,18801,172
2,18802,167
2,18803,109
2,18804,109
2,18805,134
2,18806,-32
2,18807,96
2,18808,115
2,18809,154
2,18810,154
2,18811,83
2,18812,103
2,18813,115
2,18814,83
2,18815,96
2,18816,167
2,18817,121
2,18818,52
2,18819,25
2,18820,192
2,18821,70
2,18822,166
2,18823,109
2,18824,128
2,18825,153
2,18826,135
2,18827,147
2,18828,167
2,18829,115
2,18830,141
2,18831,198
2,18832,122
2,18833,243
2,18834,109
2,18835,71
2,18836,115
2,18837,307
2,18838,109
2,18839,186
2,18840,141
2,18841,-461
2,18842,166
2,18843,135
2,18844,-45
2,18845,122
2,18846,71
2,18847,147
2,18848,358
2,18849,51
2,18850,71
2,18851,77
2,18852,121
2,18853,109
2,18854,70
2,18855,64
2,18856,115
2,18857,90
2,18858,154
2,18859,58
2,18860,115
2,18861,103
2,18862,205
2,18863,83
2,18864,326
2,18865,186
2,18866,116
2,18867,115
2,18868,64
2,18869,103
2,18870,185
2,18871,115
2,18872,71
2,18873,103
2,18874,96
2,18875,76
2,18876,346
2,18877,141
2,18878,128
2,18879,160
2,18880,148
2,18881,128
2,18882,179
2,18883,147
2,18884,172
2,18885,115
2,18886,160
2,18887,115
2,18888,141
2,18889,115
2,18890,122
2,18891,359
2,18892,218
2,18893,141
2,18894,173
2,18895,109
2,18896,186
2,18897,204
2,18898,64
2,18899,103
2,18900,32
2,18901,77
2,18902,128
2,18903,153
2,18904,192
2,18905,135
2,18906,160
2,18907,128
2,18908,806
2,18909,122
2,18910,102
2,18911,109
2,18912,173
2,18913,83
2,18914,128
2,18915,121
2,18916,83
2,18917,83
2,18918,128
2,18919,32
2,18920,58
2,18921,793
2,18922,384
2,18923,781
2,18924,115
2,18925,148
2,18926,147
2,18927,-352
2,18928,102
2,18929,109
2,18930,96
2,18931,160
2,18932,70
2,18933,109
2,18934,198
2,18935,166
2,18936,128
2,18937,109
2,18938,128
2,18939,134
2,18940,77
2,18941,102
2,18942,-518
2,18943,71
2,18944,-45
2,18945,121
2,18946,77
2,18947,103
2,18948,365
2,18949,109
2,18950,160
2,18951,96
2,18952,77
2,18953,102
2,18954,326
2,18955,77
2,18956,64
2,18957,179
2,18958,198
2,18959,-32
2,18960,179
2,18961,96
2,18962,141
2,18963,70
2,18964,51
2,18965,141
2,18966,77
2,18967,115
2,18968,340
2,18969,121
2,18970,160
2,18971,160
2,18972,77
2,18973,160
2,18974,153
2,18975,218
2,18976,109
2,18977,160
2,18978,108
2,18979,154
2,18980,172
2,18981,211
2,18982,109
2,18983,83
2,18984,77
2,18985,64
2,18986,218
2,18987,-38
2,18988,77
2,18989,256
2,18990,346
2,18991,102
2,18992,122
2,18993,211
2,18994,141
2,18995,173
2,18996,109
2,18997,108
2,18998,160
2,18999,211
2,19000,108
2,19001,134
2,19002,71
2,19003,51
2,19004,70
2,19005,186
2,19006,103
2,19007,57
2,19008,166
2,19009,64
2,19010,134
2,19011,102
2,19012,-230
2,19013,134
2,19014,70
2,19015,109
2,19016,140
2,19017,109
2,19018,83
2,19019,-39
2,19020,141
2,19021,128
2,19022,-32
2,19023,160
2,19024,135
2,19025,77
2,19026,108
2,19027,135
2,19028,71
2,19029,147
2,19030,154
2,19031,141
2,19032,108
2,19033,103
2,19034,167
2,19035,51
2,19036,128
2,19037,115
2,19038,153
2,19039,57
2,19040,64
2,19041,39
2,19042,102
2,19043,64
2,19044,103
2,19045,64
2,19046,102
2,19047,-20
2,19048,83
2,19049,-51
2,19050,211
2,19051,186
2,19052,211
2,19053,205
2,19054,141
2,19055,121
2,19056,166
2,19057,154
2,19058,192
2,19059,70
2,19060,346
2,19061,115
2,19062,102
2,19063,115
2,19064,83
2,19065,153
2,19066,180
2,19067,96
2,19068,224
2,19069,147
2,19070,108
2,19071,167
2,19072,141
2,19073,103
2,19074,160
2,19075,122
2,19076,128
2,19077,115
2,19078,115
2,19079,116
2,19080,116
2,19081,205
2,19082,122
2,19083,160
2,19084,179
2,19085,58
2,19086,186
2,19087,141
2,19088,128
2,19089,70
2,19090,96
2,19091,71
2,19092,-45
2,19093,134
2,19094,167
2,19095,90
2,19096,115
2,19097,-551
2,19098,121
2,19099,179
2,19100,153
2,19101,121
2,19102,128
2,19103,122
2,19104,179
2,19105,122
2,19106,134
2,19107,154
2,19108,186
2,19109,64
2,19110,71
2,19111,102
2,19112,109
2,19113,102
2,19114,102
2,19115,122
2,19116,166
2,19117,109
2,19118,154
2,19119,77
2,19120,58
2,19121,204
2,19122,192
2,19123,153
2,19124,173
2,19125,102
2,19126,160
2,19127,115
2,19128,116
2,19129,103
2,19130,64
2,19131,122
2,19132,128
2,19133,108
2,19134,83
2,19135,64
2,19136,109
2,19137,153
2,19138,263
2,19139,109
2,19140,166
2,19141,103
2,19142,89
2,19143,141
2,19144,128
2,19145,116
2,19146,103
2,19147,141
2,19148,71
2,19149,96
2,19150,52
2,19151,148
2,19152,198
2,19153,153
2,19154,121
2,19155,134
2,19156,147
2,19157,135
2,19158,211
2,19159,32
2,19160,135
2,19161,96
2,19162,141
2,19163,64
2,19164,870
2,19165,51
2,19166,102
2,19167,32
2,19168,122
2,19169,77
2,19170,71
2,19171,116
2,19172,134
2,19173,45
2,19174,320
2,19175,58
2,19176,45
2,19177,135
2,19178,813
2,19179,96
2,19180,109
2,19181,-500
2,19182,204
2,19183,64
2,19184,377
2,19185,70
2,19186,135
2,19187,-32
2,19188,167
2,19189,116
2,19190,103
2,19191,103
2,19192,115
2,19193,160
2,19194,57
2,19195,192
2,19196,134
2,19197,102
2,19198,122
2,19199,128
2,19200,211
2,19201,70
2,19202,-250
2,19203,45
2,19204,83
2,19205,128
2,19206,102
2,19207,109
2,19208,135
2,19209,102
2,19210,128
2,19211,51
2,19212,115
2,19213,84
2,19214,115
2,19215,128
2,19216,173
2,19217,57
2,19218,160
2,19219,84
2,19220,70
2,19221,160
2,19222,179
2,19223,64
2,19224,109
2,19225,160
2,19226,71
2,19227,115
2,19228,230
2,19229,102
2,19230,173
2,19231,122
2,19232,160
2,19233,147
2,19234,301
2,19235,141
2,19236,115
2,19237,128
2,19238,372
2,19239,-51
2,19240,173
2,19241,96
2,19242,160
2,19243,103
2,19244,115
2,19245,148
2,19246,122
2,19247,76
2,19248,90
2,19249,141
2,19250,154
2,19251,186
2,19252,128
2,19253,121
2,19254,167
2,19255,121
2,19256,154
2,19257,70
2,19258,64
2,19259,102
2,19260,96
2,19261,122
2,19262,153
2,19263,167
2,19264,147
2,19265,141
2,19266,160
2,19267,-339
2,19268,173
2,19269,160
2,19270,160
2,19271,141
2,19272,77
2,19273,160
2,19274,96
2,19275,83
2,19276,134
2,19277,102
2,19278,180
2,19279,45
2,19280,173
2,19281,166
2,19282,121
2,19283,102
2,19284,153
2,19285,147
2,19286,-19
2,19287,77
2,19288,166
2,19289,109
2,19290,160
2,19291,116
2,19292,198
2,19293,102
2,19294,167
2,19295,377
2,19296,57
2,19297,20
2,19298,32
2,19299,32
2,19300,115
2,19301,19
2,19302,122
2,19303,77
2,19304,51
2,19305,109
2,19306,154
2,19307,122
2,19308,-51
2,19309,134
2,19310,153
2,19311,391
2,19312,141
2,19313,70
2,19314,70
2,19315,64
2,19316,115
2,19317,90
2,19318,51
2,19319,102
2,19320,166
2,19321,108
2,19322,160
2,19323,166
2,19324,135
2,19325,58
2,19326,109
2,19327,96
2,19328,134
2,19329,64
2,19330,64
2,19331,77
2,19332,109
2,19333,122
2,19334,109
2,19335,77
2,19336,96
2,19337,147
2,19338,404
2,19339,135
2,19340,186
2,19341,83
2,19342,173
2,19343,-51
2,19344,141
2,19345,121
2,19346,32
2,19347,64
2,19348,71
2,19349,103
2,19350,115
2,19351,109
2,19352,-525
2,19353,128
2,19354,103
2,19355,83
2,19356,121
2,19357,64
2,19358,185
2,19359,173
2,19360,166
2,19361,96
2,19362,102
2,19363,84
2,19364,212
2,19365,128
2,19366,147
2,19367,121
2,19368,83
2,19369,153
2,19370,96
2,19371,26
2,19372,141
2,19373,153
2,19374,71
2,19375,109
2,19376,166
2,19377,115
2,19378,83
2,19379,102
2,19380,153
2,19381,166
2,19382,186
2,19383,77
2,19384,77
2,19385,96
2,19386,217
2,19387,102
2,19388,167
2,19389,64
2,19390,173
2,19391,109
2,19392,153
2,19393,70
2,19394,308
2,19395,44
2,19396,109
2,19397,320
2,19398,122
2,19399,96
2,19400,160
2,19401,147
2,19402,116
2,19403,45
2,19404,160
2,19405,77
2,19406,25
2,19407,102
2,19408,76
2,19409,122
2,19410,26
2,19411,115
2,19412,121
2,19413,70
2,19414,154
2,19415,103
2,19416,64
2,19417,109
2,19418,90
2,19419,135
2,19420,793
2,19421,109
2,19422,307
2,19423,327
2,19424,173
2,19425,83
2,19426,83
2,19427,115
2,19428,231
2,19429,128
2,19430,153
2,19431,128
2,19432,140
2,19433,800
2,19434,167
2,19435,761
2,19436,109
2,19437,-563
2,19438,269
2,19439,122
2,19440,153
2,19441,160
2,19442,70
2,19443,45
2,19444,128
2,19445,160
2,19446,140
2,19447,58
2,19448,275
2,19449,89
2,19450,153
2,19451,102
2,19452,102
2,19453,205
2,19454,-832
2,19455,179
2,19456,217
2,19457,32
2,19458,102
2,19459,26
2,19460,26
2,19461,141
2,19462,109
2,19463,64
2,19464,198
2,19465,396
2,19466,102
2,19467,154
2,19468,179
2,19469,358
2,19470,154
2,19471,-64
2,19472,160
2,19473,108
2,19474,160
2,19475,71
2,19476,57
2,19477,109
2,19478,121
2,19479,109
2,19480,198
2,19481,148
2,19482,122
2,19483,141
2,19484,173
2,19485,205
2,19486,173
2,19487,154
2,19488,173
2,19489,154
2,19490,83
2,19491,173
2,19492,186
2,19493,211
2,19494,140
2,19495,153
2,19496,179
2,19497,103
2,19498,83
2,19499,89
2,19500,134
2,19501,390
2,19502,71
2,19503,77
2,19504,147
2,19505,96
2,19506,122
2,19507,185
2,19508,128
2,19509,109
2,19510,160
2,19511,71
2,19512,115
2,19513,45
2,19514,96
2,19515,70
2,19516,102
2,19517,84
2,19518,64
2,19519,71
2,19520,205
2,19521,90
2,19522,167
2,19523,-313
2,19524,96
2,19525,166
2,19526,121
2,19527,77
2,19528,58
2,19529,116
2,19530,-45
2,19531,141
2,19532,51
2,19533,-32
2,19534,96
2,19535,96
2,19536,179
2,19537,109
2,19538,115
2,19539,275
2,19540,128
2,19541,71
2,19542,141
2,19543,70
2,19544,90
2,19545,44
2,19546,64
2,19547,70
2,19548,147
2,19549,-26
2,19550,173
2,19551,45
2,19552,160
2,19553,-7
2,19554,141
2,19555,173
2,19556,122
2,19557,83
2,19558,173
2,19559,58
2,19560,83
2,19561,-38
2,19562,147
2,19563,134
2,19564,166
2,19565,141
2,19566,198
2,19567,83
2,19568,121
2,19569,64
2,19570,115
2,19571,58
2,19572,70
2,19573,64
2,19574,115
2,19575,128
2,19576,122
2,19577,115
2,19578,77
2,19579,141
2,19580,160
2,19581,115
2,19582,179
2,19583,71
2,19584,179
2,19585,71
2,19586,109
2,19587,76
2,19588,90
2,19589,84
2,19590,237
2,19591,71
2,19592,128
2,19593,140
2,19594,166
2,19595,103
2,19596,115
2,19597,358
2,19598,173
2,19599,84
2,19600,134
2,19601,115
2,19602,320
2,19603,64
2,19604,135
2,19605,109
2,19606,71
2,19607,96
2,19608,-525
2,19609,173
2,19610,96
2,19611,128
2,19612,115
2,19613,32
2,19614,121
2,19615,103
2,19616,141
2,19617,109
2,19618,102
2,19619,314
2,19620,128
2,19621,116
2,19622,122
2,19623,185
2,19624,122
2,19625,102
2,19626,58
2,19627,147
2,19628,103
2,19629,70
2,19630,38
2,19631,96
2,19632,140
2,19633,115
2,19634,211
2,19635,141
2,19636,205
2,19637,103
2,19638,122
2,19639,115
2,19640,166
2,19641,64
2,19642,70
2,19643,109
2,19644,128
2,19645,89
2,19646,160
2,19647,115
2,19648,70
2,19649,134
2,19650,122
2,19651,160
2,19652,153
2,19653,134
2,19654,154
2,19655,-45
2,19656,128
2,19657,166
2,19658,103
2,19659,51
2,19660,166
2,19661,83
2,19662,121
2,19663,64
2,19664,135
2,19665,64
2,19666,160
2,19667,103
2,19668,141
2,19669,96
2,19670,77
2,19671,64
2,19672,96
2,19673,83
2,19674,71
2,19675,64
2,19676,774
2,19677,90
2,19678,147
2,19679,64
2,19680,173
2,19681,-26
2,19682,52
2,19683,185
2,19684,64
2,19685,70
2,19686,128
2,19687,-64
2,19688,179
2,19689,128
2,19690,794
2,19691,160
2,19692,96
2,19693,-519
2,19694,173
2,19695,141
2,19696,90
2,19697,141
2,19698,77
2,19699,51
2,19700,64
2,19701,45
2,19702,154
2,19703,116
2,19704,160
2,19705,147
2,19706,121
2,19707,179
2,19708,-39
2,19709,167
2,19710,90
2,19711,211
2,19712,179
2,19713,77
2,19714,83
2,19715,153
2,19716,115
2,19717,153
2,19718,-19
2,19719,141
2,19720,121
2,19721,154
2,19722,154
2,19723,167
2,19724,217
2,19725,141
2,19726,224
2,19727,217
2,19728,122
2,19729,269
2,19730,121
2,19731,45
2,19732,154
2,19733,160
2,19734,115
2,19735,141
2,19736,116
2,19737,160
2,19738,115
2,19739,154
2,19740,-45
2,19741,128
2,19742,160
2,19743,211
2,19744,166
2,19745,358
2,19746,103
2,19747,103
2,19748,134
2,19749,96
2,19750,-39
2,19751,256
2,19752,205
2,19753,76
2,19754,71
2,19755,346
2,19756,115
2,19757,109
2,19758,154
2,19759,147
2,19760,173
2,19761,-38
2,19762,173
2,19763,77
2,19764,211
2,19765,358
2,19766,224
2,19767,115
2,19768,167
2,19769,64
2,19770,103
2,19771,51
2,19772,160
2,19773,57
2,19774,103
2,19775,83
2,19776,204
2,19777,167
2,19778,173
2,19779,-378
2,19780,186
2,19781,172
2,19782,256
2,19783,148
2,19784,211
2,19785,71
2,19786,109
2,19787,89
2,19788,32
2,19789,147
2,19790,141
2,19791,128
2,19792,121
2,19793,108
2,19794,115
2,19795,90
2,19796,173
2,19797,64
2,19798,218
2,19799,167
2,19800,128
2,19801,115
2,19802,115
2,19803,147
2,19804,64
2,19805,51
2,19806,173
2,19807,128
2,19808,122
2,19809,57
2,19810,71
2,19811,121
2,19812,64
2,19813,90
2,19814,122
2,19815,122
2,19816,108
2,19817,115
2,19818,205
2,19819,109
2,19820,172
2,19821,108
2,19822,269
2,19823,192
2,19824,166
2,19825,102
2,19826,128
2,19827,180
2,19828,115
2,19829,103
2,19830,102
2,19831,115
2,19832,358
2,19833,96
2,19834,391
2,19835,77
2,19836,211
2,19837,121
2,19838,77
2,19839,109
2,19840,205
2,19841,58
2,19842,45
2,19843,135
2,19844,64
2,19845,115
2,19846,103
2,19847,128
2,19848,115
2,19849,192
2,19850,179
2,19851,76
2,19852,173
2,19853,83
2,19854,128
2,19855,109
2,19856,167
2,19857,109
2,19858,76
2,19859,115
2,19860,135
2,19861,365
2,19862,26
2,19863,109
2,19864,-1005
2,19865,115
2,19866,154
2,19867,173
2,19868,154
2,19869,134
2,19870,135
2,19871,141
2,19872,115
2,19873,51
2,19874,128
2,19875,102
2,19876,154
2,19877,359
2,19878,173
2,19879,147
2,19880,38
2,19881,51
2,19882,205
2,19883,256
2,19884,160
2,19885,32
2,19886,116
2,19887,90
2,19888,237
2,19889,115
2,19890,147
2,19891,211
2,19892,103
2,19893,160
2,19894,115
2,19895,199
2,19896,121
2,19897,205
2,19898,147
2,19899,166
2,19900,83
2,19901,109
2,19902,172
2,19903,166
2,19904,109
2,19905,76
2,19906,122
2,19907,83
2,19908,77
2,19909,154
2,19910,83
2,19911,141
2,19912,166
2,19913,83
2,19914,166
2,19915,192
2,19916,147
2,19917,102
2,19918,77
2,19919,199
2,19920,147
2,19921,83
2,19922,76
2,19923,154
2,19924,70
2,19925,77
2,19926,109
2,19927,103
2,19928,199
2,19929,77
2,19930,64
2,19931,128
2,19932,788
2,19933,166
2,19934,173
2,19935,218
2,19936,179
2,19937,58
2,19938,102
2,19939,102
2,19940,371
2,19941,147
2,19942,147
2,19943,64
2,19944,96
2,19945,998
2,19946,128
2,19947,768
2,19948,64
2,19949,-512
2,19950,-45
2,19951,76
2,19952,218
2,19953,83
2,19954,109
2,19955,103
2,19956,109
2,19957,141
2,19958,141
2,19959,134
2,19960,243
2,19961,205
2,19962,121
2,19963,141
2,19964,128
2,19965,160
2,19966,83
2,19967,148
2,19968,166
2,19969,71
2,19970,57
2,19971,20
2,19972,167
2,19973,96
2,19974,173
2,19975,135
2,19976,346
2,19977,128
2,19978,109
2,19979,109
2,19980,109
2,19981,135
2,19982,115
2,19983,77
2,19984,153
2,19985,90
2,19986,128
2,19987,198
2,19988,26
2,19989,102
2,19990,166
2,19991,109
2,19992,154
2,19993,173
2,19994,-32
2,19995,198
2,19996,166
2,19997,77
2,19998,166
2,19999,135
2,20000,211
3,1,77
3,2,57
3,3,256
3,4,-39
3,5,186
3,6,256
3,7,173
3,8,217
3,9,359
3,10,115
3,11,116
3,12,166
3,13,90
3,14,64
3,15,26
3,16,32
3,17,51
3,18,109
3,19,64
3,20,115
3,21,51
3,22,45
3,23,64
3,24,83
3,25,154
3,26,52
3,27,19
3,28,64
3,29,96
3,30,90
3,31,-1005
3,32,51
3,33,109
3,34,90
3,35,76
3,36,64
3,37,45
3,38,71
3,39,71
3,40,116
3,41,26
3,42,19
3,43,160
3,44,-243
3,45,-32
3,46,116
3,47,32
3,48,77
3,49,32
3,50,244
3,51,51
3,52,76
3,53,83
3,54,57
3,55,96
3,56,148
3,57,45
3,58,64
3,59,26
3,60,25
3,61,38
3,62,32
3,63,77
3,64,372
3,65,77
3,66,218
3,67,26
3,68,64
3,69,96
3,70,109
3,71,-64
3,72,217
3,73,192
3,74,141
3,75,167
3,76,109
3,77,96
3,78,83
3,79,45
3,80,64
3,81,70
3,82,-269
3,83,-26
3,84,32
3,85,45
3,86,116
3,87,102
3,88,32
3,89,96
3,90,26
3,91,115
3,92,301
3,93,84
3,94,71
3,95,64
3,96,26
3,97,51
3,98,64
3,99,32
3,100,58
3,101,262
3,102,58
3,103,64
3,104,64
3,105,237
3,106,211
3,107,224
3,108,166
3,109,250
3,110,115
3,111,32
3,112,173
3,113,147
3,114,122
3,115,51
3,116,-519
3,117,52
3,118,77
3,119,45
3,120,45
3,121,135
3,122,-205
3,123,90
3,124,108
3,125,70
3,126,58
3,127,96
3,128,58
3,129,89
3,130,-128
3,131,236
3,132,90
3,133,58
3,134,103
3,135,115
3,136,115
3,137,25
3,138,19
3,139,314
3,140,90
3,141,70
3,142,25
3,143,32
3,144,359
3,145,96
3,146,58
3,147,109
3,148,122
3,149,103
3,150,32
3,151,108
3,152,96
3,153,64
3,154,58
3,155,70
3,156,96
3,157,147
3,158,13
3,159,96
3,160,96
3,161,102
3,162,128
3,163,115
3,164,121
3,165,359
3,166,26
3,167,128
3,168,122
3,169,211
3,170,205
3,171,167
3,172,166
3,173,205
3,174,269
3,175,84
3,176,-58
3,177,166
3,178,108
3,179,121
3,180,70
3,181,96
3,182,25
3,183,109
3,184,76
3,185,134
3,186,64
3,187,83
3,188,454
3,189,128
3,190,45
3,191,58
3,192,12
3,193,25
3,194,51
3,195,212
3,196,38
3,197,39
3,198,371
3,199,83
3,200,51
3,201,-403
3,202,793
3,203,109
3,204,71
3,205,64
3,206,76
3,207,346
3,208,70
3,209,64
3,210,103
3,211,45
3,212,32
3,213,-39
3,214,26
3,215,77
3,216,32
3,217,70
3,218,332
3,219,109
3,220,115
3,221,57
3,222,109
3,223,83
3,224,77
3,225,70
3,226,-32
3,227,77
3,228,96
3,229,51
3,230,64
3,231,64
3,232,57
3,233,108
3,234,122
3,235,134
3,236,64
3,237,108
3,238,51
3,239,83
3,240,153
3,241,64
3,242,70
3,243,179
3,244,83
3,245,64
3,246,57
3,247,58
3,248,71
3,249,45
3,250,64
3,251,115
3,252,167
3,253,109
3,254,-237
3,255,122
3,256,71
3,257,32
3,258,58
3,259,89
3,260,217
3,261,218
3,262,70
3,263,45
3,264,167
3,265,20
3,266,365
3,267,122
3,268,57
3,269,58
3,270,32
3,271,90
3,272,58
3,273,147
3,274,57
3,275,84
3,276,64
3,277,102
3,278,77
3,279,109
3,280,70
3,281,314
3,282,96
3,283,26
3,284,7
3,285,51
3,286,-384
3,287,-38
3,288,77
3,289,71
3,290,51
3,291,160
3,292,134
3,293,64
3,294,57
3,295,109
3,296,-32
3,297,45
3,298,32
3,299,71
3,300,45
3,301,32
3,302,166
3,303,256
3,304,173
3,305,109
3,306,26
3,307,121
3,308,122
3,309,70
3,310,102
3,311,70
3,312,58
3,313,64
3,314,-19
3,315,90
3,316,51
3,317,167
3,318,90
3,319,96
3,320,64
3,321,52
3,322,134
3,323,64
3,324,397
3,325,32
3,326,32
3,327,96
3,328,268
3,329,103
3,330,90
3,331,115
3,332,115
3,333,461
3,334,64
3,335,121
3,336,109
3,337,38
3,338,25
3,339,134
3,340,141
3,341,57
3,342,39
3,343,64
3,344,-134
3,345,64
3,346,77
3,347,122
3,348,102
3,349,51
3,350,71
3,351,26
3,352,83
3,353,51
3,354,19
3,355,19
3,356,45
3,357,51
3,358,102
3,359,96
3,360,-44
3,361,390
3,362,154
3,363,89
3,364,77
3,365,58
3,366,89
3,367,51
3,368,96
3,369,52
3,370,19
3,371,57
3,372,-614
3,373,45
3,374,51
3,375,45
3,376,109
3,377,186
3,378,109
3,379,64
3,380,77
3,381,52
3,382,25
3,383,89
3,384,115
3,385,45
3,386,57
3,387,26
3,388,384
3,389,58
3,390,76
3,391,64
3,392,-45
3,393,51
3,394,198
3,395,77
3,396,77
3,397,-32
3,398,83
3,399,96
3,400,64
3,401,64
3,402,70
3,403,122
3,404,57
3,405,57
3,406,51
3,407,70
3,408,26
3,409,64
3,410,26
3,411,128
3,412,89
3,413,64
3,414,51
3,415,70
3,416,58
3,417,96
3,418,19
3,419,109
3,420,108
3,421,71
3,422,64
3,423,109
3,424,45
3,425,39
3,426,77
3,427,141
3,428,128
3,429,45
3,430,51
3,431,122
3,432,96
3,433,51
3,434,134
3,435,172
3,436,77
3,437,32
3,438,45
3,439,-64
3,440,134
3,441,64
3,442,51
3,443,89
3,444,1132
3,445,134
3,446,96
3,447,83
3,448,70
3,449,-39
3,450,-25
3,451,26
3,452,-45
3,453,71
3,454,45
3,455,122
3,456,128
3,457,122
3,458,96
3,459,768
3,460,339
3,461,147
3,462,70
3,463,71
3,464,121
3,465,51
3,466,-13
3,467,237
3,468,32
3,469,83
3,470,205
3,471,134
3,472,-44
3,473,103
3,474,109
3,475,141
3,476,58
3,477,115
3,478,109
3,479,102
3,480,109
3,481,51
3,482,51
3,483,70
3,484,70
3,485,77
3,486,52
3,487,140
3,488,38
3,489,64
3,490,70
3,491,70
3,492,109
3,493,-57
3,494,186
3,495,58
3,496,109
3,497,166
3,498,186
3,499,371
3,500,160
3,501,474
3,502,167
3,503,186
3,504,224
3,505,58
3,506,77
3,507,198
3,508,109
3,509,160
3,510,147
3,511,76
3,512,71
3,513,70
3,514,64
3,515,186
3,516,108
3,517,122
3,518,90
3,519,71
3,520,89
3,521,96
3,522,20
3,523,45
3,524,58
3,525,108
3,526,26
3,527,45
3,528,83
3,529,96
3,530,83
3,531,-71
3,532,128
3,533,70
3,534,340
3,535,25
3,536,58
3,537,64
3,538,26
3,539,26
3,540,32
3,541,57
3,542,-320
3,543,64
3,544,109
3,545,147
3,546,390
3,547,122
3,548,148
3,549,77
3,550,64
3,551,109
3,552,122
3,553,57
3,554,26
3,555,84
3,556,103
3,557,83
3,558,218
3,559,45
3,560,115
3,561,-32
3,562,192
3,563,116
3,564,185
3,565,96
3,566,160
3,567,147
3,568,122
3,569,96
3,570,64
3,571,96
3,572,154
3,573,71
3,574,115
3,575,218
3,576,147
3,577,83
3,578,52
3,579,212
3,580,51
3,581,96
3,582,58
3,583,122
3,584,198
3,585,109
3,586,172
3,587,128
3,588,166
3,589,186
3,590,96
3,591,212
3,592,167
3,593,64
3,594,32
3,595,128
3,596,166
3,597,154
3,598,109
3,599,108
3,600,71
3,601,121
3,602,160
3,603,314
3,604,211
3,605,128
3,606,90
3,607,185
3,608,102
3,609,51
3,610,96
3,611,45
3,612,44
3,613,109
3,614,160
3,615,96
3,616,83
3,617,115
3,618,166
3,619,192
3,620,179
3,621,51
3,622,205
3,623,230
3,624,192
3,625,71
3,626,58
3,627,153
3,628,-352
3,629,83
3,630,109
3,631,115
3,632,167
3,633,154
3,634,153
3,635,167
3,636,103
3,637,70
3,638,64
3,639,153
3,640,167
3,641,333
3,642,89
3,643,173
3,644,134
3,645,-51
3,646,32
3,647,122
3,648,134
3,649,71
3,650,64
3,651,109
3,652,179
3,653,58
3,654,58
3,655,198
3,656,-45
3,657,-32
3,658,115
3,659,134
3,660,166
3,661,25
3,662,-52
3,663,109
3,664,135
3,665,57
3,666,96
3,667,-64
3,668,96
3,669,70
3,670,166
3,671,109
3,672,96
3,673,115
3,674,122
3,675,102
3,676,128
3,677,-26
3,678,192
3,679,77
3,680,147
3,681,166
3,682,109
3,683,160
3,684,57
3,685,76
3,686,154
3,687,71
3,688,64
3,689,-20
3,690,179
3,691,128
3,692,167
3,693,153
3,694,128
3,695,83
3,696,116
3,697,57
3,698,410
3,699,102
3,700,819
3,701,25
3,702,301
3,703,51
3,704,77
3,705,45
3,706,38
3,707,52
3,708,160
3,709,64
3,710,122
3,711,64
3,712,83
3,713,-396
3,714,793
3,715,103
3,716,128
3,717,147
3,718,377
3,719,160
3,720,115
3,721,-38
3,722,58
3,723,135
3,724,364
3,725,77
3,726,51
3,727,141
3,728,135
3,729,128
3,730,167
3,731,167
3,732,153
3,733,102
3,734,83
3,735,103
3,736,108
3,737,103
3,738,26
3,739,77
3,740,64
3,741,58
3,742,160
3,743,109
3,744,83
3,745,140
3,746,102
3,747,122
3,748,121
3,749,121
3,750,358
3,751,160
3,752,122
3,753,32
3,754,51
3,755,64
3,756,160
3,757,102
3,758,166
3,759,160
3,760,45
3,761,141
3,762,358
3,763,192
3,764,154
3,765,186
3,766,64
3,767,160
3,768,141
3,769,-32
3,770,256
3,771,141
3,772,128
3,773,115
3,774,173
3,775,128
3,776,71
3,777,90
3,778,26
3,779,51
3,780,103
3,781,115
3,782,109
3,783,-32
3,784,115
3,785,71
3,786,103
3,787,57
3,788,64
3,789,64
3,790,70
3,791,147
3,792,89
3,793,32
3,794,26
3,795,71
3,796,58
3,797,122
3,798,-448
3,799,154
3,800,64
3,801,58
3,802,51
3,803,160
3,804,115
3,805,39
3,806,45
3,807,-185
3,808,205
3,809,96
3,810,-45
3,811,77
3,812,179
3,813,109
3,814,64
3,815,121
3,816,205
3,817,77
3,818,89
3,819,128
3,820,121
3,821,128
3,822,109
3,823,58
3,824,371
3,825,38
3,826,32
3,827,122
3,828,115
3,829,76
3,830,26
3,831,58
3,832,64
3,833,121
3,834,70
3,835,52
3,836,64
3,837,173
3,838,198
3,839,186
3,840,166
3,841,51
3,842,224
3,843,160
3,844,141
3,845,333
3,846,166
3,847,199
3,848,134
3,849,96
3,850,64
3,851,102
3,852,134
3,853,64
3,854,166
3,855,173
3,856,128
3,857,160
3,858,109
3,859,166
3,860,160
3,861,102
3,862,71
3,863,135
3,864,103
3,865,39
3,866,32
3,867,-45
3,868,180
3,869,148
3,870,51
3,871,205
3,872,102
3,873,77
3,874,134
3,875,167
3,876,122
3,877,109
3,878,57
3,879,153
3,880,205
3,881,83
3,882,211
3,883,70
3,884,-224
3,885,179
3,886,121
3,887,166
3,888,141
3,889,115
3,890,166
3,891,147
3,892,416
3,893,96
3,894,108
3,895,134
3,896,198
3,897,64
3,898,153
3,899,64
3,900,134
3,901,166
3,902,115
3,903,116
3,904,83
3,905,180
3,906,83
3,907,122
3,908,166
3,909,90
3,910,76
3,911,141
3,912,115
3,913,109
3,914,77
3,915,320
3,916,147
3,917,135
3,918,186
3,919,167
3,920,109
3,921,115
3,922,109
3,923,134
3,924,192
3,925,160
3,926,134
3,927,115
3,928,77
3,929,115
3,930,-19
3,931,148
3,932,160
3,933,199
3,934,96
3,935,115
3,936,102
3,937,71
3,938,64
3,939,71
3,940,96
3,941,103
3,942,76
3,943,115
3,944,84
3,945,77
3,946,96
3,947,96
3,948,45
3,949,83
3,950,58
3,951,122
3,952,109
3,953,147
3,954,58
3,955,147
3,956,826
3,957,128
3,958,70
3,959,173
3,960,71
3,961,96
3,962,122
3,963,140
3,964,71
3,965,103
3,966,83
3,967,115
3,968,179
3,969,-20
3,970,141
3,971,787
3,972,166
3,973,102
3,974,64
3,975,154
3,976,147
3,977,147
3,978,51
3,979,38
3,980,64
3,981,51
3,982,70
3,983,154
3,984,160
3,985,179
3,986,89
3,987,115
3,988,83
3,989,84
3,990,64
3,991,192
3,992,70
3,993,51
3,994,173
3,995,64
3,996,122
3,997,77
3,998,32
3,999,109
3,1000,205
3,1001,58
3,1002,51
3,1003,262
3,1004,-57
3,1005,70
3,1006,64
3,1007,128
3,1008,103
3,1009,256
3,1010,83
3,1011,32
3,1012,103
3,1013,-39
3,1014,-32
3,1015,141
3,1016,141
3,1017,64
3,1018,70
3,1019,135
3,1020,122
3,1021,102
3,1022,237
3,1023,243
3,1024,153
3,1025,109
3,1026,109
3,1027,160
3,1028,109
3,1029,77
3,1030,128
3,1031,237
3,1032,90
3,1033,96
3,1034,71
3,1035,109
3,1036,160
3,1037,45
3,1038,109
3,1039,70
3,1040,70
3,1041,103
3,1042,103
3,1043,57
3,1044,141
3,1045,269
3,1046,-403
3,1047,160
3,1048,167
3,1049,147
3,1050,147
3,1051,64
3,1052,160
3,1053,58
3,1054,-288
3,1055,166
3,1056,217
3,1057,96
3,1058,199
3,1059,154
3,1060,128
3,1061,71
3,1062,102
3,1063,115
3,1064,135
3,1065,51
3,1066,90
3,1067,102
3,1068,103
3,1069,19
3,1070,153
3,1071,76
3,1072,76
3,1073,52
3,1074,179
3,1075,103
3,1076,103
3,1077,102
3,1078,115
3,1079,116
3,1080,167
3,1081,58
3,1082,134
3,1083,102
3,1084,166
3,1085,57
3,1086,122
3,1087,167
3,1088,116
3,1089,102
3,1090,77
3,1091,90
3,1092,103
3,1093,83
3,1094,365
3,1095,166
3,1096,90
3,1097,115
3,1098,115
3,1099,134
3,1100,167
3,1101,160
3,1102,198
3,1103,153
3,1104,96
3,1105,-26
3,1106,77
3,1107,108
3,1108,153
3,1109,-39
3,1110,141
3,1111,147
3,1112,77
3,1113,109
3,1114,198
3,1115,154
3,1116,116
3,1117,121
3,1118,154
3,1119,205
3,1120,96
3,1121,45
3,1122,77
3,1123,134
3,1124,167
3,1125,38
3,1126,-32
3,1127,134
3,1128,64
3,1129,109
3,1130,160
3,1131,57
3,1132,160
3,1133,160
3,1134,180
3,1135,64
3,1136,121
3,1137,51
3,1138,147
3,1139,180
3,1140,-429
3,1141,77
3,1142,180
3,1143,154
3,1144,115
3,1145,115
3,1146,294
3,1147,90
3,1148,102
3,1149,96
3,1150,160
3,1151,64
3,1152,122
3,1153,141
3,1154,71
3,1155,160
3,1156,154
3,1157,116
3,1158,102
3,1159,109
3,1160,212
3,1161,70
3,1162,122
3,1163,89
3,1164,102
3,1165,58
3,1166,109
3,1167,108
3,1168,122
3,1169,160
3,1170,154
3,1171,103
3,1172,198
3,1173,96
3,1174,173
3,1175,70
3,1176,115
3,1177,77
3,1178,154
3,1179,115
3,1180,121
3,1181,71
3,1182,154
3,1183,51
3,1184,83
3,1185,128
3,1186,141
3,1187,154
3,1188,173
3,1189,71
3,1190,192
3,1191,121
3,1192,70
3,1193,96
3,1194,167
3,1195,83
3,1196,102
3,1197,64
3,1198,70
3,1199,115
3,1200,115
3,1201,122
3,1202,134
3,1203,192
3,1204,109
3,1205,134
3,1206,160
3,1207,121
3,1208,166
3,1209,109
3,1210,121
3,1211,115
3,1212,812
3,1213,90
3,1214,320
3,1215,52
3,1216,71
3,1217,-26
3,1218,70
3,1219,19
3,1220,32
3,1221,77
3,1222,153
3,1223,115
3,1224,-544
3,1225,90
3,1226,819
3,1227,70
3,1228,224
3,1229,121
3,1230,160
3,1231,116
3,1232,128
3,1233,64
3,1234,64
3,1235,103
3,1236,96
3,1237,45
3,1238,160
3,1239,121
3,1240,-301
3,1241,122
3,1242,115
3,1243,115
3,1244,83
3,1245,109
3,1246,249
3,1247,115
3,1248,70
3,1249,-243
3,1250,121
3,1251,51
3,1252,115
3,1253,32
3,1254,153
3,1255,77
3,1256,121
3,1257,256
3,1258,147
3,1259,140
3,1260,115
3,1261,51
3,1262,153
3,1263,102
3,1264,90
3,1265,51
3,1266,134
3,1267,90
3,1268,58
3,1269,32
3,1270,52
3,1271,281
3,1272,372
3,1273,167
3,1274,147
3,1275,70
3,1276,198
3,1277,96
3,1278,77
3,1279,102
3,1280,96
3,1281,76
3,1282,230
3,1283,102
3,1284,153
3,1285,70
3,1286,115
3,1287,20
3,1288,122
3,1289,-32
3,1290,128
3,1291,26
3,1292,58
3,1293,128
3,1294,141
3,1295,32
3,1296,147
3,1297,96
3,1298,109
3,1299,20
3,1300,147
3,1301,64
3,1302,109
3,1303,-57
3,1304,167
3,1305,77
3,1306,109
3,1307,26
3,1308,32
3,1309,-537
3,1310,134
3,1311,51
3,1312,96
3,1313,102
3,1314,121
3,1315,160
3,1316,115
3,1317,70
3,1318,32
3,1319,45
3,1320,109
3,1321,51
3,1322,185
3,1323,64
3,1324,102
3,1325,-38
3,1326,83
3,1327,58
3,1328,103
3,1329,51
3,1330,128
3,1331,77
3,1332,167
3,1333,51
3,1334,160
3,1335,77
3,1336,115
3,1337,32
3,1338,58
3,1339,26
3,1340,70
3,1341,64
3,1342,160
3,1343,39
3,1344,77
3,1345,-32
3,1346,70
3,1347,-64
3,1348,-13
3,1349,109
3,1350,83
3,1351,147
3,1352,173
3,1353,58
3,1354,192
3,1355,160
3,1356,166
3,1357,77
3,1358,128
3,1359,160
3,1360,167
3,1361,-26
3,1362,128
3,1363,58
3,1364,109
3,1365,64
3,1366,166
3,1367,128
3,1368,96
3,1369,96
3,1370,115
3,1371,52
3,1372,64
3,1373,77
3,1374,166
3,1375,90
3,1376,70
3,1377,109
3,1378,57
3,1379,76
3,1380,135
3,1381,102
3,1382,26
3,1383,83
3,1384,141
3,1385,109
3,1386,211
3,1387,109
3,1388,326
3,1389,26
3,1390,70
3,1391,173
3,1392,38
3,1393,32
3,1394,-51
3,1395,-589
3,1396,25
3,1397,96
3,1398,77
3,1399,166
3,1400,45
3,1401,244
3,1402,167
3,1403,70
3,1404,-44
3,1405,51
3,1406,154
3,1407,103
3,1408,294
3,1409,51
3,1410,122
3,1411,115
3,1412,77
3,1413,51
3,1414,180
3,1415,64
3,1416,58
3,1417,58
3,1418,154
3,1419,64
3,1420,102
3,1421,96
3,1422,180
3,1423,-52
3,1424,204
3,1425,64
3,1426,122
3,1427,77
3,1428,77
3,1429,128
3,1430,199
3,1431,128
3,1432,77
3,1433,96
3,1434,70
3,1435,-71
3,1436,51
3,1437,108
3,1438,173
3,1439,108
3,1440,-39
3,1441,70
3,1442,71
3,1443,371
3,1444,89
3,1445,83
3,1446,205
3,1447,58
3,1448,77
3,1449,58
3,1450,166
3,1451,115
3,1452,115
3,1453,103
3,1454,77
3,1455,51
3,1456,115
3,1457,51
3,1458,77
3,1459,58
3,1460,166
3,1461,45
3,1462,25
3,1463,83
3,1464,160
3,1465,77
3,1466,-20
3,1467,71
3,1468,800
3,1469,90
3,1470,103
3,1471,102
3,1472,70
3,1473,51
3,1474,-19
3,1475,32
3,1476,44
3,1477,-76
3,1478,115
3,1479,64
3,1480,-602
3,1481,819
3,1482,122
3,1483,794
3,1484,102
3,1485,58
3,1486,122
3,1487,313
3,1488,-58
3,1489,64
3,1490,51
3,1491,32
3,1492,58
3,1493,45
3,1494,89
3,1495,32
3,1496,32
3,1497,64
3,1498,76
3,1499,128
3,1500,147
3,1501,70
3,1502,166
3,1503,121
3,1504,141
3,1505,45
3,1506,32
3,1507,26
3,1508,32
3,1509,371
3,1510,90
3,1511,77
3,1512,102
3,1513,103
3,1514,77
3,1515,45
3,1516,58
3,1517,160
3,1518,256
3,1519,71
3,1520,77
3,1521,-32
3,1522,96
3,1523,90
3,1524,109
3,1525,109
3,1526,32
3,1527,32
3,1528,89
3,1529,64
3,1530,122
3,1531,147
3,1532,109
3,1533,121
3,1534,128
3,1535,77
3,1536,45
3,1537,122
3,1538,199
3,1539,199
3,1540,102
3,1541,128
3,1542,167
3,1543,76
3,1544,141
3,1545,76
3,1546,64
3,1547,45
3,1548,64
3,1549,64
3,1550,160
3,1551,102
3,1552,89
3,1553,58
3,1554,154
3,1555,70
3,1556,109
3,1557,96
3,1558,77
3,1559,70
3,1560,71
3,1561,57
3,1562,64
3,1563,-52
3,1564,166
3,1565,-665
3,1566,45
3,1567,45
3,1568,19
3,1569,52
3,1570,77
3,1571,102
3,1572,153
3,1573,57
3,1574,128
3,1575,102
3,1576,58
3,1577,52
3,1578,109
3,1579,45
3,1580,71
3,1581,32
3,1582,160
3,1583,116
3,1584,64
3,1585,57
3,1586,83
3,1587,211
3,1588,109
3,1589,51
3,1590,134
3,1591,116
3,1592,249
3,1593,77
3,1594,70
3,1595,-44
3,1596,89
3,1597,51
3,1598,-52
3,1599,122
3,1600,70
3,1601,76
3,1602,116
3,1603,76
3,1604,51
3,1605,109
3,1606,77
3,1607,26
3,1608,71
3,1609,51
3,1610,365
3,1611,70
3,1612,154
3,1613,45
3,1614,115
3,1615,57
3,1616,102
3,1617,51
3,1618,71
3,1619,19
3,1620,64
3,1621,103
3,1622,64
3,1623,45
3,1624,377
3,1625,90
3,1626,256
3,1627,26
3,1628,108
3,1629,90
3,1630,173
3,1631,70
3,1632,102
3,1633,44
3,1634,102
3,1635,45
3,1636,199
3,1637,51
3,1638,185
3,1639,96
3,1640,64
3,1641,108
3,1642,212
3,1643,160
3,1644,71
3,1645,96
3,1646,115
3,1647,77
3,1648,84
3,1649,64
3,1650,167
3,1651,-390
3,1652,51
3,1653,96
3,1654,122
3,1655,70
3,1656,45
3,1657,64
3,1658,249
3,1659,32
3,1660,108
3,1661,77
3,1662,32
3,1663,90
3,1664,58
3,1665,96
3,1666,64
3,1667,230
3,1668,237
3,1669,70
3,1670,109
3,1671,89
3,1672,-32
3,1673,121
3,1674,128
3,1675,96
3,1676,116
3,1677,20
3,1678,160
3,1679,64
3,1680,58
3,1681,45
3,1682,140
3,1683,64
3,1684,115
3,1685,57
3,1686,58
3,1687,96
3,1688,115
3,1689,269
3,1690,115
3,1691,32
3,1692,64
3,1693,-32
3,1694,205
3,1695,90
3,1696,32
3,1697,51
3,1698,166
3,1699,167
3,1700,141
3,1701,108
3,1702,109
3,1703,26
3,1704,166
3,1705,58
3,1706,121
3,1707,58
3,1708,89
3,1709,64
3,1710,19
3,1711,57
3,1712,102
3,1713,90
3,1714,173
3,1715,372
3,1716,32
3,1717,109
3,1718,64
3,1719,128
3,1720,77
3,1721,51
3,1722,128
3,1723,83
3,1724,780
3,1725,250
3,1726,45
3,1727,103
3,1728,109
3,1729,-7
3,1730,70
3,1731,64
3,1732,-51
3,1733,51
3,1734,147
3,1735,58
3,1736,-544
3,1737,109
3,1738,819
3,1739,167
3,1740,109
3,1741,282
3,1742,141
3,1743,115
3,1744,128
3,1745,96
3,1746,186
3,1747,83
3,1748,58
3,1749,32
3,1750,70
3,1751,365
3,1752,76
3,1753,109
3,1754,102
3,1755,89
3,1756,38
3,1757,102
3,1758,167
3,1759,115
3,1760,116
3,1761,115
3,1762,121
3,1763,115
3,1764,83
3,1765,186
3,1766,58
3,1767,109
3,1768,103
3,1769,109
3,1770,173
3,1771,160
3,1772,103
3,1773,45
3,1774,154
3,1775,109
3,1776,212
3,1777,26
3,1778,57
3,1779,-38
3,1780,44
3,1781,109
3,1782,269
3,1783,57
3,1784,141
3,1785,26
3,1786,135
3,1787,192
3,1788,186
3,1789,58
3,1790,160
3,1791,109
3,1792,179
3,1793,58
3,1794,365
3,1795,45
3,1796,256
3,1797,153
3,1798,90
3,1799,153
3,1800,154
3,1801,38
3,1802,83
3,1803,71
3,1804,26
3,1805,122
3,1806,116
3,1807,64
3,1808,116
3,1809,128
3,1810,147
3,1811,71
3,1812,-45
3,1813,45
3,1814,167
3,1815,109
3,1816,154
3,1817,64
3,1818,115
3,1819,58
3,1820,116
3,1821,25
3,1822,115
3,1823,109
3,1824,115
3,1825,71
3,1826,160
3,1827,121
3,1828,109
3,1829,51
3,1830,128
3,1831,102
3,1832,115
3,1833,-38
3,1834,70
3,1835,38
3,1836,140
3,1837,96
3,1838,147
3,1839,115
3,1840,205
3,1841,89
3,1842,109
3,1843,121
3,1844,269
3,1845,135
3,1846,122
3,1847,-45
3,1848,282
3,1849,32
3,1850,71
3,1851,57
3,1852,102
3,1853,64
3,1854,102
3,1855,115
3,1856,109
3,1857,51
3,1858,115
3,1859,58
3,1860,32
3,1861,25
3,1862,116
3,1863,77
3,1864,102
3,1865,58
3,1866,102
3,1867,167
3,1868,-45
3,1869,76
3,1870,199
3,1871,64
3,1872,96
3,1873,57
3,1874,83
3,1875,57
3,1876,77
3,1877,173
3,1878,-51
3,1879,38
3,1880,122
3,1881,102
3,1882,76
3,1883,-39
3,1884,-45
3,1885,71
3,1886,166
3,1887,77
3,1888,128
3,1889,38
3,1890,45
3,1891,77
3,1892,147
3,1893,186
3,1894,58
3,1895,76
3,1896,103
3,1897,147
3,1898,141
3,1899,116
3,1900,147
3,1901,122
3,1902,122
3,1903,-45
3,1904,172
3,1905,180
3,1906,-409
3,1907,192
3,1908,154
3,1909,308
3,1910,198
3,1911,90
3,1912,103
3,1913,154
3,1914,166
3,1915,205
3,1916,-44
3,1917,179
3,1918,212
3,1919,134
3,1920,249
3,1921,83
3,1922,128
3,1923,147
3,1924,160
3,1925,38
3,1926,256
3,1927,128
3,1928,192
3,1929,103
3,1930,96
3,1931,103
3,1932,-25
3,1933,71
3,1934,204
3,1935,121
3,1936,134
3,1937,51
3,1938,204
3,1939,77
3,1940,109
3,1941,83
3,1942,179
3,1943,121
3,1944,90
3,1945,141
3,1946,128
3,1947,-38
3,1948,179
3,1949,83
3,1950,204
3,1951,108
3,1952,108
3,1953,103
3,1954,160
3,1955,52
3,1956,179
3,1957,115
3,1958,167
3,1959,64
3,1960,115
3,1961,89
3,1962,115
3,1963,19
3,1964,211
3,1965,71
3,1966,173
3,1967,83
3,1968,121
3,1969,109
3,1970,115
3,1971,135
3,1972,205
3,1973,-39
3,1974,186
3,1975,102
3,1976,141
3,1977,154
3,1978,173
3,1979,148
3,1980,768
3,1981,109
3,1982,166
3,1983,64
3,1984,64
3,1985,186
3,1986,166
3,1987,26
3,1988,96
3,1989,32
3,1990,173
3,1991,25
3,1992,52
3,1993,806
3,1994,103
3,1995,787
3,1996,103
3,1997,64
3,1998,173
3,1999,371
3,2000,115
3,2001,-32
3,2002,77
3,2003,-26
3,2004,141
3,2005,128
3,2006,64
3,2007,102
3,2008,160
3,2009,90
3,2010,64
3,2011,121
3,2012,115
3,2013,121
3,2014,199
3,2015,121
3,2016,153
3,2017,96
3,2018,141
3,2019,77
3,2020,115
3,2021,90
3,2022,224
3,2023,70
3,2024,160
3,2025,83
3,2026,64
3,2027,-32
3,2028,58
3,2029,45
3,2030,71
3,2031,58
3,2032,90
3,2033,32
3,2034,96
3,2035,96
3,2036,58
3,2037,70
3,2038,115
3,2039,57
3,2040,64
3,2041,96
3,2042,121
3,2043,102
3,2044,-45
3,2045,128
3,2046,-506
3,2047,103
3,2048,140
3,2049,115
3,2050,128
3,2051,116
3,2052,102
3,2053,115
3,2054,121
3,2055,109
3,2056,83
3,2057,57
3,2058,102
3,2059,102
3,2060,64
3,2061,70
3,2062,173
3,2063,51
3,2064,58
3,2065,51
3,2066,77
3,2067,83
3,2068,128
3,2069,76
3,2070,122
3,2071,71
3,2072,172
3,2073,96
3,2074,109
3,2075,128
3,2076,90
3,2077,19
3,2078,108
3,2079,109
3,2080,77
3,2081,109
3,2082,103
3,2083,122
3,2084,90
3,2085,109
3,2086,116
3,2087,76
3,2088,153
3,2089,90
3,2090,102
3,2091,-109
3,2092,128
3,2093,51
3,2094,58
3,2095,96
3,2096,71
3,2097,51
3,2098,122
3,2099,141
3,2100,109
3,2101,71
3,2102,147
3,2103,57
3,2104,109
3,2105,44
3,2106,128
3,2107,102
3,2108,96
3,2109,51
3,2110,109
3,2111,-237
3,2112,96
3,2113,-32
3,2114,77
3,2115,71
3,2116,76
3,2117,153
3,2118,102
3,2119,96
3,2120,128
3,2121,109
3,2122,-26
3,2123,115
3,2124,134
3,2125,70
3,2126,109
3,2127,70
3,2128,102
3,2129,26
3,2130,160
3,2131,57
3,2132,397
3,2133,51
3,2134,115
3,2135,64
3,2136,96
3,2137,70
3,2138,167
3,2139,154
3,2140,96
3,2141,103
3,2142,38
3,2143,141
3,2144,102
3,2145,71
3,2146,26
3,2147,25
3,2148,115
3,2149,51
3,2150,173
3,2151,64
3,2152,116
3,2153,115
3,2154,-45
3,2155,96
3,2156,103
3,2157,83
3,2158,179
3,2159,109
3,2160,121
3,2161,19
3,2162,103
3,2163,64
3,2164,167
3,2165,154
3,2166,89
3,2167,26
3,2168,135
3,2169,122
3,2170,212
3,2171,192
3,2172,134
3,2173,103
3,2174,103
3,2175,147
3,2176,109
3,2177,167
3,2178,128
3,2179,109
3,2180,128
3,2181,32
3,2182,19
3,2183,26
3,2184,141
3,2185,71
3,2186,166
3,2187,154
3,2188,64
3,2189,89
3,2190,109
3,2191,96
3,2192,58
3,2193,160
3,2194,147
3,2195,141
3,2196,205
3,2197,109
3,2198,364
3,2199,102
3,2200,109
3,2201,320
3,2202,102
3,2203,64
3,2204,128
3,2205,205
3,2206,218
3,2207,122
3,2208,96
3,2209,116
3,2210,122
3,2211,173
3,2212,160
3,2213,83
3,2214,179
3,2215,102
3,2216,109
3,2217,147
3,2218,121
3,2219,122
3,2220,64
3,2221,44
3,2222,128
3,2223,32
3,2224,128
3,2225,109
3,2226,128
3,2227,115
3,2228,147
3,2229,77
3,2230,205
3,2231,128
3,2232,109
3,2233,147
3,2234,141
3,2235,32
3,2236,794
3,2237,96
3,2238,71
3,2239,58
3,2240,38
3,2241,45
3,2242,32
3,2243,52
3,2244,103
3,2245,109
3,2246,314
3,2247,77
3,2248,128
3,2249,96
3,2250,800
3,2251,166
3,2252,167
3,2253,77
3,2254,83
3,2255,90
3,2256,160
3,2257,269
3,2258,102
3,2259,58
3,2260,51
3,2261,32
3,2262,314
3,2263,64
3,2264,135
3,2265,77
3,2266,147
3,2267,122
3,2268,173
3,2269,108
3,2270,173
3,2271,89
3,2272,128
3,2273,64
3,2274,154
3,2275,109
3,2276,135
3,2277,83
3,2278,25
3,2279,45
3,2280,109
3,2281,141
3,2282,154
3,2283,122
3,2284,71
3,2285,64
3,2286,140
3,2287,121
3,2288,77
3,2289,45
3,2290,160
3,2291,64
3,2292,57
3,2293,64
3,2294,122
3,2295,115
3,2296,26
3,2297,-45
3,2298,199
3,2299,70
3,2300,391
3,2301,51
3,2302,64
3,2303,70
3,2304,77
3,2305,51
3,2306,96
3,2307,70
3,2308,166
3,2309,192
3,2310,160
3,2311,134
3,2312,160
3,2313,96
3,2314,154
3,2315,26
3,2316,32
3,2317,96
3,2318,153
3,2319,115
3,2320,212
3,2321,57
3,2322,167
3,2323,109
3,2324,166
3,2325,116
3,2326,397
3,2327,121
3,2328,115
3,2329,51
3,2330,115
3,2331,-256
3,2332,45
3,2333,96
3,2334,160
3,2335,102
3,2336,160
3,2337,108
3,2338,-25
3,2339,147
3,2340,83
3,2341,70
3,2342,160
3,2343,115
3,2344,166
3,2345,45
3,2346,109
3,2347,-13
3,2348,45
3,2349,51
3,2350,128
3,2351,141
3,2352,160
3,2353,230
3,2354,128
3,2355,128
3,2356,90
3,2357,103
3,2358,122
3,2359,109
3,2360,115
3,2361,32
3,2362,160
3,2363,32
3,2364,57
3,2365,76
3,2366,154
3,2367,64
3,2368,57
3,2369,218
3,2370,205
3,2371,64
3,2372,96
3,2373,77
3,2374,160
3,2375,64
3,2376,96
3,2377,96
3,2378,147
3,2379,192
3,2380,147
3,2381,64
3,2382,166
3,2383,320
3,2384,154
3,2385,32
3,2386,154
3,2387,115
3,2388,115
3,2389,-45
3,2390,58
3,2391,90
3,2392,90
3,2393,115
3,2394,90
3,2395,109
3,2396,108
3,2397,45
3,2398,205
3,2399,147
3,2400,109
3,2401,128
3,2402,64
3,2403,128
3,2404,64
3,2405,320
3,2406,122
3,2407,205
3,2408,45
3,2409,250
3,2410,371
3,2411,199
3,2412,218
3,2413,205
3,2414,173
3,2415,147
3,2416,103
3,2417,38
3,2418,84
3,2419,76
3,2420,57
3,2421,45
3,2422,179
3,2423,19
3,2424,51
3,2425,70
3,2426,116
3,2427,116
3,2428,153
3,2429,83
3,2430,199
3,2431,-32
3,2432,89
3,2433,32
3,2434,90
3,2435,25
3,2436,109
3,2437,90
3,2438,211
3,2439,141
3,2440,173
3,2441,102
3,2442,218
3,2443,102
3,2444,166
3,2445,96
3,2446,83
3,2447,160
3,2448,358
3,2449,71
3,2450,167
3,2451,147
3,2452,186
3,2453,77
3,2454,231
3,2455,122
3,2456,115
3,2457,45
3,2458,26
3,2459,141
3,2460,115
3,2461,90
3,2462,186
3,2463,83
3,2464,58
3,2465,64
3,2466,109
3,2467,32
3,2468,166
3,2469,57
3,2470,173
3,2471,96
3,2472,-45
3,2473,109
3,2474,128
3,2475,83
3,2476,147
3,2477,166
3,2478,217
3,2479,83
3,2480,121
3,2481,333
3,2482,84
3,2483,58
3,2484,173
3,2485,58
3,2486,128
3,2487,76
3,2488,77
3,2489,109
3,2490,147
3,2491,83
3,2492,1031
3,2493,-32
3,2494,160
3,2495,45
3,2496,70
3,2497,-32
3,2498,140
3,2499,70
3,2500,108
3,2501,116
3,2502,198
3,2503,64
3,2504,134
3,2505,851
3,2506,121
3,2507,748
3,2508,128
3,2509,103
3,2510,180
3,2511,-64
3,2512,102
3,2513,58
3,2514,90
3,2515,109
3,2516,76
3,2517,109
3,2518,160
3,2519,64
3,2520,109
3,2521,109
3,2522,109
3,2523,153
3,2524,128
3,2525,307
3,2526,166
3,2527,-64
3,2528,211
3,2529,51
3,2530,83
3,2531,90
3,2532,109
3,2533,134
3,2534,77
3,2535,166
3,2536,384
3,2537,320
3,2538,249
3,2539,57
3,2540,109
3,2541,154
3,2542,167
3,2543,-38
3,2544,185
3,2545,51
3,2546,83
3,2547,103
3,2548,128
3,2549,173
3,2550,173
3,2551,115
3,2552,57
3,2553,211
3,2554,83
3,2555,153
3,2556,166
3,2557,96
3,2558,224
3,2559,77
3,2560,76
3,2561,64
3,2562,96
3,2563,122
3,2564,115
3,2565,64
3,2566,154
3,2567,115
3,2568,109
3,2569,160
3,2570,51
3,2571,64
3,2572,64
3,2573,166
3,2574,103
3,2575,96
3,2576,58
3,2577,51
3,2578,96
3,2579,51
3,2580,301
3,2581,51
3,2582,116
3,2583,102
3,2584,256
3,2585,-51
3,2586,185
3,2587,52
3,2588,52
3,2589,52
3,2590,134
3,2591,108
3,2592,108
3,2593,109
3,2594,70
3,2595,77
3,2596,64
3,2597,89
3,2598,115
3,2599,103
3,2600,83
3,2601,45
3,2602,103
3,2603,70
3,2604,102
3,2605,103
3,2606,83
3,2607,51
3,2608,96
3,2609,51
3,2610,160
3,2611,51
3,2612,166
3,2613,90
3,2614,160
3,2615,109
3,2616,147
3,2617,-25
3,2618,192
3,2619,32
3,2620,122
3,2621,58
3,2622,-230
3,2623,71
3,2624,140
3,2625,39
3,2626,70
3,2627,109
3,2628,102
3,2629,96
3,2630,83
3,2631,115
3,2632,96
3,2633,51
3,2634,160
3,2635,147
3,2636,121
3,2637,141
3,2638,96
3,2639,115
3,2640,96
3,2641,103
3,2642,103
3,2643,109
3,2644,45
3,2645,32
3,2646,147
3,2647,250
3,2648,115
3,2649,160
3,2650,160
3,2651,166
3,2652,160
3,2653,109
3,2654,160
3,2655,109
3,2656,83
3,2657,57
3,2658,103
3,2659,71
3,2660,70
3,2661,39
3,2662,147
3,2663,77
3,2664,166
3,2665,109
3,2666,109
3,2667,102
3,2668,128
3,2669,38
3,2670,172
3,2671,108
3,2672,160
3,2673,-26
3,2674,26
3,2675,64
3,2676,115
3,2677,109
3,2678,121
3,2679,77
3,2680,102
3,2681,141
3,2682,198
3,2683,57
3,2684,89
3,2685,116
3,2686,128
3,2687,128
3,2688,109
3,2689,77
3,2690,236
3,2691,121
3,2692,173
3,2693,77
3,2694,121
3,2695,-57
3,2696,198
3,2697,51
3,2698,116
3,2699,70
3,2700,199
3,2701,32
3,2702,173
3,2703,109
3,2704,71
3,2705,109
3,2706,179
3,2707,-51
3,2708,173
3,2709,45
3,2710,121
3,2711,96
3,2712,141
3,2713,26
3,2714,102
3,2715,71
3,2716,122
3,2717,166
3,2718,212
3,2719,109
3,2720,83
3,2721,109
3,2722,192
3,2723,167
3,2724,173
3,2725,115
3,2726,128
3,2727,76
3,2728,102
3,2729,51
3,2730,76
3,2731,109
3,2732,147
3,2733,-26
3,2734,103
3,2735,58
3,2736,83
3,2737,83
3,2738,378
3,2739,-180
3,2740,192
3,2741,166
3,2742,160
3,2743,58
3,2744,185
3,2745,103
3,2746,167
3,2747,83
3,2748,813
3,2749,25
3,2750,121
3,2751,115
3,2752,109
3,2753,-19
3,2754,71
3,2755,77
3,2756,96
3,2757,90
3,2758,147
3,2759,90
3,2760,128
3,2761,128
3,2762,794
3,2763,154
3,2764,160
3,2765,128
3,2766,160
3,2767,122
3,2768,128
3,2769,-25
3,2770,141
3,2771,96
3,2772,160
3,2773,51
3,2774,134
3,2775,52
3,2776,64
3,2777,154
3,2778,128
3,2779,147
3,2780,147
3,2781,160
3,2782,224
3,2783,333
3,2784,256
3,2785,64
3,2786,116
3,2787,83
3,2788,71
3,2789,77
3,2790,-32
3,2791,64
3,2792,147
3,2793,71
3,2794,160
3,2795,154
3,2796,51
3,2797,45
3,2798,128
3,2799,160
3,2800,128
3,2801,64
3,2802,64
3,2803,57
3,2804,128
3,2805,166
3,2806,224
3,2807,58
3,2808,64
3,2809,154
3,2810,256
3,2811,121
3,2812,-45
3,2813,121
3,2814,167
3,2815,109
3,2816,116
3,2817,20
3,2818,96
3,2819,71
3,2820,64
3,2821,121
3,2822,-32
3,2823,179
3,2824,211
3,2825,26
3,2826,128
3,2827,38
3,2828,153
3,2829,32
3,2830,108
3,2831,77
3,2832,96
3,2833,64
3,2834,179
3,2835,89
3,2836,147
3,2837,352
3,2838,121
3,2839,122
3,2840,109
3,2841,19
3,2842,134
3,2843,77
3,2844,19
3,2845,58
3,2846,160
3,2847,83
3,2848,295
3,2849,141
3,2850,96
3,2851,121
3,2852,173
3,2853,51
3,2854,102
3,2855,64
3,2856,122
3,2857,32
3,2858,108
3,2859,109
3,2860,116
3,2861,64
3,2862,121
3,2863,64
3,2864,256
3,2865,64
3,2866,64
3,2867,134
3,2868,167
3,2869,39
3,2870,211
3,2871,121
3,2872,102
3,2873,51
3,2874,134
3,2875,45
3,2876,122
3,2877,51
3,2878,70
3,2879,58
3,2880,-26
3,2881,44
3,2882,58
3,2883,52
3,2884,64
3,2885,102
3,2886,148
3,2887,122
3,2888,115
3,2889,102
3,2890,186
3,2891,141
3,2892,185
3,2893,51
3,2894,102
3,2895,64
3,2896,148
3,2897,262
3,2898,90
3,2899,57
3,2900,76
3,2901,52
3,2902,51
3,2903,64
3,2904,102
3,2905,103
3,2906,154
3,2907,122
3,2908,83
3,2909,52
3,2910,-32
3,2911,128
3,2912,115
3,2913,44
3,2914,166
3,2915,77
3,2916,32
3,2917,64
3,2918,64
3,2919,109
3,2920,166
3,2921,128
3,2922,128
3,2923,109
3,2924,116
3,2925,231
3,2926,77
3,2927,96
3,2928,96
3,2929,-474
3,2930,51
3,2931,58
3,2932,70
3,2933,52
3,2934,167
3,2935,96
3,2936,237
3,2937,307
3,2938,-71
3,2939,90
3,2940,147
3,2941,52
3,2942,153
3,2943,116
3,2944,122
3,2945,57
3,2946,64
3,2947,51
3,2948,160
3,2949,109
3,2950,96
3,2951,83
3,2952,109
3,2953,70
3,2954,115
3,2955,70
3,2956,185
3,2957,71
3,2958,115
3,2959,64
3,2960,179
3,2961,45
3,2962,173
3,2963,77
3,2964,-38
3,2965,179
3,2966,102
3,2967,32
3,2968,121
3,2969,-25
3,2970,109
3,2971,102
3,2972,134
3,2973,166
3,2974,179
3,2975,199
3,2976,134
3,2977,84
3,2978,115
3,2979,109
3,2980,-38
3,2981,135
3,2982,83
3,2983,103
3,2984,109
3,2985,57
3,2986,135
3,2987,108
3,2988,109
3,2989,83
3,2990,147
3,2991,109
3,2992,122
3,2993,70
3,2994,186
3,2995,141
3,2996,115
3,2997,377
3,2998,122
3,2999,160
3,3000,147
3,3001,64
3,3002,160
3,3003,134
3,3004,826
3,3005,109
3,3006,224
3,3007,64
3,3008,83
3,3009,-7
3,3010,70
3,3011,64
3,3012,38
3,3013,70
3,3014,70
3,3015,39
3,3016,96
3,3017,800
3,3018,179
3,3019,781
3,3020,192
3,3021,109
3,3022,365
3,3023,122
3,3024,198
3,3025,51
3,3026,45
3,3027,77
3,3028,109
3,3029,160
3,3030,64
3,3031,153
3,3032,198
3,3033,148
3,3034,134
3,3035,116
3,3036,57
3,3037,371
3,3038,77
3,3039,83
3,3040,160
3,3041,90
3,3042,115
3,3043,70
3,3044,115
3,3045,71
3,3046,51
3,3047,102
3,3048,186
3,3049,391
3,3050,116
3,3051,109
3,3052,70
3,3053,70
3,3054,204
3,3055,77
3,3056,102
3,3057,58
3,3058,51
3,3059,269
3,3060,71
3,3061,70
3,3062,103
3,3063,115
3,3064,115
3,3065,96
3,3066,199
3,3067,154
3,3068,109
3,3069,-32
3,3070,172
3,3071,166
3,3072,96
3,3073,109
3,3074,154
3,3075,96
3,3076,115
3,3077,90
3,3078,192
3,3079,147
3,3080,108
3,3081,288
3,3082,96
3,3083,103
3,3084,102
3,3085,57
3,3086,109
3,3087,25
3,3088,147
3,3089,102
3,3090,147
3,3091,71
3,3092,167
3,3093,108
3,3094,167
3,3095,71
3,3096,115
3,3097,70
3,3098,115
3,3099,57
3,3100,-486
3,3101,71
3,3102,-51
3,3103,84
3,3104,51
3,3105,116
3,3106,90
3,3107,167
3,3108,128
3,3109,57
3,3110,128
3,3111,147
3,3112,154
3,3113,25
3,3114,108
3,3115,115
3,3116,51
3,3117,160
3,3118,64
3,3119,38
3,3120,39
3,3121,-236
3,3122,167
3,3123,90
3,3124,166
3,3125,89
3,3126,404
3,3127,51
3,3128,89
3,3129,45
3,3130,83
3,3131,57
3,3132,76
3,3133,38
3,3134,167
3,3135,76
3,3136,77
3,3137,77
3,3138,135
3,3139,25
3,3140,108
3,3141,89
3,3142,128
3,3143,70
3,3144,116
3,3145,167
3,3146,115
3,3147,70
3,3148,199
3,3149,71
3,3150,185
3,3151,115
3,3152,116
3,3153,64
3,3154,64
3,3155,13
3,3156,141
3,3157,70
3,3158,83
3,3159,64
3,3160,96
3,3161,179
3,3162,153
3,3163,166
3,3164,172
3,3165,147
3,3166,173
3,3167,141
3,3168,57
3,3169,109
3,3170,371
3,3171,58
3,3172,115
3,3173,51
3,3174,109
3,3175,70
3,3176,-32
3,3177,141
3,3178,160
3,3179,115
3,3180,83
3,3181,64
3,3182,121
3,3183,109
3,3184,128
3,3185,-44
3,3186,83
3,3187,77
3,3188,121
3,3189,71
3,3190,179
3,3191,38
3,3192,154
3,3193,115
3,3194,167
3,3195,109
3,3196,160
3,3197,77
3,3198,160
3,3199,121
3,3200,154
3,3201,109
3,3202,249
3,3203,109
3,3204,148
3,3205,102
3,3206,147
3,3207,109
3,3208,154
3,3209,38
3,3210,116
3,3211,64
3,3212,371
3,3213,25
3,3214,19
3,3215,70
3,3216,52
3,3217,103
3,3218,128
3,3219,77
3,3220,141
3,3221,269
3,3222,103
3,3223,-39
3,3224,141
3,3225,77
3,3226,160
3,3227,90
3,3228,167
3,3229,83
3,3230,64
3,3231,153
3,3232,154
3,3233,77
3,3234,224
3,3235,160
3,3236,180
3,3237,83
3,3238,141
3,3239,115
3,3240,71
3,3241,70
3,3242,160
3,3243,166
3,3244,96
3,3245,51
3,3246,147
3,3247,57
3,3248,134
3,3249,122
3,3250,115
3,3251,108
3,3252,115
3,3253,51
3,3254,90
3,3255,64
3,3256,71
3,3257,96
3,3258,128
3,3259,314
3,3260,825
3,3261,57
3,3262,180
3,3263,83
3,3264,96
3,3265,44
3,3266,-32
3,3267,45
3,3268,83
3,3269,71
3,3270,52
3,3271,70
3,3272,96
3,3273,103
3,3274,787
3,3275,102
3,3276,64
3,3277,103
3,3278,166
3,3279,103
3,3280,102
3,3281,39
3,3282,224
3,3283,71
3,3284,115
3,3285,45
3,3286,64
3,3287,71
3,3288,102
3,3289,109
3,3290,102
3,3291,102
3,3292,116
3,3293,58
3,3294,122
3,3295,57
3,3296,58
3,3297,109
3,3298,160
3,3299,57
3,3300,121
3,3301,45
3,3302,128
3,3303,64
3,3304,135
3,3305,76
3,3306,173
3,3307,116
3,3308,121
3,3309,180
3,3310,172
3,3311,185
3,3312,51
3,3313,-26
3,3314,-26
3,3315,103
3,3316,52
3,3317,109
3,3318,71
3,3319,77
3,3320,45
3,3321,108
3,3322,154
3,3323,44
3,3324,-52
3,3325,134
3,3326,205
3,3327,-45
3,3328,-58
3,3329,128
3,3330,-32
3,3331,256
3,3332,77
3,3333,-25
3,3334,230
3,3335,64
3,3336,115
3,3337,-7
3,3338,173
3,3339,84
3,3340,71
3,3341,45
3,3342,192
3,3343,115
3,3344,128
3,3345,77
3,3346,154
3,3347,102
3,3348,115
3,3349,71
3,3350,173
3,3351,-249
3,3352,109
3,3353,52
3,3354,77
3,3355,64
3,3356,-83
3,3357,96
3,3358,166
3,3359,64
3,3360,58
3,3361,115
3,3362,108
3,3363,109
3,3364,121
3,3365,102
3,3366,102
3,3367,103
3,3368,115
3,3369,25
3,3370,109
3,3371,58
3,3372,-51
3,3373,96
3,3374,76
3,3375,13
3,3376,51
3,3377,153
3,3378,102
3,3379,96
3,3380,153
3,3381,160
3,3382,320
3,3383,192
3,3384,198
3,3385,58
3,3386,-45
3,3387,51
3,3388,77
3,3389,58
3,3390,25
3,3391,64
3,3392,70
3,3393,32
3,3394,96
3,3395,167
3,3396,147
3,3397,160
3,3398,160
3,3399,115
3,3400,346
3,3401,128
3,3402,-32
3,3403,128
3,3404,115
3,3405,-71
3,3406,217
3,3407,116
3,3408,70
3,3409,58
3,3410,121
3,3411,58
3,3412,103
3,3413,77
3,3414,147
3,3415,64
3,3416,71
3,3417,57
3,3418,-44
3,3419,83
3,3420,121
3,3421,-26
3,3422,160
3,3423,121
3,3424,160
3,3425,45
3,3426,167
3,3427,121
3,3428,51
3,3429,64
3,3430,166
3,3431,121
3,3432,51
3,3433,-25
3,3434,96
3,3435,57
3,3436,-249
3,3437,96
3,3438,122
3,3439,70
3,3440,51
3,3441,-45
3,3442,121
3,3443,-237
3,3444,96
3,3445,83
3,3446,121
3,3447,64
3,3448,64
3,3449,96
3,3450,180
3,3451,103
3,3452,115
3,3453,359
3,3454,19
3,3455,160
3,3456,57
3,3457,109
3,3458,102
3,3459,64
3,3460,173
3,3461,45
3,3462,160
3,3463,103
3,3464,-45
3,3465,51
3,3466,115
3,3467,51
3,3468,83
3,3469,64
3,3470,160
3,3471,70
3,3472,64
3,3473,64
3,3474,141
3,3475,109
3,3476,-12
3,3477,64
3,3478,160
3,3479,96
3,3480,64
3,3481,64
3,3482,204
3,3483,102
3,3484,58
3,3485,51
3,3486,211
3,3487,89
3,3488,32
3,3489,109
3,3490,147
3,3491,44
3,3492,122
3,3493,83
3,3494,77
3,3495,51
3,3496,89
3,3497,51
3,3498,122
3,3499,103
3,3500,186
3,3501,39
3,3502,160
3,3503,77
3,3504,134
3,3505,64
3,3506,57
3,3507,90
3,3508,64
3,3509,90
3,3510,51
3,3511,64
3,3512,384
3,3513,103
3,3514,135
3,3515,148
3,3516,832
3,3517,38
3,3518,64
3,3519,109
3,3520,167
3,3521,45
3,3522,115
3,3523,64
3,3524,77
3,3525,51
3,3526,83
3,3527,58
3,3528,26
3,3529,768
3,3530,204
3,3531,761
3,3532,84
3,3533,57
3,3534,250
3,3535,77
3,3536,102
3,3537,58
3,3538,166
3,3539,26
3,3540,58
3,3541,64
3,3542,173
3,3543,109
3,3544,57
3,3545,70
3,3546,121
3,3547,109
3,3548,160
3,3549,96
3,3550,218
3,3551,141
3,3552,51
3,3553,70
3,3554,134
3,3555,281
3,3556,51
3,3557,58
3,3558,160
3,3559,-32
3,3560,128
3,3561,51
3,3562,135
3,3563,147
3,3564,275
3,3565,77
3,3566,217
3,3567,115
3,3568,108
3,3569,38
3,3570,89
3,3571,96
3,3572,77
3,3573,71
3,3574,147
3,3575,-70
3,3576,154
3,3577,89
3,3578,199
3,3579,77
3,3580,71
3,3581,108
3,3582,166
3,3583,141
3,3584,64
3,3585,148
3,3586,109
3,3587,-64
3,3588,116
3,3589,102
3,3590,205
3,3591,115
3,3592,135
3,3593,-20
3,3594,186
3,3595,96
3,3596,154
3,3597,70
3,3598,109
3,3599,64
3,3600,115
3,3601,64
3,3602,122
3,3603,122
3,3604,153
3,3605,103
3,3606,166
3,3607,166
3,3608,141
3,3609,32
3,3610,64
3,3611,89
3,3612,108
3,3613,52
3,3614,77
3,3615,51
3,3616,102
3,3617,64
3,3618,192
3,3619,102
3,3620,116
3,3621,134
3,3622,160
3,3623,109
3,3624,167
3,3625,77
3,3626,115
3,3627,365
3,3628,115
3,3629,90
3,3630,141
3,3631,109
3,3632,51
3,3633,51
3,3634,166
3,3635,76
3,3636,109
3,3637,109
3,3638,148
3,3639,90
3,3640,109
3,3641,51
3,3642,32
3,3643,64
3,3644,77
3,3645,70
3,3646,70
3,3647,102
3,3648,70
3,3649,256
3,3650,70
3,3651,-58
3,3652,128
3,3653,39
3,3654,115
3,3655,57
3,3656,109
3,3657,57
3,3658,147
3,3659,128
3,3660,115
3,3661,83
3,3662,167
3,3663,109
3,3664,102
3,3665,103
3,3666,58
3,3667,19
3,3668,64
3,3669,38
3,3670,-64
3,3671,89
3,3672,160
3,3673,180
3,3674,166
3,3675,364
3,3676,153
3,3677,109
3,3678,160
3,3679,83
3,3680,70
3,3681,115
3,3682,160
3,3683,90
3,3684,134
3,3685,77
3,3686,173
3,3687,77
3,3688,128
3,3689,103
3,3690,230
3,3691,128
3,3692,173
3,3693,52
3,3694,179
3,3695,115
3,3696,57
3,3697,-294
3,3698,108
3,3699,154
3,3700,103
3,3701,76
3,3702,160
3,3703,64
3,3704,77
3,3705,153
3,3706,140
3,3707,154
3,3708,166
3,3709,121
3,3710,205
3,3711,64
3,3712,115
3,3713,96
3,3714,250
3,3715,77
3,3716,122
3,3717,154
3,3718,198
3,3719,103
3,3720,128
3,3721,109
3,3722,147
3,3723,64
3,3724,77
3,3725,83
3,3726,109
3,3727,64
3,3728,-45
3,3729,90
3,3730,192
3,3731,116
3,3732,116
3,3733,51
3,3734,116
3,3735,115
3,3736,109
3,3737,39
3,3738,160
3,3739,77
3,3740,115
3,3741,64
3,3742,154
3,3743,-32
3,3744,89
3,3745,115
3,3746,102
3,3747,147
3,3748,167
3,3749,76
3,3750,204
3,3751,70
3,3752,96
3,3753,90
3,3754,51
3,3755,58
3,3756,64
3,3757,-6
3,3758,256
3,3759,51
3,3760,32
3,3761,70
3,3762,109
3,3763,116
3,3764,102
3,3765,64
3,3766,90
3,3767,90
3,3768,96
3,3769,51
3,3770,160
3,3771,45
3,3772,813
3,3773,90
3,3774,51
3,3775,58
3,3776,71
3,3777,96
3,3778,32
3,3779,64
3,3780,103
3,3781,96
3,3782,115
3,3783,76
3,3784,77
3,3785,70
3,3786,826
3,3787,96
3,3788,122
3,3789,96
3,3790,243
3,3791,121
3,3792,109
3,3793,186
3,3794,64
3,3795,122
3,3796,39
3,3797,102
3,3798,96
3,3799,109
3,3800,153
3,3801,109
3,3802,147
3,3803,109
3,3804,70
3,3805,77
3,3806,249
3,3807,96
3,3808,115
3,3809,103
3,3810,45
3,3811,102
3,3812,109
3,3813,64
3,3814,173
3,3815,58
3,3816,205
3,3817,147
3,3818,58
3,3819,140
3,3820,116
3,3821,109
3,3822,173
3,3823,147
3,3824,153
3,3825,39
3,3826,44
3,3827,102
3,3828,70
3,3829,64
3,3830,160
3,3831,109
3,3832,109
3,3833,115
3,3834,172
3,3835,128
3,3836,166
3,3837,103
3,3838,263
3,3839,128
3,3840,160
3,3841,64
3,3842,307
3,3843,77
3,3844,70
3,3845,90
3,3846,90
3,3847,115
3,3848,166
3,3849,26
3,3850,-64
3,3851,83
3,3852,103
3,3853,237
3,3854,83
3,3855,96
3,3856,160
3,3857,128
3,3858,102
3,3859,83
3,3860,167
3,3861,77
3,3862,211
3,3863,141
3,3864,179
3,3865,38
3,3866,109
3,3867,77
3,3868,52
3,3869,71
3,3870,198
3,3871,90
3,3872,154
3,3873,102
3,3874,128
3,3875,102
3,3876,148
3,3877,103
3,3878,128
3,3879,115
3,3880,121
3,3881,52
3,3882,148
3,3883,77
3,3884,64
3,3885,70
3,3886,32
3,3887,224
3,3888,141
3,3889,109
3,3890,173
3,3891,153
3,3892,115
3,3893,140
3,3894,166
3,3895,96
3,3896,115
3,3897,58
3,3898,122
3,3899,58
3,3900,109
3,3901,76
3,3902,173
3,3903,-64
3,3904,147
3,3905,39
3,3906,58
3,3907,57
3,3908,38
3,3909,71
3,3910,166
3,3911,102
3,3912,122
3,3913,115
3,3914,192
3,3915,166
3,3916,122
3,3917,102
3,3918,77
3,3919,121
3,3920,153
3,3921,26
3,3922,167
3,3923,45
3,3924,115
3,3925,52
3,3926,122
3,3927,211
3,3928,-38
3,3929,84
3,3930,134
3,3931,128
3,3932,128
3,3933,358
3,3934,141
3,3935,64
3,3936,166
3,3937,109
3,3938,160
3,3939,115
3,3940,96
3,3941,45
3,3942,147
3,3943,51
3,3944,71
3,3945,140
3,3946,154
3,3947,121
3,3948,205
3,3949,57
3,3950,115
3,3951,70
3,3952,135
3,3953,-442
3,3954,167
3,3955,-51
3,3956,122
3,3957,89
3,3958,77
3,3959,45
3,3960,205
3,3961,115
3,3962,172
3,3963,140
3,3964,153
3,3965,160
3,3966,211
3,3967,70
3,3968,77
3,3969,90
3,3970,64
3,3971,77
3,3972,140
3,3973,64
3,3974,109
3,3975,90
3,3976,-44
3,3977,77
3,3978,115
3,3979,96
3,3980,179
3,3981,64
3,3982,96
3,3983,115
3,3984,115
3,3985,58
3,3986,160
3,3987,71
3,3988,115
3,3989,51
3,3990,109
3,3991,58
3,3992,115
3,3993,70
3,3994,166
3,3995,102
3,3996,64
3,3997,64
3,3998,141
3,3999,115
3,4000,102
3,4001,51
3,4002,141
3,4003,26
3,4004,314
3,4005,51
3,4006,-45
3,4007,198
3,4008,77
3,4009,64
3,4010,173
3,4011,96
3,4012,64
3,4013,64
3,4014,160
3,4015,83
3,4016,109
3,4017,45
3,4018,121
3,4019,71
3,4020,71
3,4021,96
3,4022,186
3,4023,512
3,4024,135
3,4025,96
3,4026,115
3,4027,115
3,4028,806
3,4029,365
3,4030,83
3,4031,109
3,4032,103
3,4033,-7
3,4034,103
3,4035,64
3,4036,77
3,4037,-26
3,4038,211
3,4039,102
3,4040,70
3,4041,788
3,4042,115
3,4043,742
3,4044,109
3,4045,-32
3,4046,96
3,4047,121
3,4048,166
3,4049,-32
3,4050,134
3,4051,-39
3,4052,167
3,4053,76
3,4054,115
3,4055,-64
3,4056,90
3,4057,57
3,4058,141
3,4059,115
3,4060,147
3,4061,71
3,4062,96
3,4063,153
3,4064,378
3,4065,147
3,4066,276
3,4067,64
3,4068,102
3,4069,96
3,4070,115
3,4071,57
3,4072,71
3,4073,51
3,4074,115
3,4075,57
3,4076,103
3,4077,-58
3,4078,160
3,4079,109
3,4080,205
3,4081,52
3,4082,134
3,4083,32
3,4084,58
3,4085,172
3,4086,179
3,4087,147
3,4088,83
3,4089,116
3,4090,26
3,4091,173
3,4092,121
3,4093,77
3,4094,90
3,4095,109
3,4096,103
3,4097,58
3,4098,365
3,4099,71
3,4100,148
3,4101,217
3,4102,217
3,4103,-45
3,4104,236
3,4105,121
3,4106,172
3,4107,96
3,4108,134
3,4109,109
3,4110,167
3,4111,64
3,4112,-32
3,4113,115
3,4114,167
3,4115,115
3,4116,160
3,4117,307
3,4118,199
3,4119,64
3,4120,173
3,4121,115
3,4122,135
3,4123,102
3,4124,224
3,4125,64
3,4126,167
3,4127,64
3,4128,134
3,4129,122
3,4130,128
3,4131,160
3,4132,122
3,4133,128
3,4134,-45
3,4135,167
3,4136,115
3,4137,26
3,4138,116
3,4139,77
3,4140,70
3,4141,51
3,4142,199
3,4143,102
3,4144,128
3,4145,70
3,4146,102
3,4147,109
3,4148,83
3,4149,147
3,4150,121
3,4151,109
3,4152,121
3,4153,64
3,4154,71
3,4155,109
3,4156,140
3,4157,38
3,4158,51
3,4159,160
3,4160,122
3,4161,51
3,4162,121
3,4163,70
3,4164,102
3,4165,358
3,4166,32
3,4167,115
3,4168,103
3,4169,64
3,4170,115
3,4171,122
3,4172,121
3,4173,83
3,4174,140
3,4175,64
3,4176,179
3,4177,-38
3,4178,89
3,4179,83
3,4180,58
3,4181,185
3,4182,198
3,4183,121
3,4184,160
3,4185,108
3,4186,199
3,4187,140
3,4188,166
3,4189,109
3,4190,212
3,4191,320
3,4192,96
3,4193,57
3,4194,167
3,4195,96
3,4196,52
3,4197,96
3,4198,199
3,4199,109
3,4200,122
3,4201,57
3,4202,153
3,4203,108
3,4204,96
3,4205,32
3,4206,109
3,4207,71
3,4208,-64
3,4209,128
3,4210,102
3,4211,147
3,4212,134
3,4213,121
3,4214,179
3,4215,57
3,4216,180
3,4217,109
3,4218,185
3,4219,89
3,4220,109
3,4221,51
3,4222,179
3,4223,115
3,4224,179
3,4225,109
3,4226,109
3,4227,84
3,4228,116
3,4229,-32
3,4230,128
3,4231,58
3,4232,160
3,4233,58
3,4234,199
3,4235,115
3,4236,109
3,4237,64
3,4238,141
3,4239,-64
3,4240,115
3,4241,128
3,4242,147
3,4243,115
3,4244,77
3,4245,96
3,4246,102
3,4247,141
3,4248,211
3,4249,51
3,4250,179
3,4251,115
3,4252,141
3,4253,109
3,4254,84
3,4255,90
3,4256,122
3,4257,-32
3,4258,185
3,4259,147
3,4260,186
3,4261,147
3,4262,160
3,4263,160
3,4264,198
3,4265,141
3,4266,167
3,4267,51
3,4268,121
3,4269,96
3,4270,64
3,4271,-32
3,4272,186
3,4273,109
3,4274,180
3,4275,102
3,4276,116
3,4277,96
3,4278,160
3,4279,51
3,4280,103
3,4281,70
3,4282,160
3,4283,51
3,4284,851
3,4285,26
3,4286,116
3,4287,134
3,4288,77
3,4289,57
3,4290,166
3,4291,134
3,4292,51
3,4293,-474
3,4294,70
3,4295,77
3,4296,109
3,4297,103
3,4298,800
3,4299,140
3,4300,141
3,4301,103
3,4302,109
3,4303,89
3,4304,58
3,4305,58
3,4306,64
3,4307,32
3,4308,32
3,4309,51
3,4310,26
3,4311,128
3,4312,77
3,4313,122
3,4314,167
3,4315,108
3,4316,102
3,4317,122
3,4318,64
3,4319,71
3,4320,103
3,4321,57
3,4322,166
3,4323,26
3,4324,70
3,4325,77
3,4326,103
3,4327,64
3,4328,115
3,4329,313
3,4330,121
3,4331,102
3,4332,102
3,4333,148
3,4334,32
3,4335,109
3,4336,109
3,4337,-20
3,4338,77
3,4339,103
3,4340,45
3,4341,45
3,4342,115
3,4343,115
3,4344,141
3,4345,116
3,4346,167
3,4347,121
3,4348,121
3,4349,64
3,4350,39
3,4351,211
3,4352,147
3,4353,128
3,4354,217
3,4355,109
3,4356,64
3,4357,89
3,4358,122
3,4359,128
3,4360,167
3,4361,-7
3,4362,32
3,4363,71
3,4364,51
3,4365,109
3,4366,154
3,4367,32
3,4368,166
3,4369,153
3,4370,173
3,4371,205
3,4372,-45
3,4373,109
3,4374,147
3,4375,122
3,4376,134
3,4377,32
3,4378,141
3,4379,26
3,4380,77
3,4381,57
3,4382,-32
3,4383,45
3,4384,96
3,4385,109
3,4386,154
3,4387,64
3,4388,96
3,4389,103
3,4390,192
3,4391,64
3,4392,70
3,4393,38
3,4394,147
3,4395,19
3,4396,71
3,4397,58
3,4398,192
3,4399,96
3,4400,167
3,4401,96
3,4402,147
3,4403,77
3,4404,166
3,4405,51
3,4406,-192
3,4407,384
3,4408,410
3,4409,51
3,4410,103
3,4411,32
3,4412,64
3,4413,51
3,4414,166
3,4415,32
3,4416,89
3,4417,39
3,4418,128
3,4419,-45
3,4420,57
3,4421,90
3,4422,173
3,4423,83
3,4424,147
3,4425,128
3,4426,160
3,4427,128
3,4428,205
3,4429,346
3,4430,211
3,4431,102
3,4432,70
3,4433,57
3,4434,128
3,4435,96
3,4436,128
3,4437,58
3,4438,185
3,4439,-45
3,4440,77
3,4441,83
3,4442,122
3,4443,83
3,4444,192
3,4445,58
3,4446,122
3,4447,109
3,4448,140
3,4449,38
3,4450,96
3,4451,-51
3,4452,84
3,4453,64
3,4454,25
3,4455,327
3,4456,64
3,4457,77
3,4458,128
3,4459,108
3,4460,57
3,4461,71
3,4462,96
3,4463,-13
3,4464,90
3,4465,26
3,4466,121
3,4467,64
3,4468,51
3,4469,90
3,4470,326
3,4471,109
3,4472,160
3,4473,116
3,4474,160
3,4475,64
3,4476,109
3,4477,39
3,4478,70
3,4479,90
3,4480,45
3,4481,-26
3,4482,83
3,4483,134
3,4484,122
3,4485,57
3,4486,192
3,4487,122
3,4488,96
3,4489,109
3,4490,96
3,4491,89
3,4492,71
3,4493,45
3,4494,180
3,4495,51
3,4496,153
3,4497,70
3,4498,116
3,4499,96
3,4500,103
3,4501,96
3,4502,179
3,4503,320
3,4504,45
3,4505,64
3,4506,160
3,4507,96
3,4508,148
3,4509,89
3,4510,160
3,4511,96
3,4512,109
3,4513,25
3,4514,51
3,4515,83
3,4516,84
3,4517,128
3,4518,173
3,4519,64
3,4520,166
3,4521,83
3,4522,141
3,4523,58
3,4524,217
3,4525,121
3,4526,167
3,4527,102
3,4528,141
3,4529,83
3,4530,51
3,4531,83
3,4532,44
3,4533,135
3,4534,-26
3,4535,121
3,4536,102
3,4537,116
3,4538,115
3,4539,25
3,4540,800
3,4541,44
3,4542,128
3,4543,83
3,4544,115
3,4545,45
3,4546,109
3,4547,-58
3,4548,160
3,4549,-26
3,4550,141
3,4551,64
3,4552,153
3,4553,800
3,4554,140
3,4555,800
3,4556,64
3,4557,64
3,4558,148
3,4559,89
3,4560,167
3,4561,109
3,4562,25
3,4563,51
3,4564,51
3,4565,109
3,4566,192
3,4567,-64
3,4568,45
3,4569,58
3,4570,102
3,4571,77
3,4572,153
3,4573,134
3,4574,218
3,4575,115
3,4576,115
3,4577,51
3,4578,96
3,4579,57
3,4580,109
3,4581,57
3,4582,167
3,4583,64
3,4584,70
3,4585,128
3,4586,179
3,4587,166
3,4588,71
3,4589,172
3,4590,134
3,4591,109
3,4592,134
3,4593,51
3,4594,128
3,4595,115
3,4596,38
3,4597,45
3,4598,45
3,4599,121
3,4600,77
3,4601,77
3,4602,128
3,4603,109
3,4604,102
3,4605,102
3,4606,38
3,4607,154
3,4608,263
3,4609,51
3,4610,179
3,4611,70
3,4612,109
3,4613,115
3,4614,109
3,4615,83
3,4616,115
3,4617,102
3,4618,77
3,4619,102
3,4620,64
3,4621,70
3,4622,122
3,4623,58
3,4624,70
3,4625,135
3,4626,173
3,4627,76
3,4628,166
3,4629,166
3,4630,90
3,4631,51
3,4632,102
3,4633,26
3,4634,44
3,4635,64
3,4636,-25
3,4637,77
3,4638,390
3,4639,26
3,4640,141
3,4641,89
3,4642,199
3,4643,83
3,4644,128
3,4645,103
3,4646,256
3,4647,122
3,4648,192
3,4649,57
3,4650,122
3,4651,115
3,4652,64
3,4653,64
3,4654,90
3,4655,109
3,4656,160
3,4657,32
3,4658,179
3,4659,108
3,4660,122
3,4661,77
3,4662,179
3,4663,121
3,4664,121
3,4665,58
3,4666,96
3,4667,327
3,4668,-13
3,4669,121
3,4670,109
3,4671,32
3,4672,96
3,4673,-147
3,4674,218
3,4675,64
3,4676,122
3,4677,90
3,4678,128
3,4679,96
3,4680,160
3,4681,70
3,4682,109
3,4683,128
3,4684,135
3,4685,134
3,4686,211
3,4687,141
3,4688,167
3,4689,51
3,4690,128
3,4691,77
3,4692,70
3,4693,135
3,4694,173
3,4695,115
3,4696,38
3,4697,96
3,4698,179
3,4699,64
3,4700,148
3,4701,90
3,4702,160
3,4703,-45
3,4704,115
3,4705,44
3,4706,116
3,4707,71
3,4708,122
3,4709,70
3,4710,186
3,4711,108
3,4712,172
3,4713,141
3,4714,166
3,4715,160
3,4716,115
3,4717,154
3,4718,166
3,4719,83
3,4720,-416
3,4721,-58
3,4722,108
3,4723,64
3,4724,64
3,4725,108
3,4726,154
3,4727,96
3,4728,148
3,4729,141
3,4730,192
3,4731,115
3,4732,96
3,4733,108
3,4734,103
3,4735,167
3,4736,90
3,4737,140
3,4738,103
3,4739,154
3,4740,128
3,4741,51
3,4742,64
3,4743,96
3,4744,102
3,4745,58
3,4746,192
3,4747,115
3,4748,134
3,4749,64
3,4750,397
3,4751,-38
3,4752,122
3,4753,90
3,4754,211
3,4755,102
3,4756,64
3,4757,-38
3,4758,166
3,4759,58
3,4760,102
3,4761,51
3,4762,371
3,4763,58
3,4764,122
3,4765,32
3,4766,122
3,4767,102
3,4768,70
3,4769,148
3,4770,147
3,4771,128
3,4772,384
3,4773,83
3,4774,135
3,4775,70
3,4776,167
3,4777,64
3,4778,160
3,4779,32
3,4780,102
3,4781,307
3,4782,166
3,4783,45
3,4784,141
3,4785,96
3,4786,147
3,4787,141
3,4788,154
3,4789,102
3,4790,205
3,4791,77
3,4792,38
3,4793,96
3,4794,134
3,4795,64
3,4796,839
3,4797,57
3,4798,186
3,4799,44
3,4800,64
3,4801,51
3,4802,109
3,4803,77
3,4804,-13
3,4805,32
3,4806,154
3,4807,109
3,4808,83
3,4809,109
3,4810,813
3,4811,102
3,4812,147
3,4813,115
3,4814,192
3,4815,103
3,4816,179
3,4817,96
3,4818,102
3,4819,64
3,4820,115
3,4821,70
3,4822,44
3,4823,128
3,4824,115
3,4825,102
3,4826,-57
3,4827,134
3,4828,160
3,4829,70
3,4830,83
3,4831,154
3,4832,198
3,4833,51
3,4834,147
3,4835,96
3,4836,57
3,4837,64
3,4838,167
3,4839,77
3,4840,70
3,4841,102
3,4842,-32
3,4843,102
3,4844,102
3,4845,243
3,4846,180
3,4847,115
3,4848,153
3,4849,38
3,4850,90
3,4851,-19
3,4852,90
3,4853,70
3,4854,377
3,4855,57
3,4856,64
3,4857,135
3,4858,205
3,4859,64
3,4860,134
3,4861,205
3,4862,205
3,4863,147
3,4864,102
3,4865,128
3,4866,135
3,4867,121
3,4868,116
3,4869,64
3,4870,154
3,4871,96
3,4872,70
3,4873,45
3,4874,134
3,4875,51
3,4876,58
3,4877,96
3,4878,250
3,4879,90
3,4880,128
3,4881,141
3,4882,262
3,4883,339
3,4884,167
3,4885,64
3,4886,115
3,4887,-51
3,4888,185
3,4889,83
3,4890,102
3,4891,32
3,4892,38
3,4893,121
3,4894,77
3,4895,128
3,4896,166
3,4897,153
3,4898,147
3,4899,108
3,4900,134
3,4901,115
3,4902,179
3,4903,77
3,4904,167
3,4905,32
3,4906,90
3,4907,64
3,4908,64
3,4909,109
3,4910,211
3,4911,109
3,4912,115
3,4913,64
3,4914,128
3,4915,90
3,4916,166
3,4917,108
3,4918,205
3,4919,70
3,4920,128
3,4921,109
3,4922,115
3,4923,20
3,4924,51
3,4925,109
3,4926,64
3,4927,109
3,4928,134
3,4929,71
3,4930,115
3,4931,128
3,4932,166
3,4933,115
3,4934,403
3,4935,83
3,4936,89
3,4937,160
3,4938,250
3,4939,179
3,4940,154
3,4941,77
3,4942,147
3,4943,83
3,4944,58
3,4945,64
3,4946,147
3,4947,58
3,4948,109
3,4949,134
3,4950,102
3,4951,115
3,4952,122
3,4953,96
3,4954,166
3,4955,185
3,4956,122
3,4957,77
3,4958,218
3,4959,70
3,4960,288
3,4961,116
3,4962,64
3,4963,64
3,4964,45
3,4965,77
3,4966,109
3,4967,58
3,4968,89
3,4969,89
3,4970,134
3,4971,166
3,4972,-147
3,4973,192
3,4974,173
3,4975,102
3,4976,44
3,4977,57
3,4978,167
3,4979,109
3,4980,58
3,4981,77
3,4982,109
3,4983,141
3,4984,128
3,4985,135
3,4986,179
3,4987,102
3,4988,173
3,4989,109
3,4990,121
3,4991,128
3,4992,365
3,4993,32
3,4994,116
3,4995,26
3,4996,90
3,4997,57
3,4998,116
3,4999,179
3,5000,39
3,5001,76
3,5002,166
3,5003,77
3,5004,198
3,5005,115
3,5006,166
3,5007,109
3,5008,121
3,5009,96
3,5010,141
3,5011,90
3,5012,109
3,5013,134
3,5014,70
3,5015,57
3,5016,102
3,5017,45
3,5018,108
3,5019,77
3,5020,148
3,5021,89
3,5022,116
3,5023,83
3,5024,90
3,5025,45
3,5026,205
3,5027,39
3,5028,70
3,5029,89
3,5030,147
3,5031,71
3,5032,64
3,5033,52
3,5034,173
3,5035,108
3,5036,70
3,5037,57
3,5038,160
3,5039,64
3,5040,71
3,5041,115
3,5042,160
3,5043,153
3,5044,205
3,5045,134
3,5046,397
3,5047,19
3,5048,179
3,5049,102
3,5050,212
3,5051,83
3,5052,781
3,5053,90
3,5054,173
3,5055,83
3,5056,154
3,5057,58
3,5058,83
3,5059,26
3,5060,58
3,5061,57
3,5062,96
3,5063,51
3,5064,166
3,5065,781
3,5066,167
3,5067,966
3,5068,102
3,5069,160
3,5070,115
3,5071,64
3,5072,-45
3,5073,70
3,5074,147
3,5075,83
3,5076,52
3,5077,102
3,5078,-32
3,5079,134
3,5080,96
3,5081,160
3,5082,122
3,5083,128
3,5084,115
3,5085,179
3,5086,77
3,5087,147
3,5088,-38
3,5089,115
3,5090,96
3,5091,51
3,5092,64
3,5093,-38
3,5094,115
3,5095,57
3,5096,57
3,5097,77
3,5098,167
3,5099,218
3,5100,109
3,5101,83
3,5102,173
3,5103,115
3,5104,173
3,5105,108
3,5106,108
3,5107,26
3,5108,32
3,5109,96
3,5110,116
3,5111,32
3,5112,147
3,5113,122
3,5114,167
3,5115,96
3,5116,77
3,5117,122
3,5118,173
3,5119,122
3,5120,96
3,5121,70
3,5122,108
3,5123,84
3,5124,108
3,5125,102
3,5126,205
3,5127,109
3,5128,128
3,5129,70
3,5130,141
3,5131,64
3,5132,64
3,5133,58
3,5134,115
3,5135,64
3,5136,83
3,5137,147
3,5138,211
3,5139,64
3,5140,122
3,5141,115
3,5142,147
3,5143,166
3,5144,109
3,5145,38
3,5146,-480
3,5147,58
3,5148,57
3,5149,96
3,5150,102
3,5151,-13
3,5152,179
3,5153,122
3,5154,172
3,5155,64
3,5156,103
3,5157,115
3,5158,64
3,5159,115
3,5160,256
3,5161,25
3,5162,64
3,5163,108
3,5164,64
3,5165,115
3,5166,147
3,5167,71
3,5168,109
3,5169,116
3,5170,128
3,5171,128
3,5172,160
3,5173,102
3,5174,147
3,5175,122
3,5176,121
3,5177,64
3,5178,198
3,5179,83
3,5180,147
3,5181,64
3,5182,160
3,5183,115
3,5184,134
3,5185,39
3,5186,76
3,5187,32
3,5188,102
3,5189,64
3,5190,199
3,5191,38
3,5192,173
3,5193,192
3,5194,172
3,5195,154
3,5196,108
3,5197,89
3,5198,147
3,5199,89
3,5200,96
3,5201,89
3,5202,96
3,5203,32
3,5204,51
3,5205,71
3,5206,160
3,5207,64
3,5208,64
3,5209,102
3,5210,198
3,5211,109
3,5212,122
3,5213,71
3,5214,185
3,5215,102
3,5216,147
3,5217,83
3,5218,84
3,5219,71
3,5220,90
3,5221,71
3,5222,70
3,5223,102
3,5224,32
3,5225,147
3,5226,166
3,5227,115
3,5228,115
3,5229,58
3,5230,218
3,5231,64
3,5232,186
3,5233,121
3,5234,84
3,5235,384
3,5236,70
3,5237,109
3,5238,102
3,5239,102
3,5240,122
3,5241,198
3,5242,134
3,5243,96
3,5244,140
3,5245,83
3,5246,147
3,5247,179
3,5248,103
3,5249,58
3,5250,64
3,5251,122
3,5252,83
3,5253,96
3,5254,154
3,5255,57
3,5256,224
3,5257,45
3,5258,122
3,5259,70
3,5260,154
3,5261,44
3,5262,51
3,5263,70
3,5264,57
3,5265,89
3,5266,167
3,5267,116
3,5268,166
3,5269,109
3,5270,109
3,5271,121
3,5272,109
3,5273,58
3,5274,103
3,5275,96
3,5276,166
3,5277,77
3,5278,96
3,5279,121
3,5280,64
3,5281,58
3,5282,116
3,5283,198
3,5284,179
3,5285,102
3,5286,116
3,5287,116
3,5288,115
3,5289,115
3,5290,109
3,5291,51
3,5292,57
3,5293,39
3,5294,45
3,5295,77
3,5296,83
3,5297,154
3,5298,160
3,5299,108
3,5300,109
3,5301,102
3,5302,96
3,5303,71
3,5304,-32
3,5305,109
3,5306,51
3,5307,71
3,5308,806
3,5309,-32
3,5310,-45
3,5311,70
3,5312,51
3,5313,64
3,5314,147
3,5315,51
3,5316,102
3,5317,58
3,5318,173
3,5319,135
3,5320,115
3,5321,-38
3,5322,806
3,5323,147
3,5324,205
3,5325,32
3,5326,135
3,5327,128
3,5328,167
3,5329,96
3,5330,173
3,5331,19
3,5332,64
3,5333,64
3,5334,51
3,5335,109
3,5336,108
3,5337,102
3,5338,179
3,5339,96
3,5340,121
3,5341,147
3,5342,192
3,5343,64
3,5344,102
3,5345,51
3,5346,115
3,5347,25
3,5348,154
3,5349,32
3,5350,25
3,5351,96
3,5352,103
3,5353,198
3,5354,128
3,5355,116
3,5356,173
3,5357,83
3,5358,231
3,5359,153
3,5360,212
3,5361,45
3,5362,147
3,5363,52
3,5364,115
3,5365,58
3,5366,154
3,5367,122
3,5368,26
3,5369,58
3,5370,115
3,5371,83
3,5372,109
3,5373,89
3,5374,166
3,5375,154
3,5376,154
3,5377,116
3,5378,186
3,5379,-70
3,5380,84
3,5381,108
3,5382,256
3,5383,147
3,5384,103
3,5385,77
3,5386,96
3,5387,19
3,5388,167
3,5389,128
3,5390,160
3,5391,96
3,5392,64
3,5393,70
3,5394,198
3,5395,102
3,5396,70
3,5397,57
3,5398,70
3,5399,-51
3,5400,153
3,5401,32
3,5402,84
3,5403,90
3,5404,64
3,5405,51
3,5406,57
3,5407,64
3,5408,102
3,5409,115
3,5410,96
3,5411,90
3,5412,109
3,5413,365
3,5414,83
3,5415,115
3,5416,205
3,5417,-25
3,5418,135
3,5419,19
3,5420,128
3,5421,116
3,5422,122
3,5423,109
3,5424,173
3,5425,115
3,5426,121
3,5427,57
3,5428,148
3,5429,64
3,5430,102
3,5431,122
3,5432,154
3,5433,26
3,5434,70
3,5435,45
3,5436,70
3,5437,96
3,5438,166
3,5439,89
3,5440,121
3,5441,84
3,5442,77
3,5443,12
3,5444,51
3,5445,128
3,5446,160
3,5447,102
3,5448,89
3,5449,64
3,5450,71
3,5451,128
3,5452,371
3,5453,51
3,5454,192
3,5455,141
3,5456,96
3,5457,-52
3,5458,166
3,5459,57
3,5460,109
3,5461,70
3,5462,102
3,5463,83
3,5464,148
3,5465,109
3,5466,154
3,5467,134
3,5468,167
3,5469,38
3,5470,199
3,5471,243
3,5472,269
3,5473,58
3,5474,70
3,5475,115
3,5476,109
3,5477,90
3,5478,148
3,5479,71
3,5480,77
3,5481,109
3,5482,64
3,5483,77
3,5484,128
3,5485,77
3,5486,83
3,5487,-409
3,5488,96
3,5489,57
3,5490,135
3,5491,64
3,5492,122
3,5493,51
3,5494,198
3,5495,115
3,5496,109
3,5497,115
3,5498,115
3,5499,-45
3,5500,-45
3,5501,70
3,5502,166
3,5503,70
3,5504,51
3,5505,141
3,5506,109
3,5507,64
3,5508,160
3,5509,64
3,5510,173
3,5511,153
3,5512,122
3,5513,76
3,5514,192
3,5515,-51
3,5516,115
3,5517,96
3,5518,-26
3,5519,96
3,5520,128
3,5521,64
3,5522,122
3,5523,32
3,5524,115
3,5525,77
3,5526,160
3,5527,58
3,5528,70
3,5529,166
3,5530,198
3,5531,102
3,5532,51
3,5533,115
3,5534,211
3,5535,103
3,5536,301
3,5537,-19
3,5538,128
3,5539,32
3,5540,70
3,5541,83
3,5542,115
3,5543,64
3,5544,128
3,5545,96
3,5546,173
3,5547,76
3,5548,83
3,5549,166
3,5550,13
3,5551,96
3,5552,122
3,5553,57
3,5554,166
3,5555,77
3,5556,58
3,5557,51
3,5558,179
3,5559,147
3,5560,57
3,5561,121
3,5562,71
3,5563,71
3,5564,794
3,5565,96
3,5566,192
3,5567,51
3,5568,70
3,5569,26
3,5570,167
3,5571,71
3,5572,32
3,5573,-45
3,5574,141
3,5575,71
3,5576,128
3,5577,787
3,5578,217
3,5579,807
3,5580,148
3,5581,70
3,5582,198
3,5583,-32
3,5584,116
3,5585,26
3,5586,32
3,5587,64
3,5588,57
3,5589,51
3,5590,211
3,5591,89
3,5592,89
3,5593,83
3,5594,103
3,5595,83
3,5596,173
3,5597,160
3,5598,167
3,5599,32
3,5600,147
3,5601,51
3,5602,109
3,5603,26
3,5604,122
3,5605,102
3,5606,135
3,5607,147
3,5608,64
3,5609,103
3,5610,19
3,5611,45
3,5612,83
3,5613,96
3,5614,172
3,5615,128
3,5616,128
3,5617,45
3,5618,116
3,5619,64
3,5620,58
3,5621,108
3,5622,71
3,5623,122
3,5624,77
3,5625,64
3,5626,102
3,5627,109
3,5628,76
3,5629,205
3,5630,96
3,5631,122
3,5632,109
3,5633,115
3,5634,180
3,5635,64
3,5636,192
3,5637,-26
3,5638,185
3,5639,77
3,5640,83
3,5641,76
3,5642,192
3,5643,32
3,5644,115
3,5645,77
3,5646,102
3,5647,26
3,5648,109
3,5649,122
3,5650,134
3,5651,76
3,5652,256
3,5653,134
3,5654,160
3,5655,64
3,5656,103
3,5657,26
3,5658,77
3,5659,64
3,5660,45
3,5661,57
3,5662,115
3,5663,90
3,5664,141
3,5665,51
3,5666,64
3,5667,96
3,5668,115
3,5669,45
3,5670,108
3,5671,102
3,5672,-19
3,5673,51
3,5674,64
3,5675,-51
3,5676,77
3,5677,32
3,5678,64
3,5679,77
3,5680,39
3,5681,83
3,5682,141
3,5683,102
3,5684,122
3,5685,57
3,5686,147
3,5687,109
3,5688,128
3,5689,179
3,5690,38
3,5691,-243
3,5692,64
3,5693,57
3,5694,-115
3,5695,77
3,5696,89
3,5697,64
3,5698,109
3,5699,198
3,5700,58
3,5701,32
3,5702,141
3,5703,96
3,5704,134
3,5705,96
3,5706,32
3,5707,141
3,5708,71
3,5709,166
3,5710,211
3,5711,71
3,5712,147
3,5713,109
3,5714,115
3,5715,115
3,5716,403
3,5717,160
3,5718,115
3,5719,71
3,5720,346
3,5721,96
3,5722,211
3,5723,84
3,5724,167
3,5725,71
3,5726,-32
3,5727,103
3,5728,116
3,5729,57
3,5730,77
3,5731,64
3,5732,58
3,5733,32
3,5734,173
3,5735,333
3,5736,140
3,5737,115
3,5738,166
3,5739,122
3,5740,166
3,5741,70
3,5742,160
3,5743,71
3,5744,121
3,5745,64
3,5746,109
3,5747,83
3,5748,-45
3,5749,109
3,5750,109
3,5751,109
3,5752,115
3,5753,71
3,5754,192
3,5755,154
3,5756,109
3,5757,134
3,5758,-51
3,5759,116
3,5760,153
3,5761,70
3,5762,141
3,5763,121
3,5764,199
3,5765,102
3,5766,199
3,5767,116
3,5768,96
3,5769,45
3,5770,-38
3,5771,102
3,5772,166
3,5773,83
3,5774,192
3,5775,83
3,5776,109
3,5777,141
3,5778,212
3,5779,147
3,5780,173
3,5781,96
3,5782,102
3,5783,71
3,5784,154
3,5785,77
3,5786,122
3,5787,77
3,5788,154
3,5789,-32
3,5790,173
3,5791,83
3,5792,109
3,5793,77
3,5794,160
3,5795,70
3,5796,-38
3,5797,102
3,5798,205
3,5799,121
3,5800,64
3,5801,83
3,5802,147
3,5803,51
3,5804,90
3,5805,51
3,5806,45
3,5807,90
3,5808,38
3,5809,134
3,5810,198
3,5811,45
3,5812,70
3,5813,64
3,5814,160
3,5815,108
3,5816,51
3,5817,32
3,5818,70
3,5819,64
3,5820,812
3,5821,52
3,5822,154
3,5823,19
3,5824,96
3,5825,26
3,5826,140
3,5827,-45
3,5828,38
3,5829,32
3,5830,128
3,5831,51
3,5832,-32
3,5833,58
3,5834,794
3,5835,134
3,5836,204
3,5837,115
3,5838,198
3,5839,141
3,5840,160
3,5841,160
3,5842,70
3,5843,70
3,5844,77
3,5845,51
3,5846,115
3,5847,167
3,5848,121
3,5849,57
3,5850,179
3,5851,147
3,5852,295
3,5853,-39
3,5854,141
3,5855,121
3,5856,166
3,5857,58
3,5858,115
3,5859,70
3,5860,122
3,5861,70
3,5862,224
3,5863,70
3,5864,64
3,5865,128
3,5866,134
3,5867,205
3,5868,102
3,5869,147
3,5870,173
3,5871,102
3,5872,377
3,5873,294
3,5874,116
3,5875,154
3,5876,108
3,5877,109
3,5878,173
3,5879,102
3,5880,115
3,5881,96
3,5882,224
3,5883,148
3,5884,397
3,5885,89
3,5886,166
3,5887,102
3,5888,148
3,5889,147
3,5890,173
3,5891,205
3,5892,141
3,5893,-211
3,5894,160
3,5895,70
3,5896,96
3,5897,32
3,5898,103
3,5899,52
3,5900,45
3,5901,89
3,5902,192
3,5903,58
3,5904,378
3,5905,115
3,5906,115
3,5907,77
3,5908,103
3,5909,166
3,5910,167
3,5911,77
3,5912,115
3,5913,-941
3,5914,128
3,5915,64
3,5916,32
3,5917,103
3,5918,160
3,5919,64
3,5920,173
3,5921,109
3,5922,134
3,5923,109
3,5924,135
3,5925,64
3,5926,121
3,5927,70
3,5928,109
3,5929,45
3,5930,26
3,5931,115
3,5932,38
3,5933,77
3,5934,109
3,5935,32
3,5936,121
3,5937,64
3,5938,51
3,5939,64
3,5940,116
3,5941,64
3,5942,-32
3,5943,128
3,5944,83
3,5945,19
3,5946,90
3,5947,70
3,5948,83
3,5949,96
3,5950,167
3,5951,121
3,5952,96
3,5953,-39
3,5954,96
3,5955,173
3,5956,45
3,5957,147
3,5958,122
3,5959,122
3,5960,109
3,5961,116
3,5962,115
3,5963,128
3,5964,-44
3,5965,76
3,5966,58
3,5967,115
3,5968,358
3,5969,326
3,5970,108
3,5971,38
3,5972,57
3,5973,-32
3,5974,173
3,5975,83
3,5976,154
3,5977,26
3,5978,52
3,5979,-45
3,5980,173
3,5981,64
3,5982,186
3,5983,64
3,5984,179
3,5985,64
3,5986,70
3,5987,167
3,5988,83
3,5989,224
3,5990,147
3,5991,115
3,5992,121
3,5993,141
3,5994,109
3,5995,128
3,5996,173
3,5997,51
3,5998,160
3,5999,-25
3,6000,230
3,6001,134
3,6002,115
3,6003,256
3,6004,224
3,6005,211
3,6006,90
3,6007,141
3,6008,32
3,6009,103
3,6010,166
3,6011,160
3,6012,128
3,6013,26
3,6014,186
3,6015,179
3,6016,89
3,6017,-38
3,6018,76
3,6019,45
3,6020,115
3,6021,364
3,6022,128
3,6023,154
3,6024,76
3,6025,71
3,6026,128
3,6027,96
3,6028,166
3,6029,51
3,6030,224
3,6031,89
3,6032,256
3,6033,51
3,6034,115
3,6035,122
3,6036,77
3,6037,64
3,6038,64
3,6039,128
3,6040,115
3,6041,83
3,6042,166
3,6043,76
3,6044,205
3,6045,102
3,6046,58
3,6047,71
3,6048,153
3,6049,71
3,6050,115
3,6051,45
3,6052,109
3,6053,352
3,6054,121
3,6055,103
3,6056,70
3,6057,26
3,6058,103
3,6059,76
3,6060,128
3,6061,134
3,6062,-45
3,6063,147
3,6064,359
3,6065,90
3,6066,141
3,6067,122
3,6068,121
3,6069,76
3,6070,186
3,6071,109
3,6072,109
3,6073,160
3,6074,160
3,6075,121
3,6076,800
3,6077,186
3,6078,115
3,6079,108
3,6080,90
3,6081,58
3,6082,57
3,6083,64
3,6084,32
3,6085,83
3,6086,172
3,6087,77
3,6088,96
3,6089,806
3,6090,250
3,6091,781
3,6092,70
3,6093,122
3,6094,103
3,6095,115
3,6096,70
3,6097,109
3,6098,103
3,6099,58
3,6100,90
3,6101,115
3,6102,160
3,6103,103
3,6104,134
3,6105,160
3,6106,109
3,6107,83
3,6108,102
3,6109,147
3,6110,147
3,6111,109
3,6112,109
3,6113,25
3,6114,122
3,6115,64
3,6116,64
3,6117,103
3,6118,90
3,6119,147
3,6120,108
3,6121,167
3,6122,-25
3,6123,147
3,6124,134
3,6125,320
3,6126,198
3,6127,-45
3,6128,121
3,6129,45
3,6130,198
3,6131,32
3,6132,109
3,6133,148
3,6134,198
3,6135,71
3,6136,-13
3,6137,141
3,6138,121
3,6139,77
3,6140,83
3,6141,96
3,6142,122
3,6143,167
3,6144,141
3,6145,70
3,6146,173
3,6147,83
3,6148,371
3,6149,108
3,6150,192
3,6151,108
3,6152,135
3,6153,57
3,6154,-19
3,6155,77
3,6156,70
3,6157,83
3,6158,128
3,6159,96
3,6160,64
3,6161,96
3,6162,166
3,6163,76
3,6164,122
3,6165,58
3,6166,122
3,6167,96
3,6168,109
3,6169,26
3,6170,71
3,6171,57
3,6172,83
3,6173,102
3,6174,198
3,6175,71
3,6176,64
3,6177,148
3,6178,218
3,6179,102
3,6180,122
3,6181,76
3,6182,154
3,6183,71
3,6184,-51
3,6185,390
3,6186,57
3,6187,57
3,6188,83
3,6189,96
3,6190,154
3,6191,109
3,6192,102
3,6193,115
3,6194,192
3,6195,-64
3,6196,141
3,6197,58
3,6198,134
3,6199,90
3,6200,103
3,6201,-38
3,6202,154
3,6203,51
3,6204,102
3,6205,-25
3,6206,147
3,6207,26
3,6208,147
3,6209,70
3,6210,109
3,6211,109
3,6212,51
3,6213,45
3,6214,26
3,6215,83
3,6216,89
3,6217,38
3,6218,192
3,6219,109
3,6220,166
3,6221,58
3,6222,218
3,6223,96
3,6224,115
3,6225,121
3,6226,154
3,6227,-51
3,6228,83
3,6229,38
3,6230,166
3,6231,160
3,6232,89
3,6233,57
3,6234,154
3,6235,128
3,6236,205
3,6237,51
3,6238,192
3,6239,58
3,6240,147
3,6241,51
3,6242,83
3,6243,51
3,6244,128
3,6245,51
3,6246,166
3,6247,-237
3,6248,45
3,6249,52
3,6250,154
3,6251,153
3,6252,115
3,6253,39
3,6254,160
3,6255,109
3,6256,128
3,6257,32
3,6258,64
3,6259,77
3,6260,109
3,6261,109
3,6262,116
3,6263,51
3,6264,166
3,6265,160
3,6266,211
3,6267,128
3,6268,166
3,6269,89
3,6270,128
3,6271,141
3,6272,109
3,6273,115
3,6274,243
3,6275,-20
3,6276,160
3,6277,58
3,6278,160
3,6279,141
3,6280,205
3,6281,64
3,6282,128
3,6283,84
3,6284,154
3,6285,51
3,6286,147
3,6287,57
3,6288,115
3,6289,64
3,6290,135
3,6291,147
3,6292,211
3,6293,109
3,6294,115
3,6295,147
3,6296,160
3,6297,38
3,6298,96
3,6299,109
3,6300,51
3,6301,64
3,6302,166
3,6303,64
3,6304,128
3,6305,71
3,6306,167
3,6307,128
3,6308,166
3,6309,153
3,6310,166
3,6311,-44
3,6312,186
3,6313,71
3,6314,115
3,6315,58
3,6316,153
3,6317,38
3,6318,89
3,6319,64
3,6320,70
3,6321,102
3,6322,116
3,6323,102
3,6324,199
3,6325,134
3,6326,172
3,6327,109
3,6328,89
3,6329,147
3,6330,115
3,6331,64
3,6332,793
3,6333,96
3,6334,128
3,6335,64
3,6336,109
3,6337,25
3,6338,115
3,6339,70
3,6340,140
3,6341,71
3,6342,103
3,6343,51
3,6344,96
3,6345,102
3,6346,838
3,6347,77
3,6348,147
3,6349,160
3,6350,77
3,6351,76
3,6352,365
3,6353,364
3,6354,32
3,6355,26
3,6356,64
3,6357,64
3,6358,128
3,6359,115
3,6360,153
3,6361,167
3,6362,199
3,6363,230
3,6364,122
3,6365,134
3,6366,218
3,6367,121
3,6368,122
3,6369,109
3,6370,167
3,6371,70
3,6372,121
3,6373,103
3,6374,154
3,6375,57
3,6376,57
3,6377,45
3,6378,115
3,6379,64
3,6380,115
3,6381,64
3,6382,166
3,6383,108
3,6384,77
3,6385,109
3,6386,58
3,6387,109
3,6388,70
3,6389,45
3,6390,64
3,6391,70
3,6392,134
3,6393,96
3,6394,51
3,6395,256
3,6396,64
3,6397,51
3,6398,122
3,6399,83
3,6400,89
3,6401,160
3,6402,313
3,6403,83
3,6404,64
3,6405,115
3,6406,147
3,6407,83
3,6408,166
3,6409,58
3,6410,122
3,6411,211
3,6412,148
3,6413,77
3,6414,147
3,6415,90
3,6416,-45
3,6417,128
3,6418,160
3,6419,103
3,6420,83
3,6421,115
3,6422,-52
3,6423,154
3,6424,-467
3,6425,90
3,6426,128
3,6427,64
3,6428,39
3,6429,103
3,6430,237
3,6431,109
3,6432,115
3,6433,134
3,6434,122
3,6435,160
3,6436,102
3,6437,77
3,6438,-32
3,6439,71
3,6440,134
3,6441,32
3,6442,109
3,6443,371
3,6444,96
3,6445,57
3,6446,237
3,6447,128
3,6448,135
3,6449,77
3,6450,122
3,6451,109
3,6452,154
3,6453,140
3,6454,57
3,6455,96
3,6456,96
3,6457,108
3,6458,83
3,6459,-45
3,6460,128
3,6461,77
3,6462,83
3,6463,70
3,6464,83
3,6465,84
3,6466,71
3,6467,109
3,6468,70
3,6469,64
3,6470,89
3,6471,90
3,6472,38
3,6473,109
3,6474,352
3,6475,116
3,6476,96
3,6477,77
3,6478,371
3,6479,166
3,6480,116
3,6481,52
3,6482,70
3,6483,25
3,6484,-38
3,6485,64
3,6486,71
3,6487,20
3,6488,115
3,6489,96
3,6490,115
3,6491,160
3,6492,166
3,6493,45
3,6494,-45
3,6495,179
3,6496,141
3,6497,51
3,6498,122
3,6499,58
3,6500,90
3,6501,64
3,6502,64
3,6503,51
3,6504,77
3,6505,96
3,6506,173
3,6507,128
3,6508,167
3,6509,39
3,6510,358
3,6511,71
3,6512,71
3,6513,52
3,6514,64
3,6515,45
3,6516,32
3,6517,51
3,6518,135
3,6519,70
3,6520,-45
3,6521,160
3,6522,122
3,6523,141
3,6524,90
3,6525,51
3,6526,70
3,6527,83
3,6528,64
3,6529,38
3,6530,83
3,6531,103
3,6532,83
3,6533,38
3,6534,109
3,6535,115
3,6536,64
3,6537,71
3,6538,147
3,6539,83
3,6540,64
3,6541,64
3,6542,166
3,6543,109
3,6544,167
3,6545,70
3,6546,109
3,6547,57
3,6548,102
3,6549,89
3,6550,115
3,6551,83
3,6552,115
3,6553,-70
3,6554,128
3,6555,109
3,6556,64
3,6557,83
3,6558,147
3,6559,128
3,6560,90
3,6561,52
3,6562,115
3,6563,64
3,6564,115
3,6565,51
3,6566,128
3,6567,121
3,6568,77
3,6569,45
3,6570,148
3,6571,122
3,6572,122
3,6573,-51
3,6574,218
3,6575,90
3,6576,153
3,6577,64
3,6578,71
3,6579,-51
3,6580,134
3,6581,58
3,6582,115
3,6583,77
3,6584,58
3,6585,51
3,6586,89
3,6587,102
3,6588,761
3,6589,51
3,6590,77
3,6591,115
3,6592,103
3,6593,217
3,6594,160
3,6595,12
3,6596,77
3,6597,96
3,6598,173
3,6599,135
3,6600,359
3,6601,787
3,6602,160
3,6603,768
3,6604,109
3,6605,128
3,6606,147
3,6607,115
3,6608,64
3,6609,134
3,6610,44
3,6611,83
3,6612,71
3,6613,77
3,6614,77
3,6615,211
3,6616,109
3,6617,141
3,6618,-45
3,6619,83
3,6620,109
3,6621,192
3,6622,211
3,6623,135
3,6624,154
3,6625,51
3,6626,26
3,6627,115
3,6628,64
3,6629,103
3,6630,160
3,6631,76
3,6632,96
3,6633,83
3,6634,160
3,6635,96
3,6636,211
3,6637,57
3,6638,179
3,6639,76
3,6640,166
3,6641,51
3,6642,90
3,6643,109
3,6644,58
3,6645,76
3,6646,205
3,6647,64
3,6648,76
3,6649,102
3,6650,116
3,6651,140
3,6652,64
3,6653,332
3,6654,-275
3,6655,167
3,6656,70
3,6657,51
3,6658,198
3,6659,371
3,6660,115
3,6661,115
3,6662,192
3,6663,122
3,6664,103
3,6665,115
3,6666,51
3,6667,70
3,6668,32
3,6669,45
3,6670,121
3,6671,26
3,6672,108
3,6673,115
3,6674,109
3,6675,148
3,6676,96
3,6677,103
3,6678,109
3,6679,-45
3,6680,89
3,6681,51
3,6682,154
3,6683,19
3,6684,96
3,6685,70
3,6686,116
3,6687,64
3,6688,90
3,6689,51
3,6690,160
3,6691,128
3,6692,198
3,6693,89
3,6694,115
3,6695,102
3,6696,108
3,6697,64
3,6698,58
3,6699,115
3,6700,64
3,6701,51
3,6702,185
3,6703,115
3,6704,52
3,6705,64
3,6706,122
3,6707,128
3,6708,154
3,6709,64
3,6710,160
3,6711,64
3,6712,121
3,6713,26
3,6714,128
3,6715,51
3,6716,160
3,6717,25
3,6718,121
3,6719,25
3,6720,90
3,6721,39
3,6722,109
3,6723,77
3,6724,121
3,6725,58
3,6726,346
3,6727,70
3,6728,-26
3,6729,71
3,6730,205
3,6731,154
3,6732,205
3,6733,71
3,6734,64
3,6735,84
3,6736,180
3,6737,84
3,6738,141
3,6739,172
3,6740,122
3,6741,121
3,6742,-32
3,6743,115
3,6744,109
3,6745,-32
3,6746,135
3,6747,115
3,6748,115
3,6749,109
3,6750,108
3,6751,154
3,6752,154
3,6753,51
3,6754,-51
3,6755,109
3,6756,160
3,6757,51
3,6758,96
3,6759,32
3,6760,77
3,6761,83
3,6762,154
3,6763,160
3,6764,172
3,6765,51
3,6766,70
3,6767,121
3,6768,115
3,6769,115
3,6770,64
3,6771,154
3,6772,115
3,6773,109
3,6774,160
3,6775,70
3,6776,90
3,6777,147
3,6778,224
3,6779,173
3,6780,166
3,6781,134
3,6782,83
3,6783,192
3,6784,135
3,6785,116
3,6786,333
3,6787,134
3,6788,166
3,6789,121
3,6790,26
3,6791,64
3,6792,103
3,6793,57
3,6794,134
3,6795,96
3,6796,77
3,6797,76
3,6798,167
3,6799,96
3,6800,64
3,6801,154
3,6802,166
3,6803,96
3,6804,166
3,6805,160
3,6806,102
3,6807,102
3,6808,70
3,6809,26
3,6810,90
3,6811,140
3,6812,122
3,6813,32
3,6814,198
3,6815,51
3,6816,154
3,6817,51
3,6818,205
3,6819,140
3,6820,154
3,6821,51
3,6822,109
3,6823,76
3,6824,154
3,6825,102
3,6826,128
3,6827,141
3,6828,326
3,6829,45
3,6830,71
3,6831,115
3,6832,102
3,6833,179
3,6834,185
3,6835,122
3,6836,128
3,6837,83
3,6838,76
3,6839,153
3,6840,148
3,6841,90
3,6842,116
3,6843,51
3,6844,826
3,6845,102
3,6846,64
3,6847,103
3,6848,397
3,6849,71
3,6850,103
3,6851,71
3,6852,115
3,6853,51
3,6854,96
3,6855,89
3,6856,51
3,6857,116
3,6858,781
3,6859,90
3,6860,192
3,6861,172
3,6862,122
3,6863,122
3,6864,-58
3,6865,128
3,6866,147
3,6867,115
3,6868,84
3,6869,64
3,6870,115
3,6871,115
3,6872,160
3,6873,108
3,6874,76
3,6875,121
3,6876,83
3,6877,89
3,6878,378
3,6879,71
3,6880,128
3,6881,96
3,6882,38
3,6883,115
3,6884,109
3,6885,57
3,6886,186
3,6887,25
3,6888,122
3,6889,148
3,6890,134
3,6891,109
3,6892,109
3,6893,103
3,6894,64
3,6895,102
3,6896,128
3,6897,58
3,6898,83
3,6899,83
3,6900,116
3,6901,64
3,6902,154
3,6903,77
3,6904,160
3,6905,96
3,6906,153
3,6907,26
3,6908,32
3,6909,77
3,6910,173
3,6911,134
3,6912,115
3,6913,141
3,6914,256
3,6915,103
3,6916,83
3,6917,-26
3,6918,148
3,6919,115
3,6920,77
3,6921,45
3,6922,64
3,6923,-44
3,6924,77
3,6925,160
3,6926,115
3,6927,26
3,6928,57
3,6929,103
3,6930,211
3,6931,57
3,6932,166
3,6933,83
3,6934,71
3,6935,121
3,6936,32
3,6937,-26
3,6938,128
3,6939,96
3,6940,115
3,6941,96
3,6942,160
3,6943,52
3,6944,115
3,6945,109
3,6946,128
3,6947,116
3,6948,154
3,6949,26
3,6950,192
3,6951,160
3,6952,77
3,6953,64
3,6954,122
3,6955,58
3,6956,77
3,6957,-7
3,6958,185
3,6959,128
3,6960,52
3,6961,51
3,6962,205
3,6963,115
3,6964,108
3,6965,103
3,6966,76
3,6967,90
3,6968,70
3,6969,77
3,6970,372
3,6971,64
3,6972,89
3,6973,89
3,6974,96
3,6975,83
3,6976,-44
3,6977,77
3,6978,173
3,6979,83
3,6980,108
3,6981,83
3,6982,108
3,6983,115
3,6984,-13
3,6985,121
3,6986,116
3,6987,128
3,6988,167
3,6989,83
3,6990,262
3,6991,83
3,6992,166
3,6993,83
3,6994,76
3,6995,102
3,6996,-45
3,6997,76
3,6998,153
3,6999,102
3,7000,333
3,7001,109
3,7002,128
3,7003,115
3,7004,198
3,7005,-32
3,7006,160
3,7007,109
3,7008,141
3,7009,122
3,7010,135
3,7011,76
3,7012,77
3,7013,96
3,7014,25
3,7015,102
3,7016,-25
3,7017,160
3,7018,211
3,7019,121
3,7020,167
3,7021,32
3,7022,90
3,7023,122
3,7024,199
3,7025,57
3,7026,128
3,7027,70
3,7028,26
3,7029,25
3,7030,83
3,7031,90
3,7032,141
3,7033,58
3,7034,166
3,7035,122
3,7036,166
3,7037,128
3,7038,173
3,7039,115
3,7040,186
3,7041,89
3,7042,115
3,7043,-52
3,7044,128
3,7045,51
3,7046,198
3,7047,64
3,7048,167
3,7049,-38
3,7050,179
3,7051,160
3,7052,128
3,7053,64
3,7054,115
3,7055,96
3,7056,217
3,7057,64
3,7058,103
3,7059,-57
3,7060,173
3,7061,108
3,7062,96
3,7063,109
3,7064,71
3,7065,51
3,7066,109
3,7067,57
3,7068,147
3,7069,256
3,7070,128
3,7071,90
3,7072,83
3,7073,77
3,7074,121
3,7075,70
3,7076,89
3,7077,57
3,7078,115
3,7079,122
3,7080,109
3,7081,52
3,7082,128
3,7083,115
3,7084,166
3,7085,58
3,7086,205
3,7087,122
3,7088,128
3,7089,167
3,7090,166
3,7091,122
3,7092,173
3,7093,32
3,7094,198
3,7095,231
3,7096,205
3,7097,71
3,7098,153
3,7099,89
3,7100,812
3,7101,147
3,7102,77
3,7103,77
3,7104,77
3,7105,51
3,7106,102
3,7107,-39
3,7108,-58
3,7109,83
3,7110,90
3,7111,90
3,7112,141
3,7113,800
3,7114,140
3,7115,775
3,7116,51
3,7117,167
3,7118,121
3,7119,96
3,7120,122
3,7121,64
3,7122,359
3,7123,25
3,7124,64
3,7125,166
3,7126,102
3,7127,115
3,7128,167
3,7129,135
3,7130,192
3,7131,64
3,7132,147
3,7133,134
3,7134,179
3,7135,96
3,7136,128
3,7137,51
3,7138,154
3,7139,51
3,7140,154
3,7141,83
3,7142,256
3,7143,64
3,7144,128
3,7145,115
3,7146,115
3,7147,64
3,7148,64
3,7149,83
3,7150,167
3,7151,141
3,7152,154
3,7153,58
3,7154,115
3,7155,64
3,7156,103
3,7157,141
3,7158,160
3,7159,-70
3,7160,128
3,7161,115
3,7162,167
3,7163,102
3,7164,212
3,7165,102
3,7166,237
3,7167,90
3,7168,122
3,7169,96
3,7170,180
3,7171,166
3,7172,70
3,7173,58
3,7174,249
3,7175,-44
3,7176,115
3,7177,103
3,7178,64
3,7179,90
3,7180,64
3,7181,45
3,7182,199
3,7183,32
3,7184,256
3,7185,109
3,7186,172
3,7187,122
3,7188,116
3,7189,135
3,7190,192
3,7191,90
3,7192,121
3,7193,70
3,7194,147
3,7195,64
3,7196,204
3,7197,96
3,7198,115
3,7199,64
3,7200,89
3,7201,89
3,7202,115
3,7203,166
3,7204,115
3,7205,339
3,7206,122
3,7207,109
3,7208,160
3,7209,52
3,7210,51
3,7211,51
3,7212,77
3,7213,32
3,7214,109
3,7215,70
3,7216,115
3,7217,102
3,7218,83
3,7219,128
3,7220,122
3,7221,96
3,7222,153
3,7223,154
3,7224,154
3,7225,45
3,7226,179
3,7227,103
3,7228,116
3,7229,58
3,7230,186
3,7231,116
3,7232,-122
3,7233,32
3,7234,115
3,7235,19
3,7236,77
3,7237,39
3,7238,160
3,7239,58
3,7240,115
3,7241,108
3,7242,198
3,7243,109
3,7244,166
3,7245,51
3,7246,83
3,7247,102
3,7248,71
3,7249,96
3,7250,115
3,7251,76
3,7252,96
3,7253,96
3,7254,-38
3,7255,70
3,7256,108
3,7257,154
3,7258,134
3,7259,128
3,7260,167
3,7261,122
3,7262,211
3,7263,57
3,7264,102
3,7265,83
3,7266,64
3,7267,103
3,7268,128
3,7269,70
3,7270,154
3,7271,57
3,7272,89
3,7273,109
3,7274,141
3,7275,77
3,7276,109
3,7277,-422
3,7278,103
3,7279,102
3,7280,179
3,7281,71
3,7282,84
3,7283,109
3,7284,96
3,7285,44
3,7286,32
3,7287,103
3,7288,83
3,7289,39
3,7290,166
3,7291,83
3,7292,147
3,7293,45
3,7294,128
3,7295,103
3,7296,102
3,7297,96
3,7298,166
3,7299,153
3,7300,122
3,7301,25
3,7302,128
3,7303,115
3,7304,134
3,7305,102
3,7306,109
3,7307,57
3,7308,77
3,7309,89
3,7310,51
3,7311,358
3,7312,256
3,7313,141
3,7314,160
3,7315,121
3,7316,186
3,7317,70
3,7318,-26
3,7319,116
3,7320,83
3,7321,58
3,7322,90
3,7323,134
3,7324,186
3,7325,45
3,7326,160
3,7327,346
3,7328,84
3,7329,147
3,7330,-51
3,7331,211
3,7332,128
3,7333,333
3,7334,205
3,7335,83
3,7336,90
3,7337,102
3,7338,167
3,7339,45
3,7340,58
3,7341,51
3,7342,173
3,7343,77
3,7344,96
3,7345,109
3,7346,154
3,7347,198
3,7348,122
3,7349,-45
3,7350,179
3,7351,141
3,7352,89
3,7353,108
3,7354,83
3,7355,109
3,7356,794
3,7357,76
3,7358,109
3,7359,96
3,7360,39
3,7361,-25
3,7362,-390
3,7363,109
3,7364,115
3,7365,32
3,7366,128
3,7367,116
3,7368,64
3,7369,77
3,7370,793
3,7371,84
3,7372,179
3,7373,77
3,7374,102
3,7375,64
3,7376,128
3,7377,83
3,7378,115
3,7379,51
3,7380,102
3,7381,51
3,7382,160
3,7383,103
3,7384,83
3,7385,96
3,7386,166
3,7387,90
3,7388,173
3,7389,83
3,7390,371
3,7391,89
3,7392,45
3,7393,-39
3,7394,173
3,7395,90
3,7396,135
3,7397,51
3,7398,115
3,7399,96
3,7400,64
3,7401,134
3,7402,122
3,7403,121
3,7404,205
3,7405,83
3,7406,141
3,7407,116
3,7408,103
3,7409,71
3,7410,160
3,7411,71
3,7412,154
3,7413,76
3,7414,173
3,7415,141
3,7416,173
3,7417,167
3,7418,390
3,7419,90
3,7420,134
3,7421,109
3,7422,218
3,7423,160
3,7424,96
3,7425,109
3,7426,237
3,7427,76
3,7428,108
3,7429,77
3,7430,116
3,7431,64
3,7432,153
3,7433,64
3,7434,58
3,7435,-13
3,7436,84
3,7437,64
3,7438,128
3,7439,-45
3,7440,179
3,7441,160
3,7442,122
3,7443,116
3,7444,121
3,7445,141
3,7446,205
3,7447,121
3,7448,153
3,7449,102
3,7450,115
3,7451,96
3,7452,58
3,7453,77
3,7454,64
3,7455,108
3,7456,122
3,7457,64
3,7458,205
3,7459,109
3,7460,173
3,7461,64
3,7462,204
3,7463,103
3,7464,109
3,7465,83
3,7466,-19
3,7467,70
3,7468,134
3,7469,58
3,7470,-45
3,7471,134
3,7472,77
3,7473,96
3,7474,77
3,7475,96
3,7476,128
3,7477,121
3,7478,90
3,7479,141
3,7480,70
3,7481,83
3,7482,64
3,7483,45
3,7484,51
3,7485,51
3,7486,64
3,7487,58
3,7488,70
3,7489,70
3,7490,76
3,7491,102
3,7492,115
3,7493,64
3,7494,51
3,7495,-64
3,7496,83
3,7497,57
3,7498,185
3,7499,166
3,7500,102
3,7501,109
3,7502,217
3,7503,64
3,7504,45
3,7505,58
3,7506,108
3,7507,-51
3,7508,128
3,7509,134
3,7510,205
3,7511,135
3,7512,90
3,7513,326
3,7514,121
3,7515,83
3,7516,96
3,7517,64
3,7518,77
3,7519,84
3,7520,122
3,7521,51
3,7522,173
3,7523,64
3,7524,128
3,7525,96
3,7526,135
3,7527,64
3,7528,77
3,7529,57
3,7530,211
3,7531,77
3,7532,115
3,7533,32
3,7534,64
3,7535,140
3,7536,84
3,7537,57
3,7538,45
3,7539,76
3,7540,45
3,7541,58
3,7542,160
3,7543,70
3,7544,51
3,7545,103
3,7546,154
3,7547,122
3,7548,135
3,7549,-39
3,7550,218
3,7551,167
3,7552,147
3,7553,64
3,7554,128
3,7555,102
3,7556,70
3,7557,77
3,7558,90
3,7559,288
3,7560,121
3,7561,64
3,7562,70
3,7563,64
3,7564,109
3,7565,58
3,7566,154
3,7567,96
3,7568,70
3,7569,57
3,7570,109
3,7571,-32
3,7572,77
3,7573,90
3,7574,166
3,7575,109
3,7576,224
3,7577,167
3,7578,167
3,7579,116
3,7580,102
3,7581,83
3,7582,166
3,7583,115
3,7584,77
3,7585,83
3,7586,102
3,7587,90
3,7588,90
3,7589,64
3,7590,147
3,7591,26
3,7592,109
3,7593,365
3,7594,224
3,7595,96
3,7596,128
3,7597,51
3,7598,166
3,7599,109
3,7600,109
3,7601,64
3,7602,128
3,7603,83
3,7604,115
3,7605,58
3,7606,121
3,7607,96
3,7608,83
3,7609,83
3,7610,116
3,7611,115
3,7612,800
3,7613,109
3,7614,167
3,7615,77
3,7616,90
3,7617,83
3,7618,25
3,7619,64
3,7620,121
3,7621,57
3,7622,364
3,7623,128
3,7624,166
3,7625,845
3,7626,160
3,7627,787
3,7628,115
3,7629,64
3,7630,211
3,7631,173
3,7632,160
3,7633,52
3,7634,19
3,7635,58
3,7636,64
3,7637,96
3,7638,57
3,7639,-51
3,7640,198
3,7641,128
3,7642,179
3,7643,83
3,7644,134
3,7645,109
3,7646,173
3,7647,141
3,7648,128
3,7649,45
3,7650,134
3,7651,64
3,7652,128
3,7653,58
3,7654,160
3,7655,19
3,7656,77
3,7657,70
3,7658,141
3,7659,102
3,7660,154
3,7661,109
3,7662,121
3,7663,128
3,7664,128
3,7665,109
3,7666,409
3,7667,109
3,7668,109
3,7669,115
3,7670,128
3,7671,20
3,7672,115
3,7673,109
3,7674,128
3,7675,160
3,7676,122
3,7677,70
3,7678,70
3,7679,135
3,7680,115
3,7681,71
3,7682,64
3,7683,199
3,7684,135
3,7685,71
3,7686,173
3,7687,-13
3,7688,122
3,7689,32
3,7690,51
3,7691,71
3,7692,115
3,7693,51
3,7694,89
3,7695,301
3,7696,83
3,7697,262
3,7698,153
3,7699,58
3,7700,153
3,7701,58
3,7702,173
3,7703,64
3,7704,109
3,7705,58
3,7706,77
3,7707,45
3,7708,109
3,7709,-32
3,7710,173
3,7711,51
3,7712,77
3,7713,71
3,7714,160
3,7715,89
3,7716,122
3,7717,19
3,7718,147
3,7719,122
3,7720,128
3,7721,96
3,7722,115
3,7723,103
3,7724,51
3,7725,83
3,7726,51
3,7727,70
3,7728,115
3,7729,108
3,7730,109
3,7731,64
3,7732,122
3,7733,57
3,7734,83
3,7735,121
3,7736,103
3,7737,45
3,7738,109
3,7739,96
3,7740,102
3,7741,45
3,7742,102
3,7743,25
3,7744,115
3,7745,58
3,7746,160
3,7747,-32
3,7748,96
3,7749,115
3,7750,154
3,7751,115
3,7752,64
3,7753,140
3,7754,115
3,7755,160
3,7756,135
3,7757,71
3,7758,128
3,7759,71
3,7760,166
3,7761,-32
3,7762,102
3,7763,109
3,7764,25
3,7765,96
3,7766,166
3,7767,77
3,7768,70
3,7769,154
3,7770,147
3,7771,160
3,7772,134
3,7773,64
3,7774,102
3,7775,116
3,7776,-51
3,7777,64
3,7778,64
3,7779,77
3,7780,167
3,7781,70
3,7782,-52
3,7783,70
3,7784,51
3,7785,89
3,7786,77
3,7787,167
3,7788,128
3,7789,70
3,7790,70
3,7791,83
3,7792,96
3,7793,26
3,7794,115
3,7795,109
3,7796,64
3,7797,44
3,7798,115
3,7799,96
3,7800,122
3,7801,77
3,7802,102
3,7803,-39
3,7804,128
3,7805,90
3,7806,160
3,7807,134
3,7808,96
3,7809,45
3,7810,160
3,7811,134
3,7812,115
3,7813,45
3,7814,160
3,7815,76
3,7816,103
3,7817,58
3,7818,116
3,7819,122
3,7820,70
3,7821,32
3,7822,121
3,7823,70
3,7824,51
3,7825,102
3,7826,134
3,7827,115
3,7828,147
3,7829,-38
3,7830,76
3,7831,71
3,7832,109
3,7833,51
3,7834,70
3,7835,64
3,7836,122
3,7837,103
3,7838,147
3,7839,77
3,7840,70
3,7841,103
3,7842,115
3,7843,103
3,7844,333
3,7845,102
3,7846,179
3,7847,89
3,7848,109
3,7849,160
3,7850,108
3,7851,64
3,7852,77
3,7853,32
3,7854,186
3,7855,-19
3,7856,70
3,7857,83
3,7858,160
3,7859,128
3,7860,122
3,7861,102
3,7862,180
3,7863,109
3,7864,154
3,7865,83
3,7866,135
3,7867,52
3,7868,788
3,7869,20
3,7870,77
3,7871,83
3,7872,116
3,7873,26
3,7874,-352
3,7875,83
3,7876,96
3,7877,-38
3,7878,70
3,7879,96
3,7880,378
3,7881,167
3,7882,787
3,7883,167
3,7884,173
3,7885,122
3,7886,147
3,7887,90
3,7888,76
3,7889,45
3,7890,147
3,7891,96
3,7892,167
3,7893,109
3,7894,141
3,7895,89
3,7896,314
3,7897,70
3,7898,109
3,7899,102
3,7900,153
3,7901,109
3,7902,198
3,7903,103
3,7904,96
3,7905,57
3,7906,25
3,7907,77
3,7908,192
3,7909,51
3,7910,70
3,7911,44
3,7912,140
3,7913,365
3,7914,166
3,7915,109
3,7916,128
3,7917,83
3,7918,71
3,7919,134
3,7920,109
3,7921,19
3,7922,141
3,7923,180
3,7924,256
3,7925,64
3,7926,70
3,7927,25
3,7928,83
3,7929,128
3,7930,192
3,7931,83
3,7932,160
3,7933,378
3,7934,-205
3,7935,128
3,7936,103
3,7937,83
3,7938,153
3,7939,339
3,7940,89
3,7941,96
3,7942,134
3,7943,96
3,7944,211
3,7945,52
3,7946,83
3,7947,109
3,7948,109
3,7949,109
3,7950,186
3,7951,109
3,7952,71
3,7953,64
3,7954,115
3,7955,90
3,7956,307
3,7957,166
3,7958,160
3,7959,116
3,7960,51
3,7961,90
3,7962,70
3,7963,96
3,7964,71
3,7965,64
3,7966,115
3,7967,121
3,7968,57
3,7969,102
3,7970,70
3,7971,89
3,7972,166
3,7973,147
3,7974,186
3,7975,135
3,7976,116
3,7977,218
3,7978,211
3,7979,51
3,7980,64
3,7981,64
3,7982,160
3,7983,70
3,7984,83
3,7985,141
3,7986,391
3,7987,135
3,7988,154
3,7989,64
3,7990,115
3,7991,84
3,7992,121
3,7993,39
3,7994,-45
3,7995,70
3,7996,25
3,7997,64
3,7998,115
3,7999,90
3,8000,154
3,8001,121
3,8002,83
3,8003,320
3,8004,64
3,8005,38
3,8006,45
3,8007,70
3,8008,12
3,8009,90
3,8010,153
3,8011,83
3,8012,134
3,8013,51
3,8014,204
3,8015,217
3,8016,108
3,8017,52
3,8018,64
3,8019,25
3,8020,64
3,8021,51
3,8022,121
3,8023,45
3,8024,71
3,8025,109
3,8026,186
3,8027,90
3,8028,134
3,8029,115
3,8030,198
3,8031,64
3,8032,83
3,8033,32
3,8034,83
3,8035,109
3,8036,83
3,8037,70
3,8038,90
3,8039,147
3,8040,96
3,8041,115
3,8042,173
3,8043,160
3,8044,-45
3,8045,77
3,8046,52
3,8047,140
3,8048,96
3,8049,333
3,8050,45
3,8051,77
3,8052,58
3,8053,-39
3,8054,173
3,8055,83
3,8056,115
3,8057,70
3,8058,211
3,8059,77
3,8060,326
3,8061,116
3,8062,83
3,8063,154
3,8064,122
3,8065,52
3,8066,115
3,8067,64
3,8068,77
3,8069,90
3,8070,109
3,8071,122
3,8072,109
3,8073,51
3,8074,128
3,8075,147
3,8076,173
3,8077,121
3,8078,115
3,8079,77
3,8080,122
3,8081,102
3,8082,115
3,8083,103
3,8084,102
3,8085,-39
3,8086,185
3,8087,109
3,8088,71
3,8089,89
3,8090,166
3,8091,-64
3,8092,128
3,8093,96
3,8094,109
3,8095,141
3,8096,45
3,8097,26
3,8098,192
3,8099,96
3,8100,115
3,8101,32
3,8102,205
3,8103,96
3,8104,116
3,8105,90
3,8106,179
3,8107,64
3,8108,140
3,8109,115
3,8110,198
3,8111,26
3,8112,96
3,8113,45
3,8114,64
3,8115,128
3,8116,45
3,8117,64
3,8118,71
3,8119,103
3,8120,108
3,8121,38
3,8122,77
3,8123,108
3,8124,839
3,8125,39
3,8126,147
3,8127,58
3,8128,-45
3,8129,51
3,8130,26
3,8131,45
3,8132,89
3,8133,115
3,8134,167
3,8135,115
3,8136,148
3,8137,807
3,8138,90
3,8139,768
3,8140,410
3,8141,51
3,8142,109
3,8143,122
3,8144,122
3,8145,70
3,8146,147
3,8147,96
3,8148,192
3,8149,148
3,8150,134
3,8151,89
3,8152,109
3,8153,115
3,8154,179
3,8155,115
3,8156,51
3,8157,96
3,8158,115
3,8159,121
3,8160,108
3,8161,103
3,8162,-32
3,8163,160
3,8164,109
3,8165,89
3,8166,173
3,8167,102
3,8168,135
3,8169,121
3,8170,121
3,8171,64
3,8172,122
3,8173,128
3,8174,173
3,8175,121
3,8176,102
3,8177,64
3,8178,-25
3,8179,83
3,8180,64
3,8181,128
3,8182,64
3,8183,71
3,8184,103
3,8185,147
3,8186,160
3,8187,122
3,8188,103
3,8189,122
3,8190,52
3,8191,102
3,8192,115
3,8193,403
3,8194,186
3,8195,147
3,8196,71
3,8197,83
3,8198,153
3,8199,115
3,8200,121
3,8201,51
3,8202,57
3,8203,51
3,8204,102
3,8205,96
3,8206,211
3,8207,-64
3,8208,141
3,8209,135
3,8210,166
3,8211,64
3,8212,211
3,8213,160
3,8214,160
3,8215,115
3,8216,44
3,8217,38
3,8218,154
3,8219,51
3,8220,57
3,8221,25
3,8222,154
3,8223,103
3,8224,58
3,8225,96
3,8226,115
3,8227,160
3,8228,122
3,8229,141
3,8230,154
3,8231,32
3,8232,141
3,8233,103
3,8234,89
3,8235,77
3,8236,-45
3,8237,83
3,8238,44
3,8239,275
3,8240,153
3,8241,52
3,8242,147
3,8243,108
3,8244,147
3,8245,109
3,8246,70
3,8247,77
3,8248,140
3,8249,83
3,8250,45
3,8251,45
3,8252,128
3,8253,77
3,8254,173
3,8255,19
3,8256,77
3,8257,32
3,8258,44
3,8259,57
3,8260,32
3,8261,-38
3,8262,205
3,8263,64
3,8264,83
3,8265,134
3,8266,57
3,8267,134
3,8268,121
3,8269,58
3,8270,377
3,8271,38
3,8272,116
3,8273,51
3,8274,122
3,8275,83
3,8276,70
3,8277,109
3,8278,153
3,8279,76
3,8280,115
3,8281,115
3,8282,128
3,8283,122
3,8284,154
3,8285,108
3,8286,128
3,8287,-45
3,8288,70
3,8289,25
3,8290,64
3,8291,25
3,8292,51
3,8293,51
3,8294,122
3,8295,77
3,8296,109
3,8297,57
3,8298,179
3,8299,154
3,8300,89
3,8301,51
3,8302,109
3,8303,83
3,8304,141
3,8305,-26
3,8306,64
3,8307,102
3,8308,115
3,8309,64
3,8310,166
3,8311,70
3,8312,116
3,8313,205
3,8314,84
3,8315,166
3,8316,199
3,8317,84
3,8318,179
3,8319,166
3,8320,83
3,8321,160
3,8322,109
3,8323,135
3,8324,128
3,8325,77
3,8326,90
3,8327,134
3,8328,167
3,8329,116
3,8330,122
3,8331,38
3,8332,84
3,8333,32
3,8334,-135
3,8335,51
3,8336,115
3,8337,147
3,8338,147
3,8339,122
3,8340,288
3,8341,89
3,8342,128
3,8343,141
3,8344,358
3,8345,64
3,8346,102
3,8347,166
3,8348,122
3,8349,90
3,8350,160
3,8351,77
3,8352,192
3,8353,122
3,8354,160
3,8355,160
3,8356,173
3,8357,64
3,8358,154
3,8359,64
3,8360,153
3,8361,109
3,8362,141
3,8363,32
3,8364,64
3,8365,39
3,8366,-71
3,8367,121
3,8368,115
3,8369,90
3,8370,186
3,8371,121
3,8372,89
3,8373,109
3,8374,76
3,8375,77
3,8376,64
3,8377,38
3,8378,102
3,8379,77
3,8380,806
3,8381,57
3,8382,83
3,8383,64
3,8384,116
3,8385,-39
3,8386,52
3,8387,77
3,8388,51
3,8389,57
3,8390,90
3,8391,77
3,8392,102
3,8393,76
3,8394,819
3,8395,76
3,8396,160
3,8397,77
3,8398,-141
3,8399,121
3,8400,121
3,8401,45
3,8402,122
3,8403,115
3,8404,147
3,8405,51
3,8406,205
3,8407,103
3,8408,358
3,8409,109
3,8410,211
3,8411,122
3,8412,103
3,8413,64
3,8414,128
3,8415,115
3,8416,77
3,8417,83
3,8418,134
3,8419,45
3,8420,76
3,8421,51
3,8422,83
3,8423,90
3,8424,-32
3,8425,115
3,8426,109
3,8427,121
3,8428,102
3,8429,359
3,8430,160
3,8431,102
3,8432,147
3,8433,109
3,8434,166
3,8435,115
3,8436,102
3,8437,51
3,8438,173
3,8439,103
3,8440,148
3,8441,108
3,8442,134
3,8443,70
3,8444,108
3,8445,109
3,8446,83
3,8447,83
3,8448,76
3,8449,70
3,8450,96
3,8451,211
3,8452,122
3,8453,83
3,8454,199
3,8455,128
3,8456,166
3,8457,51
3,8458,108
3,8459,90
3,8460,70
3,8461,96
3,8462,77
3,8463,103
3,8464,166
3,8465,103
3,8466,160
3,8467,192
3,8468,166
3,8469,109
3,8470,173
3,8471,134
3,8472,172
3,8473,58
3,8474,25
3,8475,115
3,8476,71
3,8477,108
3,8478,76
3,8479,39
3,8480,109
3,8481,51
3,8482,96
3,8483,128
3,8484,135
3,8485,51
3,8486,218
3,8487,147
3,8488,115
3,8489,115
3,8490,115
3,8491,204
3,8492,122
3,8493,167
3,8494,173
3,8495,51
3,8496,166
3,8497,134
3,8498,128
3,8499,51
3,8500,167
3,8501,115
3,8502,160
3,8503,128
3,8504,128
3,8505,96
3,8506,167
3,8507,58
3,8508,103
3,8509,83
3,8510,122
3,8511,70
3,8512,154
3,8513,64
3,8514,90
3,8515,96
3,8516,52
3,8517,160
3,8518,198
3,8519,70
3,8520,122
3,8521,109
3,8522,141
3,8523,89
3,8524,-13
3,8525,70
3,8526,166
3,8527,108
3,8528,96
3,8529,96
3,8530,32
3,8531,64
3,8532,71
3,8533,102
3,8534,204
3,8535,109
3,8536,128
3,8537,57
3,8538,173
3,8539,116
3,8540,179
3,8541,166
3,8542,179
3,8543,70
3,8544,308
3,8545,70
3,8546,71
3,8547,71
3,8548,109
3,8549,51
3,8550,108
3,8551,64
3,8552,115
3,8553,96
3,8554,122
3,8555,154
3,8556,6
3,8557,77
3,8558,108
3,8559,186
3,8560,199
3,8561,32
3,8562,-38
3,8563,25
3,8564,217
3,8565,70
3,8566,186
3,8567,64
3,8568,64
3,8569,58
3,8570,102
3,8571,83
3,8572,-44
3,8573,77
3,8574,77
3,8575,109
3,8576,-38
3,8577,108
3,8578,147
3,8579,71
3,8580,90
3,8581,64
3,8582,186
3,8583,102
3,8584,115
3,8585,71
3,8586,134
3,8587,71
3,8588,103
3,8589,70
3,8590,70
3,8591,44
3,8592,122
3,8593,77
3,8594,109
3,8595,57
3,8596,128
3,8597,71
3,8598,109
3,8599,58
3,8600,167
3,8601,51
3,8602,77
3,8603,-32
3,8604,115
3,8605,77
3,8606,109
3,8607,90
3,8608,90
3,8609,84
3,8610,90
3,8611,26
3,8612,96
3,8613,64
3,8614,128
3,8615,19
3,8616,166
3,8617,70
3,8618,160
3,8619,109
3,8620,121
3,8621,109
3,8622,199
3,8623,70
3,8624,141
3,8625,96
3,8626,134
3,8627,32
3,8628,173
3,8629,77
3,8630,166
3,8631,83
3,8632,64
3,8633,96
3,8634,121
3,8635,-52
3,8636,793
3,8637,141
3,8638,179
3,8639,153
3,8640,77
3,8641,-38
3,8642,166
3,8643,57
3,8644,77
3,8645,32
3,8646,70
3,8647,83
3,8648,154
3,8649,794
3,8650,116
3,8651,787
3,8652,32
3,8653,102
3,8654,64
3,8655,115
3,8656,115
3,8657,58
3,8658,26
3,8659,109
3,8660,32
3,8661,70
3,8662,-45
3,8663,128
3,8664,103
3,8665,116
3,8666,154
3,8667,160
3,8668,109
3,8669,160
3,8670,180
3,8671,-64
3,8672,-51
3,8673,52
3,8674,96
3,8675,-38
3,8676,122
3,8677,83
3,8678,121
3,8679,57
3,8680,64
3,8681,102
3,8682,135
3,8683,141
3,8684,89
3,8685,83
3,8686,173
3,8687,160
3,8688,173
3,8689,44
3,8690,84
3,8691,25
3,8692,153
3,8693,198
3,8694,116
3,8695,128
3,8696,90
3,8697,96
3,8698,109
3,8699,205
3,8700,140
3,8701,116
3,8702,263
3,8703,-51
3,8704,102
3,8705,71
3,8706,128
3,8707,109
3,8708,121
3,8709,109
3,8710,103
3,8711,141
3,8712,147
3,8713,96
3,8714,71
3,8715,58
3,8716,64
3,8717,89
3,8718,71
3,8719,-64
3,8720,116
3,8721,83
3,8722,128
3,8723,141
3,8724,128
3,8725,83
3,8726,115
3,8727,115
3,8728,109
3,8729,32
3,8730,218
3,8731,26
3,8732,77
3,8733,90
3,8734,109
3,8735,77
3,8736,109
3,8737,109
3,8738,192
3,8739,109
3,8740,109
3,8741,96
3,8742,173
3,8743,109
3,8744,115
3,8745,51
3,8746,352
3,8747,58
3,8748,90
3,8749,38
3,8750,115
3,8751,109
3,8752,102
3,8753,121
3,8754,115
3,8755,173
3,8756,153
3,8757,121
3,8758,64
3,8759,64
3,8760,212
3,8761,64
3,8762,160
3,8763,-44
3,8764,84
3,8765,52
3,8766,77
3,8767,103
3,8768,153
3,8769,96
3,8770,122
3,8771,102
3,8772,377
3,8773,70
3,8774,128
3,8775,64
3,8776,147
3,8777,115
3,8778,198
3,8779,102
3,8780,204
3,8781,160
3,8782,64
3,8783,103
3,8784,167
3,8785,154
3,8786,115
3,8787,160
3,8788,115
3,8789,102
3,8790,96
3,8791,70
3,8792,115
3,8793,109
3,8794,70
3,8795,116
3,8796,179
3,8797,90
3,8798,167
3,8799,96
3,8800,83
3,8801,52
3,8802,76
3,8803,115
3,8804,269
3,8805,96
3,8806,160
3,8807,83
3,8808,224
3,8809,153
3,8810,205
3,8811,128
3,8812,103
3,8813,211
3,8814,211
3,8815,102
3,8816,116
3,8817,160
3,8818,115
3,8819,122
3,8820,64
3,8821,83
3,8822,19
3,8823,96
3,8824,160
3,8825,359
3,8826,109
3,8827,115
3,8828,154
3,8829,38
3,8830,64
3,8831,45
3,8832,76
3,8833,77
3,8834,192
3,8835,115
3,8836,256
3,8837,52
3,8838,153
3,8839,103
3,8840,390
3,8841,38
3,8842,173
3,8843,83
3,8844,76
3,8845,45
3,8846,-32
3,8847,102
3,8848,38
3,8849,116
3,8850,160
3,8851,153
3,8852,160
3,8853,51
3,8854,166
3,8855,77
3,8856,108
3,8857,51
3,8858,109
3,8859,102
3,8860,173
3,8861,83
3,8862,160
3,8863,51
3,8864,90
3,8865,122
3,8866,166
3,8867,141
3,8868,179
3,8869,64
3,8870,160
3,8871,160
3,8872,103
3,8873,70
3,8874,128
3,8875,64
3,8876,58
3,8877,51
3,8878,128
3,8879,32
3,8880,122
3,8881,77
3,8882,76
3,8883,147
3,8884,25
3,8885,90
3,8886,58
3,8887,96
3,8888,179
3,8889,-64
3,8890,128
3,8891,57
3,8892,806
3,8893,38
3,8894,57
3,8895,96
3,8896,64
3,8897,-442
3,8898,64
3,8899,45
3,8900,109
3,8901,51
3,8902,115
3,8903,57
3,8904,148
3,8905,-32
3,8906,800
3,8907,109
3,8908,167
3,8909,-32
3,8910,396
3,8911,122
3,8912,160
3,8913,103
3,8914,115
3,8915,58
3,8916,166
3,8917,26
3,8918,109
3,8919,89
3,8920,103
3,8921,71
3,8922,128
3,8923,58
3,8924,64
3,8925,51
3,8926,160
3,8927,108
3,8928,45
3,8929,58
3,8930,83
3,8931,76
3,8932,-45
3,8933,57
3,8934,103
3,8935,122
3,8936,90
3,8937,38
3,8938,134
3,8939,77
3,8940,109
3,8941,84
3,8942,71
3,8943,134
3,8944,96
3,8945,89
3,8946,109
3,8947,77
3,8948,51
3,8949,90
3,8950,364
3,8951,90
3,8952,64
3,8953,173
3,8954,134
3,8955,148
3,8956,141
3,8957,45
3,8958,108
3,8959,71
3,8960,96
3,8961,89
3,8962,231
3,8963,103
3,8964,160
3,8965,96
3,8966,109
3,8967,121
3,8968,154
3,8969,45
3,8970,102
3,8971,64
3,8972,147
3,8973,83
3,8974,205
3,8975,64
3,8976,211
3,8977,141
3,8978,141
3,8979,121
3,8980,122
3,8981,58
3,8982,-51
3,8983,121
3,8984,160
3,8985,51
3,8986,96
3,8987,256
3,8988,44
3,8989,70
3,8990,154
3,8991,77
3,8992,128
3,8993,84
3,8994,173
3,8995,141
3,8996,128
3,8997,83
3,8998,198
3,8999,19
3,9000,71
3,9001,39
3,9002,108
3,9003,96
3,9004,109
3,9005,51
3,9006,96
3,9007,141
3,9008,77
3,9009,204
3,9010,77
3,9011,70
3,9012,167
3,9013,96
3,9014,108
3,9015,89
3,9016,122
3,9017,51
3,9018,70
3,9019,70
3,9020,77
3,9021,32
3,9022,154
3,9023,236
3,9024,128
3,9025,57
3,9026,84
3,9027,115
3,9028,76
3,9029,84
3,9030,154
3,9031,96
3,9032,90
3,9033,109
3,9034,154
3,9035,153
3,9036,115
3,9037,147
3,9038,103
3,9039,-32
3,9040,103
3,9041,32
3,9042,122
3,9043,51
3,9044,115
3,9045,58
3,9046,109
3,9047,70
3,9048,90
3,9049,77
3,9050,128
3,9051,173
3,9052,358
3,9053,102
3,9054,192
3,9055,71
3,9056,116
3,9057,90
3,9058,115
3,9059,83
3,9060,96
3,9061,134
3,9062,160
3,9063,102
3,9064,128
3,9065,147
3,9066,192
3,9067,179
3,9068,-359
3,9069,153
3,9070,70
3,9071,121
3,9072,141
3,9073,141
3,9074,154
3,9075,77
3,9076,153
3,9077,38
3,9078,90
3,9079,57
3,9080,96
3,9081,154
3,9082,160
3,9083,121
3,9084,153
3,9085,160
3,9086,218
3,9087,96
3,9088,140
3,9089,102
3,9090,167
3,9091,64
3,9092,128
3,9093,-51
3,9094,179
3,9095,173
3,9096,141
3,9097,90
3,9098,102
3,9099,160
3,9100,172
3,9101,89
3,9102,-20
3,9103,96
3,9104,153
3,9105,109
3,9106,76
3,9107,128
3,9108,51
3,9109,58
3,9110,141
3,9111,70
3,9112,96
3,9113,51
3,9114,115
3,9115,83
3,9116,211
3,9117,89
3,9118,186
3,9119,-44
3,9120,77
3,9121,64
3,9122,403
3,9123,32
3,9124,167
3,9125,308
3,9126,83
3,9127,83
3,9128,109
3,9129,70
3,9130,109
3,9131,-45
3,9132,135
3,9133,103
3,9134,115
3,9135,84
3,9136,89
3,9137,57
3,9138,179
3,9139,96
3,9140,160
3,9141,115
3,9142,122
3,9143,109
3,9144,128
3,9145,109
3,9146,135
3,9147,115
3,9148,820
3,9149,84
3,9150,147
3,9151,115
3,9152,102
3,9153,-83
3,9154,172
3,9155,19
3,9156,96
3,9157,57
3,9158,160
3,9159,154
3,9160,173
3,9161,800
3,9162,135
3,9163,800
3,9164,70
3,9165,103
3,9166,153
3,9167,84
3,9168,122
3,9169,57
3,9170,115
3,9171,77
3,9172,45
3,9173,58
3,9174,173
3,9175,135
3,9176,115
3,9177,141
3,9178,121
3,9179,103
3,9180,102
3,9181,140
3,9182,153
3,9183,-32
3,9184,224
3,9185,-26
3,9186,90
3,9187,51
3,9188,166
3,9189,64
3,9190,71
3,9191,77
3,9192,122
3,9193,51
3,9194,-32
3,9195,134
3,9196,173
3,9197,64
3,9198,199
3,9199,-32
3,9200,134
3,9201,39
3,9202,51
3,9203,115
3,9204,70
3,9205,51
3,9206,102
3,9207,70
3,9208,64
3,9209,90
3,9210,96
3,9211,-57
3,9212,128
3,9213,58
3,9214,32
3,9215,166
3,9216,122
3,9217,122
3,9218,128
3,9219,108
3,9220,109
3,9221,134
3,9222,262
3,9223,115
3,9224,166
3,9225,102
3,9226,26
3,9227,70
3,9228,122
3,9229,185
3,9230,180
3,9231,51
3,9232,121
3,9233,70
3,9234,128
3,9235,108
3,9236,122
3,9237,109
3,9238,-243
3,9239,115
3,9240,167
3,9241,108
3,9242,122
3,9243,64
3,9244,211
3,9245,38
3,9246,205
3,9247,64
3,9248,77
3,9249,109
3,9250,115
3,9251,122
3,9252,122
3,9253,84
3,9254,109
3,9255,70
3,9256,-44
3,9257,83
3,9258,90
3,9259,57
3,9260,121
3,9261,32
3,9262,64
3,9263,102
3,9264,147
3,9265,147
3,9266,116
3,9267,364
3,9268,166
3,9269,96
3,9270,122
3,9271,128
3,9272,205
3,9273,44
3,9274,-45
3,9275,134
3,9276,167
3,9277,83
3,9278,153
3,9279,90
3,9280,167
3,9281,38
3,9282,122
3,9283,160
3,9284,26
3,9285,70
3,9286,134
3,9287,32
3,9288,108
3,9289,51
3,9290,141
3,9291,141
3,9292,122
3,9293,173
3,9294,141
3,9295,77
3,9296,128
3,9297,57
3,9298,134
3,9299,52
3,9300,153
3,9301,89
3,9302,192
3,9303,128
3,9304,70
3,9305,96
3,9306,166
3,9307,192
3,9308,154
3,9309,-32
3,9310,244
3,9311,109
3,9312,121
3,9313,44
3,9314,148
3,9315,122
3,9316,166
3,9317,44
3,9318,51
3,9319,89
3,9320,51
3,9321,109
3,9322,166
3,9323,64
3,9324,128
3,9325,-109
3,9326,70
3,9327,109
3,9328,102
3,9329,52
3,9330,51
3,9331,71
3,9332,58
3,9333,45
3,9334,128
3,9335,71
3,9336,-26
3,9337,135
3,9338,205
3,9339,115
3,9340,109
3,9341,198
3,9342,179
3,9343,141
3,9344,135
3,9345,58
3,9346,160
3,9347,122
3,9348,128
3,9349,108
3,9350,128
3,9351,135
3,9352,160
3,9353,32
3,9354,166
3,9355,70
3,9356,135
3,9357,51
3,9358,122
3,9359,58
3,9360,83
3,9361,211
3,9362,218
3,9363,45
3,9364,128
3,9365,121
3,9366,167
3,9367,115
3,9368,154
3,9369,109
3,9370,180
3,9371,109
3,9372,134
3,9373,51
3,9374,71
3,9375,102
3,9376,109
3,9377,90
3,9378,365
3,9379,19
3,9380,160
3,9381,186
3,9382,160
3,9383,71
3,9384,96
3,9385,51
3,9386,115
3,9387,25
3,9388,147
3,9389,51
3,9390,237
3,9391,20
3,9392,70
3,9393,153
3,9394,250
3,9395,77
3,9396,186
3,9397,96
3,9398,135
3,9399,77
3,9400,154
3,9401,-32
3,9402,141
3,9403,64
3,9404,813
3,9405,64
3,9406,109
3,9407,77
3,9408,45
3,9409,96
3,9410,70
3,9411,-44
3,9412,103
3,9413,44
3,9414,64
3,9415,64
3,9416,-45
3,9417,121
3,9418,781
3,9419,121
3,9420,64
3,9421,147
3,9422,64
3,9423,83
3,9424,115
3,9425,38
3,9426,205
3,9427,128
3,9428,45
3,9429,51
3,9430,326
3,9431,57
3,9432,148
3,9433,77
3,9434,167
3,9435,147
3,9436,160
3,9437,57
3,9438,243
3,9439,102
3,9440,109
3,9441,26
3,9442,76
3,9443,-51
3,9444,77
3,9445,51
3,9446,26
3,9447,26
3,9448,128
3,9449,96
3,9450,166
3,9451,83
3,9452,70
3,9453,89
3,9454,166
3,9455,147
3,9456,90
3,9457,326
3,9458,96
3,9459,71
3,9460,64
3,9461,58
3,9462,116
3,9463,-70
3,9464,141
3,9465,83
3,9466,218
3,9467,64
3,9468,185
3,9469,96
3,9470,121
3,9471,140
3,9472,141
3,9473,128
3,9474,218
3,9475,70
3,9476,121
3,9477,58
3,9478,109
3,9479,121
3,9480,109
3,9481,32
3,9482,58
3,9483,51
3,9484,109
3,9485,96
3,9486,109
3,9487,71
3,9488,64
3,9489,96
3,9490,134
3,9491,115
3,9492,115
3,9493,39
3,9494,32
3,9495,128
3,9496,77
3,9497,32
3,9498,166
3,9499,45
3,9500,57
3,9501,77
3,9502,141
3,9503,96
3,9504,122
3,9505,90
3,9506,89
3,9507,122
3,9508,96
3,9509,64
3,9510,122
3,9511,115
3,9512,173
3,9513,90
3,9514,141
3,9515,102
3,9516,109
3,9517,108
3,9518,64
3,9519,70
3,9520,90
3,9521,147
3,9522,64
3,9523,141
3,9524,153
3,9525,128
3,9526,-32
3,9527,128
3,9528,115
3,9529,51
3,9530,115
3,9531,115
3,9532,-39
3,9533,179
3,9534,26
3,9535,295
3,9536,89
3,9537,103
3,9538,192
3,9539,26
3,9540,96
3,9541,263
3,9542,135
3,9543,58
3,9544,77
3,9545,115
3,9546,198
3,9547,212
3,9548,256
3,9549,70
3,9550,326
3,9551,237
3,9552,64
3,9553,237
3,9554,212
3,9555,51
3,9556,77
3,9557,103
3,9558,205
3,9559,83
3,9560,116
3,9561,51
3,9562,-32
3,9563,134
3,9564,154
3,9565,103
3,9566,166
3,9567,58
3,9568,256
3,9569,128
3,9570,26
3,9571,102
3,9572,64
3,9573,90
3,9574,96
3,9575,83
3,9576,109
3,9577,64
3,9578,167
3,9579,-352
3,9580,160
3,9581,90
3,9582,57
3,9583,128
3,9584,121
3,9585,70
3,9586,153
3,9587,58
3,9588,160
3,9589,121
3,9590,212
3,9591,102
3,9592,51
3,9593,205
3,9594,371
3,9595,115
3,9596,192
3,9597,128
3,9598,128
3,9599,116
3,9600,84
3,9601,70
3,9602,192
3,9603,51
3,9604,102
3,9605,371
3,9606,218
3,9607,64
3,9608,102
3,9609,51
3,9610,-32
3,9611,141
3,9612,115
3,9613,128
3,9614,141
3,9615,77
3,9616,166
3,9617,83
3,9618,109
3,9619,71
3,9620,102
3,9621,103
3,9622,218
3,9623,70
3,9624,218
3,9625,167
3,9626,218
3,9627,147
3,9628,147
3,9629,166
3,9630,115
3,9631,153
3,9632,115
3,9633,115
3,9634,173
3,9635,102
3,9636,148
3,9637,160
3,9638,108
3,9639,90
3,9640,64
3,9641,141
3,9642,134
3,9643,122
3,9644,71
3,9645,160
3,9646,249
3,9647,109
3,9648,256
3,9649,160
3,9650,57
3,9651,115
3,9652,64
3,9653,45
3,9654,58
3,9655,83
3,9656,71
3,9657,51
3,9658,102
3,9659,70
3,9660,813
3,9661,90
3,9662,102
3,9663,109
3,9664,70
3,9665,52
3,9666,77
3,9667,26
3,9668,64
3,9669,77
3,9670,64
3,9671,115
3,9672,39
3,9673,902
3,9674,89
3,9675,774
3,9676,70
3,9677,51
3,9678,217
3,9679,103
3,9680,147
3,9681,58
3,9682,25
3,9683,64
3,9684,64
3,9685,70
3,9686,51
3,9687,140
3,9688,160
3,9689,160
3,9690,160
3,9691,121
3,9692,237
3,9693,103
3,9694,192
3,9695,147
3,9696,109
3,9697,45
3,9698,160
3,9699,102
3,9700,89
3,9701,102
3,9702,173
3,9703,52
3,9704,70
3,9705,64
3,9706,148
3,9707,84
3,9708,109
3,9709,352
3,9710,141
3,9711,109
3,9712,179
3,9713,-6
3,9714,160
3,9715,51
3,9716,58
3,9717,64
3,9718,25
3,9719,147
3,9720,-51
3,9721,167
3,9722,167
3,9723,103
3,9724,173
3,9725,39
3,9726,90
3,9727,90
3,9728,103
3,9729,154
3,9730,167
3,9731,109
3,9732,-58
3,9733,115
3,9734,263
3,9735,224
3,9736,70
3,9737,-205
3,9738,71
3,9739,58
3,9740,39
3,9741,58
3,9742,122
3,9743,57
3,9744,122
3,9745,52
3,9746,103
3,9747,57
3,9748,179
3,9749,38
3,9750,108
3,9751,64
3,9752,179
3,9753,58
3,9754,115
3,9755,90
3,9756,77
3,9757,64
3,9758,160
3,9759,89
3,9760,57
3,9761,96
3,9762,147
3,9763,103
3,9764,83
3,9765,58
3,9766,141
3,9767,166
3,9768,122
3,9769,166
3,9770,147
3,9771,134
3,9772,192
3,9773,64
3,9774,135
3,9775,83
3,9776,70
3,9777,51
3,9778,128
3,9779,-45
3,9780,179
3,9781,134
3,9782,173
3,9783,116
3,9784,167
3,9785,102
3,9786,147
3,9787,96
3,9788,102
3,9789,103
3,9790,198
3,9791,19
3,9792,140
3,9793,115
3,9794,109
3,9795,58
3,9796,122
3,9797,160
3,9798,134
3,9799,51
3,9800,-52
3,9801,134
3,9802,166
3,9803,77
3,9804,153
3,9805,96
3,9806,115
3,9807,141
3,9808,185
3,9809,160
3,9810,103
3,9811,192
3,9812,-45
3,9813,96
3,9814,109
3,9815,103
3,9816,121
3,9817,141
3,9818,173
3,9819,109
3,9820,173
3,9821,-12
3,9822,83
3,9823,77
3,9824,115
3,9825,64
3,9826,64
3,9827,-38
3,9828,173
3,9829,71
3,9830,180
3,9831,167
3,9832,77
3,9833,147
3,9834,141
3,9835,96
3,9836,140
3,9837,115
3,9838,314
3,9839,115
3,9840,64
3,9841,25
3,9842,231
3,9843,71
3,9844,96
3,9845,166
3,9846,115
3,9847,32
3,9848,64
3,9849,96
3,9850,211
3,9851,160
3,9852,377
3,9853,77
3,9854,70
3,9855,70
3,9856,115
3,9857,83
3,9858,128
3,9859,-64
3,9860,147
3,9861,52
3,9862,198
3,9863,83
3,9864,121
3,9865,-39
3,9866,121
3,9867,115
3,9868,327
3,9869,89
3,9870,141
3,9871,64
3,9872,167
3,9873,121
3,9874,205
3,9875,115
3,9876,141
3,9877,51
3,9878,122
3,9879,121
3,9880,64
3,9881,83
3,9882,102
3,9883,52
3,9884,180
3,9885,166
3,9886,173
3,9887,115
3,9888,64
3,9889,140
3,9890,109
3,9891,90
3,9892,116
3,9893,109
3,9894,-20
3,9895,51
3,9896,115
3,9897,115
3,9898,45
3,9899,64
3,9900,77
3,9901,77
3,9902,71
3,9903,102
3,9904,167
3,9905,51
3,9906,122
3,9907,102
3,9908,167
3,9909,51
3,9910,57
3,9911,19
3,9912,77
3,9913,89
3,9914,128
3,9915,38
3,9916,800
3,9917,84
3,9918,-25
3,9919,64
3,9920,26
3,9921,51
3,9922,-26
3,9923,77
3,9924,147
3,9925,313
3,9926,90
3,9927,109
3,9928,166
3,9929,64
3,9930,1024
3,9931,122
3,9932,128
3,9933,115
3,9934,173
3,9935,288
3,9936,77
3,9937,51
3,9938,84
3,9939,83
3,9940,64
3,9941,90
3,9942,51
3,9943,115
3,9944,115
3,9945,19
3,9946,122
3,9947,109
3,9948,83
3,9949,57
3,9950,122
3,9951,-205
3,9952,77
3,9953,103
3,9954,166
3,9955,51
3,9956,45
3,9957,108
3,9958,179
3,9959,96
3,9960,204
3,9961,96
3,9962,160
3,9963,122
3,9964,115
3,9965,96
3,9966,186
3,9967,147
3,9968,172
3,9969,32
3,9970,154
3,9971,52
3,9972,115
3,9973,116
3,9974,102
3,9975,154
3,9976,109
3,9977,185
3,9978,179
3,9979,83
3,9980,76
3,9981,90
3,9982,153
3,9983,391
3,9984,-45
3,9985,71
3,9986,-45
3,9987,224
3,9988,70
3,9989,160
3,9990,64
3,9991,64
3,9992,166
3,9993,57
3,9994,58
3,9995,64
3,9996,116
3,9997,64
3,9998,77
3,9999,12
3,10000,115
3,10001,128
3,10002,32
3,10003,160
3,10004,57
3,10005,-601
3,10006,109
3,10007,71
3,10008,96
3,10009,51
3,10010,83
3,10011,64
3,10012,32
3,10013,211
3,10014,173
3,10015,211
3,10016,179
3,10017,57
3,10018,256
3,10019,64
3,10020,243
3,10021,185
3,10022,205
3,10023,122
3,10024,115
3,10025,45
3,10026,52
3,10027,26
3,10028,39
3,10029,167
3,10030,199
3,10031,217
3,10032,64
3,10033,96
3,10034,77
3,10035,122
3,10036,217
3,10037,172
3,10038,199
3,10039,128
3,10040,217
3,10041,198
3,10042,166
3,10043,32
3,10044,166
3,10045,64
3,10046,141
3,10047,134
3,10048,70
3,10049,96
3,10050,77
3,10051,115
3,10052,96
3,10053,64
3,10054,19
3,10055,134
3,10056,205
3,10057,64
3,10058,64
3,10059,26
3,10060,154
3,10061,96
3,10062,102
3,10063,121
3,10064,153
3,10065,96
3,10066,51
3,10067,51
3,10068,365
3,10069,83
3,10070,70
3,10071,51
3,10072,64
3,10073,205
3,10074,160
3,10075,77
3,10076,52
3,10077,51
3,10078,154
3,10079,70
3,10080,102
3,10081,64
3,10082,51
3,10083,71
3,10084,186
3,10085,122
3,10086,153
3,10087,116
3,10088,25
3,10089,135
3,10090,122
3,10091,192
3,10092,128
3,10093,96
3,10094,96
3,10095,109
3,10096,70
3,10097,96
3,10098,51
3,10099,45
3,10100,-26
3,10101,121
3,10102,45
3,10103,70
3,10104,-51
3,10105,122
3,10106,115
3,10107,166
3,10108,64
3,10109,51
3,10110,103
3,10111,89
3,10112,58
3,10113,26
3,10114,71
3,10115,103
3,10116,141
3,10117,58
3,10118,58
3,10119,102
3,10120,166
3,10121,96
3,10122,192
3,10123,173
3,10124,153
3,10125,160
3,10126,90
3,10127,121
3,10128,166
3,10129,141
3,10130,64
3,10131,122
3,10132,122
3,10133,83
3,10134,122
3,10135,90
3,10136,109
3,10137,83
3,10138,108
3,10139,167
3,10140,160
3,10141,109
3,10142,83
3,10143,115
3,10144,122
3,10145,77
3,10146,135
3,10147,115
3,10148,83
3,10149,45
3,10150,179
3,10151,70
3,10152,90
3,10153,96
3,10154,70
3,10155,90
3,10156,128
3,10157,205
3,10158,199
3,10159,249
3,10160,109
3,10161,71
3,10162,160
3,10163,-64
3,10164,70
3,10165,45
3,10166,77
3,10167,115
3,10168,64
3,10169,71
3,10170,167
3,10171,90
3,10172,787
3,10173,58
3,10174,25
3,10175,51
3,10176,-384
3,10177,38
3,10178,76
3,10179,70
3,10180,57
3,10181,103
3,10182,167
3,10183,109
3,10184,115
3,10185,794
3,10186,109
3,10187,781
3,10188,109
3,10189,64
3,10190,89
3,10191,96
3,10192,192
3,10193,244
3,10194,45
3,10195,103
3,10196,102
3,10197,-26
3,10198,19
3,10199,160
3,10200,96
3,10201,-38
3,10202,121
3,10203,134
3,10204,58
3,10205,90
3,10206,167
3,10207,154
3,10208,160
3,10209,96
3,10210,26
3,10211,45
3,10212,-141
3,10213,109
3,10214,404
3,10215,96
3,10216,-51
3,10217,-32
3,10218,115
3,10219,51
3,10220,71
3,10221,128
3,10222,108
3,10223,83
3,10224,64
3,10225,141
3,10226,52
3,10227,64
3,10228,-51
3,10229,179
3,10230,115
3,10231,90
3,10232,90
3,10233,147
3,10234,71
3,10235,166
3,10236,160
3,10237,346
3,10238,-198
3,10239,122
3,10240,90
3,10241,57
3,10242,70
3,10243,198
3,10244,96
3,10245,147
3,10246,128
3,10247,173
3,10248,166
3,10249,-26
3,10250,103
3,10251,51
3,10252,58
3,10253,58
3,10254,134
3,10255,102
3,10256,109
3,10257,103
3,10258,345
3,10259,108
3,10260,115
3,10261,-365
3,10262,64
3,10263,115
3,10264,89
3,10265,166
3,10266,45
3,10267,71
3,10268,109
3,10269,109
3,10270,115
3,10271,19
3,10272,64
3,10273,89
3,10274,96
3,10275,135
3,10276,122
3,10277,64
3,10278,70
3,10279,141
3,10280,77
3,10281,64
3,10282,51
3,10283,77
3,10284,83
3,10285,83
3,10286,89
3,10287,90
3,10288,121
3,10289,76
3,10290,307
3,10291,103
3,10292,64
3,10293,32
3,10294,108
3,10295,58
3,10296,-52
3,10297,-52
3,10298,51
3,10299,103
3,10300,115
3,10301,77
3,10302,128
3,10303,103
3,10304,173
3,10305,58
3,10306,396
3,10307,26
3,10308,70
3,10309,186
3,10310,128
3,10311,89
3,10312,167
3,10313,109
3,10314,102
3,10315,84
3,10316,166
3,10317,64
3,10318,153
3,10319,64
3,10320,141
3,10321,70
3,10322,39
3,10323,32
3,10324,58
3,10325,70
3,10326,263
3,10327,122
3,10328,58
3,10329,173
3,10330,122
3,10331,96
3,10332,115
3,10333,166
3,10334,128
3,10335,90
3,10336,141
3,10337,83
3,10338,57
3,10339,71
3,10340,64
3,10341,51
3,10342,141
3,10343,-19
3,10344,141
3,10345,52
3,10346,167
3,10347,121
3,10348,135
3,10349,160
3,10350,199
3,10351,115
3,10352,153
3,10353,96
3,10354,141
3,10355,96
3,10356,51
3,10357,204
3,10358,20
3,10359,173
3,10360,70
3,10361,121
3,10362,109
3,10363,372
3,10364,39
3,10365,84
3,10366,103
3,10367,141
3,10368,237
3,10369,64
3,10370,13
3,10371,205
3,10372,269
3,10373,147
3,10374,128
3,10375,58
3,10376,57
3,10377,76
3,10378,166
3,10379,90
3,10380,58
3,10381,51
3,10382,199
3,10383,19
3,10384,121
3,10385,148
3,10386,167
3,10387,147
3,10388,198
3,10389,96
3,10390,58
3,10391,-32
3,10392,172
3,10393,147
3,10394,166
3,10395,64
3,10396,372
3,10397,115
3,10398,173
3,10399,51
3,10400,90
3,10401,128
3,10402,173
3,10403,211
3,10404,128
3,10405,26
3,10406,160
3,10407,90
3,10408,38
3,10409,102
3,10410,76
3,10411,96
3,10412,83
3,10413,90
3,10414,51
3,10415,32
3,10416,103
3,10417,64
3,10418,122
3,10419,103
3,10420,115
3,10421,83
3,10422,154
3,10423,96
3,10424,71
3,10425,76
3,10426,134
3,10427,102
3,10428,800
3,10429,70
3,10430,71
3,10431,-13
3,10432,52
3,10433,147
3,10434,64
3,10435,51
3,10436,19
3,10437,19
3,10438,103
3,10439,77
3,10440,58
3,10441,64
3,10442,793
3,10443,160
3,10444,83
3,10445,51
3,10446,166
3,10447,64
3,10448,102
3,10449,-25
3,10450,77
3,10451,115
3,10452,64
3,10453,77
3,10454,57
3,10455,96
3,10456,64
3,10457,76
3,10458,128
3,10459,57
3,10460,115
3,10461,147
3,10462,231
3,10463,77
3,10464,102
3,10465,102
3,10466,96
3,10467,70
3,10468,77
3,10469,77
3,10470,116
3,10471,103
3,10472,26
3,10473,70
3,10474,115
3,10475,109
3,10476,148
3,10477,185
3,10478,51
3,10479,116
3,10480,115
3,10481,160
3,10482,26
3,10483,64
3,10484,32
3,10485,205
3,10486,147
3,10487,109
3,10488,109
3,10489,160
3,10490,179
3,10491,109
3,10492,109
3,10493,192
3,10494,198
3,10495,134
3,10496,77
3,10497,140
3,10498,70
3,10499,115
3,10500,115
3,10501,-25
3,10502,186
3,10503,128
3,10504,198
3,10505,51
3,10506,83
3,10507,64
3,10508,96
3,10509,45
3,10510,32
3,10511,76
3,10512,77
3,10513,199
3,10514,83
3,10515,58
3,10516,-531
3,10517,116
3,10518,77
3,10519,128
3,10520,115
3,10521,89
3,10522,83
3,10523,84
3,10524,58
3,10525,103
3,10526,115
3,10527,89
3,10528,51
3,10529,38
3,10530,115
3,10531,64
3,10532,167
3,10533,102
3,10534,64
3,10535,83
3,10536,154
3,10537,83
3,10538,115
3,10539,70
3,10540,70
3,10541,71
3,10542,89
3,10543,32
3,10544,58
3,10545,89
3,10546,102
3,10547,128
3,10548,346
3,10549,71
3,10550,134
3,10551,103
3,10552,173
3,10553,26
3,10554,57
3,10555,64
3,10556,51
3,10557,51
3,10558,288
3,10559,109
3,10560,77
3,10561,84
3,10562,121
3,10563,83
3,10564,64
3,10565,96
3,10566,64
3,10567,103
3,10568,90
3,10569,96
3,10570,108
3,10571,109
3,10572,173
3,10573,109
3,10574,-51
3,10575,96
3,10576,121
3,10577,58
3,10578,57
3,10579,-51
3,10580,301
3,10581,51
3,10582,64
3,10583,58
3,10584,320
3,10585,122
3,10586,135
3,10587,128
3,10588,109
3,10589,45
3,10590,-44
3,10591,45
3,10592,96
3,10593,64
3,10594,25
3,10595,58
3,10596,32
3,10597,45
3,10598,32
3,10599,64
3,10600,83
3,10601,90
3,10602,71
3,10603,109
3,10604,64
3,10605,19
3,10606,90
3,10607,128
3,10608,192
3,10609,51
3,10610,64
3,10611,32
3,10612,96
3,10613,102
3,10614,76
3,10615,13
3,10616,89
3,10617,141
3,10618,84
3,10619,173
3,10620,134
3,10621,148
3,10622,115
3,10623,51
3,10624,70
3,10625,58
3,10626,51
3,10627,-25
3,10628,135
3,10629,57
3,10630,89
3,10631,26
3,10632,90
3,10633,58
3,10634,45
3,10635,64
3,10636,121
3,10637,52
3,10638,25
3,10639,90
3,10640,173
3,10641,160
3,10642,45
3,10643,64
3,10644,102
3,10645,76
3,10646,19
3,10647,71
3,10648,44
3,10649,103
3,10650,173
3,10651,77
3,10652,71
3,10653,57
3,10654,26
3,10655,89
3,10656,128
3,10657,32
3,10658,83
3,10659,51
3,10660,147
3,10661,51
3,10662,-26
3,10663,90
3,10664,109
3,10665,45
3,10666,218
3,10667,64
3,10668,109
3,10669,102
3,10670,140
3,10671,121
3,10672,218
3,10673,103
3,10674,57
3,10675,83
3,10676,108
3,10677,90
3,10678,109
3,10679,122
3,10680,70
3,10681,109
3,10682,96
3,10683,83
3,10684,794
3,10685,51
3,10686,147
3,10687,6
3,10688,141
3,10689,89
3,10690,83
3,10691,-32
3,10692,38
3,10693,64
3,10694,122
3,10695,-307
3,10696,77
3,10697,813
3,10698,103
3,10699,787
3,10700,70
3,10701,96
3,10702,70
3,10703,51
3,10704,116
3,10705,51
3,10706,51
3,10707,89
3,10708,109
3,10709,77
3,10710,326
3,10711,154
3,10712,122
3,10713,-38
3,10714,141
3,10715,134
3,10716,84
3,10717,135
3,10718,122
3,10719,83
3,10720,115
3,10721,77
3,10722,-250
3,10723,-25
3,10724,77
3,10725,90
3,10726,141
3,10727,230
3,10728,52
3,10729,57
3,10730,115
3,10731,147
3,10732,115
3,10733,115
3,10734,116
3,10735,160
3,10736,109
3,10737,51
3,10738,26
3,10739,52
3,10740,71
3,10741,121
3,10742,109
3,10743,90
3,10744,51
3,10745,45
3,10746,83
3,10747,-212
3,10748,122
3,10749,77
3,10750,58
3,10751,71
3,10752,122
3,10753,109
3,10754,70
3,10755,64
3,10756,109
3,10757,116
3,10758,147
3,10759,122
3,10760,121
3,10761,57
3,10762,52
3,10763,70
3,10764,44
3,10765,109
3,10766,51
3,10767,90
3,10768,32
3,10769,83
3,10770,141
3,10771,141
3,10772,58
3,10773,96
3,10774,109
3,10775,-64
3,10776,77
3,10777,25
3,10778,109
3,10779,26
3,10780,57
3,10781,102
3,10782,83
3,10783,173
3,10784,179
3,10785,44
3,10786,326
3,10787,57
3,10788,76
3,10789,96
3,10790,83
3,10791,58
3,10792,205
3,10793,25
3,10794,70
3,10795,70
3,10796,70
3,10797,45
3,10798,103
3,10799,102
3,10800,64
3,10801,51
3,10802,115
3,10803,109
3,10804,96
3,10805,71
3,10806,102
3,10807,115
3,10808,108
3,10809,57
3,10810,116
3,10811,57
3,10812,108
3,10813,64
3,10814,71
3,10815,141
3,10816,26
3,10817,52
3,10818,76
3,10819,19
3,10820,70
3,10821,76
3,10822,160
3,10823,115
3,10824,83
3,10825,77
3,10826,64
3,10827,96
3,10828,-45
3,10829,103
3,10830,160
3,10831,58
3,10832,96
3,10833,300
3,10834,64
3,10835,96
3,10836,71
3,10837,70
3,10838,147
3,10839,77
3,10840,103
3,10841,96
3,10842,103
3,10843,109
3,10844,71
3,10845,64
3,10846,179
3,10847,96
3,10848,57
3,10849,173
3,10850,77
3,10851,109
3,10852,147
3,10853,71
3,10854,140
3,10855,77
3,10856,58
3,10857,-461
3,10858,249
3,10859,64
3,10860,147
3,10861,122
3,10862,492
3,10863,32
3,10864,-45
3,10865,45
3,10866,26
3,10867,108
3,10868,57
3,10869,154
3,10870,26
3,10871,71
3,10872,102
3,10873,121
3,10874,122
3,10875,103
3,10876,115
3,10877,77
3,10878,89
3,10879,64
3,10880,64
3,10881,371
3,10882,115
3,10883,83
3,10884,128
3,10885,64
3,10886,83
3,10887,102
3,10888,58
3,10889,96
3,10890,108
3,10891,121
3,10892,32
3,10893,77
3,10894,32
3,10895,122
3,10896,141
3,10897,173
3,10898,172
3,10899,122
3,10900,134
3,10901,70
3,10902,-32
3,10903,166
3,10904,166
3,10905,64
3,10906,77
3,10907,83
3,10908,103
3,10909,96
3,10910,115
3,10911,58
3,10912,38
3,10913,58
3,10914,141
3,10915,128
3,10916,147
3,10917,108
3,10918,96
3,10919,96
3,10920,52
3,10921,70
3,10922,77
3,10923,70
3,10924,32
3,10925,109
3,10926,64
3,10927,77
3,10928,51
3,10929,115
3,10930,115
3,10931,160
3,10932,115
3,10933,83
3,10934,198
3,10935,109
3,10936,51
3,10937,77
3,10938,237
3,10939,76
3,10940,832
3,10941,51
3,10942,140
3,10943,320
3,10944,26
3,10945,32
3,10946,19
3,10947,25
3,10948,45
3,10949,64
3,10950,160
3,10951,115
3,10952,141
3,10953,186
3,10954,915
3,10955,166
3,10956,153
3,10957,90
3,10958,294
3,10959,-32
3,10960,109
3,10961,51
3,10962,45
3,10963,76
3,10964,52
3,10965,96
3,10966,64
3,10967,58
3,10968,96
3,10969,58
3,10970,-19
3,10971,160
3,10972,103
3,10973,96
3,10974,391
3,10975,141
3,10976,96
3,10977,64
3,10978,64
3,10979,51
3,10980,52
3,10981,44
3,10982,57
3,10983,64
3,10984,339
3,10985,167
3,10986,115
3,10987,115
3,10988,141
3,10989,96
3,10990,186
3,10991,102
3,10992,90
3,10993,77
3,10994,58
3,10995,77
3,10996,51
3,10997,179
3,10998,26
3,10999,77
3,11000,58
3,11001,71
3,11002,365
3,11003,128
3,11004,71
3,11005,71
3,11006,57
3,11007,115
3,11008,90
3,11009,-19
3,11010,180
3,11011,96
3,11012,103
3,11013,154
3,11014,109
3,11015,108
3,11016,153
3,11017,44
3,11018,96
3,11019,39
3,11020,70
3,11021,96
3,11022,102
3,11023,-64
3,11024,51
3,11025,122
3,11026,70
3,11027,109
3,11028,64
3,11029,115
3,11030,147
3,11031,103
3,11032,365
3,11033,64
3,11034,32
3,11035,64
3,11036,77
3,11037,77
3,11038,166
3,11039,83
3,11040,70
3,11041,64
3,11042,58
3,11043,128
3,11044,172
3,11045,57
3,11046,166
3,11047,102
3,11048,115
3,11049,109
3,11050,51
3,11051,32
3,11052,52
3,11053,295
3,11054,122
3,11055,115
3,11056,52
3,11057,115
3,11058,167
3,11059,371
3,11060,102
3,11061,122
3,11062,160
3,11063,109
3,11064,396
3,11065,-39
3,11066,103
3,11067,25
3,11068,38
3,11069,166
3,11070,115
3,11071,140
3,11072,121
3,11073,32
3,11074,109
3,11075,-25
3,11076,77
3,11077,70
3,11078,71
3,11079,83
3,11080,115
3,11081,346
3,11082,102
3,11083,128
3,11084,115
3,11085,102
3,11086,192
3,11087,64
3,11088,115
3,11089,51
3,11090,109
3,11091,32
3,11092,77
3,11093,70
3,11094,102
3,11095,32
3,11096,166
3,11097,57
3,11098,167
3,11099,64
3,11100,173
3,11101,160
3,11102,32
3,11103,96
3,11104,51
3,11105,128
3,11106,51
3,11107,64
3,11108,45
3,11109,64
3,11110,51
3,11111,70
3,11112,83
3,11113,179
3,11114,116
3,11115,83
3,11116,128
3,11117,134
3,11118,71
3,11119,134
3,11120,96
3,11121,71
3,11122,26
3,11123,77
3,11124,103
3,11125,57
3,11126,90
3,11127,109
3,11128,32
3,11129,121
3,11130,134
3,11131,134
3,11132,134
3,11133,96
3,11134,166
3,11135,153
3,11136,64
3,11137,57
3,11138,45
3,11139,147
3,11140,83
3,11141,160
3,11142,192
3,11143,58
3,11144,96
3,11145,102
3,11146,109
3,11147,70
3,11148,58
3,11149,70
3,11150,102
3,11151,84
3,11152,-44
3,11153,52
3,11154,64
3,11155,64
3,11156,96
3,11157,102
3,11158,102
3,11159,96
3,11160,89
3,11161,83
3,11162,115
3,11163,109
3,11164,58
3,11165,25
3,11166,58
3,11167,70
3,11168,115
3,11169,58
3,11170,134
3,11171,103
3,11172,77
3,11173,96
3,11174,64
3,11175,64
3,11176,147
3,11177,352
3,11178,148
3,11179,115
3,11180,135
3,11181,83
3,11182,173
3,11183,115
3,11184,185
3,11185,77
3,11186,96
3,11187,122
3,11188,51
3,11189,57
3,11190,70
3,11191,275
3,11192,109
3,11193,96
3,11194,90
3,11195,115
3,11196,800
3,11197,237
3,11198,51
3,11199,-416
3,11200,71
3,11201,45
3,11202,51
3,11203,-25
3,11204,51
3,11205,51
3,11206,32
3,11207,90
3,11208,115
3,11209,813
3,11210,64
3,11211,800
3,11212,77
3,11213,147
3,11214,199
3,11215,115
3,11216,84
3,11217,51
3,11218,141
3,11219,70
3,11220,84
3,11221,77
3,11222,115
3,11223,154
3,11224,109
3,11225,103
3,11226,122
3,11227,77
3,11228,365
3,11229,77
3,11230,64
3,11231,115
3,11232,96
3,11233,58
3,11234,115
3,11235,13
3,11236,64
3,11237,116
3,11238,122
3,11239,70
3,11240,77
3,11241,64
3,11242,122
3,11243,103
3,11244,218
3,11245,58
3,11246,77
3,11247,70
3,11248,70
3,11249,52
3,11250,96
3,11251,109
3,11252,52
3,11253,109
3,11254,116
3,11255,70
3,11256,57
3,11257,109
3,11258,109
3,11259,32
3,11260,109
3,11261,45
3,11262,25
3,11263,205
3,11264,103
3,11265,57
3,11266,179
3,11267,116
3,11268,115
3,11269,109
3,11270,-26
3,11271,135
3,11272,204
3,11273,70
3,11274,109
3,11275,96
3,11276,-51
3,11277,128
3,11278,115
3,11279,102
3,11280,32
3,11281,128
3,11282,122
3,11283,102
3,11284,102
3,11285,109
3,11286,141
3,11287,102
3,11288,148
3,11289,58
3,11290,84
3,11291,64
3,11292,45
3,11293,83
3,11294,83
3,11295,211
3,11296,51
3,11297,70
3,11298,32
3,11299,96
3,11300,122
3,11301,102
3,11302,147
3,11303,70
3,11304,121
3,11305,39
3,11306,64
3,11307,109
3,11308,70
3,11309,103
3,11310,25
3,11311,116
3,11312,51
3,11313,64
3,11314,71
3,11315,109
3,11316,109
3,11317,128
3,11318,90
3,11319,102
3,11320,116
3,11321,128
3,11322,141
3,11323,102
3,11324,96
3,11325,70
3,11326,173
3,11327,154
3,11328,109
3,11329,89
3,11330,122
3,11331,44
3,11332,77
3,11333,140
3,11334,89
3,11335,64
3,11336,173
3,11337,122
3,11338,57
3,11339,198
3,11340,-44
3,11341,115
3,11342,90
3,11343,52
3,11344,-51
3,11345,115
3,11346,25
3,11347,51
3,11348,-44
3,11349,121
3,11350,166
3,11351,26
3,11352,32
3,11353,64
3,11354,89
3,11355,96
3,11356,109
3,11357,102
3,11358,179
3,11359,57
3,11360,96
3,11361,236
3,11362,83
3,11363,58
3,11364,32
3,11365,57
3,11366,134
3,11367,51
3,11368,301
3,11369,51
3,11370,116
3,11371,147
3,11372,71
3,11373,64
3,11374,58
3,11375,89
3,11376,64
3,11377,51
3,11378,25
3,11379,77
3,11380,52
3,11381,57
3,11382,25
3,11383,58
3,11384,77
3,11385,128
3,11386,84
3,11387,90
3,11388,96
3,11389,70
3,11390,160
3,11391,64
3,11392,51
3,11393,58
3,11394,115
3,11395,153
3,11396,167
3,11397,57
3,11398,192
3,11399,102
3,11400,128
3,11401,71
3,11402,397
3,11403,122
3,11404,58
3,11405,64
3,11406,160
3,11407,64
3,11408,121
3,11409,179
3,11410,141
3,11411,77
3,11412,211
3,11413,-51
3,11414,64
3,11415,116
3,11416,115
3,11417,109
3,11418,71
3,11419,70
3,11420,109
3,11421,-13
3,11422,121
3,11423,102
3,11424,109
3,11425,147
3,11426,160
3,11427,147
3,11428,71
3,11429,90
3,11430,64
3,11431,71
3,11432,96
3,11433,102
3,11434,224
3,11435,96
3,11436,77
3,11437,45
3,11438,26
3,11439,58
3,11440,51
3,11441,205
3,11442,71
3,11443,128
3,11444,102
3,11445,96
3,11446,70
3,11447,57
3,11448,204
3,11449,205
3,11450,64
3,11451,212
3,11452,660
3,11453,90
3,11454,122
3,11455,64
3,11456,38
3,11457,19
3,11458,45
3,11459,51
3,11460,51
3,11461,89
3,11462,128
3,11463,25
3,11464,365
3,11465,96
3,11466,442
3,11467,186
3,11468,90
3,11469,103
3,11470,122
3,11471,160
3,11472,51
3,11473,109
3,11474,135
3,11475,58
3,11476,160
3,11477,38
3,11478,109
3,11479,64
3,11480,64
3,11481,109
3,11482,-52
3,11483,134
3,11484,186
3,11485,102
3,11486,108
3,11487,-109
3,11488,76
3,11489,57
3,11490,160
3,11491,58
3,11492,51
3,11493,103
3,11494,96
3,11495,71
3,11496,26
3,11497,77
3,11498,64
3,11499,64
3,11500,134
3,11501,179
3,11502,45
3,11503,116
3,11504,83
3,11505,109
3,11506,32
3,11507,307
3,11508,64
3,11509,103
3,11510,90
3,11511,70
3,11512,90
3,11513,109
3,11514,128
3,11515,121
3,11516,121
3,11517,-32
3,11518,89
3,11519,64
3,11520,58
3,11521,109
3,11522,166
3,11523,64
3,11524,58
3,11525,83
3,11526,115
3,11527,38
3,11528,64
3,11529,51
3,11530,26
3,11531,141
3,11532,57
3,11533,71
3,11534,71
3,11535,77
3,11536,166
3,11537,121
3,11538,166
3,11539,134
3,11540,70
3,11541,64
3,11542,83
3,11543,186
3,11544,64
3,11545,57
3,11546,26
3,11547,64
3,11548,-25
3,11549,32
3,11550,64
3,11551,102
3,11552,96
3,11553,44
3,11554,102
3,11555,77
3,11556,109
3,11557,115
3,11558,173
3,11559,115
3,11560,-32
3,11561,83
3,11562,26
3,11563,57
3,11564,90
3,11565,51
3,11566,64
3,11567,115
3,11568,71
3,11569,64
3,11570,64
3,11571,70
3,11572,-192
3,11573,57
3,11574,115
3,11575,115
3,11576,-38
3,11577,-51
3,11578,64
3,11579,70
3,11580,109
3,11581,52
3,11582,57
3,11583,19
3,11584,83
3,11585,25
3,11586,108
3,11587,45
3,11588,115
3,11589,83
3,11590,262
3,11591,64
3,11592,115
3,11593,108
3,11594,77
3,11595,122
3,11596,70
3,11597,64
3,11598,51
3,11599,58
3,11600,51
3,11601,51
3,11602,32
3,11603,19
3,11604,57
3,11605,45
3,11606,26
3,11607,-64
3,11608,115
3,11609,84
3,11610,135
3,11611,109
3,11612,115
3,11613,109
3,11614,26
3,11615,51
3,11616,-39
3,11617,64
3,11618,25
3,11619,71
3,11620,64
3,11621,77
3,11622,89
3,11623,77
3,11624,122
3,11625,89
3,11626,70
3,11627,64
3,11628,96
3,11629,166
3,11630,51
3,11631,70
3,11632,122
3,11633,52
3,11634,205
3,11635,26
3,11636,39
3,11637,58
3,11638,160
3,11639,128
3,11640,96
3,11641,77
3,11642,160
3,11643,70
3,11644,58
3,11645,116
3,11646,166
3,11647,71
3,11648,115
3,11649,51
3,11650,25
3,11651,179
3,11652,96
3,11653,89
3,11654,160
3,11655,103
3,11656,64
3,11657,262
3,11658,44
3,11659,103
3,11660,71
3,11661,109
3,11662,51
3,11663,57
3,11664,121
3,11665,51
3,11666,90
3,11667,109
3,11668,58
3,11669,70
3,11670,64
3,11671,77
3,11672,116
3,11673,26
3,11674,57
3,11675,57
3,11676,64
3,11677,70
3,11678,160
3,11679,135
3,11680,109
3,11681,26
3,11682,51
3,11683,57
3,11684,39
3,11685,57
3,11686,102
3,11687,71
3,11688,134
3,11689,45
3,11690,32
3,11691,58
3,11692,-218
3,11693,57
3,11694,71
3,11695,96
3,11696,108
3,11697,70
3,11698,71
3,11699,115
3,11700,102
3,11701,70
3,11702,70
3,11703,71
3,11704,115
3,11705,57
3,11706,32
3,11707,147
3,11708,812
3,11709,109
3,11710,109
3,11711,70
3,11712,89
3,11713,45
3,11714,-340
3,11715,83
3,11716,64
3,11717,76
3,11718,51
3,11719,103
3,11720,115
3,11721,838
3,11722,57
3,11723,928
3,11724,64
3,11725,96
3,11726,38
3,11727,64
3,11728,198
3,11729,102
3,11730,-32
3,11731,44
3,11732,154
3,11733,109
3,11734,76
3,11735,58
3,11736,103
3,11737,186
3,11738,116
3,11739,115
3,11740,-45
3,11741,198
3,11742,-192
3,11743,122
3,11744,109
3,11745,58
3,11746,57
3,11747,83
3,11748,58
3,11749,90
3,11750,-45
3,11751,77
3,11752,320
3,11753,268
3,11754,115
3,11755,160
3,11756,44
3,11757,57
3,11758,397
3,11759,96
3,11760,83
3,11761,64
3,11762,51
3,11763,116
3,11764,26
3,11765,263
3,11766,96
3,11767,25
3,11768,102
3,11769,109
3,11770,51
3,11771,153
3,11772,76
3,11773,51
3,11774,51
3,11775,122
3,11776,128
3,11777,109
3,11778,39
3,11779,83
3,11780,109
3,11781,64
3,11782,128
3,11783,89
3,11784,57
3,11785,83
3,11786,57
3,11787,45
3,11788,39
3,11789,71
3,11790,90
3,11791,-26
3,11792,121
3,11793,147
3,11794,102
3,11795,57
3,11796,173
3,11797,115
3,11798,141
3,11799,77
3,11800,153
3,11801,25
3,11802,109
3,11803,102
3,11804,26
3,11805,58
3,11806,96
3,11807,64
3,11808,64
3,11809,346
3,11810,102
3,11811,122
3,11812,141
3,11813,128
3,11814,102
3,11815,102
3,11816,57
3,11817,64
3,11818,45
3,11819,103
3,11820,57
3,11821,64
3,11822,64
3,11823,269
3,11824,77
3,11825,64
3,11826,109
3,11827,-186
3,11828,108
3,11829,83
3,11830,-51
3,11831,147
3,11832,103
3,11833,64
3,11834,77
3,11835,64
3,11836,102
3,11837,90
3,11838,96
3,11839,-64
3,11840,84
3,11841,52
3,11842,25
3,11843,89
3,11844,32
3,11845,135
3,11846,70
3,11847,89
3,11848,109
3,11849,108
3,11850,115
3,11851,109
3,11852,199
3,11853,51
3,11854,173
3,11855,115
3,11856,96
3,11857,102
3,11858,153
3,11859,77
3,11860,160
3,11861,58
3,11862,160
3,11863,115
3,11864,71
3,11865,102
3,11866,57
3,11867,102
3,11868,103
3,11869,109
3,11870,153
3,11871,26
3,11872,109
3,11873,57
3,11874,154
3,11875,70
3,11876,115
3,11877,109
3,11878,-64
3,11879,77
3,11880,154
3,11881,-314
3,11882,153
3,11883,160
3,11884,205
3,11885,83
3,11886,122
3,11887,83
3,11888,192
3,11889,25
3,11890,58
3,11891,320
3,11892,96
3,11893,103
3,11894,51
3,11895,71
3,11896,84
3,11897,115
3,11898,122
3,11899,160
3,11900,64
3,11901,109
3,11902,103
3,11903,-51
3,11904,115
3,11905,108
3,11906,122
3,11907,160
3,11908,121
3,11909,103
3,11910,333
3,11911,70
3,11912,70
3,11913,26
3,11914,109
3,11915,109
3,11916,71
3,11917,167
3,11918,71
3,11919,89
3,11920,70
3,11921,109
3,11922,115
3,11923,64
3,11924,122
3,11925,108
3,11926,166
3,11927,77
3,11928,339
3,11929,121
3,11930,96
3,11931,52
3,11932,71
3,11933,115
3,11934,103
3,11935,89
3,11936,51
3,11937,116
3,11938,128
3,11939,102
3,11940,64
3,11941,179
3,11942,147
3,11943,70
3,11944,153
3,11945,122
3,11946,109
3,11947,-64
3,11948,77
3,11949,71
3,11950,96
3,11951,71
3,11952,89
3,11953,147
3,11954,96
3,11955,90
3,11956,141
3,11957,96
3,11958,198
3,11959,102
3,11960,83
3,11961,96
3,11962,57
3,11963,32
3,11964,819
3,11965,154
3,11966,128
3,11967,121
3,11968,51
3,11969,45
3,11970,71
3,11971,102
3,11972,167
3,11973,102
3,11974,115
3,11975,147
3,11976,186
3,11977,282
3,11978,787
3,11979,153
3,11980,115
3,11981,83
3,11982,70
3,11983,103
3,11984,173
3,11985,64
3,11986,58
3,11987,70
3,11988,32
3,11989,45
3,11990,71
3,11991,64
3,11992,-38
3,11993,141
3,11994,115
3,11995,109
3,11996,115
3,11997,58
3,11998,179
3,11999,167
3,12000,109
3,12001,70
3,12002,51
3,12003,96
3,12004,58
3,12005,70
3,12006,122
3,12007,57
3,12008,89
3,12009,115
3,12010,128
3,12011,116
3,12012,122
3,12013,403
3,12014,218
3,12015,166
3,12016,77
3,12017,83
3,12018,218
3,12019,26
3,12020,103
3,12021,160
3,12022,212
3,12023,128
3,12024,58
3,12025,51
3,12026,52
3,12027,109
3,12028,96
3,12029,103
3,12030,172
3,12031,76
3,12032,128
3,12033,45
3,12034,64
3,12035,83
3,12036,90
3,12037,64
3,12038,71
3,12039,77
3,12040,77
3,12041,89
3,12042,45
3,12043,26
3,12044,52
3,12045,77
3,12046,51
3,12047,71
3,12048,141
3,12049,64
3,12050,160
3,12051,-45
3,12052,70
3,12053,77
3,12054,134
3,12055,77
3,12056,71
3,12057,32
3,12058,26
3,12059,13
3,12060,64
3,12061,25
3,12062,102
3,12063,64
3,12064,96
3,12065,109
3,12066,115
3,12067,-45
3,12068,71
3,12069,109
3,12070,172
3,12071,90
3,12072,-57
3,12073,52
3,12074,102
3,12075,84
3,12076,57
3,12077,38
3,12078,109
3,12079,84
3,12080,51
3,12081,96
3,12082,173
3,12083,71
3,12084,148
3,12085,109
3,12086,173
3,12087,115
3,12088,102
3,12089,134
3,12090,51
3,12091,115
3,12092,378
3,12093,-51
3,12094,186
3,12095,173
3,12096,141
3,12097,58
3,12098,109
3,12099,64
3,12100,83
3,12101,96
3,12102,391
3,12103,96
3,12104,108
3,12105,109
3,12106,83
3,12107,166
3,12108,204
3,12109,70
3,12110,77
3,12111,45
3,12112,45
3,12113,359
3,12114,83
3,12115,19
3,12116,38
3,12117,77
3,12118,-19
3,12119,76
3,12120,90
3,12121,109
3,12122,128
3,12123,84
3,12124,243
3,12125,64
3,12126,205
3,12127,70
3,12128,250
3,12129,89
3,12130,51
3,12131,70
3,12132,179
3,12133,83
3,12134,121
3,12135,116
3,12136,102
3,12137,109
3,12138,135
3,12139,218
3,12140,71
3,12141,57
3,12142,70
3,12143,64
3,12144,147
3,12145,76
3,12146,109
3,12147,102
3,12148,115
3,12149,32
3,12150,148
3,12151,52
3,12152,58
3,12153,121
3,12154,102
3,12155,198
3,12156,-58
3,12157,71
3,12158,64
3,12159,70
3,12160,115
3,12161,26
3,12162,122
3,12163,198
3,12164,140
3,12165,51
3,12166,122
3,12167,71
3,12168,71
3,12169,160
3,12170,128
3,12171,77
3,12172,102
3,12173,103
3,12174,167
3,12175,153
3,12176,109
3,12177,192
3,12178,64
3,12179,70
3,12180,51
3,12181,122
3,12182,70
3,12183,83
3,12184,77
3,12185,115
3,12186,83
3,12187,90
3,12188,71
3,12189,115
3,12190,116
3,12191,58
3,12192,58
3,12193,96
3,12194,64
3,12195,115
3,12196,103
3,12197,90
3,12198,160
3,12199,71
3,12200,58
3,12201,109
3,12202,179
3,12203,70
3,12204,116
3,12205,83
3,12206,205
3,12207,121
3,12208,205
3,12209,51
3,12210,108
3,12211,96
3,12212,38
3,12213,51
3,12214,109
3,12215,20
3,12216,84
3,12217,58
3,12218,25
3,12219,89
3,12220,806
3,12221,109
3,12222,-359
3,12223,109
3,12224,153
3,12225,32
3,12226,58
3,12227,90
3,12228,51
3,12229,-19
3,12230,186
3,12231,96
3,12232,122
3,12233,800
3,12234,115
3,12235,768
3,12236,102
3,12237,109
3,12238,121
3,12239,109
3,12240,77
3,12241,45
3,12242,96
3,12243,89
3,12244,32
3,12245,70
3,12246,103
3,12247,116
3,12248,83
3,12249,134
3,12250,128
3,12251,13
3,12252,71
3,12253,57
3,12254,109
3,12255,76
3,12256,128
3,12257,57
3,12258,64
3,12259,26
3,12260,32
3,12261,128
3,12262,57
3,12263,70
3,12264,32
3,12265,166
3,12266,19
3,12267,58
3,12268,115
3,12269,141
3,12270,390
3,12271,51
3,12272,102
3,12273,51
3,12274,71
3,12275,26
3,12276,76
3,12277,45
3,12278,160
3,12279,77
3,12280,96
3,12281,109
3,12282,141
3,12283,128
3,12284,77
3,12285,185
3,12286,64
3,12287,102
3,12288,-32
3,12289,173
3,12290,128
3,12291,83
3,12292,371
3,12293,115
3,12294,211
3,12295,122
3,12296,115
3,12297,109
3,12298,64
3,12299,148
3,12300,51
3,12301,115
3,12302,64
3,12303,57
3,12304,148
3,12305,96
3,12306,147
3,12307,-339
3,12308,140
3,12309,109
3,12310,115
3,12311,109
3,12312,128
3,12313,141
3,12314,172
3,12315,52
3,12316,76
3,12317,122
3,12318,179
3,12319,-70
3,12320,-38
3,12321,44
3,12322,96
3,12323,128
3,12324,179
3,12325,103
3,12326,121
3,12327,45
3,12328,147
3,12329,116
3,12330,70
3,12331,26
3,12332,77
3,12333,58
3,12334,25
3,12335,71
3,12336,70
3,12337,96
3,12338,102
3,12339,19
3,12340,173
3,12341,96
3,12342,153
3,12343,333
3,12344,172
3,12345,51
3,12346,25
3,12347,32
3,12348,96
3,12349,-32
3,12350,70
3,12351,19
3,12352,128
3,12353,-38
3,12354,134
3,12355,83
3,12356,256
3,12357,51
3,12358,108
3,12359,83
3,12360,58
3,12361,173
3,12362,102
3,12363,122
3,12364,122
3,12365,89
3,12366,167
3,12367,70
3,12368,249
3,12369,154
3,12370,121
3,12371,26
3,12372,64
3,12373,122
3,12374,173
3,12375,218
3,12376,64
3,12377,64
3,12378,122
3,12379,128
3,12380,115
3,12381,211
3,12382,135
3,12383,51
3,12384,64
3,12385,51
3,12386,77
3,12387,39
3,12388,-38
3,12389,58
3,12390,77
3,12391,397
3,12392,58
3,12393,115
3,12394,83
3,12395,32
3,12396,205
3,12397,173
3,12398,116
3,12399,64
3,12400,115
3,12401,83
3,12402,20
3,12403,52
3,12404,116
3,12405,96
3,12406,26
3,12407,64
3,12408,108
3,12409,90
3,12410,96
3,12411,116
3,12412,77
3,12413,141
3,12414,199
3,12415,109
3,12416,108
3,12417,122
3,12418,71
3,12419,116
3,12420,-44
3,12421,70
3,12422,77
3,12423,109
3,12424,102
3,12425,109
3,12426,102
3,12427,102
3,12428,115
3,12429,-39
3,12430,76
3,12431,38
3,12432,115
3,12433,179
3,12434,147
3,12435,-26
3,12436,179
3,12437,77
3,12438,25
3,12439,108
3,12440,108
3,12441,64
3,12442,83
3,12443,154
3,12444,160
3,12445,96
3,12446,121
3,12447,64
3,12448,51
3,12449,199
3,12450,128
3,12451,96
3,12452,135
3,12453,51
3,12454,32
3,12455,70
3,12456,39
3,12457,64
3,12458,26
3,12459,51
3,12460,57
3,12461,32
3,12462,38
3,12463,32
3,12464,64
3,12465,115
3,12466,102
3,12467,141
3,12468,115
3,12469,154
3,12470,51
3,12471,90
3,12472,64
3,12473,166
3,12474,96
3,12475,51
3,12476,1030
3,12477,57
3,12478,134
3,12479,32
3,12480,109
3,12481,-32
3,12482,19
3,12483,51
3,12484,57
3,12485,64
3,12486,45
3,12487,90
3,12488,38
3,12489,108
3,12490,825
3,12491,154
3,12492,147
3,12493,70
3,12494,186
3,12495,173
3,12496,115
3,12497,51
3,12498,121
3,12499,109
3,12500,71
3,12501,51
3,12502,20
3,12503,109
3,12504,52
3,12505,83
3,12506,64
3,12507,51
3,12508,121
3,12509,64
3,12510,102
3,12511,71
3,12512,141
3,12513,45
3,12514,26
3,12515,13
3,12516,102
3,12517,64
3,12518,115
3,12519,90
3,12520,109
3,12521,102
3,12522,135
3,12523,96
3,12524,90
3,12525,122
3,12526,109
3,12527,121
3,12528,109
3,12529,51
3,12530,77
3,12531,45
3,12532,64
3,12533,345
3,12534,58
3,12535,71
3,12536,64
3,12537,121
3,12538,102
3,12539,102
3,12540,148
3,12541,128
3,12542,180
3,12543,121
3,12544,237
3,12545,51
3,12546,51
3,12547,90
3,12548,192
3,12549,109
3,12550,109
3,12551,70
3,12552,115
3,12553,115
3,12554,70
3,12555,141
3,12556,160
3,12557,103
3,12558,121
3,12559,70
3,12560,282
3,12561,160
3,12562,198
3,12563,19
3,12564,108
3,12565,115
3,12566,77
3,12567,108
3,12568,128
3,12569,109
3,12570,32
3,12571,26
3,12572,58
3,12573,128
3,12574,57
3,12575,51
3,12576,115
3,12577,51
3,12578,64
3,12579,102
3,12580,166
3,12581,134
3,12582,84
3,12583,25
3,12584,70
3,12585,160
3,12586,32
3,12587,26
3,12588,166
3,12589,64
3,12590,166
3,12591,76
3,12592,141
3,12593,96
3,12594,147
3,12595,83
3,12596,141
3,12597,108
3,12598,90
3,12599,109
3,12600,90
3,12601,25
3,12602,58
3,12603,89
3,12604,-32
3,12605,116
3,12606,64
3,12607,90
3,12608,45
3,12609,32
3,12610,166
3,12611,64
3,12612,115
3,12613,103
3,12614,19
3,12615,25
3,12616,70
3,12617,115
3,12618,103
3,12619,154
3,12620,83
3,12621,103
3,12622,122
3,12623,103
3,12624,51
3,12625,64
3,12626,32
3,12627,26
3,12628,77
3,12629,115
3,12630,115
3,12631,25
3,12632,121
3,12633,70
3,12634,71
3,12635,122
3,12636,153
3,12637,64
3,12638,96
3,12639,-44
3,12640,115
3,12641,83
3,12642,13
3,12643,109
3,12644,64
3,12645,64
3,12646,58
3,12647,64
3,12648,-557
3,12649,122
3,12650,141
3,12651,154
3,12652,109
3,12653,71
3,12654,70
3,12655,102
3,12656,147
3,12657,39
3,12658,52
3,12659,57
3,12660,148
3,12661,160
3,12662,115
3,12663,45
3,12664,71
3,12665,109
3,12666,109
3,12667,115
3,12668,57
3,12669,102
3,12670,141
3,12671,51
3,12672,70
3,12673,51
3,12674,32
3,12675,57
3,12676,154
3,12677,-39
3,12678,116
3,12679,32
3,12680,45
3,12681,64
3,12682,83
3,12683,19
3,12684,51
3,12685,89
3,12686,90
3,12687,70
3,12688,64
3,12689,205
3,12690,109
3,12691,32
3,12692,58
3,12693,141
3,12694,102
3,12695,64
3,12696,134
3,12697,96
3,12698,51
3,12699,83
3,12700,352
3,12701,102
3,12702,128
3,12703,-45
3,12704,333
3,12705,32
3,12706,160
3,12707,103
3,12708,160
3,12709,96
3,12710,58
3,12711,70
3,12712,51
3,12713,58
3,12714,122
3,12715,115
3,12716,115
3,12717,96
3,12718,96
3,12719,76
3,12720,102
3,12721,320
3,12722,58
3,12723,26
3,12724,115
3,12725,89
3,12726,64
3,12727,89
3,12728,70
3,12729,45
3,12730,58
3,12731,70
3,12732,787
3,12733,-32
3,12734,147
3,12735,109
3,12736,134
3,12737,-6
3,12738,58
3,12739,32
3,12740,45
3,12741,32
3,12742,71
3,12743,44
3,12744,134
3,12745,794
3,12746,96
3,12747,787
3,12748,77
3,12749,64
3,12750,179
3,12751,122
3,12752,108
3,12753,135
3,12754,25
3,12755,52
3,12756,327
3,12757,77
3,12758,32
3,12759,-211
3,12760,115
3,12761,58
3,12762,141
3,12763,173
3,12764,121
3,12765,140
3,12766,365
3,12767,102
3,12768,135
3,12769,51
3,12770,19
3,12771,-26
3,12772,211
3,12773,83
3,12774,147
3,12775,134
3,12776,166
3,12777,352
3,12778,167
3,12779,84
3,12780,160
3,12781,102
3,12782,141
3,12783,96
3,12784,141
3,12785,109
3,12786,77
3,12787,102
3,12788,77
3,12789,147
3,12790,166
3,12791,103
3,12792,115
3,12793,122
3,12794,83
3,12795,102
3,12796,166
3,12797,96
3,12798,83
3,12799,172
3,12800,128
3,12801,-25
3,12802,122
3,12803,122
3,12804,372
3,12805,128
3,12806,102
3,12807,83
3,12808,167
3,12809,96
3,12810,109
3,12811,108
3,12812,64
3,12813,90
3,12814,-19
3,12815,121
3,12816,167
3,12817,96
3,12818,32
3,12819,64
3,12820,102
3,12821,96
3,12822,147
3,12823,58
3,12824,301
3,12825,256
3,12826,64
3,12827,19
3,12828,90
3,12829,345
3,12830,103
3,12831,103
3,12832,147
3,12833,102
3,12834,115
3,12835,89
3,12836,128
3,12837,83
3,12838,64
3,12839,141
3,12840,76
3,12841,45
3,12842,70
3,12843,51
3,12844,89
3,12845,51
3,12846,83
3,12847,-58
3,12848,70
3,12849,77
3,12850,128
3,12851,109
3,12852,96
3,12853,121
3,12854,173
3,12855,160
3,12856,116
3,12857,32
3,12858,19
3,12859,83
3,12860,58
3,12861,51
3,12862,160
3,12863,32
3,12864,192
3,12865,-26
3,12866,51
3,12867,64
3,12868,32
3,12869,103
3,12870,109
3,12871,128
3,12872,58
3,12873,51
3,12874,25
3,12875,109
3,12876,121
3,12877,103
3,12878,102
3,12879,89
3,12880,198
3,12881,96
3,12882,109
3,12883,96
3,12884,-32
3,12885,154
3,12886,51
3,12887,282
3,12888,83
3,12889,128
3,12890,26
3,12891,109
3,12892,147
3,12893,332
3,12894,77
3,12895,122
3,12896,102
3,12897,64
3,12898,25
3,12899,71
3,12900,90
3,12901,102
3,12902,153
3,12903,58
3,12904,-474
3,12905,84
3,12906,128
3,12907,115
3,12908,109
3,12909,77
3,12910,115
3,12911,147
3,12912,96
3,12913,58
3,12914,25
3,12915,83
3,12916,-45
3,12917,121
3,12918,71
3,12919,96
3,12920,70
3,12921,102
3,12922,102
3,12923,147
3,12924,102
3,12925,64
3,12926,186
3,12927,109
3,12928,128
3,12929,83
3,12930,141
3,12931,154
3,12932,64
3,12933,32
3,12934,269
3,12935,115
3,12936,-51
3,12937,116
3,12938,58
3,12939,90
3,12940,173
3,12941,102
3,12942,32
3,12943,103
3,12944,83
3,12945,147
3,12946,121
3,12947,115
3,12948,109
3,12949,128
3,12950,58
3,12951,70
3,12952,121
3,12953,96
3,12954,58
3,12955,64
3,12956,103
3,12957,96
3,12958,173
3,12959,115
3,12960,71
3,12961,83
3,12962,128
3,12963,58
3,12964,115
3,12965,57
3,12966,115
3,12967,102
3,12968,90
3,12969,51
3,12970,147
3,12971,26
3,12972,58
3,12973,38
3,12974,58
3,12975,-211
3,12976,52
3,12977,90
3,12978,115
3,12979,-64
3,12980,147
3,12981,64
3,12982,358
3,12983,70
3,12984,64
3,12985,20
3,12986,58
3,12987,70
3,12988,1511
3,12989,26
3,12990,51
3,12991,77
3,12992,64
3,12993,57
3,12994,364
3,12995,-64
3,12996,109
3,12997,64
3,12998,128
3,12999,-71
3,13000,45
3,13001,115
3,13002,788
3,13003,77
3,13004,102
3,13005,64
3,13006,71
3,13007,70
3,13008,102
3,13009,64
3,13010,26
3,13011,20
3,13012,51
3,13013,45
3,13014,256
3,13015,19
3,13016,115
3,13017,77
3,13018,90
3,13019,64
3,13020,115
3,13021,134
3,13022,172
3,13023,135
3,13024,154
3,13025,96
3,13026,76
3,13027,83
3,13028,45
3,13029,52
3,13030,77
3,13031,77
3,13032,64
3,13033,51
3,13034,140
3,13035,160
3,13036,160
3,13037,128
3,13038,83
3,13039,167
3,13040,90
3,13041,128
3,13042,70
3,13043,64
3,13044,90
3,13045,288
3,13046,77
3,13047,83
3,13048,121
3,13049,192
3,13050,102
3,13051,57
3,13052,122
3,13053,64
3,13054,237
3,13055,108
3,13056,-121
3,13057,64
3,13058,89
3,13059,77
3,13060,128
3,13061,71
3,13062,76
3,13063,116
3,13064,147
3,13065,90
3,13066,45
3,13067,77
3,13068,77
3,13069,135
3,13070,77
3,13071,262
3,13072,38
3,13073,160
3,13074,173
3,13075,96
3,13076,122
3,13077,26
3,13078,96
3,13079,77
3,13080,77
3,13081,45
3,13082,19
3,13083,198
3,13084,77
3,13085,64
3,13086,58
3,13087,51
3,13088,32
3,13089,71
3,13090,90
3,13091,128
3,13092,166
3,13093,160
3,13094,198
3,13095,70
3,13096,128
3,13097,57
3,13098,19
3,13099,58
3,13100,102
3,13101,83
3,13102,134
3,13103,141
3,13104,109
3,13105,103
3,13106,90
3,13107,70
3,13108,122
3,13109,64
3,13110,154
3,13111,167
3,13112,108
3,13113,26
3,13114,148
3,13115,6
3,13116,-52
3,13117,128
3,13118,71
3,13119,64
3,13120,148
3,13121,-52
3,13122,58
3,13123,51
3,13124,103
3,13125,76
3,13126,83
3,13127,103
3,13128,64
3,13129,109
3,13130,109
3,13131,128
3,13132,173
3,13133,96
3,13134,57
3,13135,147
3,13136,71
3,13137,51
3,13138,51
3,13139,57
3,13140,64
3,13141,96
3,13142,64
3,13143,70
3,13144,64
3,13145,64
3,13146,-51
3,13147,141
3,13148,147
3,13149,51
3,13150,-32
3,13151,90
3,13152,128
3,13153,57
3,13154,96
3,13155,57
3,13156,217
3,13157,83
3,13158,32
3,13159,64
3,13160,13
3,13161,109
3,13162,102
3,13163,121
3,13164,70
3,13165,71
3,13166,70
3,13167,115
3,13168,147
3,13169,45
3,13170,102
3,13171,109
3,13172,166
3,13173,77
3,13174,70
3,13175,160
3,13176,109
3,13177,179
3,13178,-32
3,13179,134
3,13180,166
3,13181,115
3,13182,70
3,13183,147
3,13184,147
3,13185,-32
3,13186,70
3,13187,77
3,13188,90
3,13189,148
3,13190,199
3,13191,109
3,13192,115
3,13193,179
3,13194,147
3,13195,96
3,13196,294
3,13197,173
3,13198,192
3,13199,44
3,13200,115
3,13201,96
3,13202,71
3,13203,96
3,13204,83
3,13205,122
3,13206,58
3,13207,122
3,13208,115
3,13209,70
3,13210,58
3,13211,115
3,13212,57
3,13213,109
3,13214,32
3,13215,115
3,13216,90
3,13217,26
3,13218,52
3,13219,25
3,13220,122
3,13221,51
3,13222,109
3,13223,77
3,13224,141
3,13225,71
3,13226,-147
3,13227,70
3,13228,76
3,13229,96
3,13230,-26
3,13231,166
3,13232,173
3,13233,160
3,13234,83
3,13235,26
3,13236,-45
3,13237,45
3,13238,70
3,13239,64
3,13240,39
3,13241,108
3,13242,32
3,13243,25
3,13244,800
3,13245,-45
3,13246,90
3,13247,89
3,13248,102
3,13249,-7
3,13250,-26
3,13251,58
3,13252,96
3,13253,90
3,13254,109
3,13255,38
3,13256,134
3,13257,780
3,13258,134
3,13259,762
3,13260,199
3,13261,64
3,13262,166
3,13263,109
3,13264,115
3,13265,57
3,13266,64
3,13267,57
3,13268,32
3,13269,115
3,13270,71
3,13271,140
3,13272,64
3,13273,84
3,13274,173
3,13275,102
3,13276,166
3,13277,96
3,13278,166
3,13279,115
3,13280,26
3,13281,51
3,13282,19
3,13283,326
3,13284,71
3,13285,64
3,13286,90
3,13287,83
3,13288,25
3,13289,147
3,13290,199
3,13291,121
3,13292,90
3,13293,109
3,13294,263
3,13295,115
3,13296,96
3,13297,96
3,13298,51
3,13299,64
3,13300,102
3,13301,89
3,13302,58
3,13303,45
3,13304,115
3,13305,96
3,13306,-71
3,13307,115
3,13308,115
3,13309,141
3,13310,109
3,13311,122
3,13312,44
3,13313,58
3,13314,64
3,13315,204
3,13316,102
3,13317,109
3,13318,154
3,13319,148
3,13320,122
3,13321,-32
3,13322,51
3,13323,44
3,13324,45
3,13325,134
3,13326,70
3,13327,77
3,13328,77
3,13329,108
3,13330,115
3,13331,64
3,13332,57
3,13333,109
3,13334,173
3,13335,365
3,13336,102
3,13337,64
3,13338,134
3,13339,103
3,13340,64
3,13341,44
3,13342,51
3,13343,102
3,13344,71
3,13345,96
3,13346,71
3,13347,103
3,13348,77
3,13349,115
3,13350,70
3,13351,154
3,13352,102
3,13353,52
3,13354,-51
3,13355,83
3,13356,173
3,13357,76
3,13358,45
3,13359,32
3,13360,71
3,13361,102
3,13362,205
3,13363,128
3,13364,96
3,13365,153
3,13366,160
3,13367,192
3,13368,128
3,13369,-25
3,13370,70
3,13371,115
3,13372,58
3,13373,-26
3,13374,148
3,13375,70
3,13376,26
3,13377,52
3,13378,26
3,13379,89
3,13380,38
3,13381,39
3,13382,205
3,13383,19
3,13384,-51
3,13385,83
3,13386,205
3,13387,109
3,13388,108
3,13389,77
3,13390,70
3,13391,116
3,13392,64
3,13393,71
3,13394,128
3,13395,25
3,13396,57
3,13397,103
3,13398,96
3,13399,-64
3,13400,90
3,13401,116
3,13402,64
3,13403,122
3,13404,103
3,13405,-38
3,13406,154
3,13407,96
3,13408,77
3,13409,45
3,13410,103
3,13411,-19
3,13412,128
3,13413,19
3,13414,192
3,13415,6
3,13416,185
3,13417,166
3,13418,109
3,13419,103
3,13420,64
3,13421,83
3,13422,39
3,13423,134
3,13424,32
3,13425,70
3,13426,70
3,13427,26
3,13428,77
3,13429,96
3,13430,51
3,13431,32
3,13432,39
3,13433,224
3,13434,115
3,13435,71
3,13436,365
3,13437,-51
3,13438,83
3,13439,160
3,13440,262
3,13441,115
3,13442,109
3,13443,134
3,13444,96
3,13445,57
3,13446,71
3,13447,121
3,13448,160
3,13449,52
3,13450,26
3,13451,109
3,13452,115
3,13453,45
3,13454,172
3,13455,141
3,13456,160
3,13457,96
3,13458,84
3,13459,134
3,13460,192
3,13461,148
3,13462,51
3,13463,147
3,13464,77
3,13465,64
3,13466,26
3,13467,90
3,13468,121
3,13469,57
3,13470,173
3,13471,58
3,13472,96
3,13473,64
3,13474,115
3,13475,103
3,13476,77
3,13477,102
3,13478,205
3,13479,71
3,13480,58
3,13481,96
3,13482,102
3,13483,96
3,13484,-32
3,13485,38
3,13486,77
3,13487,275
3,13488,173
3,13489,359
3,13490,167
3,13491,166
3,13492,103
3,13493,89
3,13494,109
3,13495,51
3,13496,51
3,13497,-38
3,13498,70
3,13499,128
3,13500,627
3,13501,84
3,13502,148
3,13503,102
3,13504,45
3,13505,32
3,13506,102
3,13507,71
3,13508,57
3,13509,64
3,13510,96
3,13511,58
3,13512,102
3,13513,58
3,13514,775
3,13515,115
3,13516,90
3,13517,70
3,13518,154
3,13519,358
3,13520,122
3,13521,58
3,13522,64
3,13523,83
3,13524,32
3,13525,58
3,13526,121
3,13527,109
3,13528,64
3,13529,102
3,13530,128
3,13531,154
3,13532,89
3,13533,96
3,13534,147
3,13535,109
3,13536,122
3,13537,39
3,13538,25
3,13539,64
3,13540,51
3,13541,64
3,13542,25
3,13543,64
3,13544,64
3,13545,96
3,13546,166
3,13547,64
3,13548,90
3,13549,57
3,13550,70
3,13551,141
3,13552,109
3,13553,51
3,13554,51
3,13555,83
3,13556,71
3,13557,57
3,13558,51
3,13559,32
3,13560,58
3,13561,141
3,13562,108
3,13563,172
3,13564,115
3,13565,102
3,13566,167
3,13567,102
3,13568,140
3,13569,115
3,13570,77
3,13571,102
3,13572,77
3,13573,102
3,13574,102
3,13575,115
3,13576,109
3,13577,52
3,13578,90
3,13579,25
3,13580,64
3,13581,109
3,13582,211
3,13583,70
3,13584,134
3,13585,64
3,13586,166
3,13587,122
3,13588,70
3,13589,96
3,13590,103
3,13591,128
3,13592,109
3,13593,58
3,13594,51
3,13595,26
3,13596,32
3,13597,116
3,13598,71
3,13599,64
3,13600,52
3,13601,45
3,13602,77
3,13603,167
3,13604,154
3,13605,154
3,13606,122
3,13607,134
3,13608,147
3,13609,109
3,13610,115
3,13611,-38
3,13612,83
3,13613,77
3,13614,179
3,13615,-45
3,13616,186
3,13617,160
3,13618,71
3,13619,134
3,13620,218
3,13621,-32
3,13622,121
3,13623,64
3,13624,128
3,13625,44
3,13626,64
3,13627,-64
3,13628,71
3,13629,89
3,13630,32
3,13631,-13
3,13632,77
3,13633,38
3,13634,32
3,13635,51
3,13636,70
3,13637,102
3,13638,58
3,13639,51
3,13640,32
3,13641,141
3,13642,121
3,13643,115
3,13644,224
3,13645,-26
3,13646,32
3,13647,134
3,13648,115
3,13649,76
3,13650,57
3,13651,70
3,13652,71
3,13653,96
3,13654,102
3,13655,109
3,13656,185
3,13657,109
3,13658,160
3,13659,173
3,13660,141
3,13661,83
3,13662,249
3,13663,83
3,13664,121
3,13665,45
3,13666,25
3,13667,218
3,13668,64
3,13669,116
3,13670,57
3,13671,-26
3,13672,13
3,13673,364
3,13674,115
3,13675,70
3,13676,192
3,13677,70
3,13678,77
3,13679,160
3,13680,160
3,13681,96
3,13682,70
3,13683,90
3,13684,122
3,13685,64
3,13686,71
3,13687,96
3,13688,102
3,13689,115
3,13690,167
3,13691,77
3,13692,102
3,13693,89
3,13694,64
3,13695,141
3,13696,71
3,13697,64
3,13698,102
3,13699,20
3,13700,153
3,13701,96
3,13702,122
3,13703,160
3,13704,102
3,13705,-58
3,13706,121
3,13707,217
3,13708,84
3,13709,70
3,13710,109
3,13711,116
3,13712,96
3,13713,134
3,13714,90
3,13715,64
3,13716,77
3,13717,51
3,13718,64
3,13719,71
3,13720,64
3,13721,102
3,13722,44
3,13723,83
3,13724,147
3,13725,108
3,13726,109
3,13727,102
3,13728,77
3,13729,51
3,13730,76
3,13731,103
3,13732,103
3,13733,64
3,13734,64
3,13735,-32
3,13736,179
3,13737,141
3,13738,109
3,13739,102
3,13740,166
3,13741,77
3,13742,173
3,13743,71
3,13744,172
3,13745,70
3,13746,58
3,13747,90
3,13748,64
3,13749,109
3,13750,525
3,13751,-39
3,13752,186
3,13753,160
3,13754,102
3,13755,58
3,13756,807
3,13757,77
3,13758,134
3,13759,128
3,13760,76
3,13761,25
3,13762,51
3,13763,26
3,13764,115
3,13765,96
3,13766,64
3,13767,58
3,13768,-38
3,13769,812
3,13770,153
3,13771,781
3,13772,115
3,13773,109
3,13774,77
3,13775,122
3,13776,77
3,13777,89
3,13778,25
3,13779,52
3,13780,13
3,13781,96
3,13782,115
3,13783,128
3,13784,90
3,13785,45
3,13786,71
3,13787,141
3,13788,166
3,13789,108
3,13790,115
3,13791,102
3,13792,166
3,13793,45
3,13794,103
3,13795,64
3,13796,51
3,13797,109
3,13798,84
3,13799,71
3,13800,64
3,13801,-38
3,13802,89
3,13803,121
3,13804,192
3,13805,58
3,13806,102
3,13807,64
3,13808,160
3,13809,128
3,13810,45
3,13811,179
3,13812,39
3,13813,147
3,13814,173
3,13815,19
3,13816,52
3,13817,-51
3,13818,83
3,13819,51
3,13820,77
3,13821,-32
3,13822,166
3,13823,128
3,13824,122
3,13825,116
3,13826,160
3,13827,115
3,13828,64
3,13829,160
3,13830,96
3,13831,71
3,13832,77
3,13833,44
3,13834,57
3,13835,64
3,13836,32
3,13837,109
3,13838,45
3,13839,26
3,13840,109
3,13841,64
3,13842,326
3,13843,116
3,13844,103
3,13845,108
3,13846,83
3,13847,122
3,13848,128
3,13849,25
3,13850,64
3,13851,52
3,13852,154
3,13853,83
3,13854,70
3,13855,103
3,13856,96
3,13857,108
3,13858,32
3,13859,64
3,13860,70
3,13861,51
3,13862,103
3,13863,103
3,13864,115
3,13865,39
3,13866,52
3,13867,77
3,13868,135
3,13869,57
3,13870,57
3,13871,64
3,13872,64
3,13873,103
3,13874,115
3,13875,-64
3,13876,134
3,13877,166
3,13878,90
3,13879,-44
3,13880,185
3,13881,51
3,13882,102
3,13883,57
3,13884,96
3,13885,51
3,13886,96
3,13887,26
3,13888,115
3,13889,45
3,13890,38
3,13891,51
3,13892,64
3,13893,108
3,13894,83
3,13895,-64
3,13896,58
3,13897,109
3,13898,160
3,13899,154
3,13900,371
3,13901,64
3,13902,83
3,13903,109
3,13904,115
3,13905,57
3,13906,70
3,13907,64
3,13908,71
3,13909,64
3,13910,64
3,13911,71
3,13912,45
3,13913,25
3,13914,141
3,13915,109
3,13916,154
3,13917,96
3,13918,102
3,13919,77
3,13920,102
3,13921,45
3,13922,102
3,13923,103
3,13924,51
3,13925,301
3,13926,83
3,13927,70
3,13928,109
3,13929,179
3,13930,166
3,13931,135
3,13932,109
3,13933,115
3,13934,180
3,13935,71
3,13936,371
3,13937,141
3,13938,102
3,13939,89
3,13940,115
3,13941,135
3,13942,57
3,13943,70
3,13944,70
3,13945,102
3,13946,96
3,13947,77
3,13948,314
3,13949,71
3,13950,52
3,13951,76
3,13952,115
3,13953,83
3,13954,115
3,13955,173
3,13956,83
3,13957,179
3,13958,64
3,13959,109
3,13960,102
3,13961,51
3,13962,70
3,13963,64
3,13964,70
3,13965,39
3,13966,83
3,13967,70
3,13968,45
3,13969,90
3,13970,160
3,13971,148
3,13972,167
3,13973,147
3,13974,179
3,13975,121
3,13976,83
3,13977,76
3,13978,160
3,13979,58
3,13980,103
3,13981,167
3,13982,160
3,13983,57
3,13984,70
3,13985,64
3,13986,51
3,13987,84
3,13988,77
3,13989,-38
3,13990,83
3,13991,51
3,13992,64
3,13993,45
3,13994,109
3,13995,64
3,13996,-45
3,13997,128
3,13998,70
3,13999,102
3,14000,128
3,14001,115
3,14002,154
3,14003,115
3,14004,77
3,14005,102
3,14006,71
3,14007,116
3,14008,58
3,14009,166
3,14010,141
3,14011,32
3,14012,774
3,14013,51
3,14014,57
3,14015,58
3,14016,51
3,14017,51
3,14018,64
3,14019,84
3,14020,90
3,14021,58
3,14022,51
3,14023,70
3,14024,89
3,14025,52
3,14026,800
3,14027,-38
3,14028,243
3,14029,51
3,14030,121
3,14031,64
3,14032,45
3,14033,154
3,14034,64
3,14035,89
3,14036,70
3,14037,103
3,14038,89
3,14039,83
3,14040,70
3,14041,109
3,14042,58
3,14043,121
3,14044,122
3,14045,135
3,14046,122
3,14047,122
3,14048,122
3,14049,52
3,14050,70
3,14051,71
3,14052,71
3,14053,128
3,14054,57
3,14055,71
3,14056,128
3,14057,122
3,14058,115
3,14059,109
3,14060,172
3,14061,51
3,14062,77
3,14063,102
3,14064,166
3,14065,51
3,14066,25
3,14067,140
3,14068,64
3,14069,71
3,14070,128
3,14071,108
3,14072,116
3,14073,71
3,14074,263
3,14075,116
3,14076,64
3,14077,64
3,14078,52
3,14079,83
3,14080,153
3,14081,51
3,14082,57
3,14083,52
3,14084,269
3,14085,83
3,14086,185
3,14087,102
3,14088,109
3,14089,58
3,14090,-25
3,14091,70
3,14092,39
3,14093,358
3,14094,192
3,14095,-39
3,14096,83
3,14097,-627
3,14098,102
3,14099,32
3,14100,83
3,14101,57
3,14102,83
3,14103,128
3,14104,135
3,14105,32
3,14106,96
3,14107,19
3,14108,154
3,14109,128
3,14110,103
3,14111,32
3,14112,45
3,14113,96
3,14114,44
3,14115,166
3,14116,365
3,14117,102
3,14118,128
3,14119,90
3,14120,115
3,14121,51
3,14122,32
3,14123,-45
3,14124,70
3,14125,147
3,14126,89
3,14127,64
3,14128,96
3,14129,102
3,14130,51
3,14131,64
3,14132,275
3,14133,38
3,14134,71
3,14135,102
3,14136,128
3,14137,275
3,14138,-32
3,14139,77
3,14140,109
3,14141,180
3,14142,160
3,14143,58
3,14144,153
3,14145,51
3,14146,70
3,14147,45
3,14148,-51
3,14149,102
3,14150,109
3,14151,115
3,14152,64
3,14153,134
3,14154,186
3,14155,122
3,14156,269
3,14157,-39
3,14158,121
3,14159,96
3,14160,147
3,14161,32
3,14162,160
3,14163,-38
3,14164,134
3,14165,153
3,14166,135
3,14167,32
3,14168,90
3,14169,108
3,14170,103
3,14171,141
3,14172,173
3,14173,288
3,14174,205
3,14175,64
3,14176,32
3,14177,64
3,14178,96
3,14179,358
3,14180,83
3,14181,109
3,14182,70
3,14183,102
3,14184,109
3,14185,160
3,14186,160
3,14187,109
3,14188,128
3,14189,128
3,14190,77
3,14191,102
3,14192,153
3,14193,108
3,14194,64
3,14195,365
3,14196,108
3,14197,44
3,14198,122
3,14199,64
3,14200,167
3,14201,109
3,14202,77
3,14203,115
3,14204,77
3,14205,96
3,14206,64
3,14207,-13
3,14208,96
3,14209,19
3,14210,25
3,14211,57
3,14212,45
3,14213,83
3,14214,173
3,14215,70
3,14216,70
3,14217,77
3,14218,64
3,14219,57
3,14220,135
3,14221,51
3,14222,371
3,14223,160
3,14224,109
3,14225,108
3,14226,154
3,14227,147
3,14228,365
3,14229,96
3,14230,167
3,14231,83
3,14232,153
3,14233,115
3,14234,64
3,14235,76
3,14236,64
3,14237,135
3,14238,51
3,14239,89
3,14240,84
3,14241,96
3,14242,64
3,14243,64
3,14244,115
3,14245,109
3,14246,109
3,14247,-32
3,14248,166
3,14249,230
3,14250,121
3,14251,77
3,14252,147
3,14253,167
3,14254,148
3,14255,128
3,14256,121
3,14257,52
3,14258,58
3,14259,96
3,14260,109
3,14261,135
3,14262,192
3,14263,237
3,14264,71
3,14265,64
3,14266,160
3,14267,96
3,14268,1101
3,14269,160
3,14270,153
3,14271,90
3,14272,-19
3,14273,45
3,14274,147
3,14275,57
3,14276,70
3,14277,-32
3,14278,96
3,14279,70
3,14280,39
3,14281,800
3,14282,147
3,14283,793
3,14284,281
3,14285,109
3,14286,180
3,14287,90
3,14288,167
3,14289,51
3,14290,160
3,14291,64
3,14292,57
3,14293,140
3,14294,198
3,14295,70
3,14296,147
3,14297,128
3,14298,51
3,14299,96
3,14300,115
3,14301,109
3,14302,102
3,14303,115
3,14304,77
3,14305,26
3,14306,90
3,14307,-25
3,14308,57
3,14309,89
3,14310,166
3,14311,115
3,14312,77
3,14313,96
3,14314,128
3,14315,115
3,14316,103
3,14317,-25
3,14318,116
3,14319,64
3,14320,307
3,14321,115
3,14322,84
3,14323,-70
3,14324,51
3,14325,19
3,14326,90
3,14327,64
3,14328,64
3,14329,-32
3,14330,83
3,14331,122
3,14332,96
3,14333,96
3,14334,128
3,14335,147
3,14336,109
3,14337,57
3,14338,109
3,14339,77
3,14340,121
3,14341,122
3,14342,109
3,14343,51
3,14344,115
3,14345,64
3,14346,122
3,14347,103
3,14348,83
3,14349,103
3,14350,64
3,14351,148
3,14352,-32
3,14353,121
3,14354,160
3,14355,58
3,14356,77
3,14357,103
3,14358,19
3,14359,96
3,14360,52
3,14361,153
3,14362,166
3,14363,211
3,14364,45
3,14365,141
3,14366,109
3,14367,51
3,14368,365
3,14369,64
3,14370,83
3,14371,83
3,14372,128
3,14373,102
3,14374,58
3,14375,108
3,14376,103
3,14377,58
3,14378,45
3,14379,32
3,14380,64
3,14381,52
3,14382,25
3,14383,102
3,14384,64
3,14385,70
3,14386,96
3,14387,172
3,14388,115
3,14389,109
3,14390,185
3,14391,102
3,14392,122
3,14393,26
3,14394,89
3,14395,109
3,14396,-13
3,14397,167
3,14398,173
3,14399,365
3,14400,96
3,14401,199
3,14402,77
3,14403,58
3,14404,83
3,14405,102
3,14406,154
3,14407,64
3,14408,128
3,14409,109
3,14410,90
3,14411,167
3,14412,250
3,14413,64
3,14414,103
3,14415,115
3,14416,115
3,14417,160
3,14418,32
3,14419,25
3,14420,64
3,14421,58
3,14422,167
3,14423,115
3,14424,173
3,14425,77
3,14426,64
3,14427,90
3,14428,64
3,14429,45
3,14430,167
3,14431,51
3,14432,-45
3,14433,58
3,14434,25
3,14435,26
3,14436,71
3,14437,109
3,14438,96
3,14439,25
3,14440,109
3,14441,64
3,14442,153
3,14443,135
3,14444,154
3,14445,26
3,14446,544
3,14447,96
3,14448,70
3,14449,64
3,14450,-51
3,14451,83
3,14452,51
3,14453,64
3,14454,103
3,14455,51
3,14456,90
3,14457,134
3,14458,173
3,14459,134
3,14460,83
3,14461,45
3,14462,173
3,14463,71
3,14464,58
3,14465,-38
3,14466,140
3,14467,154
3,14468,96
3,14469,243
3,14470,77
3,14471,83
3,14472,90
3,14473,102
3,14474,96
3,14475,122
3,14476,192
3,14477,58
3,14478,121
3,14479,51
3,14480,-39
3,14481,-39
3,14482,134
3,14483,96
3,14484,148
3,14485,116
3,14486,173
3,14487,148
3,14488,102
3,14489,58
3,14490,115
3,14491,84
3,14492,102
3,14493,166
3,14494,147
3,14495,25
3,14496,109
3,14497,77
3,14498,25
3,14499,96
3,14500,57
3,14501,96
3,14502,153
3,14503,96
3,14504,70
3,14505,51
3,14506,116
3,14507,103
3,14508,52
3,14509,64
3,14510,26
3,14511,51
3,14512,96
3,14513,-45
3,14514,140
3,14515,147
3,14516,140
3,14517,64
3,14518,71
3,14519,64
3,14520,71
3,14521,83
3,14522,51
3,14523,26
3,14524,825
3,14525,64
3,14526,154
3,14527,-51
3,14528,-52
3,14529,103
3,14530,26
3,14531,57
3,14532,57
3,14533,57
3,14534,19
3,14535,39
3,14536,39
3,14537,167
3,14538,832
3,14539,83
3,14540,96
3,14541,121
3,14542,301
3,14543,108
3,14544,122
3,14545,57
3,14546,173
3,14547,115
3,14548,77
3,14549,64
3,14550,58
3,14551,58
3,14552,38
3,14553,147
3,14554,109
3,14555,76
3,14556,102
3,14557,108
3,14558,115
3,14559,115
3,14560,70
3,14561,20
3,14562,45
3,14563,58
3,14564,96
3,14565,83
3,14566,115
3,14567,19
3,14568,51
3,14569,205
3,14570,153
3,14571,109
3,14572,57
3,14573,96
3,14574,205
3,14575,116
3,14576,64
3,14577,45
3,14578,70
3,14579,64
3,14580,90
3,14581,51
3,14582,51
3,14583,167
3,14584,115
3,14585,103
3,14586,77
3,14587,103
3,14588,83
3,14589,83
3,14590,186
3,14591,108
3,14592,122
3,14593,64
3,14594,160
3,14595,102
3,14596,147
3,14597,141
3,14598,115
3,14599,58
3,14600,115
3,14601,51
3,14602,57
3,14603,57
3,14604,121
3,14605,224
3,14606,71
3,14607,-39
3,14608,70
3,14609,76
3,14610,141
3,14611,64
3,14612,83
3,14613,102
3,14614,83
3,14615,103
3,14616,84
3,14617,20
3,14618,64
3,14619,44
3,14620,32
3,14621,51
3,14622,211
3,14623,109
3,14624,70
3,14625,51
3,14626,109
3,14627,64
3,14628,83
3,14629,109
3,14630,128
3,14631,231
3,14632,96
3,14633,52
3,14634,64
3,14635,20
3,14636,26
3,14637,51
3,14638,128
3,14639,109
3,14640,52
3,14641,102
3,14642,84
3,14643,115
3,14644,109
3,14645,102
3,14646,45
3,14647,84
3,14648,179
3,14649,-51
3,14650,-52
3,14651,64
3,14652,51
3,14653,173
3,14654,70
3,14655,109
3,14656,160
3,14657,26
3,14658,64
3,14659,320
3,14660,51
3,14661,70
3,14662,58
3,14663,121
3,14664,71
3,14665,70
3,14666,102
3,14667,121
3,14668,166
3,14669,71
3,14670,166
3,14671,89
3,14672,108
3,14673,45
3,14674,58
3,14675,89
3,14676,70
3,14677,70
3,14678,26
3,14679,70
3,14680,102
3,14681,64
3,14682,71
3,14683,121
3,14684,172
3,14685,109
3,14686,166
3,14687,96
3,14688,64
3,14689,32
3,14690,115
3,14691,103
3,14692,77
3,14693,25
3,14694,173
3,14695,-52
3,14696,70
3,14697,179
3,14698,77
3,14699,173
3,14700,102
3,14701,84
3,14702,103
3,14703,70
3,14704,140
3,14705,-6
3,14706,83
3,14707,96
3,14708,58
3,14709,51
3,14710,77
3,14711,64
3,14712,116
3,14713,115
3,14714,109
3,14715,115
3,14716,410
3,14717,71
3,14718,51
3,14719,103
3,14720,71
3,14721,-25
3,14722,89
3,14723,109
3,14724,154
3,14725,32
3,14726,70
3,14727,70
3,14728,134
3,14729,64
3,14730,96
3,14731,58
3,14732,90
3,14733,102
3,14734,71
3,14735,32
3,14736,102
3,14737,51
3,14738,64
3,14739,57
3,14740,51
3,14741,83
3,14742,90
3,14743,70
3,14744,115
3,14745,358
3,14746,122
3,14747,115
3,14748,45
3,14749,51
3,14750,186
3,14751,115
3,14752,154
3,14753,64
3,14754,51
3,14755,57
3,14756,115
3,14757,-39
3,14758,205
3,14759,102
3,14760,116
3,14761,52
3,14762,160
3,14763,109
3,14764,102
3,14765,166
3,14766,153
3,14767,109
3,14768,-39
3,14769,109
3,14770,51
3,14771,71
3,14772,102
3,14773,166
3,14774,64
3,14775,83
3,14776,128
3,14777,102
3,14778,109
3,14779,25
3,14780,806
3,14781,115
3,14782,160
3,14783,96
3,14784,121
3,14785,51
3,14786,51
3,14787,122
3,14788,51
3,14789,25
3,14790,70
3,14791,70
3,14792,141
3,14793,800
3,14794,115
3,14795,775
3,14796,109
3,14797,173
3,14798,76
3,14799,64
3,14800,115
3,14801,70
3,14802,64
3,14803,115
3,14804,58
3,14805,109
3,14806,121
3,14807,160
3,14808,96
3,14809,70
3,14810,116
3,14811,84
3,14812,275
3,14813,115
3,14814,160
3,14815,179
3,14816,198
3,14817,32
3,14818,90
3,14819,25
3,14820,173
3,14821,70
3,14822,116
3,14823,109
3,14824,122
3,14825,70
3,14826,134
3,14827,116
3,14828,64
3,14829,115
3,14830,57
3,14831,51
3,14832,121
3,14833,96
3,14834,51
3,14835,71
3,14836,32
3,14837,224
3,14838,45
3,14839,64
3,14840,64
3,14841,116
3,14842,179
3,14843,96
3,14844,122
3,14845,109
3,14846,51
3,14847,96
3,14848,-32
3,14849,77
3,14850,128
3,14851,115
3,14852,121
3,14853,135
3,14854,198
3,14855,84
3,14856,115
3,14857,58
3,14858,103
3,14859,51
3,14860,-45
3,14861,108
3,14862,160
3,14863,109
3,14864,-38
3,14865,70
3,14866,128
3,14867,83
3,14868,64
3,14869,84
3,14870,-134
3,14871,147
3,14872,121
3,14873,70
3,14874,70
3,14875,115
3,14876,32
3,14877,51
3,14878,89
3,14879,64
3,14880,39
3,14881,64
3,14882,58
3,14883,103
3,14884,77
3,14885,166
3,14886,77
3,14887,115
3,14888,115
3,14889,45
3,14890,90
3,14891,52
3,14892,83
3,14893,134
3,14894,103
3,14895,77
3,14896,64
3,14897,102
3,14898,71
3,14899,96
3,14900,122
3,14901,96
3,14902,173
3,14903,77
3,14904,128
3,14905,51
3,14906,64
3,14907,38
3,14908,64
3,14909,19
3,14910,154
3,14911,-64
3,14912,83
3,14913,26
3,14914,89
3,14915,58
3,14916,141
3,14917,186
3,14918,102
3,14919,64
3,14920,77
3,14921,147
3,14922,211
3,14923,122
3,14924,154
3,14925,76
3,14926,77
3,14927,58
3,14928,-45
3,14929,141
3,14930,52
3,14931,51
3,14932,83
3,14933,186
3,14934,77
3,14935,64
3,14936,109
3,14937,141
3,14938,128
3,14939,51
3,14940,90
3,14941,96
3,14942,109
3,14943,-45
3,14944,84
3,14945,154
3,14946,102
3,14947,109
3,14948,51
3,14949,-26
3,14950,-51
3,14951,83
3,14952,58
3,14953,109
3,14954,140
3,14955,58
3,14956,121
3,14957,83
3,14958,58
3,14959,103
3,14960,115
3,14961,102
3,14962,148
3,14963,103
3,14964,71
3,14965,166
3,14966,116
3,14967,58
3,14968,58
3,14969,211
3,14970,135
3,14971,116
3,14972,167
3,14973,70
3,14974,166
3,14975,-32
3,14976,76
3,14977,96
3,14978,109
3,14979,102
3,14980,64
3,14981,141
3,14982,90
3,14983,70
3,14984,121
3,14985,44
3,14986,77
3,14987,-45
3,14988,-45
3,14989,70
3,14990,26
3,14991,-25
3,14992,147
3,14993,167
3,14994,141
3,14995,109
3,14996,358
3,14997,70
3,14998,115
3,14999,103
3,15000,147
3,15001,57
3,15002,-32
3,15003,84
3,15004,102
3,15005,70
3,15006,51
3,15007,58
3,15008,26
3,15009,-25
3,15010,179
3,15011,160
3,15012,378
3,15013,115
3,15014,51
3,15015,64
3,15016,128
3,15017,51
3,15018,-141
3,15019,70
3,15020,134
3,15021,231
3,15022,71
3,15023,-51
3,15024,83
3,15025,160
3,15026,160
3,15027,116
3,15028,116
3,15029,96
3,15030,122
3,15031,70
3,15032,115
3,15033,108
3,15034,121
3,15035,102
3,15036,966
3,15037,39
3,15038,-45
3,15039,-64
3,15040,77
3,15041,84
3,15042,109
3,15043,64
3,15044,250
3,15045,45
3,15046,45
3,15047,64
3,15048,57
3,15049,51
3,15050,781
3,15051,103
3,15052,58
3,15053,135
3,15054,-32
3,15055,134
3,15056,58
3,15057,167
3,15058,64
3,15059,58
3,15060,52
3,15061,102
3,15062,26
3,15063,96
3,15064,58
3,15065,365
3,15066,122
3,15067,166
3,15068,122
3,15069,51
3,15070,-45
3,15071,96
3,15072,115
3,15073,39
3,15074,64
3,15075,38
3,15076,90
3,15077,64
3,15078,122
3,15079,32
3,15080,77
3,15081,116
3,15082,-52
3,15083,84
3,15084,96
3,15085,84
3,15086,160
3,15087,166
3,15088,115
3,15089,179
3,15090,76
3,15091,109
3,15092,115
3,15093,102
3,15094,115
3,15095,19
3,15096,70
3,15097,121
3,15098,172
3,15099,115
3,15100,96
3,15101,122
3,15102,160
3,15103,102
3,15104,64
3,15105,122
3,15106,173
3,15107,109
3,15108,-51
3,15109,140
3,15110,211
3,15111,90
3,15112,153
3,15113,282
3,15114,52
3,15115,26
3,15116,77
3,15117,83
3,15118,96
3,15119,64
3,15120,32
3,15121,52
3,15122,109
3,15123,102
3,15124,51
3,15125,70
3,15126,64
3,15127,173
3,15128,166
3,15129,160
3,15130,25
3,15131,58
3,15132,71
3,15133,109
3,15134,64
3,15135,103
3,15136,70
3,15137,44
3,15138,160
3,15139,103
3,15140,76
3,15141,70
3,15142,166
3,15143,122
3,15144,71
3,15145,58
3,15146,71
3,15147,64
3,15148,70
3,15149,96
3,15150,58
3,15151,109
3,15152,83
3,15153,70
3,15154,141
3,15155,141
3,15156,173
3,15157,70
3,15158,108
3,15159,121
3,15160,147
3,15161,96
3,15162,58
3,15163,64
3,15164,64
3,15165,57
3,15166,70
3,15167,115
3,15168,121
3,15169,51
3,15170,64
3,15171,58
3,15172,116
3,15173,102
3,15174,314
3,15175,115
3,15176,45
3,15177,64
3,15178,121
3,15179,115
3,15180,84
3,15181,83
3,15182,57
3,15183,77
3,15184,58
3,15185,26
3,15186,173
3,15187,58
3,15188,26
3,15189,51
3,15190,128
3,15191,64
3,15192,83
3,15193,96
3,15194,173
3,15195,160
3,15196,109
3,15197,71
3,15198,96
3,15199,90
3,15200,103
3,15201,64
3,15202,77
3,15203,70
3,15204,115
3,15205,51
3,15206,64
3,15207,64
3,15208,64
3,15209,64
3,15210,141
3,15211,77
3,15212,173
3,15213,109
3,15214,32
3,15215,147
3,15216,96
3,15217,89
3,15218,96
3,15219,25
3,15220,77
3,15221,89
3,15222,224
3,15223,64
3,15224,90
3,15225,64
3,15226,115
3,15227,172
3,15228,250
3,15229,108
3,15230,64
3,15231,103
3,15232,90
3,15233,-13
3,15234,96
3,15235,70
3,15236,84
3,15237,96
3,15238,-19
3,15239,83
3,15240,77
3,15241,115
3,15242,141
3,15243,128
3,15244,-32
3,15245,71
3,15246,115
3,15247,128
3,15248,115
3,15249,121
3,15250,89
3,15251,102
3,15252,115
3,15253,147
3,15254,89
3,15255,70
3,15256,32
3,15257,83
3,15258,58
3,15259,108
3,15260,96
3,15261,160
3,15262,102
3,15263,96
3,15264,77
3,15265,58
3,15266,115
3,15267,83
3,15268,109
3,15269,115
3,15270,109
3,15271,121
3,15272,128
3,15273,134
3,15274,192
3,15275,109
3,15276,84
3,15277,141
3,15278,116
3,15279,109
3,15280,58
3,15281,77
3,15282,77
3,15283,25
3,15284,77
3,15285,90
3,15286,83
3,15287,71
3,15288,153
3,15289,70
3,15290,-314
3,15291,51
3,15292,819
3,15293,121
3,15294,121
3,15295,13
3,15296,109
3,15297,109
3,15298,122
3,15299,64
3,15300,64
3,15301,230
3,15302,52
3,15303,70
3,15304,243
3,15305,832
3,15306,134
3,15307,838
3,15308,122
3,15309,102
3,15310,173
3,15311,121
3,15312,83
3,15313,64
3,15314,102
3,15315,109
3,15316,45
3,15317,51
3,15318,179
3,15319,121
3,15320,76
3,15321,103
3,15322,96
3,15323,364
3,15324,365
3,15325,64
3,15326,115
3,15327,141
3,15328,102
3,15329,32
3,15330,90
3,15331,19
3,15332,96
3,15333,121
3,15334,96
3,15335,64
3,15336,147
3,15337,115
3,15338,173
3,15339,192
3,15340,-45
3,15341,128
3,15342,77
3,15343,70
3,15344,173
3,15345,71
3,15346,71
3,15347,51
3,15348,58
3,15349,52
3,15350,83
3,15351,109
3,15352,96
3,15353,96
3,15354,109
3,15355,71
3,15356,64
3,15357,71
3,15358,64
3,15359,154
3,15360,205
3,15361,77
3,15362,108
3,15363,134
3,15364,89
3,15365,-32
3,15366,230
3,15367,147
3,15368,116
3,15369,96
3,15370,71
3,15371,90
3,15372,25
3,15373,102
3,15374,57
3,15375,58
3,15376,76
3,15377,115
3,15378,173
3,15379,115
3,15380,109
3,15381,64
3,15382,109
3,15383,166
3,15384,115
3,15385,84
3,15386,77
3,15387,64
3,15388,135
3,15389,135
3,15390,115
3,15391,64
3,15392,166
3,15393,154
3,15394,147
3,15395,71
3,15396,77
3,15397,109
3,15398,109
3,15399,115
3,15400,173
3,15401,64
3,15402,378
3,15403,64
3,15404,32
3,15405,64
3,15406,166
3,15407,288
3,15408,57
3,15409,115
3,15410,160
3,15411,108
3,15412,115
3,15413,-39
3,15414,153
3,15415,128
3,15416,70
3,15417,64
3,15418,339
3,15419,339
3,15420,57
3,15421,64
3,15422,122
3,15423,77
3,15424,58
3,15425,365
3,15426,109
3,15427,102
3,15428,58
3,15429,89
3,15430,64
3,15431,51
3,15432,102
3,15433,103
3,15434,109
3,15435,122
3,15436,102
3,15437,70
3,15438,96
3,15439,115
3,15440,77
3,15441,-45
3,15442,58
3,15443,64
3,15444,96
3,15445,58
3,15446,102
3,15447,58
3,15448,70
3,15449,154
3,15450,115
3,15451,102
3,15452,115
3,15453,154
3,15454,64
3,15455,102
3,15456,64
3,15457,70
3,15458,38
3,15459,64
3,15460,13
3,15461,-26
3,15462,122
3,15463,77
3,15464,378
3,15465,83
3,15466,115
3,15467,76
3,15468,115
3,15469,96
3,15470,116
3,15471,76
3,15472,84
3,15473,58
3,15474,64
3,15475,83
3,15476,71
3,15477,70
3,15478,57
3,15479,71
3,15480,108
3,15481,115
3,15482,13
3,15483,83
3,15484,167
3,15485,128
3,15486,58
3,15487,122
3,15488,77
3,15489,96
3,15490,141
3,15491,115
3,15492,153
3,15493,70
3,15494,64
3,15495,71
3,15496,185
3,15497,89
3,15498,148
3,15499,160
3,15500,57
3,15501,103
3,15502,128
3,15503,109
3,15504,147
3,15505,160
3,15506,116
3,15507,384
3,15508,103
3,15509,167
3,15510,192
3,15511,121
3,15512,154
3,15513,96
3,15514,115
3,15515,58
3,15516,108
3,15517,211
3,15518,52
3,15519,57
3,15520,64
3,15521,128
3,15522,115
3,15523,77
3,15524,77
3,15525,148
3,15526,467
3,15527,70
3,15528,243
3,15529,103
3,15530,122
3,15531,64
3,15532,76
3,15533,58
3,15534,160
3,15535,64
3,15536,89
3,15537,122
3,15538,160
3,15539,115
3,15540,128
3,15541,77
3,15542,179
3,15543,64
3,15544,58
3,15545,64
3,15546,122
3,15547,102
3,15548,813
3,15549,109
3,15550,32
3,15551,51
3,15552,51
3,15553,25
3,15554,70
3,15555,64
3,15556,70
3,15557,89
3,15558,58
3,15559,115
3,15560,89
3,15561,276
3,15562,1069
3,15563,115
3,15564,134
3,15565,173
3,15566,167
3,15567,160
3,15568,57
3,15569,90
3,15570,109
3,15571,115
3,15572,77
3,15573,57
3,15574,96
3,15575,64
3,15576,116
3,15577,-38
3,15578,90
3,15579,128
3,15580,115
3,15581,115
3,15582,-45
3,15583,153
3,15584,57
3,15585,52
3,15586,32
3,15587,32
3,15588,96
3,15589,96
3,15590,89
3,15591,26
3,15592,77
3,15593,19
3,15594,83
3,15595,102
3,15596,103
3,15597,115
3,15598,19
3,15599,115
3,15600,115
3,15601,58
3,15602,77
3,15603,51
3,15604,39
3,15605,52
3,15606,160
3,15607,77
3,15608,26
3,15609,109
3,15610,71
3,15611,19
3,15612,160
3,15613,96
3,15614,166
3,15615,141
3,15616,77
3,15617,58
3,15618,205
3,15619,115
3,15620,71
3,15621,103
3,15622,64
3,15623,-45
3,15624,45
3,15625,25
3,15626,89
3,15627,32
3,15628,128
3,15629,141
3,15630,7
3,15631,77
3,15632,153
3,15633,147
3,15634,167
3,15635,115
3,15636,77
3,15637,90
3,15638,121
3,15639,58
3,15640,102
3,15641,-26
3,15642,77
3,15643,26
3,15644,58
3,15645,45
3,15646,108
3,15647,115
3,15648,64
3,15649,51
3,15650,192
3,15651,160
3,15652,141
3,15653,250
3,15654,199
3,15655,96
3,15656,211
3,15657,70
3,15658,57
3,15659,-25
3,15660,38
3,15661,64
3,15662,211
3,15663,19
3,15664,102
3,15665,52
3,15666,44
3,15667,83
3,15668,186
3,15669,122
3,15670,96
3,15671,141
3,15672,64
3,15673,58
3,15674,109
3,15675,77
3,15676,64
3,15677,58
3,15678,26
3,15679,64
3,15680,115
3,15681,58
3,15682,115
3,15683,-26
3,15684,102
3,15685,58
3,15686,52
3,15687,109
3,15688,58
3,15689,109
3,15690,70
3,15691,83
3,15692,185
3,15693,64
3,15694,109
3,15695,96
3,15696,154
3,15697,45
3,15698,26
3,15699,58
3,15700,64
3,15701,122
3,15702,224
3,15703,70
3,15704,109
3,15705,51
3,15706,154
3,15707,76
3,15708,141
3,15709,212
3,15710,179
3,15711,58
3,15712,70
3,15713,96
3,15714,122
3,15715,64
3,15716,64
3,15717,109
3,15718,160
3,15719,64
3,15720,89
3,15721,70
3,15722,167
3,15723,76
3,15724,32
3,15725,83
3,15726,57
3,15727,115
3,15728,83
3,15729,-122
3,15730,128
3,15731,64
3,15732,77
3,15733,109
3,15734,109
3,15735,32
3,15736,96
3,15737,166
3,15738,217
3,15739,115
3,15740,108
3,15741,83
3,15742,224
3,15743,96
3,15744,166
3,15745,45
3,15746,76
3,15747,249
3,15748,115
3,15749,96
3,15750,77
3,15751,64
3,15752,109
3,15753,90
3,15754,70
3,15755,64
3,15756,108
3,15757,160
3,15758,205
3,15759,64
3,15760,83
3,15761,-26
3,15762,122
3,15763,64
3,15764,89
3,15765,84
3,15766,160
3,15767,108
3,15768,51
3,15769,71
3,15770,77
3,15771,-26
3,15772,77
3,15773,89
3,15774,180
3,15775,32
3,15776,-45
3,15777,134
3,15778,116
3,15779,122
3,15780,109
3,15781,96
3,15782,327
3,15783,96
3,15784,102
3,15785,102
3,15786,160
3,15787,115
3,15788,327
3,15789,109
3,15790,109
3,15791,122
3,15792,89
3,15793,26
3,15794,77
3,15795,141
3,15796,64
3,15797,64
3,15798,45
3,15799,109
3,15800,109
3,15801,45
3,15802,-71
3,15803,83
3,15804,794
3,15805,57
3,15806,166
3,15807,45
3,15808,179
3,15809,352
3,15810,19
3,15811,58
3,15812,26
3,15813,57
3,15814,179
3,15815,96
3,15816,166
3,15817,813
3,15818,109
3,15819,800
3,15820,77
3,15821,89
3,15822,121
3,15823,192
3,15824,166
3,15825,-51
3,15826,70
3,15827,102
3,15828,96
3,15829,192
3,15830,198
3,15831,115
3,15832,115
3,15833,128
3,15834,108
3,15835,224
3,15836,71
3,15837,166
3,15838,179
3,15839,166
3,15840,108
3,15841,20
3,15842,84
3,15843,51
3,15844,64
3,15845,70
3,15846,51
3,15847,115
3,15848,51
3,15849,64
3,15850,262
3,15851,64
3,15852,115
3,15853,77
3,15854,179
3,15855,-32
3,15856,96
3,15857,19
3,15858,45
3,15859,89
3,15860,109
3,15861,96
3,15862,51
3,15863,70
3,15864,64
3,15865,115
3,15866,371
3,15867,147
3,15868,102
3,15869,58
3,15870,58
3,15871,109
3,15872,96
3,15873,64
3,15874,77
3,15875,109
3,15876,115
3,15877,70
3,15878,128
3,15879,135
3,15880,147
3,15881,64
3,15882,77
3,15883,26
3,15884,32
3,15885,51
3,15886,-992
3,15887,115
3,15888,96
3,15889,179
3,15890,77
3,15891,96
3,15892,115
3,15893,109
3,15894,128
3,15895,71
3,15896,167
3,15897,45
3,15898,365
3,15899,51
3,15900,154
3,15901,64
3,15902,115
3,15903,83
3,15904,109
3,15905,77
3,15906,109
3,15907,160
3,15908,115
3,15909,77
3,15910,173
3,15911,108
3,15912,109
3,15913,51
3,15914,217
3,15915,77
3,15916,153
3,15917,57
3,15918,275
3,15919,57
3,15920,102
3,15921,102
3,15922,90
3,15923,77
3,15924,364
3,15925,45
3,15926,122
3,15927,64
3,15928,121
3,15929,71
3,15930,57
3,15931,38
3,15932,96
3,15933,51
3,15934,57
3,15935,96
3,15936,160
3,15937,39
3,15938,102
3,15939,64
3,15940,77
3,15941,51
3,15942,153
3,15943,103
3,15944,64
3,15945,96
3,15946,-64
3,15947,115
3,15948,121
3,15949,26
3,15950,167
3,15951,32
3,15952,205
3,15953,70
3,15954,57
3,15955,64
3,15956,218
3,15957,26
3,15958,32
3,15959,64
3,15960,134
3,15961,96
3,15962,90
3,15963,115
3,15964,148
3,15965,103
3,15966,173
3,15967,84
3,15968,116
3,15969,44
3,15970,90
3,15971,58
3,15972,128
3,15973,71
3,15974,173
3,15975,160
3,15976,96
3,15977,160
3,15978,115
3,15979,109
3,15980,122
3,15981,109
3,15982,128
3,15983,71
3,15984,141
3,15985,20
3,15986,58
3,15987,70
3,15988,58
3,15989,96
3,15990,154
3,15991,58
3,15992,320
3,15993,102
3,15994,109
3,15995,115
3,15996,122
3,15997,51
3,15998,70
3,15999,109
3,16000,102
3,16001,45
3,16002,147
3,16003,218
3,16004,-38
3,16005,122
3,16006,103
3,16007,122
3,16008,64
3,16009,39
3,16010,-26
3,16011,135
3,16012,64
3,16013,109
3,16014,89
3,16015,96
3,16016,44
3,16017,103
3,16018,51
3,16019,-13
3,16020,77
3,16021,109
3,16022,51
3,16023,58
3,16024,90
3,16025,115
3,16026,90
3,16027,77
3,16028,51
3,16029,64
3,16030,51
3,16031,58
3,16032,103
3,16033,96
3,16034,122
3,16035,122
3,16036,192
3,16037,96
3,16038,32
3,16039,32
3,16040,167
3,16041,57
3,16042,116
3,16043,19
3,16044,57
3,16045,96
3,16046,166
3,16047,25
3,16048,103
3,16049,103
3,16050,116
3,16051,109
3,16052,38
3,16053,64
3,16054,83
3,16055,153
3,16056,128
3,16057,-454
3,16058,116
3,16059,77
3,16060,826
3,16061,64
3,16062,71
3,16063,115
3,16064,39
3,16065,51
3,16066,77
3,16067,58
3,16068,32
3,16069,-32
3,16070,192
3,16071,45
3,16072,122
3,16073,109
3,16074,781
3,16075,70
3,16076,115
3,16077,102
3,16078,89
3,16079,96
3,16080,173
3,16081,58
3,16082,51
3,16083,83
3,16084,39
3,16085,45
3,16086,313
3,16087,109
3,16088,45
3,16089,116
3,16090,160
3,16091,71
3,16092,166
3,16093,141
3,16094,160
3,16095,96
3,16096,134
3,16097,32
3,16098,122
3,16099,115
3,16100,122
3,16101,83
3,16102,90
3,16103,-51
3,16104,128
3,16105,122
3,16106,288
3,16107,166
3,16108,58
3,16109,115
3,16110,108
3,16111,166
3,16112,70
3,16113,64
3,16114,45
3,16115,70
3,16116,122
3,16117,128
3,16118,102
3,16119,71
3,16120,77
3,16121,153
3,16122,160
3,16123,64
3,16124,96
3,16125,64
3,16126,179
3,16127,96
3,16128,121
3,16129,77
3,16130,128
3,16131,70
3,16132,96
3,16133,160
3,16134,371
3,16135,32
3,16136,64
3,16137,51
3,16138,109
3,16139,-32
3,16140,58
3,16141,64
3,16142,6
3,16143,121
3,16144,83
3,16145,122
3,16146,186
3,16147,160
3,16148,115
3,16149,109
3,16150,13
3,16151,109
3,16152,96
3,16153,52
3,16154,77
3,16155,51
3,16156,58
3,16157,154
3,16158,32
3,16159,109
3,16160,45
3,16161,64
3,16162,160
3,16163,153
3,16164,102
3,16165,90
3,16166,115
3,16167,121
3,16168,140
3,16169,70
3,16170,32
3,16171,58
3,16172,77
3,16173,44
3,16174,64
3,16175,128
3,16176,154
3,16177,52
3,16178,70
3,16179,147
3,16180,134
3,16181,179
3,16182,39
3,16183,147
3,16184,115
3,16185,57
3,16186,13
3,16187,64
3,16188,263
3,16189,96
3,16190,116
3,16191,122
3,16192,58
3,16193,-38
3,16194,84
3,16195,26
3,16196,102
3,16197,-52
3,16198,38
3,16199,58
3,16200,51
3,16201,58
3,16202,153
3,16203,147
3,16204,167
3,16205,135
3,16206,58
3,16207,102
3,16208,96
3,16209,89
3,16210,26
3,16211,64
3,16212,70
3,16213,90
3,16214,77
3,16215,77
3,16216,153
3,16217,134
3,16218,116
3,16219,295
3,16220,167
3,16221,64
3,16222,141
3,16223,64
3,16224,70
3,16225,77
3,16226,19
3,16227,134
3,16228,167
3,16229,333
3,16230,64
3,16231,89
3,16232,96
3,16233,147
3,16234,-26
3,16235,134
3,16236,154
3,16237,115
3,16238,179
3,16239,64
3,16240,128
3,16241,32
3,16242,32
3,16243,115
3,16244,109
3,16245,96
3,16246,134
3,16247,45
3,16248,96
3,16249,160
3,16250,301
3,16251,122
3,16252,70
3,16253,109
3,16254,172
3,16255,-51
3,16256,115
3,16257,26
3,16258,25
3,16259,103
3,16260,153
3,16261,109
3,16262,51
3,16263,109
3,16264,108
3,16265,57
3,16266,77
3,16267,109
3,16268,70
3,16269,102
3,16270,-45
3,16271,108
3,16272,147
3,16273,70
3,16274,45
3,16275,115
3,16276,103
3,16277,378
3,16278,51
3,16279,51
3,16280,32
3,16281,109
3,16282,-32
3,16283,122
3,16284,134
3,16285,96
3,16286,115
3,16287,57
3,16288,320
3,16289,26
3,16290,90
3,16291,32
3,16292,64
3,16293,96
3,16294,25
3,16295,26
3,16296,58
3,16297,64
3,16298,128
3,16299,96
3,16300,167
3,16301,109
3,16302,147
3,16303,102
3,16304,384
3,16305,64
3,16306,32
3,16307,45
3,16308,83
3,16309,71
3,16310,26
3,16311,64
3,16312,108
3,16313,-403
3,16314,115
3,16315,103
3,16316,806
3,16317,109
3,16318,154
3,16319,64
3,16320,198
3,16321,-25
3,16322,83
3,16323,25
3,16324,57
3,16325,32
3,16326,83
3,16327,25
3,16328,84
3,16329,800
3,16330,102
3,16331,442
3,16332,185
3,16333,45
3,16334,192
3,16335,64
3,16336,102
3,16337,58
3,16338,51
3,16339,83
3,16340,173
3,16341,83
3,16342,83
3,16343,103
3,16344,109
3,16345,109
3,16346,122
3,16347,83
3,16348,147
3,16349,160
3,16350,205
3,16351,109
3,16352,205
3,16353,57
3,16354,70
3,16355,19
3,16356,71
3,16357,58
3,16358,64
3,16359,70
3,16360,122
3,16361,115
3,16362,410
3,16363,64
3,16364,121
3,16365,224
3,16366,160
3,16367,116
3,16368,-51
3,16369,77
3,16370,64
3,16371,26
3,16372,32
3,16373,109
3,16374,167
3,16375,109
3,16376,116
3,16377,109
3,16378,160
3,16379,64
3,16380,103
3,16381,109
3,16382,57
3,16383,128
3,16384,109
3,16385,121
3,16386,103
3,16387,70
3,16388,166
3,16389,77
3,16390,179
3,16391,77
3,16392,77
3,16393,84
3,16394,19
3,16395,58
3,16396,102
3,16397,26
3,16398,26
3,16399,64
3,16400,64
3,16401,115
3,16402,122
3,16403,103
3,16404,121
3,16405,153
3,16406,153
3,16407,96
3,16408,84
3,16409,224
3,16410,64
3,16411,64
3,16412,58
3,16413,32
3,16414,160
3,16415,51
3,16416,141
3,16417,103
3,16418,71
3,16419,70
3,16420,300
3,16421,51
3,16422,57
3,16423,64
3,16424,122
3,16425,39
3,16426,25
3,16427,109
3,16428,52
3,16429,83
3,16430,32
3,16431,122
3,16432,76
3,16433,128
3,16434,192
3,16435,122
3,16436,57
3,16437,135
3,16438,115
3,16439,71
3,16440,173
3,16441,147
3,16442,45
3,16443,70
3,16444,109
3,16445,25
3,16446,166
3,16447,32
3,16448,147
3,16449,64
3,16450,58
3,16451,268
3,16452,122
3,16453,147
3,16454,160
3,16455,96
3,16456,256
3,16457,128
3,16458,128
3,16459,90
3,16460,147
3,16461,70
3,16462,90
3,16463,90
3,16464,83
3,16465,64
3,16466,51
3,16467,199
3,16468,122
3,16469,109
3,16470,64
3,16471,295
3,16472,-38
3,16473,147
3,16474,115
3,16475,102
3,16476,115
3,16477,64
3,16478,109
3,16479,102
3,16480,134
3,16481,26
3,16482,70
3,16483,70
3,16484,45
3,16485,76
3,16486,64
3,16487,38
3,16488,172
3,16489,-26
3,16490,83
3,16491,58
3,16492,103
3,16493,-70
3,16494,116
3,16495,64
3,16496,134
3,16497,76
3,16498,90
3,16499,51
3,16500,45
3,16501,185
3,16502,96
3,16503,108
3,16504,122
3,16505,153
3,16506,83
3,16507,96
3,16508,70
3,16509,102
3,16510,102
3,16511,70
3,16512,166
3,16513,96
3,16514,108
3,16515,39
3,16516,90
3,16517,103
3,16518,45
3,16519,109
3,16520,115
3,16521,90
3,16522,122
3,16523,109
3,16524,397
3,16525,32
3,16526,172
3,16527,115
3,16528,141
3,16529,96
3,16530,173
3,16531,121
3,16532,115
3,16533,121
3,16534,148
3,16535,32
3,16536,134
3,16537,102
3,16538,70
3,16539,122
3,16540,172
3,16541,58
3,16542,84
3,16543,52
3,16544,64
3,16545,109
3,16546,71
3,16547,116
3,16548,70
3,16549,84
3,16550,90
3,16551,71
3,16552,64
3,16553,45
3,16554,57
3,16555,64
3,16556,19
3,16557,90
3,16558,26
3,16559,167
3,16560,108
3,16561,90
3,16562,102
3,16563,32
3,16564,192
3,16565,102
3,16566,32
3,16567,57
3,16568,70
3,16569,116
3,16570,90
3,16571,64
3,16572,806
3,16573,71
3,16574,32
3,16575,64
3,16576,77
3,16577,-13
3,16578,122
3,16579,77
3,16580,148
3,16581,83
3,16582,64
3,16583,52
3,16584,147
3,16585,121
3,16586,794
3,16587,64
3,16588,102
3,16589,109
3,16590,115
3,16591,77
3,16592,167
3,16593,39
3,16594,77
3,16595,64
3,16596,70
3,16597,109
3,16598,64
3,16599,103
3,16600,77
3,16601,45
3,16602,64
3,16603,179
3,16604,218
3,16605,128
3,16606,186
3,16607,154
3,16608,148
3,16609,51
3,16610,115
3,16611,51
3,16612,199
3,16613,57
3,16614,108
3,16615,70
3,16616,122
3,16617,134
3,16618,180
3,16619,77
3,16620,211
3,16621,102
3,16622,71
3,16623,115
3,16624,90
3,16625,64
3,16626,64
3,16627,90
3,16628,140
3,16629,96
3,16630,32
3,16631,115
3,16632,64
3,16633,115
3,16634,205
3,16635,83
3,16636,77
3,16637,57
3,16638,115
3,16639,262
3,16640,121
3,16641,90
3,16642,160
3,16643,102
3,16644,128
3,16645,77
3,16646,307
3,16647,64
3,16648,147
3,16649,90
3,16650,109
3,16651,52
3,16652,109
3,16653,58
3,16654,198
3,16655,230
3,16656,103
3,16657,90
3,16658,237
3,16659,115
3,16660,115
3,16661,403
3,16662,115
3,16663,128
3,16664,179
3,16665,-25
3,16666,77
3,16667,45
3,16668,102
3,16669,96
3,16670,135
3,16671,371
3,16672,122
3,16673,372
3,16674,115
3,16675,122
3,16676,108
3,16677,166
3,16678,147
3,16679,141
3,16680,128
3,16681,211
3,16682,77
3,16683,45
3,16684,51
3,16685,32
3,16686,128
3,16687,70
3,16688,167
3,16689,77
3,16690,90
3,16691,103
3,16692,128
3,16693,109
3,16694,172
3,16695,121
3,16696,51
3,16697,121
3,16698,121
3,16699,-45
3,16700,108
3,16701,64
3,16702,160
3,16703,121
3,16704,115
3,16705,115
3,16706,121
3,16707,102
3,16708,25
3,16709,45
3,16710,96
3,16711,96
3,16712,116
3,16713,134
3,16714,64
3,16715,154
3,16716,57
3,16717,109
3,16718,211
3,16719,115
3,16720,90
3,16721,96
3,16722,128
3,16723,58
3,16724,153
3,16725,147
3,16726,32
3,16727,51
3,16728,115
3,16729,198
3,16730,147
3,16731,115
3,16732,122
3,16733,-26
3,16734,83
3,16735,58
3,16736,154
3,16737,-51
3,16738,84
3,16739,51
3,16740,147
3,16741,147
3,16742,179
3,16743,58
3,16744,64
3,16745,109
3,16746,211
3,16747,352
3,16748,211
3,16749,160
3,16750,365
3,16751,141
3,16752,122
3,16753,25
3,16754,64
3,16755,58
3,16756,166
3,16757,32
3,16758,153
3,16759,45
3,16760,396
3,16761,211
3,16762,384
3,16763,115
3,16764,244
3,16765,45
3,16766,166
3,16767,83
3,16768,147
3,16769,205
3,16770,58
3,16771,32
3,16772,57
3,16773,103
3,16774,102
3,16775,58
3,16776,154
3,16777,51
3,16778,166
3,16779,89
3,16780,76
3,16781,58
3,16782,173
3,16783,230
3,16784,122
3,16785,32
3,16786,204
3,16787,45
3,16788,32
3,16789,51
3,16790,51
3,16791,64
3,16792,89
3,16793,153
3,16794,122
3,16795,77
3,16796,64
3,16797,166
3,16798,-45
3,16799,45
3,16800,121
3,16801,364
3,16802,166
3,16803,51
3,16804,25
3,16805,147
3,16806,51
3,16807,64
3,16808,77
3,16809,64
3,16810,128
3,16811,45
3,16812,218
3,16813,64
3,16814,52
3,16815,77
3,16816,109
3,16817,51
3,16818,51
3,16819,58
3,16820,64
3,16821,83
3,16822,70
3,16823,102
3,16824,-20
3,16825,77
3,16826,71
3,16827,64
3,16828,1043
3,16829,70
3,16830,211
3,16831,51
3,16832,102
3,16833,32
3,16834,109
3,16835,26
3,16836,71
3,16837,160
3,16838,77
3,16839,44
3,16840,103
3,16841,813
3,16842,-19
3,16843,787
3,16844,96
3,16845,167
3,16846,211
3,16847,141
3,16848,205
3,16849,51
3,16850,64
3,16851,128
3,16852,365
3,16853,141
3,16854,115
3,16855,103
3,16856,96
3,16857,96
3,16858,90
3,16859,90
3,16860,128
3,16861,179
3,16862,160
3,16863,83
3,16864,166
3,16865,51
3,16866,77
3,16867,32
3,16868,128
3,16869,89
3,16870,166
3,16871,96
3,16872,340
3,16873,102
3,16874,122
3,16875,64
3,16876,199
3,16877,148
3,16878,166
3,16879,115
3,16880,122
3,16881,51
3,16882,141
3,16883,90
3,16884,64
3,16885,77
3,16886,96
3,16887,45
3,16888,70
3,16889,103
3,16890,102
3,16891,83
3,16892,83
3,16893,-26
3,16894,-505
3,16895,109
3,16896,70
3,16897,64
3,16898,121
3,16899,307
3,16900,108
3,16901,96
3,16902,102
3,16903,256
3,16904,122
3,16905,71
3,16906,32
3,16907,58
3,16908,45
3,16909,38
3,16910,64
3,16911,32
3,16912,103
3,16913,83
3,16914,378
3,16915,115
3,16916,167
3,16917,96
3,16918,205
3,16919,365
3,16920,122
3,16921,64
3,16922,71
3,16923,70
3,16924,58
3,16925,76
3,16926,160
3,16927,51
3,16928,122
3,16929,147
3,16930,96
3,16931,372
3,16932,-39
3,16933,121
3,16934,128
3,16935,109
3,16936,70
3,16937,26
3,16938,44
3,16939,77
3,16940,140
3,16941,-32
3,16942,102
3,16943,90
3,16944,96
3,16945,135
3,16946,384
3,16947,134
3,16948,103
3,16949,148
3,16950,211
3,16951,77
3,16952,64
3,16953,96
3,16954,108
3,16955,57
3,16956,102
3,16957,32
3,16958,96
3,16959,51
3,16960,116
3,16961,64
3,16962,71
3,16963,45
3,16964,32
3,16965,57
3,16966,179
3,16967,-38
3,16968,186
3,16969,58
3,16970,102
3,16971,153
3,16972,179
3,16973,96
3,16974,109
3,16975,109
3,16976,166
3,16977,51
3,16978,397
3,16979,-64
3,16980,45
3,16981,83
3,16982,167
3,16983,64
3,16984,58
3,16985,39
3,16986,103
3,16987,128
3,16988,173
3,16989,147
3,16990,115
3,16991,51
3,16992,96
3,16993,64
3,16994,-76
3,16995,90
3,16996,89
3,16997,51
3,16998,205
3,16999,102
3,17000,115
3,17001,135
3,17002,115
3,17003,140
3,17004,186
3,17005,39
3,17006,204
3,17007,71
3,17008,128
3,17009,52
3,17010,64
3,17011,70
3,17012,71
3,17013,109
3,17014,51
3,17015,77
3,17016,45
3,17017,141
3,17018,64
3,17019,96
3,17020,179
3,17021,102
3,17022,32
3,17023,90
3,17024,109
3,17025,90
3,17026,173
3,17027,-71
3,17028,134
3,17029,57
3,17030,19
3,17031,45
3,17032,211
3,17033,64
3,17034,58
3,17035,115
3,17036,186
3,17037,45
3,17038,32
3,17039,77
3,17040,71
3,17041,71
3,17042,102
3,17043,128
3,17044,109
3,17045,211
3,17046,134
3,17047,51
3,17048,122
3,17049,38
3,17050,83
3,17051,58
3,17052,154
3,17053,19
3,17054,134
3,17055,231
3,17056,115
3,17057,64
3,17058,153
3,17059,109
3,17060,84
3,17061,70
3,17062,58
3,17063,121
3,17064,154
3,17065,108
3,17066,115
3,17067,25
3,17068,269
3,17069,83
3,17070,71
3,17071,-20
3,17072,365
3,17073,173
3,17074,77
3,17075,109
3,17076,115
3,17077,103
3,17078,77
3,17079,148
3,17080,-410
3,17081,134
3,17082,96
3,17083,192
3,17084,806
3,17085,96
3,17086,121
3,17087,103
3,17088,314
3,17089,115
3,17090,204
3,17091,147
3,17092,115
3,17093,237
3,17094,237
3,17095,160
3,17096,64
3,17097,134
3,17098,787
3,17099,134
3,17100,154
3,17101,102
3,17102,83
3,17103,70
3,17104,51
3,17105,32
3,17106,141
3,17107,64
3,17108,44
3,17109,185
3,17110,205
3,17111,90
3,17112,45
3,17113,58
3,17114,166
3,17115,115
3,17116,77
3,17117,52
3,17118,115
3,17119,102
3,17120,128
3,17121,148
3,17122,70
3,17123,96
3,17124,135
3,17125,58
3,17126,52
3,17127,32
3,17128,84
3,17129,160
3,17130,109
3,17131,121
3,17132,121
3,17133,96
3,17134,180
3,17135,167
3,17136,71
3,17137,64
3,17138,128
3,17139,103
3,17140,128
3,17141,77
3,17142,64
3,17143,83
3,17144,83
3,17145,90
3,17146,115
3,17147,71
3,17148,-45
3,17149,64
3,17150,135
3,17151,122
3,17152,121
3,17153,83
3,17154,83
3,17155,83
3,17156,121
3,17157,128
3,17158,57
3,17159,96
3,17160,103
3,17161,39
3,17162,294
3,17163,333
3,17164,77
3,17165,64
3,17166,102
3,17167,58
3,17168,45
3,17169,116
3,17170,109
3,17171,52
3,17172,135
3,17173,109
3,17174,90
3,17175,70
3,17176,204
3,17177,58
3,17178,109
3,17179,134
3,17180,-12
3,17181,128
3,17182,90
3,17183,-51
3,17184,-45
3,17185,122
3,17186,57
3,17187,147
3,17188,204
3,17189,77
3,17190,160
3,17191,83
3,17192,64
3,17193,26
3,17194,109
3,17195,51
3,17196,44
3,17197,64
3,17198,134
3,17199,121
3,17200,173
3,17201,-32
3,17202,76
3,17203,77
3,17204,154
3,17205,108
3,17206,115
3,17207,153
3,17208,205
3,17209,64
3,17210,102
3,17211,51
3,17212,90
3,17213,38
3,17214,25
3,17215,57
3,17216,115
3,17217,-6
3,17218,32
3,17219,198
3,17220,-44
3,17221,45
3,17222,199
3,17223,32
3,17224,32
3,17225,51
3,17226,-45
3,17227,109
3,17228,58
3,17229,25
3,17230,19
3,17231,115
3,17232,64
3,17233,57
3,17234,153
3,17235,58
3,17236,32
3,17237,96
3,17238,70
3,17239,90
3,17240,166
3,17241,115
3,17242,122
3,17243,77
3,17244,147
3,17245,108
3,17246,77
3,17247,26
3,17248,76
3,17249,58
3,17250,32
3,17251,57
3,17252,77
3,17253,96
3,17254,90
3,17255,70
3,17256,108
3,17257,154
3,17258,121
3,17259,77
3,17260,64
3,17261,288
3,17262,38
3,17263,89
3,17264,160
3,17265,70
3,17266,64
3,17267,-13
3,17268,416
3,17269,44
3,17270,128
3,17271,45
3,17272,-58
3,17273,391
3,17274,141
3,17275,103
3,17276,135
3,17277,128
3,17278,377
3,17279,122
3,17280,103
3,17281,134
3,17282,83
3,17283,38
3,17284,38
3,17285,71
3,17286,103
3,17287,57
3,17288,121
3,17289,77
3,17290,217
3,17291,115
3,17292,192
3,17293,134
3,17294,147
3,17295,116
3,17296,121
3,17297,135
3,17298,148
3,17299,20
3,17300,-39
3,17301,-32
3,17302,83
3,17303,58
3,17304,115
3,17305,166
3,17306,166
3,17307,64
3,17308,90
3,17309,70
3,17310,179
3,17311,160
3,17312,84
3,17313,122
3,17314,147
3,17315,45
3,17316,71
3,17317,70
3,17318,134
3,17319,-32
3,17320,154
3,17321,173
3,17322,160
3,17323,122
3,17324,128
3,17325,116
3,17326,160
3,17327,58
3,17328,116
3,17329,96
3,17330,26
3,17331,32
3,17332,77
3,17333,154
3,17334,83
3,17335,108
3,17336,51
3,17337,166
3,17338,147
3,17339,70
3,17340,793
3,17341,153
3,17342,359
3,17343,70
3,17344,115
3,17345,38
3,17346,147
3,17347,64
3,17348,102
3,17349,116
3,17350,96
3,17351,108
3,17352,103
3,17353,774
3,17354,199
3,17355,768
3,17356,141
3,17357,-38
3,17358,70
3,17359,70
3,17360,103
3,17361,58
3,17362,-26
3,17363,134
3,17364,109
3,17365,57
3,17366,186
3,17367,77
3,17368,147
3,17369,109
3,17370,122
3,17371,109
3,17372,135
3,17373,115
3,17374,211
3,17375,64
3,17376,96
3,17377,52
3,17378,320
3,17379,52
3,17380,70
3,17381,58
3,17382,90
3,17383,115
3,17384,89
3,17385,64
3,17386,128
3,17387,167
3,17388,198
3,17389,96
3,17390,83
3,17391,103
3,17392,173
3,17393,51
3,17394,128
3,17395,70
3,17396,32
3,17397,154
3,17398,153
3,17399,51
3,17400,122
3,17401,102
3,17402,77
3,17403,186
3,17404,205
3,17405,77
3,17406,64
3,17407,115
3,17408,58
3,17409,89
3,17410,160
3,17411,-32
3,17412,134
3,17413,147
3,17414,160
3,17415,166
3,17416,58
3,17417,70
3,17418,102
3,17419,115
3,17420,-26
3,17421,83
3,17422,148
3,17423,115
3,17424,96
3,17425,115
3,17426,141
3,17427,122
3,17428,160
3,17429,77
3,17430,102
3,17431,372
3,17432,71
3,17433,51
3,17434,57
3,17435,25
3,17436,377
3,17437,83
3,17438,128
3,17439,51
3,17440,115
3,17441,108
3,17442,109
3,17443,64
3,17444,115
3,17445,84
3,17446,77
3,17447,83
3,17448,83
3,17449,19
3,17450,25
3,17451,64
3,17452,70
3,17453,64
3,17454,154
3,17455,147
3,17456,173
3,17457,198
3,17458,103
3,17459,115
3,17460,135
3,17461,64
3,17462,166
3,17463,115
3,17464,83
3,17465,70
3,17466,70
3,17467,25
3,17468,64
3,17469,64
3,17470,109
3,17471,90
3,17472,167
3,17473,45
3,17474,71
3,17475,64
3,17476,115
3,17477,77
3,17478,-32
3,17479,115
3,17480,109
3,17481,77
3,17482,167
3,17483,147
3,17484,173
3,17485,103
3,17486,116
3,17487,64
3,17488,128
3,17489,57
3,17490,90
3,17491,77
3,17492,102
3,17493,102
3,17494,-39
3,17495,70
3,17496,32
3,17497,96
3,17498,71
3,17499,116
3,17500,115
3,17501,76
3,17502,25
3,17503,77
3,17504,64
3,17505,-96
3,17506,115
3,17507,64
3,17508,173
3,17509,64
3,17510,77
3,17511,52
3,17512,115
3,17513,141
3,17514,147
3,17515,109
3,17516,77
3,17517,77
3,17518,211
3,17519,71
3,17520,359
3,17521,70
3,17522,58
3,17523,148
3,17524,109
3,17525,160
3,17526,76
3,17527,51
3,17528,166
3,17529,96
3,17530,154
3,17531,128
3,17532,64
3,17533,102
3,17534,167
3,17535,115
3,17536,76
3,17537,70
3,17538,-32
3,17539,121
3,17540,116
3,17541,281
3,17542,96
3,17543,103
3,17544,116
3,17545,109
3,17546,115
3,17547,115
3,17548,57
3,17549,70
3,17550,83
3,17551,64
3,17552,109
3,17553,173
3,17554,166
3,17555,121
3,17556,249
3,17557,89
3,17558,167
3,17559,115
3,17560,160
3,17561,38
3,17562,70
3,17563,64
3,17564,103
3,17565,51
3,17566,108
3,17567,26
3,17568,64
3,17569,52
3,17570,154
3,17571,147
3,17572,109
3,17573,365
3,17574,128
3,17575,70
3,17576,102
3,17577,102
3,17578,32
3,17579,-44
3,17580,51
3,17581,70
3,17582,64
3,17583,109
3,17584,58
3,17585,358
3,17586,115
3,17587,84
3,17588,128
3,17589,-45
3,17590,58
3,17591,64
3,17592,166
3,17593,160
3,17594,83
3,17595,51
3,17596,812
3,17597,64
3,17598,12
3,17599,70
3,17600,224
3,17601,205
3,17602,83
3,17603,76
3,17604,52
3,17605,45
3,17606,32
3,17607,26
3,17608,25
3,17609,77
3,17610,775
3,17611,64
3,17612,102
3,17613,96
3,17614,64
3,17615,58
3,17616,109
3,17617,121
3,17618,116
3,17619,70
3,17620,211
3,17621,77
3,17622,77
3,17623,19
3,17624,121
3,17625,166
3,17626,70
3,17627,166
3,17628,103
3,17629,83
3,17630,160
3,17631,71
3,17632,102
3,17633,58
3,17634,154
3,17635,51
3,17636,96
3,17637,64
3,17638,77
3,17639,70
3,17640,45
3,17641,102
3,17642,198
3,17643,77
3,17644,-38
3,17645,173
3,17646,147
3,17647,102
3,17648,173
3,17649,51
3,17650,166
3,17651,64
3,17652,58
3,17653,71
3,17654,160
3,17655,51
3,17656,51
3,17657,77
3,17658,147
3,17659,58
3,17660,115
3,17661,57
3,17662,314
3,17663,108
3,17664,77
3,17665,365
3,17666,128
3,17667,58
3,17668,244
3,17669,115
3,17670,166
3,17671,102
3,17672,115
3,17673,71
3,17674,71
3,17675,83
3,17676,-288
3,17677,102
3,17678,217
3,17679,71
3,17680,45
3,17681,147
3,17682,147
3,17683,116
3,17684,359
3,17685,166
3,17686,122
3,17687,102
3,17688,109
3,17689,45
3,17690,19
3,17691,45
3,17692,64
3,17693,102
3,17694,-19
3,17695,102
3,17696,109
3,17697,-51
3,17698,128
3,17699,96
3,17700,83
3,17701,160
3,17702,71
3,17703,122
3,17704,153
3,17705,89
3,17706,-13
3,17707,64
3,17708,83
3,17709,51
3,17710,102
3,17711,115
3,17712,64
3,17713,26
3,17714,51
3,17715,377
3,17716,90
3,17717,38
3,17718,160
3,17719,109
3,17720,109
3,17721,90
3,17722,-19
3,17723,154
3,17724,103
3,17725,83
3,17726,153
3,17727,-64
3,17728,76
3,17729,96
3,17730,58
3,17731,134
3,17732,-44
3,17733,103
3,17734,115
3,17735,70
3,17736,58
3,17737,121
3,17738,160
3,17739,179
3,17740,147
3,17741,-32
3,17742,128
3,17743,58
3,17744,102
3,17745,90
3,17746,128
3,17747,25
3,17748,83
3,17749,51
3,17750,115
3,17751,70
3,17752,51
3,17753,51
3,17754,77
3,17755,108
3,17756,166
3,17757,115
3,17758,141
3,17759,103
3,17760,217
3,17761,-26
3,17762,52
3,17763,19
3,17764,115
3,17765,70
3,17766,173
3,17767,109
3,17768,90
3,17769,-39
3,17770,211
3,17771,108
3,17772,38
3,17773,77
3,17774,51
3,17775,128
3,17776,121
3,17777,89
3,17778,83
3,17779,57
3,17780,77
3,17781,102
3,17782,135
3,17783,20
3,17784,77
3,17785,198
3,17786,212
3,17787,115
3,17788,122
3,17789,70
3,17790,64
3,17791,77
3,17792,102
3,17793,58
3,17794,166
3,17795,52
3,17796,109
3,17797,45
3,17798,167
3,17799,96
3,17800,282
3,17801,83
3,17802,217
3,17803,64
3,17804,96
3,17805,77
3,17806,186
3,17807,71
3,17808,57
3,17809,160
3,17810,58
3,17811,115
3,17812,211
3,17813,57
3,17814,58
3,17815,84
3,17816,148
3,17817,45
3,17818,128
3,17819,90
3,17820,109
3,17821,77
3,17822,102
3,17823,102
3,17824,71
3,17825,51
3,17826,115
3,17827,-109
3,17828,71
3,17829,109
3,17830,160
3,17831,70
3,17832,307
3,17833,39
3,17834,64
3,17835,64
3,17836,160
3,17837,-32
3,17838,243
3,17839,115
3,17840,71
3,17841,70
3,17842,102
3,17843,51
3,17844,371
3,17845,108
3,17846,51
3,17847,83
3,17848,122
3,17849,70
3,17850,256
3,17851,122
3,17852,794
3,17853,115
3,17854,153
3,17855,179
3,17856,147
3,17857,-6
3,17858,64
3,17859,19
3,17860,102
3,17861,32
3,17862,115
3,17863,148
3,17864,116
3,17865,448
3,17866,38
3,17867,788
3,17868,173
3,17869,134
3,17870,198
3,17871,153
3,17872,109
3,17873,-13
3,17874,96
3,17875,90
3,17876,70
3,17877,103
3,17878,115
3,17879,160
3,17880,121
3,17881,205
3,17882,205
3,17883,154
3,17884,115
3,17885,179
3,17886,109
3,17887,122
3,17888,160
3,17889,26
3,17890,58
3,17891,45
3,17892,-45
3,17893,153
3,17894,172
3,17895,83
3,17896,115
3,17897,45
3,17898,77
3,17899,77
3,17900,90
3,17901,64
3,17902,160
3,17903,45
3,17904,122
3,17905,-243
3,17906,45
3,17907,71
3,17908,83
3,17909,77
3,17910,51
3,17911,121
3,17912,167
3,17913,108
3,17914,109
3,17915,70
3,17916,96
3,17917,71
3,17918,70
3,17919,64
3,17920,122
3,17921,51
3,17922,58
3,17923,64
3,17924,45
3,17925,109
3,17926,64
3,17927,160
3,17928,153
3,17929,20
3,17930,26
3,17931,154
3,17932,38
3,17933,76
3,17934,160
3,17935,102
3,17936,166
3,17937,147
3,17938,64
3,17939,57
3,17940,77
3,17941,102
3,17942,135
3,17943,57
3,17944,121
3,17945,160
3,17946,64
3,17947,51
3,17948,38
3,17949,51
3,17950,116
3,17951,32
3,17952,64
3,17953,90
3,17954,70
3,17955,141
3,17956,160
3,17957,320
3,17958,160
3,17959,109
3,17960,128
3,17961,45
3,17962,25
3,17963,58
3,17964,96
3,17965,45
3,17966,32
3,17967,83
3,17968,64
3,17969,173
3,17970,147
3,17971,84
3,17972,173
3,17973,45
3,17974,122
3,17975,116
3,17976,141
3,17977,58
3,17978,64
3,17979,64
3,17980,244
3,17981,51
3,17982,26
3,17983,115
3,17984,57
3,17985,-25
3,17986,39
3,17987,77
3,17988,154
3,17989,58
3,17990,-32
3,17991,128
3,17992,141
3,17993,135
3,17994,250
3,17995,224
3,17996,211
3,17997,51
3,17998,211
3,17999,96
3,18000,204
3,18001,391
3,18002,52
3,18003,102
3,18004,115
3,18005,70
3,18006,96
3,18007,121
3,18008,58
3,18009,141
3,18010,121
3,18011,166
3,18012,128
3,18013,135
3,18014,192
3,18015,154
3,18016,26
3,18017,-454
3,18018,115
3,18019,45
3,18020,115
3,18021,83
3,18022,115
3,18023,64
3,18024,26
3,18025,57
3,18026,89
3,18027,64
3,18028,166
3,18029,115
3,18030,70
3,18031,64
3,18032,102
3,18033,102
3,18034,39
3,18035,109
3,18036,135
3,18037,58
3,18038,26
3,18039,115
3,18040,45
3,18041,116
3,18042,141
3,18043,148
3,18044,128
3,18045,96
3,18046,51
3,18047,90
3,18048,103
3,18049,96
3,18050,121
3,18051,148
3,18052,115
3,18053,45
3,18054,83
3,18055,96
3,18056,115
3,18057,44
3,18058,64
3,18059,70
3,18060,64
3,18061,58
3,18062,128
3,18063,83
3,18064,89
3,18065,256
3,18066,32
3,18067,135
3,18068,198
3,18069,64
3,18070,154
3,18071,70
3,18072,102
3,18073,51
3,18074,64
3,18075,96
3,18076,45
3,18077,51
3,18078,32
3,18079,-38
3,18080,135
3,18081,57
3,18082,218
3,18083,128
3,18084,160
3,18085,-38
3,18086,160
3,18087,70
3,18088,38
3,18089,96
3,18090,192
3,18091,102
3,18092,51
3,18093,96
3,18094,70
3,18095,115
3,18096,122
3,18097,84
3,18098,141
3,18099,71
3,18100,109
3,18101,51
3,18102,25
3,18103,96
3,18104,160
3,18105,52
3,18106,115
3,18107,115
3,18108,819
3,18109,135
3,18110,102
3,18111,121
3,18112,57
3,18113,-19
3,18114,141
3,18115,108
3,18116,147
3,18117,45
3,18118,140
3,18119,64
3,18120,134
3,18121,154
3,18122,793
3,18123,90
3,18124,115
3,18125,160
3,18126,96
3,18127,51
3,18128,160
3,18129,57
3,18130,64
3,18131,64
3,18132,332
3,18133,83
3,18134,64
3,18135,52
3,18136,103
3,18137,57
3,18138,121
3,18139,167
3,18140,198
3,18141,57
3,18142,205
3,18143,70
3,18144,96
3,18145,51
3,18146,109
3,18147,77
3,18148,64
3,18149,51
3,18150,64
3,18151,102
3,18152,52
3,18153,115
3,18154,83
3,18155,57
3,18156,166
3,18157,96
3,18158,218
3,18159,115
3,18160,89
3,18161,45
3,18162,128
3,18163,96
3,18164,122
3,18165,52
3,18166,108
3,18167,365
3,18168,90
3,18169,160
3,18170,-45
3,18171,-70
3,18172,115
3,18173,103
3,18174,-32
3,18175,83
3,18176,57
3,18177,45
3,18178,160
3,18179,115
3,18180,71
3,18181,109
3,18182,103
3,18183,116
3,18184,154
3,18185,115
3,18186,141
3,18187,45
3,18188,32
3,18189,83
3,18190,346
3,18191,70
3,18192,115
3,18193,44
3,18194,32
3,18195,84
3,18196,90
3,18197,71
3,18198,64
3,18199,70
3,18200,45
3,18201,19
3,18202,96
3,18203,25
3,18204,109
3,18205,19
3,18206,71
3,18207,116
3,18208,51
3,18209,38
3,18210,102
3,18211,109
3,18212,134
3,18213,70
3,18214,115
3,18215,-192
3,18216,57
3,18217,-6
3,18218,-51
3,18219,76
3,18220,77
3,18221,121
3,18222,51
3,18223,70
3,18224,103
3,18225,64
3,18226,115
3,18227,102
3,18228,64
3,18229,167
3,18230,199
3,18231,57
3,18232,153
3,18233,173
3,18234,122
3,18235,128
3,18236,115
3,18237,102
3,18238,64
3,18239,89
3,18240,115
3,18241,45
3,18242,64
3,18243,-44
3,18244,52
3,18245,51
3,18246,115
3,18247,45
3,18248,102
3,18249,96
3,18250,121
3,18251,83
3,18252,122
3,18253,103
3,18254,109
3,18255,103
3,18256,64
3,18257,32
3,18258,121
3,18259,199
3,18260,52
3,18261,58
3,18262,160
3,18263,64
3,18264,147
3,18265,71
3,18266,135
3,18267,102
3,18268,173
3,18269,26
3,18270,212
3,18271,57
3,18272,115
3,18273,58
3,18274,116
3,18275,102
3,18276,154
3,18277,147
3,18278,205
3,18279,115
3,18280,121
3,18281,135
3,18282,115
3,18283,122
3,18284,83
3,18285,96
3,18286,166
3,18287,115
3,18288,173
3,18289,45
3,18290,51
3,18291,204
3,18292,173
3,18293,295
3,18294,403
3,18295,134
3,18296,115
3,18297,122
3,18298,198
3,18299,115
3,18300,115
3,18301,186
3,18302,205
3,18303,64
3,18304,38
3,18305,52
3,18306,109
3,18307,51
3,18308,147
3,18309,115
3,18310,109
3,18311,-51
3,18312,51
3,18313,64
3,18314,122
3,18315,77
3,18316,141
3,18317,58
3,18318,51
3,18319,45
3,18320,147
3,18321,128
3,18322,102
3,18323,96
3,18324,96
3,18325,51
3,18326,58
3,18327,90
3,18328,102
3,18329,83
3,18330,83
3,18331,77
3,18332,77
3,18333,115
3,18334,84
3,18335,115
3,18336,58
3,18337,45
3,18338,141
3,18339,314
3,18340,108
3,18341,141
3,18342,64
3,18343,397
3,18344,90
3,18345,102
3,18346,154
3,18347,77
3,18348,199
3,18349,52
3,18350,90
3,18351,96
3,18352,109
3,18353,71
3,18354,103
3,18355,77
3,18356,64
3,18357,52
3,18358,327
3,18359,109
3,18360,102
3,18361,51
3,18362,122
3,18363,64
3,18364,781
3,18365,122
3,18366,109
3,18367,83
3,18368,166
3,18369,32
3,18370,96
3,18371,19
3,18372,39
3,18373,167
3,18374,167
3,18375,58
3,18376,160
3,18377,660
3,18378,141
3,18379,781
3,18380,166
3,18381,51
3,18382,167
3,18383,115
3,18384,301
3,18385,32
3,18386,121
3,18387,19
3,18388,52
3,18389,422
3,18390,77
3,18391,64
3,18392,121
3,18393,122
3,18394,205
3,18395,64
3,18396,108
3,18397,153
3,18398,185
3,18399,77
3,18400,122
3,18401,301
3,18402,76
3,18403,57
3,18404,70
3,18405,45
3,18406,-45
3,18407,77
3,18408,45
3,18409,192
3,18410,122
3,18411,96
3,18412,77
3,18413,147
3,18414,166
3,18415,25
3,18416,154
3,18417,45
3,18418,51
3,18419,58
3,18420,115
3,18421,52
3,18422,64
3,18423,122
3,18424,64
3,18425,192
3,18426,141
3,18427,70
3,18428,115
3,18429,166
3,18430,-812
3,18431,128
3,18432,135
3,18433,32
3,18434,-32
3,18435,121
3,18436,64
3,18437,103
3,18438,185
3,18439,102
3,18440,204
3,18441,109
3,18442,103
3,18443,20
3,18444,52
3,18445,76
3,18446,109
3,18447,76
3,18448,64
3,18449,58
3,18450,77
3,18451,141
3,18452,77
3,18453,160
3,18454,166
3,18455,57
3,18456,160
3,18457,45
3,18458,26
3,18459,-45
3,18460,96
3,18461,45
3,18462,109
3,18463,45
3,18464,25
3,18465,115
3,18466,122
3,18467,77
3,18468,103
3,18469,-26
3,18470,166
3,18471,109
3,18472,83
3,18473,96
3,18474,96
3,18475,115
3,18476,89
3,18477,57
3,18478,128
3,18479,141
3,18480,122
3,18481,-45
3,18482,230
3,18483,103
3,18484,102
3,18485,70
3,18486,160
3,18487,71
3,18488,160
3,18489,52
3,18490,154
3,18491,45
3,18492,128
3,18493,109
3,18494,64
3,18495,154
3,18496,109
3,18497,26
3,18498,-32
3,18499,128
3,18500,44
3,18501,64
3,18502,102
3,18503,64
3,18504,141
3,18505,70
3,18506,147
3,18507,160
3,18508,109
3,18509,116
3,18510,115
3,18511,103
3,18512,-45
3,18513,166
3,18514,134
3,18515,83
3,18516,115
3,18517,45
3,18518,122
3,18519,83
3,18520,76
3,18521,71
3,18522,116
3,18523,153
3,18524,173
3,18525,134
3,18526,167
3,18527,371
3,18528,71
3,18529,64
3,18530,115
3,18531,64
3,18532,64
3,18533,64
3,18534,109
3,18535,64
3,18536,109
3,18537,58
3,18538,173
3,18539,89
3,18540,64
3,18541,83
3,18542,250
3,18543,115
3,18544,121
3,18545,45
3,18546,140
3,18547,32
3,18548,371
3,18549,166
3,18550,212
3,18551,102
3,18552,83
3,18553,64
3,18554,364
3,18555,134
3,18556,108
3,18557,77
3,18558,84
3,18559,83
3,18560,-45
3,18561,71
3,18562,153
3,18563,166
3,18564,173
3,18565,96
3,18566,128
3,18567,147
3,18568,179
3,18569,154
3,18570,140
3,18571,-44
3,18572,134
3,18573,109
3,18574,166
3,18575,167
3,18576,147
3,18577,141
3,18578,160
3,18579,122
3,18580,205
3,18581,167
3,18582,160
3,18583,77
3,18584,307
3,18585,147
3,18586,371
3,18587,108
3,18588,116
3,18589,51
3,18590,19
3,18591,77
3,18592,38
3,18593,102
3,18594,108
3,18595,70
3,18596,64
3,18597,64
3,18598,77
3,18599,115
3,18600,64
3,18601,64
3,18602,-39
3,18603,115
3,18604,52
3,18605,160
3,18606,32
3,18607,160
3,18608,64
3,18609,84
3,18610,243
3,18611,115
3,18612,109
3,18613,57
3,18614,167
3,18615,102
3,18616,205
3,18617,199
3,18618,141
3,18619,45
3,18620,781
3,18621,45
3,18622,166
3,18623,45
3,18624,109
3,18625,19
3,18626,128
3,18627,77
3,18628,64
3,18629,52
3,18630,128
3,18631,57
3,18632,186
3,18633,96
3,18634,813
3,18635,115
3,18636,160
3,18637,166
3,18638,64
3,18639,122
3,18640,109
3,18641,102
3,18642,58
3,18643,51
3,18644,166
3,18645,70
3,18646,134
3,18647,121
3,18648,77
3,18649,103
3,18650,83
3,18651,109
3,18652,192
3,18653,147
3,18654,109
3,18655,77
3,18656,128
3,18657,70
3,18658,70
3,18659,51
3,18660,320
3,18661,51
3,18662,160
3,18663,45
3,18664,102
3,18665,192
3,18666,173
3,18667,102
3,18668,128
3,18669,64
3,18670,166
3,18671,96
3,18672,167
3,18673,90
3,18674,51
3,18675,58
3,18676,327
3,18677,51
3,18678,103
3,18679,90
3,18680,147
3,18681,153
3,18682,199
3,18683,90
3,18684,109
3,18685,121
3,18686,167
3,18687,83
3,18688,-192
3,18689,64
3,18690,115
3,18691,269
3,18692,102
3,18693,71
3,18694,179
3,18695,128
3,18696,122
3,18697,38
3,18698,102
3,18699,32
3,18700,51
3,18701,71
3,18702,179
3,18703,122
3,18704,122
3,18705,199
3,18706,147
3,18707,102
3,18708,51
3,18709,128
3,18710,77
3,18711,364
3,18712,160
3,18713,51
3,18714,148
3,18715,51
3,18716,64
3,18717,102
3,18718,204
3,18719,128
3,18720,102
3,18721,77
3,18722,83
3,18723,51
3,18724,64
3,18725,76
3,18726,167
3,18727,89
3,18728,84
3,18729,58
3,18730,-51
3,18731,70
3,18732,76
3,18733,45
3,18734,153
3,18735,90
3,18736,96
3,18737,102
3,18738,147
3,18739,70
3,18740,115
3,18741,64
3,18742,76
3,18743,135
3,18744,141
3,18745,147
3,18746,148
3,18747,122
3,18748,45
3,18749,64
3,18750,-32
3,18751,103
3,18752,116
3,18753,51
3,18754,71
3,18755,154
3,18756,103
3,18757,102
3,18758,173
3,18759,76
3,18760,109
3,18761,116
3,18762,115
3,18763,102
3,18764,109
3,18765,109
3,18766,109
3,18767,96
3,18768,185
3,18769,51
3,18770,313
3,18771,71
3,18772,192
3,18773,51
3,18774,166
3,18775,25
3,18776,64
3,18777,32
3,18778,77
3,18779,116
3,18780,134
3,18781,45
3,18782,180
3,18783,96
3,18784,-326
3,18785,51
3,18786,103
3,18787,32
3,18788,77
3,18789,96
3,18790,83
3,18791,141
3,18792,115
3,18793,77
3,18794,173
3,18795,25
3,18796,116
3,18797,58
3,18798,109
3,18799,71
3,18800,231
3,18801,51
3,18802,76
3,18803,44
3,18804,57
3,18805,-7
3,18806,109
3,18807,103
3,18808,89
3,18809,89
3,18810,102
3,18811,122
3,18812,365
3,18813,57
3,18814,57
3,18815,147
3,18816,115
3,18817,45
3,18818,96
3,18819,64
3,18820,77
3,18821,70
3,18822,-51
3,18823,128
3,18824,109
3,18825,103
3,18826,147
3,18827,109
3,18828,141
3,18829,77
3,18830,90
3,18831,128
3,18832,205
3,18833,96
3,18834,103
3,18835,153
3,18836,38
3,18837,77
3,18838,160
3,18839,26
3,18840,135
3,18841,64
3,18842,96
3,18843,160
3,18844,128
3,18845,70
3,18846,185
3,18847,147
3,18848,32
3,18849,51
3,18850,70
3,18851,135
3,18852,147
3,18853,89
3,18854,166
3,18855,64
3,18856,115
3,18857,26
3,18858,70
3,18859,96
3,18860,58
3,18861,58
3,18862,103
3,18863,109
3,18864,115
3,18865,45
3,18866,166
3,18867,64
3,18868,140
3,18869,-38
3,18870,26
3,18871,147
3,18872,83
3,18873,134
3,18874,108
3,18875,70
3,18876,787
3,18877,109
3,18878,52
3,18879,-51
3,18880,45
3,18881,44
3,18882,64
3,18883,109
3,18884,71
3,18885,52
3,18886,128
3,18887,128
3,18888,108
3,18889,800
3,18890,44
3,18891,806
3,18892,102
3,18893,102
3,18894,115
3,18895,134
3,18896,13
3,18897,102
3,18898,26
3,18899,45
3,18900,39
3,18901,57
3,18902,108
3,18903,160
3,18904,173
3,18905,109
3,18906,116
3,18907,166
3,18908,141
3,18909,96
3,18910,108
3,18911,263
3,18912,83
3,18913,204
3,18914,134
3,18915,71
3,18916,134
3,18917,141
3,18918,96
3,18919,121
3,18920,122
3,18921,115
3,18922,115
3,18923,148
3,18924,128
3,18925,76
3,18926,58
3,18927,128
3,18928,179
3,18929,32
3,18930,76
3,18931,115
3,18932,12
3,18933,-45
3,18934,218
3,18935,32
3,18936,71
3,18937,83
3,18938,128
3,18939,64
3,18940,140
3,18941,64
3,18942,-697
3,18943,147
3,18944,294
3,18945,57
3,18946,121
3,18947,173
3,18948,122
3,18949,102
3,18950,166
3,18951,153
3,18952,115
3,18953,96
3,18954,64
3,18955,-45
3,18956,70
3,18957,96
3,18958,167
3,18959,26
3,18960,141
3,18961,109
3,18962,109
3,18963,64
3,18964,108
3,18965,51
3,18966,147
3,18967,83
3,18968,167
3,18969,77
3,18970,25
3,18971,51
3,18972,71
3,18973,71
3,18974,371
3,18975,116
3,18976,-44
3,18977,90
3,18978,90
3,18979,103
3,18980,116
3,18981,-32
3,18982,90
3,18983,237
3,18984,109
3,18985,52
3,18986,224
3,18987,89
3,18988,64
3,18989,32
3,18990,71
3,18991,160
3,18992,64
3,18993,71
3,18994,71
3,18995,109
3,18996,64
3,18997,64
3,18998,108
3,18999,102
3,19000,154
3,19001,51
3,19002,45
3,19003,19
3,19004,108
3,19005,32
3,19006,102
3,19007,147
3,19008,77
3,19009,-39
3,19010,160
3,19011,45
3,19012,115
3,19013,57
3,19014,134
3,19015,141
3,19016,135
3,19017,90
3,19018,-32
3,19019,224
3,19020,134
3,19021,109
3,19022,96
3,19023,84
3,19024,-45
3,19025,57
3,19026,77
3,19027,102
3,19028,32
3,19029,90
3,19030,45
3,19031,96
3,19032,90
3,19033,179
3,19034,52
3,19035,160
3,19036,115
3,19037,83
3,19038,186
3,19039,108
3,19040,141
3,19041,64
3,19042,160
3,19043,166
3,19044,147
3,19045,103
3,19046,128
3,19047,147
3,19048,352
3,19049,77
3,19050,-25
3,19051,83
3,19052,64
3,19053,71
3,19054,108
3,19055,128
3,19056,102
3,19057,83
3,19058,64
3,19059,128
3,19060,51
3,19061,70
3,19062,64
3,19063,70
3,19064,64
3,19065,148
3,19066,-26
3,19067,108
3,19068,122
3,19069,186
3,19070,154
3,19071,-51
3,19072,77
3,19073,70
3,19074,160
3,19075,135
3,19076,141
3,19077,32
3,19078,205
3,19079,26
3,19080,58
3,19081,403
3,19082,154
3,19083,167
3,19084,115
3,19085,58
3,19086,166
3,19087,51
3,19088,109
3,19089,141
3,19090,102
3,19091,166
3,19092,160
3,19093,109
3,19094,84
3,19095,160
3,19096,102
3,19097,57
3,19098,-39
3,19099,134
3,19100,160
3,19101,352
3,19102,115
3,19103,83
3,19104,109
3,19105,96
3,19106,192
3,19107,108
3,19108,154
3,19109,96
3,19110,32
3,19111,148
3,19112,77
3,19113,211
3,19114,70
3,19115,57
3,19116,147
3,19117,45
3,19118,64
3,19119,64
3,19120,52
3,19121,83
3,19122,115
3,19123,121
3,19124,-19
3,19125,32
3,19126,198
3,19127,154
3,19128,71
3,19129,77
3,19130,96
3,19131,108
3,19132,807
3,19133,275
3,19134,-45
3,19135,115
3,19136,64
3,19137,38
3,19138,115
3,19139,269
3,19140,103
3,19141,64
3,19142,365
3,19143,108
3,19144,-13
3,19145,166
3,19146,819
3,19147,109
3,19148,96
3,19149,160
3,19150,205
3,19151,64
3,19152,166
3,19153,116
3,19154,84
3,19155,25
3,19156,96
3,19157,58
3,19158,58
3,19159,103
3,19160,-38
3,19161,-38
3,19162,77
3,19163,122
3,19164,147
3,19165,121
3,19166,115
3,19167,115
3,19168,122
3,19169,51
3,19170,64
3,19171,288
3,19172,122
3,19173,51
3,19174,358
3,19175,-45
3,19176,121
3,19177,109
3,19178,109
3,19179,154
3,19180,109
3,19181,103
3,19182,122
3,19183,89
3,19184,140
3,19185,58
3,19186,160
3,19187,102
3,19188,109
3,19189,57
3,19190,103
3,19191,71
3,19192,116
3,19193,-38
3,19194,140
3,19195,122
3,19196,96
3,19197,58
3,19198,205
3,19199,141
3,19200,102
3,19201,64
3,19202,390
3,19203,71
3,19204,51
3,19205,135
3,19206,179
3,19207,76
3,19208,115
3,19209,90
3,19210,32
3,19211,102
3,19212,64
3,19213,58
3,19214,96
3,19215,64
3,19216,26
3,19217,64
3,19218,109
3,19219,115
3,19220,57
3,19221,64
3,19222,-51
3,19223,179
3,19224,51
3,19225,-38
3,19226,58
3,19227,71
3,19228,58
3,19229,52
3,19230,32
3,19231,70
3,19232,51
3,19233,45
3,19234,128
3,19235,109
3,19236,160
3,19237,103
3,19238,128
3,19239,141
3,19240,96
3,19241,32
3,19242,25
3,19243,26
3,19244,51
3,19245,32
3,19246,58
3,19247,108
3,19248,372
3,19249,57
3,19250,58
3,19251,109
3,19252,121
3,19253,70
3,19254,135
3,19255,77
3,19256,115
3,19257,45
3,19258,128
3,19259,32
3,19260,115
3,19261,51
3,19262,115
3,19263,58
3,19264,45
3,19265,25
3,19266,115
3,19267,108
3,19268,64
3,19269,26
3,19270,51
3,19271,77
3,19272,77
3,19273,103
3,19274,108
3,19275,116
3,19276,71
3,19277,58
3,19278,103
3,19279,141
3,19280,64
3,19281,19
3,19282,166
3,19283,51
3,19284,89
3,19285,115
3,19286,109
3,19287,83
3,19288,141
3,19289,96
3,19290,71
3,19291,89
3,19292,89
3,19293,64
3,19294,70
3,19295,83
3,19296,173
3,19297,108
3,19298,-32
3,19299,141
3,19300,64
3,19301,153
3,19302,109
3,19303,71
3,19304,39
3,19305,71
3,19306,204
3,19307,122
3,19308,166
3,19309,121
3,19310,198
3,19311,179
3,19312,134
3,19313,-32
3,19314,140
3,19315,128
3,19316,83
3,19317,102
3,19318,77
3,19319,128
3,19320,166
3,19321,115
3,19322,160
3,19323,160
3,19324,128
3,19325,154
3,19326,140
3,19327,128
3,19328,153
3,19329,-51
3,19330,115
3,19331,64
3,19332,77
3,19333,115
3,19334,76
3,19335,167
3,19336,83
3,19337,109
3,19338,102
3,19339,134
3,19340,109
3,19341,51
3,19342,166
3,19343,103
3,19344,352
3,19345,-39
3,19346,77
3,19347,89
3,19348,64
3,19349,64
3,19350,166
3,19351,77
3,19352,45
3,19353,70
3,19354,25
3,19355,115
3,19356,172
3,19357,102
3,19358,89
3,19359,160
3,19360,372
3,19361,25
3,19362,153
3,19363,32
3,19364,108
3,19365,167
3,19366,115
3,19367,71
3,19368,70
3,19369,45
3,19370,147
3,19371,84
3,19372,346
3,19373,58
3,19374,121
3,19375,115
3,19376,77
3,19377,51
3,19378,45
3,19379,64
3,19380,84
3,19381,199
3,19382,115
3,19383,141
3,19384,141
3,19385,116
3,19386,109
3,19387,84
3,19388,820
3,19389,103
3,19390,115
3,19391,141
3,19392,96
3,19393,20
3,19394,58
3,19395,83
3,19396,70
3,19397,243
3,19398,71
3,19399,89
3,19400,57
3,19401,806
3,19402,64
3,19403,755
3,19404,166
3,19405,58
3,19406,147
3,19407,103
3,19408,102
3,19409,45
3,19410,64
3,19411,96
3,19412,39
3,19413,26
3,19414,45
3,19415,109
3,19416,90
3,19417,102
3,19418,90
3,19419,160
3,19420,108
3,19421,134
3,19422,83
3,19423,12
3,19424,96
3,19425,51
3,19426,128
3,19427,20
3,19428,76
3,19429,44
3,19430,141
3,19431,89
3,19432,103
3,19433,102
3,19434,89
3,19435,26
3,19436,70
3,19437,275
3,19438,327
3,19439,-44
3,19440,83
3,19441,39
3,19442,26
3,19443,20
3,19444,70
3,19445,64
3,19446,64
3,19447,108
3,19448,51
3,19449,167
3,19450,109
3,19451,160
3,19452,64
3,19453,141
3,19454,-704
3,19455,128
3,19456,134
3,19457,96
3,19458,128
3,19459,109
3,19460,57
3,19461,76
3,19462,154
3,19463,64
3,19464,140
3,19465,-39
3,19466,115
3,19467,128
3,19468,122
3,19469,256
3,19470,160
3,19471,32
3,19472,141
3,19473,192
3,19474,109
3,19475,173
3,19476,51
3,19477,154
3,19478,103
3,19479,198
3,19480,103
3,19481,38
3,19482,89
3,19483,19
3,19484,51
3,19485,57
3,19486,166
3,19487,71
3,19488,102
3,19489,102
3,19490,199
3,19491,186
3,19492,109
3,19493,128
3,19494,179
3,19495,160
3,19496,103
3,19497,83
3,19498,121
3,19499,71
3,19500,57
3,19501,115
3,19502,103
3,19503,70
3,19504,83
3,19505,102
3,19506,173
3,19507,96
3,19508,122
3,19509,-32
3,19510,179
3,19511,77
3,19512,109
3,19513,58
3,19514,128
3,19515,57
3,19516,96
3,19517,70
3,19518,-26
3,19519,84
3,19520,89
3,19521,84
3,19522,103
3,19523,77
3,19524,77
3,19525,128
3,19526,198
3,19527,57
3,19528,147
3,19529,134
3,19530,166
3,19531,160
3,19532,122
3,19533,102
3,19534,140
3,19535,96
3,19536,57
3,19537,128
3,19538,77
3,19539,51
3,19540,6
3,19541,52
3,19542,25
3,19543,102
3,19544,25
3,19545,90
3,19546,90
3,19547,-45
3,19548,166
3,19549,109
3,19550,-32
3,19551,19
3,19552,122
3,19553,57
3,19554,115
3,19555,135
3,19556,83
3,19557,90
3,19558,77
3,19559,77
3,19560,58
3,19561,340
3,19562,90
3,19563,154
3,19564,128
3,19565,358
3,19566,211
3,19567,64
3,19568,212
3,19569,64
3,19570,71
3,19571,346
3,19572,192
3,19573,52
3,19574,45
3,19575,19
3,19576,64
3,19577,204
3,19578,166
3,19579,154
3,19580,77
3,19581,109
3,19582,64
3,19583,96
3,19584,179
3,19585,83
3,19586,140
3,19587,128
3,19588,237
3,19589,115
3,19590,173
3,19591,128
3,19592,122
3,19593,70
3,19594,90
3,19595,83
3,19596,134
3,19597,71
3,19598,102
3,19599,96
3,19600,167
3,19601,167
3,19602,211
3,19603,166
3,19604,192
3,19605,103
3,19606,70
3,19607,109
3,19608,128
3,19609,76
3,19610,64
3,19611,89
3,19612,71
3,19613,32
3,19614,83
3,19615,70
3,19616,57
3,19617,58
3,19618,295
3,19619,115
3,19620,116
3,19621,57
3,19622,77
3,19623,102
3,19624,-32
3,19625,51
3,19626,167
3,19627,19
3,19628,64
3,19629,51
3,19630,96
3,19631,96
3,19632,172
3,19633,109
3,19634,173
3,19635,160
3,19636,89
3,19637,160
3,19638,76
3,19639,141
3,19640,39
3,19641,89
3,19642,122
3,19643,83
3,19644,807
3,19645,-39
3,19646,25
3,19647,71
3,19648,45
3,19649,20
3,19650,70
3,19651,32
3,19652,-39
3,19653,51
3,19654,327
3,19655,121
3,19656,51
3,19657,102
3,19658,794
3,19659,25
3,19660,64
3,19661,147
3,19662,179
3,19663,51
3,19664,84
3,19665,38
3,19666,128
3,19667,32
3,19668,64
3,19669,57
3,19670,32
3,19671,52
3,19672,84
3,19673,102
3,19674,154
3,19675,102
3,19676,77
3,19677,71
3,19678,121
3,19679,64
3,19680,115
3,19681,32
3,19682,109
3,19683,-32
3,19684,83
3,19685,26
3,19686,-19
3,19687,45
3,19688,32
3,19689,115
3,19690,116
3,19691,45
3,19692,179
3,19693,64
3,19694,211
3,19695,147
3,19696,218
3,19697,52
3,19698,96
3,19699,26
3,19700,38
3,19701,58
3,19702,179
3,19703,45
3,19704,77
3,19705,109
3,19706,166
3,19707,109
3,19708,154
3,19709,115
3,19710,173
3,19711,103
3,19712,70
3,19713,83
3,19714,166
3,19715,51
3,19716,147
3,19717,128
3,19718,205
3,19719,109
3,19720,173
3,19721,51
3,19722,64
3,19723,58
3,19724,167
3,19725,45
3,19726,166
3,19727,90
3,19728,58
3,19729,89
3,19730,211
3,19731,108
3,19732,134
3,19733,83
3,19734,-26
3,19735,70
3,19736,140
3,19737,51
3,19738,26
3,19739,301
3,19740,51
3,19741,70
3,19742,83
3,19743,25
3,19744,76
3,19745,90
3,19746,96
3,19747,128
3,19748,128
3,19749,57
3,19750,-140
3,19751,122
3,19752,77
3,19753,44
3,19754,32
3,19755,26
3,19756,192
3,19757,64
3,19758,128
3,19759,96
3,19760,58
3,19761,51
3,19762,96
3,19763,166
3,19764,160
3,19765,45
3,19766,122
3,19767,96
3,19768,147
3,19769,115
3,19770,64
3,19771,96
3,19772,51
3,19773,58
3,19774,166
3,19775,403
3,19776,51
3,19777,-52
3,19778,122
3,19779,115
3,19780,58
3,19781,173
3,19782,58
3,19783,147
3,19784,109
3,19785,147
3,19786,64
3,19787,115
3,19788,135
3,19789,109
3,19790,103
3,19791,-38
3,19792,121
3,19793,45
3,19794,115
3,19795,38
3,19796,26
3,19797,96
3,19798,26
3,19799,109
3,19800,70
3,19801,90
3,19802,96
3,19803,83
3,19804,135
3,19805,102
3,19806,198
3,19807,70
3,19808,71
3,19809,0
3,19810,32
3,19811,70
3,19812,173
3,19813,52
3,19814,89
3,19815,32
3,19816,70
3,19817,173
3,19818,320
3,19819,102
3,19820,160
3,19821,96
3,19822,115
3,19823,147
3,19824,102
3,19825,32
3,19826,96
3,19827,25
3,19828,147
3,19829,275
3,19830,64
3,19831,140
3,19832,153
3,19833,115
3,19834,122
3,19835,135
3,19836,153
3,19837,58
3,19838,-38
3,19839,198
3,19840,96
3,19841,326
3,19842,70
3,19843,45
3,19844,147
3,19845,-57
3,19846,134
3,19847,122
3,19848,166
3,19849,96
3,19850,109
3,19851,108
3,19852,147
3,19853,52
3,19854,-32
3,19855,148
3,19856,154
3,19857,64
3,19858,45
3,19859,122
3,19860,192
3,19861,71
3,19862,51
3,19863,96
3,19864,64
3,19865,77
3,19866,84
3,19867,122
3,19868,57
3,19869,64
3,19870,51
3,19871,122
3,19872,320
3,19873,45
3,19874,58
3,19875,64
3,19876,-44
3,19877,320
3,19878,135
3,19879,96
3,19880,70
3,19881,103
3,19882,70
3,19883,160
3,19884,166
3,19885,70
3,19886,173
3,19887,90
3,19888,166
3,19889,32
3,19890,26
3,19891,71
3,19892,-83
3,19893,96
3,19894,45
3,19895,32
3,19896,160
3,19897,58
3,19898,102
3,19899,64
3,19900,825
3,19901,90
3,19902,26
3,19903,115
3,19904,122
3,19905,26
3,19906,64
3,19907,64
3,19908,32
3,19909,109
3,19910,76
3,19911,115
3,19912,147
3,19913,800
3,19914,116
3,19915,768
3,19916,109
3,19917,103
3,19918,173
3,19919,116
3,19920,121
3,19921,51
3,19922,51
3,19923,52
3,19924,32
3,19925,96
3,19926,179
3,19927,160
3,19928,211
3,19929,109
3,19930,96
3,19931,122
3,19932,122
3,19933,102
3,19934,160
3,19935,147
3,19936,141
3,19937,32
3,19938,141
3,19939,64
3,19940,314
3,19941,102
3,19942,89
3,19943,140
3,19944,89
3,19945,77
3,19946,128
3,19947,128
3,19948,64
3,19949,64
3,19950,204
3,19951,6
3,19952,173
3,19953,32
3,19954,26
3,19955,20
3,19956,32
3,19957,96
3,19958,58
3,19959,103
3,19960,166
3,19961,217
3,19962,51
3,19963,115
3,19964,109
3,19965,84
3,19966,96
3,19967,122
3,19968,70
3,19969,83
3,19970,115
3,19971,153
3,19972,90
3,19973,77
3,19974,122
3,19975,83
3,19976,199
3,19977,-582
3,19978,-32
3,19979,128
3,19980,58
3,19981,275
3,19982,70
3,19983,52
3,19984,64
3,19985,109
3,19986,96
3,19987,256
3,19988,116
3,19989,96
3,19990,108
3,19991,135
3,19992,-38
3,19993,121
3,19994,51
3,19995,64
3,19996,45
3,19997,52
3,19998,115
3,19999,83
3,20000,121
4,1,-448
4,2,102
4,3,218
4,4,83
4,5,109
4,6,38
4,7,64
4,8,314
4,9,52
4,10,25
4,11,-249
4,12,32
4,13,-32
4,14,-250
4,15,58
4,16,38
4,17,-13
4,18,64
4,19,58
4,20,96
4,21,-26
4,22,84
4,23,26
4,24,378
4,25,-13
4,26,-13
4,27,122
4,28,38
4,29,25
4,30,-32
4,31,64
4,32,90
4,33,26
4,34,32
4,35,269
4,36,102
4,37,58
4,38,45
4,39,-250
4,40,217
4,41,96
4,42,71
4,43,64
4,44,135
4,45,198
4,46,52
4,47,205
4,48,70
4,49,57
4,50,25
4,51,45
4,52,-51
4,53,90
4,54,19
4,55,116
4,56,57
4,57,102
4,58,77
4,59,96
4,60,45
4,61,205
4,62,-32
4,63,83
4,64,90
4,65,20
4,66,45
4,67,20
4,68,-45
4,69,70
4,70,51
4,71,45
4,72,58
4,73,256
4,74,77
4,75,192
4,76,70
4,77,-26
4,78,64
4,79,19
4,80,64
4,81,32
4,82,-13
4,83,70
4,84,32
4,85,32
4,86,64
4,87,371
4,88,51
4,89,-38
4,90,90
4,91,179
4,92,122
4,93,103
4,94,51
4,95,57
4,96,51
4,97,64
4,98,115
4,99,51
4,100,89
4,101,134
4,102,243
4,103,180
4,104,250
4,105,211
4,106,160
4,107,218
4,108,64
4,109,52
4,110,199
4,111,-256
4,112,64
4,113,89
4,114,90
4,115,64
4,116,102
4,117,166
4,118,172
4,119,211
4,120,166
4,121,-32
4,122,173
4,123,173
4,124,173
4,125,179
4,126,128
4,127,19
4,128,57
4,129,109
4,130,109
4,131,64
4,132,115
4,133,58
4,134,70
4,135,26
4,136,32
4,137,-32
4,138,70
4,139,64
4,140,140
4,141,-26
4,142,52
4,143,57
4,144,58
4,145,160
4,146,70
4,147,109
4,148,96
4,149,103
4,150,77
4,151,-51
4,152,128
4,153,51
4,154,64
4,155,32
4,156,844
4,157,269
4,158,45
4,159,38
4,160,45
4,161,71
4,162,39
4,163,-32
4,164,32
4,165,70
4,166,45
4,167,51
4,168,52
4,169,51
4,170,262
4,171,76
4,172,154
4,173,109
4,174,103
4,175,58
4,176,102
4,177,51
4,178,51
4,179,58
4,180,45
4,181,44
4,182,109
4,183,-64
4,184,77
4,185,96
4,186,70
4,187,89
4,188,64
4,189,51
4,190,122
4,191,89
4,192,90
4,193,57
4,194,58
4,195,64
4,196,109
4,197,52
4,198,58
4,199,44
4,200,39
4,201,148
4,202,64
4,203,51
4,204,172
4,205,70
4,206,179
4,207,70
4,208,96
4,209,26
4,210,58
4,211,64
4,212,51
4,213,26
4,214,52
4,215,51
4,216,109
4,217,96
4,218,70
4,219,57
4,220,77
4,221,140
4,222,32
4,223,179
4,224,71
4,225,52
4,226,64
4,227,102
4,228,64
4,229,44
4,230,-115
4,231,102
4,232,135
4,233,103
4,234,-282
4,235,32
4,236,57
4,237,89
4,238,167
4,239,51
4,240,77
4,241,140
4,242,64
4,243,57
4,244,44
4,245,212
4,246,-39
4,247,-51
4,248,115
4,249,32
4,250,-288
4,251,218
4,252,52
4,253,38
4,254,52
4,255,64
4,256,70
4,257,-52
4,258,122
4,259,52
4,260,70
4,261,51
4,262,167
4,263,71
4,264,77
4,265,45
4,266,32
4,267,58
4,268,-38
4,269,58
4,270,96
4,271,26
4,272,205
4,273,77
4,274,-26
4,275,96
4,276,70
4,277,90
4,278,-32
4,279,77
4,280,70
4,281,19
4,282,26
4,283,32
4,284,51
4,285,70
4,286,76
4,287,70
4,288,57
4,289,-6
4,290,32
4,291,19
4,292,-282
4,293,39
4,294,-230
4,295,51
4,296,-230
4,297,76
4,298,70
4,299,83
4,300,77
4,301,64
4,302,26
4,303,96
4,304,122
4,305,32
4,306,51
4,307,45
4,308,45
4,309,326
4,310,71
4,311,58
4,312,121
4,313,77
4,314,44
4,315,166
4,316,-365
4,317,64
4,318,-32
4,319,77
4,320,90
4,321,57
4,322,20
4,323,51
4,324,83
4,325,32
4,326,96
4,327,25
4,328,90
4,329,473
4,330,64
4,331,64
4,332,77
4,333,44
4,334,51
4,335,-26
4,336,76
4,337,128
4,338,13
4,339,58
4,340,52
4,341,102
4,342,64
4,343,-250
4,344,-57
4,345,77
4,346,371
4,347,308
4,348,121
4,349,71
4,350,-12
4,351,128
4,352,64
4,353,89
4,354,160
4,355,25
4,356,-51
4,357,45
4,358,64
4,359,71
4,360,38
4,361,71
4,362,71
4,363,211
4,364,90
4,365,51
4,366,51
4,367,384
4,368,115
4,369,51
4,370,-160
4,371,32
4,372,51
4,373,45
4,374,32
4,375,64
4,376,115
4,377,134
4,378,26
4,379,51
4,380,12
4,381,84
4,382,51
4,383,179
4,384,192
4,385,122
4,386,160
4,387,173
4,388,134
4,389,173
4,390,204
4,391,51
4,392,13
4,393,109
4,394,-275
4,395,103
4,396,103
4,397,32
4,398,71
4,399,32
4,400,38
4,401,365
4,402,45
4,403,64
4,404,71
4,405,96
4,406,26
4,407,52
4,408,71
4,409,58
4,410,58
4,411,57
4,412,806
4,413,51
4,414,224
4,415,32
4,416,70
4,417,-26
4,418,-19
4,419,25
4,420,90
4,421,51
4,422,51
4,423,64
4,424,64
4,425,788
4,426,64
4,427,826
4,428,83
4,429,57
4,430,-109
4,431,64
4,432,102
4,433,45
4,434,51
4,435,32
4,436,166
4,437,90
4,438,51
4,439,58
4,440,32
4,441,38
4,442,96
4,443,38
4,444,102
4,445,108
4,446,71
4,447,44
4,448,64
4,449,39
4,450,57
4,451,25
4,452,39
4,453,64
4,454,51
4,455,64
4,456,32
4,457,71
4,458,109
4,459,51
4,460,89
4,461,365
4,462,186
4,463,218
4,464,262
4,465,205
4,466,141
4,467,198
4,468,557
4,469,211
4,470,205
4,471,365
4,472,64
4,473,64
4,474,115
4,475,51
4,476,70
4,477,775
4,478,70
4,479,96
4,480,116
4,481,116
4,482,57
4,483,64
4,484,96
4,485,32
4,486,180
4,487,339
4,488,64
4,489,45
4,490,45
4,491,26
4,492,-26
4,493,384
4,494,70
4,495,26
4,496,44
4,497,39
4,498,90
4,499,64
4,500,-26
4,501,141
4,502,102
4,503,89
4,504,90
4,505,58
4,506,57
4,507,19
4,508,32
4,509,96
4,510,314
4,511,51
4,512,89
4,513,77
4,514,64
4,515,102
4,516,115
4,517,186
4,518,26
4,519,-115
4,520,333
4,521,-39
4,522,-51
4,523,39
4,524,26
4,525,313
4,526,45
4,527,70
4,528,64
4,529,480
4,530,89
4,531,378
4,532,147
4,533,77
4,534,77
4,535,96
4,536,186
4,537,51
4,538,51
4,539,20
4,540,57
4,541,45
4,542,-249
4,543,57
4,544,134
4,545,109
4,546,25
4,547,128
4,548,57
4,549,52
4,550,166
4,551,-38
4,552,38
4,553,153
4,554,211
4,555,83
4,556,147
4,557,-64
4,558,173
4,559,102
4,560,192
4,561,70
4,562,115
4,563,-64
4,564,51
4,565,96
4,566,26
4,567,32
4,568,32
4,569,96
4,570,76
4,571,-294
4,572,58
4,573,89
4,574,115
4,575,71
4,576,64
4,577,58
4,578,26
4,579,64
4,580,122
4,581,58
4,582,173
4,583,70
4,584,6
4,585,-38
4,586,128
4,587,147
4,588,70
4,589,96
4,590,83
4,591,76
4,592,58
4,593,32
4,594,-26
4,595,32
4,596,-44
4,597,58
4,598,364
4,599,64
4,600,153
4,601,116
4,602,77
4,603,109
4,604,160
4,605,77
4,606,115
4,607,102
4,608,134
4,609,172
4,610,109
4,611,-51
4,612,115
4,613,160
4,614,128
4,615,128
4,616,64
4,617,-38
4,618,32
4,619,71
4,620,90
4,621,51
4,622,108
4,623,115
4,624,45
4,625,96
4,626,128
4,627,103
4,628,109
4,629,51
4,630,115
4,631,-493
4,632,96
4,633,26
4,634,25
4,635,51
4,636,26
4,637,51
4,638,84
4,639,32
4,640,108
4,641,122
4,642,128
4,643,160
4,644,153
4,645,96
4,646,147
4,647,13
4,648,71
4,649,58
4,650,51
4,651,58
4,652,64
4,653,51
4,654,64
4,655,115
4,656,77
4,657,103
4,658,96
4,659,109
4,660,116
4,661,243
4,662,-19
4,663,186
4,664,89
4,665,64
4,666,52
4,667,58
4,668,793
4,669,102
4,670,51
4,671,96
4,672,115
4,673,64
4,674,-38
4,675,45
4,676,76
4,677,32
4,678,51
4,679,77
4,680,57
4,681,115
4,682,819
4,683,160
4,684,115
4,685,147
4,686,52
4,687,102
4,688,141
4,689,64
4,690,39
4,691,64
4,692,160
4,693,115
4,694,51
4,695,83
4,696,141
4,697,96
4,698,167
4,699,122
4,700,57
4,701,64
4,702,128
4,703,275
4,704,58
4,705,153
4,706,-38
4,707,71
4,708,58
4,709,58
4,710,128
4,711,109
4,712,180
4,713,116
4,714,160
4,715,128
4,716,199
4,717,58
4,718,185
4,719,77
4,720,109
4,721,52
4,722,199
4,723,45
4,724,121
4,725,70
4,726,71
4,727,96
4,728,64
4,729,199
4,730,199
4,731,103
4,732,39
4,733,116
4,734,102
4,735,64
4,736,108
4,737,160
4,738,121
4,739,64
4,740,166
4,741,-327
4,742,160
4,743,173
4,744,224
4,745,58
4,746,89
4,747,45
4,748,-51
4,749,205
4,750,205
4,751,96
4,752,58
4,753,198
4,754,115
4,755,109
4,756,147
4,757,307
4,758,211
4,759,172
4,760,70
4,761,134
4,762,115
4,763,70
4,764,64
4,765,83
4,766,166
4,767,26
4,768,103
4,769,96
4,770,109
4,771,115
4,772,186
4,773,211
4,774,167
4,775,179
4,776,102
4,777,58
4,778,102
4,779,19
4,780,77
4,781,140
4,782,160
4,783,26
4,784,64
4,785,71
4,786,179
4,787,141
4,788,115
4,789,-39
4,790,83
4,791,160
4,792,71
4,793,64
4,794,166
4,795,-32
4,796,147
4,797,102
4,798,218
4,799,83
4,800,108
4,801,307
4,802,71
4,803,26
4,804,38
4,805,96
4,806,173
4,807,45
4,808,70
4,809,358
4,810,109
4,811,77
4,812,160
4,813,205
4,814,-109
4,815,128
4,816,96
4,817,45
4,818,77
4,819,26
4,820,121
4,821,108
4,822,83
4,823,96
4,824,122
4,825,115
4,826,134
4,827,58
4,828,160
4,829,83
4,830,409
4,831,70
4,832,96
4,833,83
4,834,45
4,835,102
4,836,148
4,837,116
4,838,25
4,839,57
4,840,103
4,841,153
4,842,115
4,843,70
4,844,64
4,845,64
4,846,26
4,847,128
4,848,64
4,849,153
4,850,102
4,851,58
4,852,320
4,853,58
4,854,57
4,855,77
4,856,116
4,857,115
4,858,115
4,859,160
4,860,109
4,861,32
4,862,218
4,863,57
4,864,128
4,865,115
4,866,32
4,867,122
4,868,58
4,869,77
4,870,58
4,871,57
4,872,102
4,873,51
4,874,58
4,875,96
4,876,96
4,877,58
4,878,167
4,879,57
4,880,102
4,881,64
4,882,26
4,883,83
4,884,173
4,885,147
4,886,77
4,887,51
4,888,83
4,889,90
4,890,103
4,891,70
4,892,64
4,893,103
4,894,52
4,895,96
4,896,90
4,897,262
4,898,115
4,899,57
4,900,160
4,901,102
4,902,25
4,903,115
4,904,109
4,905,26
4,906,77
4,907,115
4,908,83
4,909,-58
4,910,84
4,911,371
4,912,-19
4,913,116
4,914,26
4,915,64
4,916,44
4,917,58
4,918,25
4,919,147
4,920,109
4,921,64
4,922,51
4,923,83
4,924,832
4,925,192
4,926,147
4,927,109
4,928,70
4,929,58
4,930,26
4,931,64
4,932,77
4,933,109
4,934,77
4,935,64
4,936,153
4,937,787
4,938,103
4,939,800
4,940,122
4,941,140
4,942,166
4,943,160
4,944,166
4,945,115
4,946,26
4,947,71
4,948,-39
4,949,77
4,950,115
4,951,333
4,952,166
4,953,115
4,954,160
4,955,109
4,956,128
4,957,51
4,958,192
4,959,116
4,960,83
4,961,70
4,962,96
4,963,77
4,964,147
4,965,160
4,966,26
4,967,103
4,968,301
4,969,109
4,970,147
4,971,128
4,972,96
4,973,102
4,974,77
4,975,64
4,976,173
4,977,51
4,978,51
4,979,26
4,980,58
4,981,45
4,982,64
4,983,64
4,984,115
4,985,-32
4,986,70
4,987,70
4,988,115
4,989,96
4,990,77
4,991,64
4,992,122
4,993,160
4,994,83
4,995,122
4,996,121
4,997,58
4,998,160
4,999,128
4,1000,147
4,1001,-45
4,1002,26
4,1003,103
4,1004,128
4,1005,109
4,1006,160
4,1007,44
4,1008,32
4,1009,147
4,1010,103
4,1011,84
4,1012,51
4,1013,96
4,1014,83
4,1015,121
4,1016,128
4,1017,44
4,1018,64
4,1019,71
4,1020,58
4,1021,45
4,1022,147
4,1023,64
4,1024,64
4,1025,147
4,1026,179
4,1027,167
4,1028,116
4,1029,58
4,1030,166
4,1031,102
4,1032,122
4,1033,51
4,1034,76
4,1035,148
4,1036,96
4,1037,160
4,1038,64
4,1039,102
4,1040,160
4,1041,115
4,1042,173
4,1043,-32
4,1044,115
4,1045,301
4,1046,122
4,1047,135
4,1048,115
4,1049,147
4,1050,102
4,1051,147
4,1052,121
4,1053,148
4,1054,51
4,1055,115
4,1056,83
4,1057,102
4,1058,217
4,1059,90
4,1060,58
4,1061,371
4,1062,71
4,1063,365
4,1064,44
4,1065,103
4,1066,147
4,1067,109
4,1068,122
4,1069,-58
4,1070,102
4,1071,134
4,1072,147
4,1073,57
4,1074,345
4,1075,173
4,1076,77
4,1077,51
4,1078,231
4,1079,122
4,1080,32
4,1081,108
4,1082,83
4,1083,134
4,1084,198
4,1085,160
4,1086,166
4,1087,134
4,1088,141
4,1089,51
4,1090,64
4,1091,77
4,1092,173
4,1093,51
4,1094,128
4,1095,26
4,1096,57
4,1097,51
4,1098,179
4,1099,109
4,1100,103
4,1101,38
4,1102,64
4,1103,64
4,1104,128
4,1105,39
4,1106,13
4,1107,-38
4,1108,76
4,1109,115
4,1110,102
4,1111,71
4,1112,64
4,1113,115
4,1114,172
4,1115,96
4,1116,371
4,1117,96
4,1118,166
4,1119,116
4,1120,76
4,1121,154
4,1122,102
4,1123,141
4,1124,109
4,1125,102
4,1126,-52
4,1127,-39
4,1128,115
4,1129,108
4,1130,58
4,1131,115
4,1132,83
4,1133,51
4,1134,192
4,1135,108
4,1136,52
4,1137,358
4,1138,102
4,1139,173
4,1140,154
4,1141,64
4,1142,102
4,1143,76
4,1144,115
4,1145,45
4,1146,167
4,1147,115
4,1148,102
4,1149,51
4,1150,25
4,1151,77
4,1152,39
4,1153,166
4,1154,96
4,1155,160
4,1156,102
4,1157,32
4,1158,147
4,1159,51
4,1160,51
4,1161,109
4,1162,103
4,1163,148
4,1164,51
4,1165,51
4,1166,77
4,1167,179
4,1168,64
4,1169,359
4,1170,115
4,1171,160
4,1172,185
4,1173,109
4,1174,205
4,1175,135
4,1176,64
4,1177,102
4,1178,128
4,1179,141
4,1180,800
4,1181,64
4,1182,19
4,1183,70
4,1184,64
4,1185,153
4,1186,25
4,1187,102
4,1188,147
4,1189,51
4,1190,-20
4,1191,109
4,1192,71
4,1193,135
4,1194,781
4,1195,173
4,1196,154
4,1197,116
4,1198,115
4,1199,160
4,1200,-45
4,1201,71
4,1202,108
4,1203,160
4,1204,135
4,1205,64
4,1206,26
4,1207,160
4,1208,38
4,1209,103
4,1210,160
4,1211,211
4,1212,134
4,1213,108
4,1214,166
4,1215,141
4,1216,70
4,1217,90
4,1218,115
4,1219,115
4,1220,160
4,1221,71
4,1222,128
4,1223,64
4,1224,64
4,1225,108
4,1226,141
4,1227,134
4,1228,96
4,1229,198
4,1230,122
4,1231,115
4,1232,166
4,1233,71
4,1234,58
4,1235,64
4,1236,109
4,1237,108
4,1238,115
4,1239,115
4,1240,64
4,1241,128
4,1242,141
4,1243,83
4,1244,51
4,1245,38
4,1246,77
4,1247,160
4,1248,64
4,1249,352
4,1250,76
4,1251,122
4,1252,122
4,1253,-83
4,1254,173
4,1255,134
4,1256,185
4,1257,89
4,1258,167
4,1259,38
4,1260,58
4,1261,96
4,1262,96
4,1263,160
4,1264,115
4,1265,109
4,1266,116
4,1267,115
4,1268,77
4,1269,166
4,1270,173
4,1271,122
4,1272,153
4,1273,64
4,1274,64
4,1275,76
4,1276,45
4,1277,45
4,1278,96
4,1279,154
4,1280,58
4,1281,70
4,1282,96
4,1283,147
4,1284,160
4,1285,109
4,1286,147
4,1287,147
4,1288,44
4,1289,115
4,1290,96
4,1291,70
4,1292,57
4,1293,263
4,1294,-39
4,1295,211
4,1296,90
4,1297,38
4,1298,134
4,1299,160
4,1300,410
4,1301,141
4,1302,70
4,1303,154
4,1304,173
4,1305,122
4,1306,32
4,1307,57
4,1308,45
4,1309,51
4,1310,166
4,1311,102
4,1312,39
4,1313,32
4,1314,51
4,1315,58
4,1316,-57
4,1317,116
4,1318,39
4,1319,-19
4,1320,275
4,1321,-25
4,1322,231
4,1323,147
4,1324,122
4,1325,103
4,1326,179
4,1327,166
4,1328,83
4,1329,39
4,1330,108
4,1331,102
4,1332,102
4,1333,90
4,1334,186
4,1335,96
4,1336,103
4,1337,96
4,1338,122
4,1339,173
4,1340,147
4,1341,147
4,1342,135
4,1343,109
4,1344,147
4,1345,51
4,1346,70
4,1347,115
4,1348,96
4,1349,102
4,1350,77
4,1351,153
4,1352,135
4,1353,236
4,1354,153
4,1355,192
4,1356,166
4,1357,109
4,1358,32
4,1359,166
4,1360,167
4,1361,83
4,1362,45
4,1363,64
4,1364,295
4,1365,51
4,1366,134
4,1367,96
4,1368,371
4,1369,109
4,1370,198
4,1371,160
4,1372,166
4,1373,45
4,1374,121
4,1375,179
4,1376,71
4,1377,58
4,1378,89
4,1379,160
4,1380,166
4,1381,70
4,1382,167
4,1383,109
4,1384,186
4,1385,121
4,1386,96
4,1387,32
4,1388,70
4,1389,32
4,1390,160
4,1391,71
4,1392,122
4,1393,51
4,1394,103
4,1395,102
4,1396,-13
4,1397,64
4,1398,26
4,1399,103
4,1400,102
4,1401,108
4,1402,77
4,1403,115
4,1404,83
4,1405,167
4,1406,396
4,1407,160
4,1408,140
4,1409,122
4,1410,148
4,1411,212
4,1412,128
4,1413,44
4,1414,77
4,1415,96
4,1416,77
4,1417,115
4,1418,109
4,1419,121
4,1420,154
4,1421,121
4,1422,263
4,1423,26
4,1424,109
4,1425,115
4,1426,32
4,1427,122
4,1428,64
4,1429,71
4,1430,57
4,1431,26
4,1432,231
4,1433,70
4,1434,185
4,1435,128
4,1436,838
4,1437,154
4,1438,96
4,1439,166
4,1440,51
4,1441,-7
4,1442,51
4,1443,64
4,1444,64
4,1445,70
4,1446,57
4,1447,122
4,1448,52
4,1449,807
4,1450,102
4,1451,1068
4,1452,71
4,1453,71
4,1454,71
4,1455,167
4,1456,109
4,1457,64
4,1458,51
4,1459,51
4,1460,13
4,1461,57
4,1462,205
4,1463,109
4,1464,77
4,1465,96
4,1466,83
4,1467,122
4,1468,128
4,1469,38
4,1470,115
4,1471,198
4,1472,109
4,1473,45
4,1474,64
4,1475,26
4,1476,44
4,1477,44
4,1478,70
4,1479,-32
4,1480,90
4,1481,39
4,1482,160
4,1483,109
4,1484,269
4,1485,-38
4,1486,276
4,1487,198
4,1488,167
4,1489,109
4,1490,57
4,1491,26
4,1492,96
4,1493,141
4,1494,90
4,1495,96
4,1496,173
4,1497,141
4,1498,96
4,1499,173
4,1500,57
4,1501,147
4,1502,102
4,1503,115
4,1504,160
4,1505,58
4,1506,115
4,1507,128
4,1508,109
4,1509,147
4,1510,154
4,1511,96
4,1512,153
4,1513,-38
4,1514,64
4,1515,45
4,1516,115
4,1517,57
4,1518,71
4,1519,116
4,1520,179
4,1521,160
4,1522,122
4,1523,71
4,1524,141
4,1525,102
4,1526,365
4,1527,102
4,1528,64
4,1529,109
4,1530,26
4,1531,57
4,1532,141
4,1533,57
4,1534,109
4,1535,52
4,1536,77
4,1537,122
4,1538,211
4,1539,115
4,1540,77
4,1541,186
4,1542,70
4,1543,205
4,1544,199
4,1545,96
4,1546,109
4,1547,122
4,1548,179
4,1549,58
4,1550,58
4,1551,212
4,1552,102
4,1553,64
4,1554,-19
4,1555,141
4,1556,116
4,1557,51
4,1558,115
4,1559,-57
4,1560,134
4,1561,58
4,1562,89
4,1563,19
4,1564,115
4,1565,96
4,1566,71
4,1567,96
4,1568,32
4,1569,160
4,1570,96
4,1571,109
4,1572,32
4,1573,71
4,1574,26
4,1575,26
4,1576,38
4,1577,38
4,1578,71
4,1579,25
4,1580,102
4,1581,153
4,1582,90
4,1583,83
4,1584,90
4,1585,64
4,1586,51
4,1587,122
4,1588,134
4,1589,96
4,1590,128
4,1591,154
4,1592,64
4,1593,45
4,1594,77
4,1595,103
4,1596,135
4,1597,128
4,1598,122
4,1599,211
4,1600,384
4,1601,32
4,1602,51
4,1603,57
4,1604,77
4,1605,64
4,1606,103
4,1607,167
4,1608,64
4,1609,90
4,1610,122
4,1611,70
4,1612,89
4,1613,102
4,1614,96
4,1615,147
4,1616,160
4,1617,51
4,1618,-38
4,1619,135
4,1620,71
4,1621,333
4,1622,64
4,1623,51
4,1624,57
4,1625,109
4,1626,108
4,1627,121
4,1628,96
4,1629,96
4,1630,64
4,1631,173
4,1632,-38
4,1633,167
4,1634,179
4,1635,83
4,1636,77
4,1637,19
4,1638,32
4,1639,154
4,1640,102
4,1641,96
4,1642,109
4,1643,160
4,1644,115
4,1645,102
4,1646,57
4,1647,90
4,1648,121
4,1649,147
4,1650,109
4,1651,77
4,1652,147
4,1653,51
4,1654,160
4,1655,96
4,1656,70
4,1657,51
4,1658,58
4,1659,352
4,1660,172
4,1661,44
4,1662,135
4,1663,115
4,1664,84
4,1665,102
4,1666,84
4,1667,153
4,1668,230
4,1669,192
4,1670,211
4,1671,71
4,1672,-236
4,1673,38
4,1674,109
4,1675,-64
4,1676,77
4,1677,90
4,1678,83
4,1679,58
4,1680,-45
4,1681,70
4,1682,115
4,1683,116
4,1684,128
4,1685,121
4,1686,121
4,1687,154
4,1688,192
4,1689,57
4,1690,109
4,1691,102
4,1692,832
4,1693,70
4,1694,51
4,1695,77
4,1696,83
4,1697,58
4,1698,64
4,1699,70
4,1700,58
4,1701,-32
4,1702,26
4,1703,122
4,1704,102
4,1705,153
4,1706,806
4,1707,57
4,1708,160
4,1709,128
4,1710,96
4,1711,12
4,1712,89
4,1713,19
4,1714,64
4,1715,83
4,1716,64
4,1717,38
4,1718,89
4,1719,109
4,1720,64
4,1721,140
4,1722,160
4,1723,96
4,1724,102
4,1725,96
4,1726,32
4,1727,102
4,1728,121
4,1729,96
4,1730,128
4,1731,70
4,1732,109
4,1733,109
4,1734,96
4,1735,26
4,1736,-19
4,1737,70
4,1738,90
4,1739,96
4,1740,70
4,1741,58
4,1742,90
4,1743,64
4,1744,83
4,1745,58
4,1746,58
4,1747,96
4,1748,44
4,1749,51
4,1750,96
4,1751,198
4,1752,154
4,1753,109
4,1754,115
4,1755,90
4,1756,211
4,1757,122
4,1758,96
4,1759,166
4,1760,109
4,1761,83
4,1762,121
4,1763,64
4,1764,122
4,1765,250
4,1766,128
4,1767,121
4,1768,141
4,1769,38
4,1770,25
4,1771,154
4,1772,96
4,1773,58
4,1774,179
4,1775,20
4,1776,135
4,1777,51
4,1778,122
4,1779,109
4,1780,173
4,1781,122
4,1782,121
4,1783,199
4,1784,167
4,1785,-6
4,1786,122
4,1787,122
4,1788,128
4,1789,58
4,1790,64
4,1791,25
4,1792,108
4,1793,103
4,1794,167
4,1795,89
4,1796,116
4,1797,90
4,1798,64
4,1799,128
4,1800,77
4,1801,38
4,1802,77
4,1803,115
4,1804,58
4,1805,-25
4,1806,76
4,1807,212
4,1808,70
4,1809,90
4,1810,109
4,1811,326
4,1812,58
4,1813,103
4,1814,83
4,1815,77
4,1816,128
4,1817,20
4,1818,77
4,1819,32
4,1820,71
4,1821,51
4,1822,205
4,1823,71
4,1824,102
4,1825,58
4,1826,84
4,1827,-51
4,1828,45
4,1829,102
4,1830,71
4,1831,-64
4,1832,44
4,1833,167
4,1834,147
4,1835,77
4,1836,154
4,1837,205
4,1838,77
4,1839,102
4,1840,154
4,1841,51
4,1842,57
4,1843,76
4,1844,83
4,1845,70
4,1846,109
4,1847,340
4,1848,44
4,1849,173
4,1850,90
4,1851,116
4,1852,154
4,1853,57
4,1854,153
4,1855,84
4,1856,166
4,1857,52
4,1858,51
4,1859,116
4,1860,90
4,1861,83
4,1862,96
4,1863,-45
4,1864,122
4,1865,51
4,1866,96
4,1867,121
4,1868,96
4,1869,90
4,1870,51
4,1871,84
4,1872,51
4,1873,96
4,1874,26
4,1875,-64
4,1876,77
4,1877,-275
4,1878,147
4,1879,26
4,1880,51
4,1881,96
4,1882,102
4,1883,121
4,1884,115
4,1885,51
4,1886,140
4,1887,64
4,1888,121
4,1889,109
4,1890,58
4,1891,70
4,1892,307
4,1893,153
4,1894,103
4,1895,-128
4,1896,77
4,1897,-26
4,1898,153
4,1899,-256
4,1900,121
4,1901,102
4,1902,116
4,1903,70
4,1904,115
4,1905,96
4,1906,-32
4,1907,128
4,1908,64
4,1909,26
4,1910,115
4,1911,57
4,1912,77
4,1913,230
4,1914,83
4,1915,70
4,1916,64
4,1917,109
4,1918,70
4,1919,121
4,1920,83
4,1921,64
4,1922,121
4,1923,51
4,1924,45
4,1925,-250
4,1926,70
4,1927,77
4,1928,102
4,1929,64
4,1930,153
4,1931,96
4,1932,103
4,1933,89
4,1934,20
4,1935,77
4,1936,167
4,1937,38
4,1938,134
4,1939,122
4,1940,25
4,1941,51
4,1942,64
4,1943,153
4,1944,83
4,1945,365
4,1946,51
4,1947,51
4,1948,800
4,1949,51
4,1950,179
4,1951,128
4,1952,153
4,1953,51
4,1954,275
4,1955,-45
4,1956,58
4,1957,103
4,1958,378
4,1959,103
4,1960,108
4,1961,595
4,1962,186
4,1963,762
4,1964,109
4,1965,160
4,1966,77
4,1967,192
4,1968,128
4,1969,102
4,1970,64
4,1971,115
4,1972,57
4,1973,109
4,1974,71
4,1975,116
4,1976,141
4,1977,166
4,1978,108
4,1979,116
4,1980,115
4,1981,199
4,1982,102
4,1983,154
4,1984,90
4,1985,51
4,1986,84
4,1987,64
4,1988,122
4,1989,128
4,1990,-45
4,1991,32
4,1992,58
4,1993,51
4,1994,84
4,1995,-192
4,1996,70
4,1997,77
4,1998,218
4,1999,96
4,2000,352
4,2001,64
4,2002,96
4,2003,12
4,2004,52
4,2005,32
4,2006,-32
4,2007,90
4,2008,89
4,2009,96
4,2010,102
4,2011,128
4,2012,173
4,2013,51
4,2014,173
4,2015,90
4,2016,166
4,2017,52
4,2018,58
4,2019,77
4,2020,38
4,2021,115
4,2022,128
4,2023,70
4,2024,70
4,2025,44
4,2026,90
4,2027,-231
4,2028,58
4,2029,83
4,2030,192
4,2031,115
4,2032,-45
4,2033,77
4,2034,64
4,2035,77
4,2036,141
4,2037,103
4,2038,-51
4,2039,121
4,2040,154
4,2041,32
4,2042,115
4,2043,115
4,2044,217
4,2045,45
4,2046,58
4,2047,-204
4,2048,58
4,2049,128
4,2050,26
4,2051,122
4,2052,89
4,2053,96
4,2054,153
4,2055,77
4,2056,45
4,2057,51
4,2058,160
4,2059,-249
4,2060,45
4,2061,102
4,2062,19
4,2063,147
4,2064,364
4,2065,58
4,2066,84
4,2067,96
4,2068,70
4,2069,141
4,2070,-64
4,2071,115
4,2072,109
4,2073,58
4,2074,90
4,2075,77
4,2076,115
4,2077,90
4,2078,121
4,2079,160
4,2080,58
4,2081,-51
4,2082,128
4,2083,128
4,2084,83
4,2085,128
4,2086,140
4,2087,19
4,2088,77
4,2089,154
4,2090,121
4,2091,115
4,2092,237
4,2093,115
4,2094,83
4,2095,84
4,2096,166
4,2097,103
4,2098,160
4,2099,70
4,2100,128
4,2101,-57
4,2102,192
4,2103,154
4,2104,96
4,2105,147
4,2106,211
4,2107,185
4,2108,128
4,2109,96
4,2110,32
4,2111,83
4,2112,-44
4,2113,109
4,2114,141
4,2115,134
4,2116,58
4,2117,39
4,2118,269
4,2119,121
4,2120,115
4,2121,128
4,2122,160
4,2123,211
4,2124,102
4,2125,103
4,2126,115
4,2127,141
4,2128,179
4,2129,103
4,2130,109
4,2131,109
4,2132,64
4,2133,71
4,2134,64
4,2135,103
4,2136,51
4,2137,179
4,2138,115
4,2139,141
4,2140,122
4,2141,103
4,2142,64
4,2143,83
4,2144,167
4,2145,-38
4,2146,160
4,2147,211
4,2148,192
4,2149,64
4,2150,96
4,2151,-249
4,2152,141
4,2153,51
4,2154,160
4,2155,90
4,2156,71
4,2157,57
4,2158,90
4,2159,-32
4,2160,-38
4,2161,83
4,2162,134
4,2163,109
4,2164,403
4,2165,-32
4,2166,186
4,2167,96
4,2168,83
4,2169,83
4,2170,96
4,2171,-64
4,2172,96
4,2173,71
4,2174,128
4,2175,38
4,2176,83
4,2177,-26
4,2178,148
4,2179,147
4,2180,346
4,2181,103
4,2182,109
4,2183,70
4,2184,64
4,2185,71
4,2186,307
4,2187,71
4,2188,26
4,2189,77
4,2190,25
4,2191,-32
4,2192,71
4,2193,147
4,2194,109
4,2195,153
4,2196,167
4,2197,115
4,2198,141
4,2199,128
4,2200,115
4,2201,51
4,2202,173
4,2203,13
4,2204,793
4,2205,64
4,2206,32
4,2207,154
4,2208,58
4,2209,70
4,2210,58
4,2211,109
4,2212,38
4,2213,70
4,2214,160
4,2215,96
4,2216,77
4,2217,102
4,2218,807
4,2219,115
4,2220,102
4,2221,212
4,2222,115
4,2223,90
4,2224,77
4,2225,70
4,2226,64
4,2227,32
4,2228,64
4,2229,51
4,2230,121
4,2231,122
4,2232,167
4,2233,128
4,2234,64
4,2235,141
4,2236,205
4,2237,109
4,2238,103
4,2239,90
4,2240,122
4,2241,52
4,2242,102
4,2243,77
4,2244,-51
4,2245,39
4,2246,109
4,2247,160
4,2248,83
4,2249,275
4,2250,102
4,2251,134
4,2252,77
4,2253,77
4,2254,281
4,2255,103
4,2256,102
4,2257,51
4,2258,64
4,2259,115
4,2260,70
4,2261,83
4,2262,147
4,2263,211
4,2264,121
4,2265,180
4,2266,-51
4,2267,128
4,2268,166
4,2269,77
4,2270,186
4,2271,77
4,2272,96
4,2273,32
4,2274,122
4,2275,345
4,2276,39
4,2277,166
4,2278,116
4,2279,160
4,2280,173
4,2281,25
4,2282,19
4,2283,122
4,2284,77
4,2285,147
4,2286,45
4,2287,58
4,2288,160
4,2289,102
4,2290,115
4,2291,115
4,2292,26
4,2293,64
4,2294,103
4,2295,108
4,2296,-45
4,2297,77
4,2298,-26
4,2299,71
4,2300,58
4,2301,186
4,2302,166
4,2303,115
4,2304,173
4,2305,109
4,2306,96
4,2307,147
4,2308,58
4,2309,109
4,2310,204
4,2311,122
4,2312,38
4,2313,45
4,2314,172
4,2315,173
4,2316,134
4,2317,160
4,2318,166
4,2319,140
4,2320,198
4,2321,122
4,2322,141
4,2323,140
4,2324,115
4,2325,147
4,2326,141
4,2327,115
4,2328,90
4,2329,32
4,2330,64
4,2331,103
4,2332,45
4,2333,32
4,2334,83
4,2335,25
4,2336,115
4,2337,103
4,2338,70
4,2339,352
4,2340,109
4,2341,148
4,2342,211
4,2343,128
4,2344,147
4,2345,160
4,2346,180
4,2347,134
4,2348,122
4,2349,230
4,2350,192
4,2351,224
4,2352,77
4,2353,115
4,2354,-51
4,2355,77
4,2356,58
4,2357,108
4,2358,-26
4,2359,192
4,2360,128
4,2361,108
4,2362,180
4,2363,128
4,2364,-44
4,2365,179
4,2366,109
4,2367,115
4,2368,103
4,2369,64
4,2370,384
4,2371,96
4,2372,122
4,2373,51
4,2374,13
4,2375,122
4,2376,116
4,2377,166
4,2378,186
4,2379,179
4,2380,70
4,2381,58
4,2382,57
4,2383,115
4,2384,121
4,2385,77
4,2386,-32
4,2387,141
4,2388,45
4,2389,84
4,2390,160
4,2391,90
4,2392,103
4,2393,160
4,2394,218
4,2395,134
4,2396,141
4,2397,71
4,2398,166
4,2399,102
4,2400,90
4,2401,89
4,2402,186
4,2403,166
4,2404,102
4,2405,83
4,2406,211
4,2407,199
4,2408,135
4,2409,339
4,2410,128
4,2411,96
4,2412,128
4,2413,76
4,2414,192
4,2415,205
4,2416,102
4,2417,96
4,2418,-25
4,2419,224
4,2420,109
4,2421,-51
4,2422,121
4,2423,115
4,2424,51
4,2425,39
4,2426,135
4,2427,173
4,2428,204
4,2429,71
4,2430,64
4,2431,141
4,2432,179
4,2433,102
4,2434,166
4,2435,108
4,2436,84
4,2437,70
4,2438,147
4,2439,243
4,2440,103
4,2441,102
4,2442,211
4,2443,115
4,2444,115
4,2445,51
4,2446,166
4,2447,109
4,2448,154
4,2449,160
4,2450,192
4,2451,224
4,2452,108
4,2453,64
4,2454,237
4,2455,128
4,2456,154
4,2457,102
4,2458,121
4,2459,199
4,2460,812
4,2461,96
4,2462,70
4,2463,179
4,2464,71
4,2465,45
4,2466,83
4,2467,26
4,2468,70
4,2469,90
4,2470,160
4,2471,121
4,2472,89
4,2473,1030
4,2474,116
4,2475,768
4,2476,58
4,2477,64
4,2478,172
4,2479,173
4,2480,371
4,2481,26
4,2482,121
4,2483,39
4,2484,32
4,2485,51
4,2486,115
4,2487,128
4,2488,128
4,2489,51
4,2490,103
4,2491,154
4,2492,102
4,2493,153
4,2494,211
4,2495,103
4,2496,166
4,2497,173
4,2498,51
4,2499,89
4,2500,102
4,2501,115
4,2502,-32
4,2503,83
4,2504,115
4,2505,109
4,2506,115
4,2507,115
4,2508,166
4,2509,166
4,2510,76
4,2511,116
4,2512,198
4,2513,102
4,2514,58
4,2515,77
4,2516,154
4,2517,25
4,2518,64
4,2519,58
4,2520,39
4,2521,19
4,2522,122
4,2523,166
4,2524,77
4,2525,134
4,2526,186
4,2527,115
4,2528,115
4,2529,122
4,2530,90
4,2531,77
4,2532,134
4,2533,116
4,2534,71
4,2535,103
4,2536,109
4,2537,51
4,2538,64
4,2539,52
4,2540,64
4,2541,38
4,2542,160
4,2543,26
4,2544,64
4,2545,115
4,2546,141
4,2547,64
4,2548,77
4,2549,64
4,2550,90
4,2551,90
4,2552,76
4,2553,70
4,2554,128
4,2555,109
4,2556,32
4,2557,57
4,2558,103
4,2559,64
4,2560,122
4,2561,26
4,2562,51
4,2563,115
4,2564,-198
4,2565,211
4,2566,121
4,2567,198
4,2568,166
4,2569,51
4,2570,186
4,2571,90
4,2572,192
4,2573,51
4,2574,173
4,2575,102
4,2576,128
4,2577,70
4,2578,179
4,2579,167
4,2580,108
4,2581,64
4,2582,192
4,2583,134
4,2584,83
4,2585,32
4,2586,77
4,2587,58
4,2588,51
4,2589,109
4,2590,70
4,2591,83
4,2592,-39
4,2593,90
4,2594,166
4,2595,186
4,2596,173
4,2597,-25
4,2598,141
4,2599,103
4,2600,109
4,2601,134
4,2602,115
4,2603,115
4,2604,160
4,2605,96
4,2606,141
4,2607,90
4,2608,25
4,2609,58
4,2610,153
4,2611,90
4,2612,32
4,2613,128
4,2614,154
4,2615,57
4,2616,90
4,2617,58
4,2618,83
4,2619,167
4,2620,108
4,2621,135
4,2622,64
4,2623,102
4,2624,38
4,2625,58
4,2626,77
4,2627,116
4,2628,115
4,2629,166
4,2630,166
4,2631,109
4,2632,327
4,2633,52
4,2634,250
4,2635,115
4,2636,128
4,2637,109
4,2638,115
4,2639,160
4,2640,83
4,2641,58
4,2642,154
4,2643,71
4,2644,116
4,2645,128
4,2646,26
4,2647,83
4,2648,64
4,2649,77
4,2650,102
4,2651,122
4,2652,121
4,2653,205
4,2654,115
4,2655,19
4,2656,-57
4,2657,128
4,2658,115
4,2659,153
4,2660,186
4,2661,122
4,2662,160
4,2663,167
4,2664,84
4,2665,154
4,2666,57
4,2667,64
4,2668,141
4,2669,32
4,2670,371
4,2671,115
4,2672,83
4,2673,160
4,2674,198
4,2675,166
4,2676,141
4,2677,141
4,2678,57
4,2679,128
4,2680,71
4,2681,32
4,2682,58
4,2683,77
4,2684,64
4,2685,147
4,2686,-26
4,2687,103
4,2688,115
4,2689,109
4,2690,83
4,2691,160
4,2692,173
4,2693,154
4,2694,141
4,2695,32
4,2696,64
4,2697,45
4,2698,25
4,2699,32
4,2700,122
4,2701,-32
4,2702,32
4,2703,-45
4,2704,121
4,2705,102
4,2706,77
4,2707,172
4,2708,109
4,2709,102
4,2710,179
4,2711,64
4,2712,96
4,2713,32
4,2714,96
4,2715,58
4,2716,775
4,2717,57
4,2718,166
4,2719,96
4,2720,32
4,2721,108
4,2722,64
4,2723,77
4,2724,51
4,2725,115
4,2726,58
4,2727,320
4,2728,96
4,2729,115
4,2730,441
4,2731,128
4,2732,154
4,2733,384
4,2734,160
4,2735,166
4,2736,115
4,2737,51
4,2738,26
4,2739,103
4,2740,52
4,2741,-7
4,2742,51
4,2743,52
4,2744,19
4,2745,-25
4,2746,109
4,2747,134
4,2748,96
4,2749,128
4,2750,-13
4,2751,160
4,2752,109
4,2753,102
4,2754,51
4,2755,90
4,2756,167
4,2757,154
4,2758,45
4,2759,38
4,2760,64
4,2761,147
4,2762,89
4,2763,89
4,2764,90
4,2765,134
4,2766,167
4,2767,90
4,2768,116
4,2769,96
4,2770,173
4,2771,83
4,2772,45
4,2773,45
4,2774,249
4,2775,109
4,2776,-38
4,2777,256
4,2778,122
4,2779,128
4,2780,64
4,2781,-51
4,2782,147
4,2783,115
4,2784,108
4,2785,64
4,2786,134
4,2787,70
4,2788,262
4,2789,102
4,2790,141
4,2791,160
4,2792,249
4,2793,19
4,2794,109
4,2795,102
4,2796,38
4,2797,45
4,2798,64
4,2799,32
4,2800,96
4,2801,128
4,2802,102
4,2803,77
4,2804,32
4,2805,135
4,2806,179
4,2807,-217
4,2808,128
4,2809,96
4,2810,135
4,2811,-313
4,2812,90
4,2813,-38
4,2814,186
4,2815,83
4,2816,77
4,2817,51
4,2818,115
4,2819,-38
4,2820,135
4,2821,51
4,2822,179
4,2823,128
4,2824,77
4,2825,128
4,2826,122
4,2827,109
4,2828,166
4,2829,121
4,2830,64
4,2831,135
4,2832,76
4,2833,102
4,2834,205
4,2835,153
4,2836,135
4,2837,154
4,2838,204
4,2839,160
4,2840,115
4,2841,51
4,2842,58
4,2843,84
4,2844,166
4,2845,-39
4,2846,45
4,2847,64
4,2848,212
4,2849,45
4,2850,32
4,2851,51
4,2852,51
4,2853,-122
4,2854,128
4,2855,115
4,2856,116
4,2857,115
4,2858,153
4,2859,153
4,2860,115
4,2861,71
4,2862,115
4,2863,115
4,2864,122
4,2865,64
4,2866,307
4,2867,57
4,2868,89
4,2869,96
4,2870,-487
4,2871,90
4,2872,51
4,2873,90
4,2874,115
4,2875,154
4,2876,288
4,2877,103
4,2878,32
4,2879,116
4,2880,-44
4,2881,70
4,2882,26
4,2883,109
4,2884,38
4,2885,77
4,2886,64
4,2887,122
4,2888,64
4,2889,141
4,2890,160
4,2891,-13
4,2892,122
4,2893,179
4,2894,57
4,2895,134
4,2896,148
4,2897,70
4,2898,51
4,2899,198
4,2900,77
4,2901,71
4,2902,192
4,2903,96
4,2904,70
4,2905,109
4,2906,90
4,2907,32
4,2908,166
4,2909,109
4,2910,96
4,2911,128
4,2912,103
4,2913,57
4,2914,339
4,2915,96
4,2916,109
4,2917,70
4,2918,128
4,2919,122
4,2920,115
4,2921,115
4,2922,102
4,2923,141
4,2924,160
4,2925,71
4,2926,102
4,2927,-32
4,2928,179
4,2929,141
4,2930,115
4,2931,103
4,2932,64
4,2933,128
4,2934,45
4,2935,109
4,2936,109
4,2937,71
4,2938,122
4,2939,115
4,2940,121
4,2941,83
4,2942,58
4,2943,147
4,2944,282
4,2945,57
4,2946,166
4,2947,339
4,2948,115
4,2949,64
4,2950,70
4,2951,77
4,2952,103
4,2953,64
4,2954,77
4,2955,115
4,2956,109
4,2957,-742
4,2958,128
4,2959,-26
4,2960,807
4,2961,64
4,2962,77
4,2963,122
4,2964,71
4,2965,71
4,2966,96
4,2967,57
4,2968,57
4,2969,-19
4,2970,-212
4,2971,-32
4,2972,787
4,2973,57
4,2974,-231
4,2975,115
4,2976,58
4,2977,58
4,2978,51
4,2979,32
4,2980,45
4,2981,-52
4,2982,179
4,2983,173
4,2984,147
4,2985,781
4,2986,141
4,2987,761
4,2988,38
4,2989,166
4,2990,77
4,2991,148
4,2992,64
4,2993,109
4,2994,64
4,2995,77
4,2996,58
4,2997,167
4,2998,32
4,2999,160
4,3000,109
4,3001,109
4,3002,71
4,3003,166
4,3004,64
4,3005,102
4,3006,365
4,3007,173
4,3008,-38
4,3009,102
4,3010,77
4,3011,77
4,3012,122
4,3013,-32
4,3014,141
4,3015,166
4,3016,64
4,3017,147
4,3018,109
4,3019,109
4,3020,115
4,3021,77
4,3022,358
4,3023,121
4,3024,308
4,3025,-32
4,3026,-25
4,3027,84
4,3028,32
4,3029,39
4,3030,71
4,3031,64
4,3032,116
4,3033,103
4,3034,371
4,3035,116
4,3036,122
4,3037,102
4,3038,135
4,3039,135
4,3040,102
4,3041,83
4,3042,109
4,3043,71
4,3044,64
4,3045,198
4,3046,38
4,3047,166
4,3048,122
4,3049,147
4,3050,32
4,3051,109
4,3052,147
4,3053,51
4,3054,71
4,3055,-64
4,3056,103
4,3057,-45
4,3058,109
4,3059,64
4,3060,180
4,3061,147
4,3062,32
4,3063,115
4,3064,71
4,3065,38
4,3066,70
4,3067,71
4,3068,58
4,3069,147
4,3070,96
4,3071,102
4,3072,192
4,3073,116
4,3074,115
4,3075,205
4,3076,135
4,3077,102
4,3078,160
4,3079,160
4,3080,115
4,3081,70
4,3082,26
4,3083,83
4,3084,39
4,3085,58
4,3086,115
4,3087,115
4,3088,96
4,3089,38
4,3090,115
4,3091,135
4,3092,109
4,3093,64
4,3094,109
4,3095,83
4,3096,147
4,3097,102
4,3098,45
4,3099,96
4,3100,108
4,3101,96
4,3102,103
4,3103,115
4,3104,108
4,3105,32
4,3106,172
4,3107,83
4,3108,83
4,3109,115
4,3110,102
4,3111,115
4,3112,77
4,3113,96
4,3114,115
4,3115,135
4,3116,147
4,3117,115
4,3118,218
4,3119,135
4,3120,166
4,3121,160
4,3122,90
4,3123,141
4,3124,83
4,3125,102
4,3126,77
4,3127,192
4,3128,-19
4,3129,153
4,3130,166
4,3131,173
4,3132,122
4,3133,103
4,3134,108
4,3135,64
4,3136,32
4,3137,-26
4,3138,128
4,3139,64
4,3140,166
4,3141,134
4,3142,71
4,3143,128
4,3144,64
4,3145,320
4,3146,-32
4,3147,90
4,3148,180
4,3149,45
4,3150,128
4,3151,20
4,3152,166
4,3153,45
4,3154,39
4,3155,147
4,3156,90
4,3157,108
4,3158,70
4,3159,71
4,3160,-45
4,3161,90
4,3162,64
4,3163,115
4,3164,45
4,3165,51
4,3166,70
4,3167,211
4,3168,199
4,3169,96
4,3170,160
4,3171,179
4,3172,167
4,3173,148
4,3174,90
4,3175,121
4,3176,71
4,3177,58
4,3178,160
4,3179,109
4,3180,166
4,3181,109
4,3182,64
4,3183,122
4,3184,58
4,3185,64
4,3186,115
4,3187,167
4,3188,147
4,3189,122
4,3190,51
4,3191,173
4,3192,140
4,3193,51
4,3194,122
4,3195,83
4,3196,89
4,3197,83
4,3198,83
4,3199,77
4,3200,45
4,3201,160
4,3202,173
4,3203,147
4,3204,173
4,3205,122
4,3206,83
4,3207,57
4,3208,-39
4,3209,77
4,3210,128
4,3211,102
4,3212,186
4,3213,51
4,3214,173
4,3215,115
4,3216,102
4,3217,116
4,3218,102
4,3219,128
4,3220,121
4,3221,147
4,3222,148
4,3223,141
4,3224,153
4,3225,71
4,3226,173
4,3227,83
4,3228,806
4,3229,44
4,3230,-26
4,3231,51
4,3232,58
4,3233,96
4,3234,199
4,3235,230
4,3236,116
4,3237,51
4,3238,147
4,3239,103
4,3240,51
4,3241,-39
4,3242,781
4,3243,44
4,3244,141
4,3245,77
4,3246,109
4,3247,71
4,3248,103
4,3249,51
4,3250,26
4,3251,83
4,3252,115
4,3253,77
4,3254,19
4,3255,83
4,3256,115
4,3257,147
4,3258,128
4,3259,147
4,3260,135
4,3261,166
4,3262,154
4,3263,141
4,3264,109
4,3265,45
4,3266,96
4,3267,96
4,3268,64
4,3269,160
4,3270,71
4,3271,26
4,3272,96
4,3273,-38
4,3274,103
4,3275,38
4,3276,371
4,3277,83
4,3278,64
4,3279,109
4,3280,140
4,3281,70
4,3282,58
4,3283,64
4,3284,116
4,3285,45
4,3286,141
4,3287,58
4,3288,84
4,3289,147
4,3290,192
4,3291,166
4,3292,109
4,3293,71
4,3294,64
4,3295,160
4,3296,147
4,3297,57
4,3298,122
4,3299,89
4,3300,172
4,3301,96
4,3302,134
4,3303,173
4,3304,115
4,3305,57
4,3306,58
4,3307,64
4,3308,365
4,3309,147
4,3310,166
4,3311,64
4,3312,262
4,3313,167
4,3314,90
4,3315,70
4,3316,83
4,3317,39
4,3318,103
4,3319,102
4,3320,160
4,3321,51
4,3322,19
4,3323,77
4,3324,249
4,3325,102
4,3326,160
4,3327,39
4,3328,148
4,3329,83
4,3330,192
4,3331,96
4,3332,102
4,3333,45
4,3334,192
4,3335,26
4,3336,77
4,3337,32
4,3338,96
4,3339,224
4,3340,76
4,3341,90
4,3342,52
4,3343,135
4,3344,-45
4,3345,109
4,3346,102
4,3347,141
4,3348,121
4,3349,102
4,3350,179
4,3351,128
4,3352,70
4,3353,135
4,3354,89
4,3355,96
4,3356,173
4,3357,167
4,3358,51
4,3359,45
4,3360,122
4,3361,32
4,3362,122
4,3363,77
4,3364,167
4,3365,70
4,3366,70
4,3367,122
4,3368,83
4,3369,122
4,3370,166
4,3371,121
4,3372,-45
4,3373,109
4,3374,179
4,3375,115
4,3376,205
4,3377,51
4,3378,77
4,3379,109
4,3380,128
4,3381,135
4,3382,70
4,3383,102
4,3384,71
4,3385,122
4,3386,115
4,3387,160
4,3388,121
4,3389,115
4,3390,160
4,3391,103
4,3392,166
4,3393,358
4,3394,-19
4,3395,128
4,3396,70
4,3397,141
4,3398,58
4,3399,141
4,3400,52
4,3401,173
4,3402,172
4,3403,160
4,3404,211
4,3405,96
4,3406,269
4,3407,153
4,3408,70
4,3409,314
4,3410,102
4,3411,116
4,3412,96
4,3413,109
4,3414,64
4,3415,166
4,3416,32
4,3417,147
4,3418,160
4,3419,90
4,3420,96
4,3421,45
4,3422,173
4,3423,103
4,3424,122
4,3425,45
4,3426,58
4,3427,64
4,3428,77
4,3429,96
4,3430,70
4,3431,122
4,3432,205
4,3433,109
4,3434,122
4,3435,51
4,3436,77
4,3437,71
4,3438,128
4,3439,128
4,3440,179
4,3441,102
4,3442,89
4,3443,109
4,3444,89
4,3445,173
4,3446,372
4,3447,64
4,3448,102
4,3449,147
4,3450,115
4,3451,121
4,3452,96
4,3453,115
4,3454,89
4,3455,26
4,3456,116
4,3457,77
4,3458,58
4,3459,77
4,3460,58
4,3461,102
4,3462,58
4,3463,70
4,3464,102
4,3465,90
4,3466,160
4,3467,109
4,3468,32
4,3469,51
4,3470,96
4,3471,128
4,3472,186
4,3473,116
4,3474,51
4,3475,96
4,3476,57
4,3477,-38
4,3478,103
4,3479,115
4,3480,166
4,3481,58
4,3482,121
4,3483,64
4,3484,806
4,3485,83
4,3486,102
4,3487,115
4,3488,76
4,3489,-39
4,3490,71
4,3491,58
4,3492,26
4,3493,70
4,3494,115
4,3495,173
4,3496,71
4,3497,826
4,3498,205
4,3499,800
4,3500,83
4,3501,153
4,3502,345
4,3503,314
4,3504,71
4,3505,84
4,3506,70
4,3507,160
4,3508,64
4,3509,51
4,3510,64
4,3511,71
4,3512,90
4,3513,147
4,3514,109
4,3515,147
4,3516,116
4,3517,76
4,3518,166
4,3519,128
4,3520,89
4,3521,38
4,3522,58
4,3523,64
4,3524,77
4,3525,64
4,3526,64
4,3527,90
4,3528,45
4,3529,70
4,3530,148
4,3531,102
4,3532,109
4,3533,51
4,3534,166
4,3535,122
4,3536,128
4,3537,25
4,3538,57
4,3539,57
4,3540,121
4,3541,96
4,3542,134
4,3543,160
4,3544,128
4,3545,364
4,3546,153
4,3547,64
4,3548,109
4,3549,109
4,3550,154
4,3551,172
4,3552,102
4,3553,19
4,3554,70
4,3555,122
4,3556,198
4,3557,64
4,3558,141
4,3559,249
4,3560,64
4,3561,44
4,3562,83
4,3563,109
4,3564,76
4,3565,51
4,3566,-32
4,3567,77
4,3568,70
4,3569,179
4,3570,268
4,3571,236
4,3572,262
4,3573,269
4,3574,268
4,3575,198
4,3576,224
4,3577,-237
4,3578,-45
4,3579,218
4,3580,185
4,3581,314
4,3582,134
4,3583,-45
4,3584,128
4,3585,64
4,3586,128
4,3587,172
4,3588,103
4,3589,166
4,3590,160
4,3591,160
4,3592,377
4,3593,160
4,3594,128
4,3595,121
4,3596,64
4,3597,64
4,3598,51
4,3599,135
4,3600,58
4,3601,102
4,3602,96
4,3603,102
4,3604,71
4,3605,45
4,3606,166
4,3607,141
4,3608,96
4,3609,45
4,3610,51
4,3611,154
4,3612,115
4,3613,358
4,3614,58
4,3615,77
4,3616,109
4,3617,76
4,3618,51
4,3619,64
4,3620,115
4,3621,57
4,3622,160
4,3623,198
4,3624,-45
4,3625,173
4,3626,121
4,3627,96
4,3628,64
4,3629,58
4,3630,186
4,3631,26
4,3632,121
4,3633,45
4,3634,26
4,3635,71
4,3636,58
4,3637,83
4,3638,71
4,3639,44
4,3640,32
4,3641,51
4,3642,58
4,3643,167
4,3644,115
4,3645,160
4,3646,64
4,3647,121
4,3648,77
4,3649,26
4,3650,64
4,3651,109
4,3652,96
4,3653,83
4,3654,160
4,3655,134
4,3656,-51
4,3657,160
4,3658,148
4,3659,141
4,3660,115
4,3661,96
4,3662,205
4,3663,115
4,3664,96
4,3665,19
4,3666,44
4,3667,103
4,3668,71
4,3669,58
4,3670,109
4,3671,25
4,3672,167
4,3673,64
4,3674,179
4,3675,141
4,3676,115
4,3677,109
4,3678,20
4,3679,147
4,3680,102
4,3681,205
4,3682,96
4,3683,134
4,3684,121
4,3685,51
4,3686,96
4,3687,-44
4,3688,64
4,3689,109
4,3690,109
4,3691,115
4,3692,192
4,3693,-6
4,3694,122
4,3695,70
4,3696,141
4,3697,121
4,3698,192
4,3699,58
4,3700,77
4,3701,51
4,3702,153
4,3703,64
4,3704,147
4,3705,51
4,3706,51
4,3707,84
4,3708,115
4,3709,51
4,3710,121
4,3711,109
4,3712,70
4,3713,109
4,3714,160
4,3715,102
4,3716,141
4,3717,121
4,3718,115
4,3719,103
4,3720,122
4,3721,58
4,3722,167
4,3723,83
4,3724,32
4,3725,58
4,3726,134
4,3727,19
4,3728,141
4,3729,198
4,3730,109
4,3731,211
4,3732,116
4,3733,57
4,3734,57
4,3735,109
4,3736,89
4,3737,115
4,3738,128
4,3739,116
4,3740,800
4,3741,45
4,3742,26
4,3743,109
4,3744,70
4,3745,52
4,3746,141
4,3747,70
4,3748,76
4,3749,160
4,3750,141
4,3751,96
4,3752,115
4,3753,89
4,3754,832
4,3755,44
4,3756,147
4,3757,115
4,3758,173
4,3759,140
4,3760,128
4,3761,45
4,3762,96
4,3763,-44
4,3764,122
4,3765,89
4,3766,71
4,3767,-51
4,3768,83
4,3769,96
4,3770,180
4,3771,128
4,3772,179
4,3773,89
4,3774,141
4,3775,122
4,3776,147
4,3777,103
4,3778,45
4,3779,128
4,3780,57
4,3781,198
4,3782,141
4,3783,96
4,3784,103
4,3785,121
4,3786,84
4,3787,128
4,3788,166
4,3789,64
4,3790,166
4,3791,166
4,3792,115
4,3793,205
4,3794,58
4,3795,103
4,3796,115
4,3797,140
4,3798,108
4,3799,90
4,3800,51
4,3801,128
4,3802,122
4,3803,89
4,3804,160
4,3805,141
4,3806,115
4,3807,115
4,3808,147
4,3809,71
4,3810,96
4,3811,160
4,3812,198
4,3813,199
4,3814,212
4,3815,122
4,3816,173
4,3817,102
4,3818,102
4,3819,32
4,3820,45
4,3821,64
4,3822,102
4,3823,109
4,3824,64
4,3825,76
4,3826,128
4,3827,102
4,3828,32
4,3829,205
4,3830,173
4,3831,160
4,3832,134
4,3833,26
4,3834,26
4,3835,96
4,3836,32
4,3837,102
4,3838,167
4,3839,90
4,3840,180
4,3841,51
4,3842,71
4,3843,115
4,3844,108
4,3845,141
4,3846,96
4,3847,166
4,3848,173
4,3849,64
4,3850,89
4,3851,71
4,3852,-38
4,3853,96
4,3854,25
4,3855,166
4,3856,109
4,3857,58
4,3858,96
4,3859,134
4,3860,160
4,3861,115
4,3862,173
4,3863,140
4,3864,211
4,3865,141
4,3866,115
4,3867,58
4,3868,166
4,3869,109
4,3870,45
4,3871,147
4,3872,116
4,3873,70
4,3874,211
4,3875,160
4,3876,38
4,3877,109
4,3878,167
4,3879,154
4,3880,108
4,3881,83
4,3882,115
4,3883,-32
4,3884,179
4,3885,64
4,3886,70
4,3887,32
4,3888,32
4,3889,58
4,3890,64
4,3891,64
4,3892,64
4,3893,58
4,3894,51
4,3895,44
4,3896,76
4,3897,147
4,3898,96
4,3899,64
4,3900,115
4,3901,76
4,3902,103
4,3903,58
4,3904,77
4,3905,96
4,3906,64
4,3907,128
4,3908,371
4,3909,71
4,3910,70
4,3911,109
4,3912,71
4,3913,141
4,3914,102
4,3915,32
4,3916,173
4,3917,109
4,3918,20
4,3919,32
4,3920,58
4,3921,32
4,3922,51
4,3923,128
4,3924,-52
4,3925,128
4,3926,172
4,3927,167
4,3928,64
4,3929,70
4,3930,-25
4,3931,173
4,3932,186
4,3933,57
4,3934,160
4,3935,90
4,3936,77
4,3937,276
4,3938,96
4,3939,52
4,3940,32
4,3941,327
4,3942,102
4,3943,64
4,3944,147
4,3945,109
4,3946,173
4,3947,141
4,3948,128
4,3949,103
4,3950,128
4,3951,70
4,3952,153
4,3953,83
4,3954,77
4,3955,64
4,3956,109
4,3957,186
4,3958,70
4,3959,58
4,3960,57
4,3961,51
4,3962,64
4,3963,128
4,3964,58
4,3965,115
4,3966,173
4,3967,70
4,3968,70
4,3969,102
4,3970,160
4,3971,32
4,3972,96
4,3973,109
4,3974,115
4,3975,71
4,3976,96
4,3977,-52
4,3978,147
4,3979,26
4,3980,154
4,3981,45
4,3982,199
4,3983,147
4,3984,128
4,3985,121
4,3986,13
4,3987,77
4,3988,96
4,3989,57
4,3990,83
4,3991,147
4,3992,64
4,3993,115
4,3994,204
4,3995,160
4,3996,852
4,3997,102
4,3998,172
4,3999,326
4,4000,64
4,4001,51
4,4002,179
4,4003,256
4,4004,218
4,4005,57
4,4006,160
4,4007,198
4,4008,115
4,4009,800
4,4010,83
4,4011,793
4,4012,147
4,4013,128
4,4014,384
4,4015,160
4,4016,166
4,4017,64
4,4018,108
4,4019,109
4,4020,103
4,4021,71
4,4022,90
4,4023,384
4,4024,77
4,4025,269
4,4026,141
4,4027,141
4,4028,128
4,4029,147
4,4030,102
4,4031,198
4,4032,90
4,4033,26
4,4034,71
4,4035,147
4,4036,371
4,4037,115
4,4038,134
4,4039,57
4,4040,147
4,4041,359
4,4042,-26
4,4043,77
4,4044,38
4,4045,45
4,4046,83
4,4047,70
4,4048,173
4,4049,-32
4,4050,147
4,4051,-7
4,4052,-44
4,4053,180
4,4054,185
4,4055,64
4,4056,128
4,4057,140
4,4058,71
4,4059,134
4,4060,173
4,4061,212
4,4062,115
4,4063,147
4,4064,64
4,4065,32
4,4066,109
4,4067,64
4,4068,38
4,4069,102
4,4070,364
4,4071,262
4,4072,167
4,4073,128
4,4074,51
4,4075,224
4,4076,71
4,4077,77
4,4078,89
4,4079,115
4,4080,57
4,4081,121
4,4082,115
4,4083,148
4,4084,103
4,4085,90
4,4086,121
4,4087,115
4,4088,115
4,4089,26
4,4090,185
4,4091,77
4,4092,70
4,4093,96
4,4094,102
4,4095,64
4,4096,102
4,4097,96
4,4098,83
4,4099,166
4,4100,-52
4,4101,134
4,4102,134
4,4103,-51
4,4104,70
4,4105,-32
4,4106,32
4,4107,102
4,4108,52
4,4109,89
4,4110,77
4,4111,96
4,4112,57
4,4113,64
4,4114,84
4,4115,103
4,4116,128
4,4117,141
4,4118,77
4,4119,64
4,4120,83
4,4121,77
4,4122,102
4,4123,103
4,4124,71
4,4125,103
4,4126,173
4,4127,134
4,4128,89
4,4129,51
4,4130,77
4,4131,122
4,4132,103
4,4133,96
4,4134,467
4,4135,83
4,4136,77
4,4137,64
4,4138,108
4,4139,147
4,4140,64
4,4141,109
4,4142,83
4,4143,122
4,4144,167
4,4145,160
4,4146,103
4,4147,326
4,4148,64
4,4149,167
4,4150,122
4,4151,70
4,4152,128
4,4153,108
4,4154,103
4,4155,121
4,4156,173
4,4157,109
4,4158,186
4,4159,90
4,4160,148
4,4161,45
4,4162,83
4,4163,102
4,4164,115
4,4165,77
4,4166,122
4,4167,25
4,4168,153
4,4169,115
4,4170,109
4,4171,128
4,4172,96
4,4173,160
4,4174,64
4,4175,116
4,4176,64
4,4177,45
4,4178,25
4,4179,64
4,4180,-26
4,4181,102
4,4182,84
4,4183,45
4,4184,83
4,4185,89
4,4186,121
4,4187,160
4,4188,128
4,4189,-38
4,4190,122
4,4191,147
4,4192,179
4,4193,147
4,4194,198
4,4195,108
4,4196,198
4,4197,52
4,4198,70
4,4199,102
4,4200,57
4,4201,45
4,4202,32
4,4203,122
4,4204,108
4,4205,58
4,4206,64
4,4207,154
4,4208,371
4,4209,391
4,4210,160
4,4211,148
4,4212,77
4,4213,64
4,4214,77
4,4215,-64
4,4216,96
4,4217,-51
4,4218,122
4,4219,115
4,4220,64
4,4221,96
4,4222,172
4,4223,70
4,4224,57
4,4225,115
4,4226,154
4,4227,147
4,4228,109
4,4229,103
4,4230,166
4,4231,108
4,4232,64
4,4233,102
4,4234,51
4,4235,115
4,4236,38
4,4237,102
4,4238,57
4,4239,115
4,4240,103
4,4241,160
4,4242,64
4,4243,128
4,4244,141
4,4245,365
4,4246,76
4,4247,26
4,4248,205
4,4249,38
4,4250,70
4,4251,147
4,4252,845
4,4253,57
4,4254,115
4,4255,83
4,4256,160
4,4257,32
4,4258,102
4,4259,64
4,4260,109
4,4261,64
4,4262,-13
4,4263,84
4,4264,77
4,4265,167
4,4266,793
4,4267,153
4,4268,77
4,4269,96
4,4270,116
4,4271,167
4,4272,173
4,4273,71
4,4274,57
4,4275,103
4,4276,96
4,4277,109
4,4278,-52
4,4279,160
4,4280,64
4,4281,115
4,4282,128
4,4283,307
4,4284,217
4,4285,109
4,4286,218
4,4287,243
4,4288,154
4,4289,45
4,4290,58
4,4291,115
4,4292,122
4,4293,166
4,4294,26
4,4295,166
4,4296,102
4,4297,179
4,4298,147
4,4299,256
4,4300,154
4,4301,115
4,4302,109
4,4303,128
4,4304,115
4,4305,160
4,4306,70
4,4307,115
4,4308,64
4,4309,89
4,4310,77
4,4311,32
4,4312,64
4,4313,115
4,4314,121
4,4315,352
4,4316,70
4,4317,57
4,4318,141
4,4319,141
4,4320,77
4,4321,-128
4,4322,-44
4,4323,38
4,4324,147
4,4325,166
4,4326,121
4,4327,167
4,4328,198
4,4329,135
4,4330,51
4,4331,96
4,4332,32
4,4333,96
4,4334,71
4,4335,141
4,4336,76
4,4337,115
4,4338,64
4,4339,122
4,4340,102
4,4341,58
4,4342,122
4,4343,96
4,4344,64
4,4345,58
4,4346,141
4,4347,224
4,4348,186
4,4349,64
4,4350,173
4,4351,77
4,4352,70
4,4353,108
4,4354,166
4,4355,148
4,4356,172
4,4357,103
4,4358,410
4,4359,76
4,4360,89
4,4361,461
4,4362,64
4,4363,64
4,4364,89
4,4365,58
4,4366,64
4,4367,58
4,4368,122
4,4369,51
4,4370,70
4,4371,167
4,4372,205
4,4373,128
4,4374,71
4,4375,211
4,4376,166
4,4377,45
4,4378,32
4,4379,135
4,4380,51
4,4381,71
4,4382,71
4,4383,26
4,4384,-45
4,4385,-32
4,4386,71
4,4387,64
4,4388,128
4,4389,83
4,4390,58
4,4391,96
4,4392,-39
4,4393,128
4,4394,77
4,4395,166
4,4396,102
4,4397,57
4,4398,58
4,4399,186
4,4400,64
4,4401,45
4,4402,205
4,4403,109
4,4404,96
4,4405,51
4,4406,25
4,4407,160
4,4408,96
4,4409,-39
4,4410,224
4,4411,128
4,4412,205
4,4413,250
4,4414,148
4,4415,102
4,4416,83
4,4417,109
4,4418,89
4,4419,128
4,4420,64
4,4421,140
4,4422,19
4,4423,147
4,4424,96
4,4425,96
4,4426,84
4,4427,121
4,4428,128
4,4429,115
4,4430,-64
4,4431,109
4,4432,77
4,4433,179
4,4434,76
4,4435,211
4,4436,-32
4,4437,185
4,4438,243
4,4439,109
4,4440,135
4,4441,237
4,4442,96
4,4443,172
4,4444,217
4,4445,153
4,4446,269
4,4447,294
4,4448,103
4,4449,32
4,4450,109
4,4451,115
4,4452,198
4,4453,77
4,4454,84
4,4455,109
4,4456,121
4,4457,108
4,4458,141
4,4459,365
4,4460,115
4,4461,-38
4,4462,109
4,4463,109
4,4464,122
4,4465,71
4,4466,70
4,4467,147
4,4468,147
4,4469,58
4,4470,167
4,4471,109
4,4472,102
4,4473,90
4,4474,154
4,4475,135
4,4476,102
4,4477,116
4,4478,397
4,4479,172
4,4480,58
4,4481,45
4,4482,199
4,4483,84
4,4484,173
4,4485,32
4,4486,102
4,4487,-19
4,4488,172
4,4489,44
4,4490,147
4,4491,89
4,4492,192
4,4493,52
4,4494,185
4,4495,147
4,4496,109
4,4497,51
4,4498,-25
4,4499,134
4,4500,115
4,4501,64
4,4502,57
4,4503,121
4,4504,83
4,4505,154
4,4506,371
4,4507,256
4,4508,813
4,4509,44
4,4510,282
4,4511,115
4,4512,70
4,4513,64
4,4514,166
4,4515,-26
4,4516,32
4,4517,70
4,4518,154
4,4519,115
4,4520,-19
4,4521,826
4,4522,135
4,4523,800
4,4524,153
4,4525,-70
4,4526,115
4,4527,108
4,4528,128
4,4529,58
4,4530,77
4,4531,115
4,4532,64
4,4533,77
4,4534,140
4,4535,141
4,4536,70
4,4537,64
4,4538,115
4,4539,115
4,4540,64
4,4541,-57
4,4542,192
4,4543,115
4,4544,116
4,4545,38
4,4546,38
4,4547,83
4,4548,71
4,4549,45
4,4550,116
4,4551,102
4,4552,96
4,4553,-39
4,4554,128
4,4555,205
4,4556,128
4,4557,140
4,4558,121
4,4559,90
4,4560,173
4,4561,109
4,4562,128
4,4563,269
4,4564,25
4,4565,109
4,4566,64
4,4567,64
4,4568,70
4,4569,128
4,4570,89
4,4571,70
4,4572,51
4,4573,-32
4,4574,90
4,4575,64
4,4576,25
4,4577,64
4,4578,212
4,4579,109
4,4580,179
4,4581,141
4,4582,166
4,4583,102
4,4584,103
4,4585,-25
4,4586,52
4,4587,115
4,4588,64
4,4589,102
4,4590,166
4,4591,58
4,4592,51
4,4593,103
4,4594,115
4,4595,115
4,4596,122
4,4597,153
4,4598,64
4,4599,58
4,4600,38
4,4601,109
4,4602,121
4,4603,26
4,4604,58
4,4605,-52
4,4606,71
4,4607,147
4,4608,314
4,4609,116
4,4610,128
4,4611,154
4,4612,166
4,4613,115
4,4614,13
4,4615,167
4,4616,198
4,4617,70
4,4618,70
4,4619,90
4,4620,77
4,4621,147
4,4622,57
4,4623,90
4,4624,45
4,4625,128
4,4626,154
4,4627,-64
4,4628,83
4,4629,96
4,4630,77
4,4631,116
4,4632,-38
4,4633,109
4,4634,26
4,4635,122
4,4636,57
4,4637,76
4,4638,71
4,4639,141
4,4640,83
4,4641,51
4,4642,64
4,4643,26
4,4644,128
4,4645,70
4,4646,84
4,4647,115
4,4648,109
4,4649,96
4,4650,167
4,4651,115
4,4652,116
4,4653,84
4,4654,154
4,4655,103
4,4656,122
4,4657,96
4,4658,-108
4,4659,122
4,4660,64
4,4661,70
4,4662,25
4,4663,122
4,4664,109
4,4665,109
4,4666,141
4,4667,172
4,4668,128
4,4669,134
4,4670,218
4,4671,103
4,4672,108
4,4673,57
4,4674,-32
4,4675,115
4,4676,76
4,4677,58
4,4678,115
4,4679,58
4,4680,102
4,4681,121
4,4682,83
4,4683,89
4,4684,96
4,4685,51
4,4686,134
4,4687,103
4,4688,167
4,4689,121
4,4690,-20
4,4691,173
4,4692,-26
4,4693,77
4,4694,19
4,4695,77
4,4696,102
4,4697,141
4,4698,83
4,4699,160
4,4700,70
4,4701,160
4,4702,160
4,4703,160
4,4704,109
4,4705,109
4,4706,116
4,4707,108
4,4708,122
4,4709,378
4,4710,102
4,4711,102
4,4712,96
4,4713,39
4,4714,103
4,4715,128
4,4716,103
4,4717,103
4,4718,64
4,4719,103
4,4720,224
4,4721,160
4,4722,102
4,4723,173
4,4724,128
4,4725,89
4,4726,32
4,4727,121
4,4728,77
4,4729,58
4,4730,57
4,4731,71
4,4732,64
4,4733,58
4,4734,64
4,4735,26
4,4736,39
4,4737,103
4,4738,256
4,4739,154
4,4740,141
4,4741,-38
4,4742,128
4,4743,121
4,4744,64
4,4745,26
4,4746,173
4,4747,109
4,4748,64
4,4749,51
4,4750,58
4,4751,153
4,4752,58
4,4753,134
4,4754,211
4,4755,167
4,4756,122
4,4757,154
4,4758,76
4,4759,115
4,4760,70
4,4761,102
4,4762,109
4,4763,108
4,4764,1043
4,4765,26
4,4766,166
4,4767,128
4,4768,70
4,4769,-39
4,4770,64
4,4771,32
4,4772,57
4,4773,103
4,4774,122
4,4775,25
4,4776,141
4,4777,115
4,4778,806
4,4779,135
4,4780,103
4,4781,166
4,4782,96
4,4783,102
4,4784,109
4,4785,102
4,4786,32
4,4787,115
4,4788,32
4,4789,103
4,4790,26
4,4791,198
4,4792,173
4,4793,90
4,4794,198
4,4795,-64
4,4796,122
4,4797,77
4,4798,186
4,4799,19
4,4800,160
4,4801,96
4,4802,89
4,4803,77
4,4804,77
4,4805,90
4,4806,64
4,4807,96
4,4808,64
4,4809,167
4,4810,185
4,4811,122
4,4812,154
4,4813,173
4,4814,70
4,4815,115
4,4816,64
4,4817,108
4,4818,115
4,4819,45
4,4820,58
4,4821,52
4,4822,122
4,4823,109
4,4824,90
4,4825,96
4,4826,141
4,4827,148
4,4828,51
4,4829,58
4,4830,122
4,4831,96
4,4832,7
4,4833,77
4,4834,135
4,4835,122
4,4836,51
4,4837,58
4,4838,147
4,4839,180
4,4840,121
4,4841,25
4,4842,154
4,4843,51
4,4844,71
4,4845,51
4,4846,51
4,4847,103
4,4848,109
4,4849,173
4,4850,180
4,4851,122
4,4852,70
4,4853,89
4,4854,211
4,4855,166
4,4856,134
4,4857,39
4,4858,109
4,4859,192
4,4860,115
4,4861,58
4,4862,192
4,4863,19
4,4864,115
4,4865,19
4,4866,77
4,4867,103
4,4868,115
4,4869,58
4,4870,44
4,4871,102
4,4872,77
4,4873,25
4,4874,134
4,4875,167
4,4876,38
4,4877,57
4,4878,-26
4,4879,179
4,4880,89
4,4881,64
4,4882,250
4,4883,102
4,4884,57
4,4885,108
4,4886,77
4,4887,64
4,4888,115
4,4889,57
4,4890,64
4,4891,89
4,4892,70
4,4893,211
4,4894,160
4,4895,-64
4,4896,148
4,4897,308
4,4898,90
4,4899,109
4,4900,-45
4,4901,77
4,4902,32
4,4903,141
4,4904,160
4,4905,140
4,4906,121
4,4907,166
4,4908,173
4,4909,122
4,4910,409
4,4911,83
4,4912,71
4,4913,45
4,4914,173
4,4915,52
4,4916,32
4,4917,-19
4,4918,51
4,4919,26
4,4920,108
4,4921,-26
4,4922,230
4,4923,77
4,4924,134
4,4925,115
4,4926,160
4,4927,96
4,4928,109
4,4929,102
4,4930,77
4,4931,-19
4,4932,179
4,4933,192
4,4934,115
4,4935,108
4,4936,167
4,4937,211
4,4938,186
4,4939,122
4,4940,45
4,4941,64
4,4942,147
4,4943,179
4,4944,179
4,4945,32
4,4946,19
4,4947,77
4,4948,115
4,4949,39
4,4950,26
4,4951,76
4,4952,89
4,4953,64
4,4954,179
4,4955,83
4,4956,218
4,4957,84
4,4958,140
4,4959,128
4,4960,83
4,4961,64
4,4962,52
4,4963,70
4,4964,154
4,4965,108
4,4966,116
4,4967,141
4,4968,128
4,4969,103
4,4970,147
4,4971,70
4,4972,109
4,4973,64
4,4974,199
4,4975,128
4,4976,103
4,4977,45
4,4978,76
4,4979,64
4,4980,102
4,4981,39
4,4982,25
4,4983,96
4,4984,58
4,4985,58
4,4986,180
4,4987,32
4,4988,51
4,4989,160
4,4990,51
4,4991,70
4,4992,77
4,4993,58
4,4994,90
4,4995,121
4,4996,77
4,4997,108
4,4998,70
4,4999,109
4,5000,121
4,5001,205
4,5002,147
4,5003,71
4,5004,109
4,5005,154
4,5006,365
4,5007,192
4,5008,70
4,5009,64
4,5010,160
4,5011,77
4,5012,115
4,5013,185
4,5014,77
4,5015,122
4,5016,116
4,5017,128
4,5018,58
4,5019,83
4,5020,787
4,5021,122
4,5022,134
4,5023,83
4,5024,64
4,5025,90
4,5026,128
4,5027,70
4,5028,70
4,5029,44
4,5030,160
4,5031,186
4,5032,77
4,5033,781
4,5034,115
4,5035,793
4,5036,218
4,5037,198
4,5038,135
4,5039,160
4,5040,141
4,5041,51
4,5042,160
4,5043,109
4,5044,51
4,5045,83
4,5046,115
4,5047,160
4,5048,-45
4,5049,77
4,5050,135
4,5051,102
4,5052,39
4,5053,83
4,5054,186
4,5055,160
4,5056,84
4,5057,71
4,5058,64
4,5059,45
4,5060,57
4,5061,71
4,5062,109
4,5063,90
4,5064,83
4,5065,96
4,5066,89
4,5067,84
4,5068,109
4,5069,-26
4,5070,135
4,5071,141
4,5072,211
4,5073,109
4,5074,19
4,5075,-115
4,5076,77
4,5077,58
4,5078,371
4,5079,167
4,5080,51
4,5081,115
4,5082,205
4,5083,141
4,5084,58
4,5085,109
4,5086,89
4,5087,179
4,5088,32
4,5089,64
4,5090,256
4,5091,153
4,5092,167
4,5093,108
4,5094,64
4,5095,71
4,5096,167
4,5097,19
4,5098,172
4,5099,83
4,5100,397
4,5101,102
4,5102,103
4,5103,70
4,5104,154
4,5105,217
4,5106,122
4,5107,147
4,5108,122
4,5109,109
4,5110,166
4,5111,102
4,5112,205
4,5113,52
4,5114,89
4,5115,83
4,5116,38
4,5117,45
4,5118,57
4,5119,109
4,5120,64
4,5121,64
4,5122,384
4,5123,179
4,5124,192
4,5125,115
4,5126,89
4,5127,173
4,5128,141
4,5129,96
4,5130,32
4,5131,64
4,5132,70
4,5133,52
4,5134,147
4,5135,128
4,5136,102
4,5137,205
4,5138,-44
4,5139,179
4,5140,153
4,5141,108
4,5142,147
4,5143,160
4,5144,211
4,5145,70
4,5146,153
4,5147,153
4,5148,243
4,5149,121
4,5150,57
4,5151,154
4,5152,25
4,5153,-25
4,5154,122
4,5155,52
4,5156,70
4,5157,64
4,5158,-25
4,5159,84
4,5160,122
4,5161,160
4,5162,64
4,5163,250
4,5164,102
4,5165,154
4,5166,212
4,5167,76
4,5168,89
4,5169,288
4,5170,166
4,5171,71
4,5172,116
4,5173,173
4,5174,166
4,5175,128
4,5176,64
4,5177,148
4,5178,160
4,5179,122
4,5180,166
4,5181,115
4,5182,109
4,5183,134
4,5184,71
4,5185,45
4,5186,64
4,5187,84
4,5188,96
4,5189,25
4,5190,109
4,5191,89
4,5192,116
4,5193,51
4,5194,116
4,5195,57
4,5196,172
4,5197,70
4,5198,160
4,5199,102
4,5200,108
4,5201,90
4,5202,116
4,5203,83
4,5204,58
4,5205,58
4,5206,32
4,5207,122
4,5208,51
4,5209,64
4,5210,116
4,5211,372
4,5212,-45
4,5213,134
4,5214,179
4,5215,128
4,5216,58
4,5217,57
4,5218,160
4,5219,70
4,5220,115
4,5221,64
4,5222,76
4,5223,39
4,5224,115
4,5225,64
4,5226,90
4,5227,57
4,5228,45
4,5229,19
4,5230,32
4,5231,64
4,5232,64
4,5233,109
4,5234,102
4,5235,115
4,5236,109
4,5237,57
4,5238,83
4,5239,102
4,5240,109
4,5241,83
4,5242,58
4,5243,307
4,5244,-38
4,5245,70
4,5246,371
4,5247,90
4,5248,52
4,5249,250
4,5250,83
4,5251,116
4,5252,141
4,5253,57
4,5254,58
4,5255,77
4,5256,109
4,5257,115
4,5258,71
4,5259,70
4,5260,109
4,5261,198
4,5262,64
4,5263,44
4,5264,-39
4,5265,109
4,5266,147
4,5267,96
4,5268,154
4,5269,109
4,5270,141
4,5271,96
4,5272,89
4,5273,57
4,5274,76
4,5275,109
4,5276,787
4,5277,51
4,5278,45
4,5279,96
4,5280,26
4,5281,109
4,5282,76
4,5283,173
4,5284,26
4,5285,102
4,5286,58
4,5287,64
4,5288,167
4,5289,64
4,5290,851
4,5291,70
4,5292,134
4,5293,121
4,5294,-44
4,5295,167
4,5296,109
4,5297,32
4,5298,83
4,5299,70
4,5300,96
4,5301,128
4,5302,26
4,5303,128
4,5304,147
4,5305,141
4,5306,166
4,5307,102
4,5308,166
4,5309,198
4,5310,103
4,5311,160
4,5312,58
4,5313,-38
4,5314,141
4,5315,141
4,5316,294
4,5317,115
4,5318,19
4,5319,141
4,5320,103
4,5321,64
4,5322,167
4,5323,-70
4,5324,172
4,5325,51
4,5326,204
4,5327,109
4,5328,160
4,5329,102
4,5330,71
4,5331,84
4,5332,205
4,5333,57
4,5334,116
4,5335,70
4,5336,96
4,5337,64
4,5338,371
4,5339,32
4,5340,115
4,5341,115
4,5342,-45
4,5343,141
4,5344,44
4,5345,-32
4,5346,102
4,5347,140
4,5348,173
4,5349,211
4,5350,167
4,5351,179
4,5352,71
4,5353,64
4,5354,-26
4,5355,115
4,5356,121
4,5357,70
4,5358,115
4,5359,109
4,5360,70
4,5361,128
4,5362,160
4,5363,173
4,5364,288
4,5365,134
4,5366,122
4,5367,211
4,5368,115
4,5369,19
4,5370,121
4,5371,70
4,5372,64
4,5373,121
4,5374,186
4,5375,102
4,5376,51
4,5377,116
4,5378,103
4,5379,128
4,5380,109
4,5381,140
4,5382,185
4,5383,122
4,5384,147
4,5385,45
4,5386,96
4,5387,58
4,5388,128
4,5389,90
4,5390,57
4,5391,192
4,5392,122
4,5393,102
4,5394,192
4,5395,128
4,5396,109
4,5397,103
4,5398,148
4,5399,109
4,5400,71
4,5401,64
4,5402,19
4,5403,25
4,5404,76
4,5405,205
4,5406,173
4,5407,250
4,5408,51
4,5409,64
4,5410,109
4,5411,-25
4,5412,96
4,5413,115
4,5414,45
4,5415,109
4,5416,44
4,5417,-32
4,5418,140
4,5419,103
4,5420,115
4,5421,77
4,5422,51
4,5423,154
4,5424,90
4,5425,45
4,5426,90
4,5427,371
4,5428,38
4,5429,32
4,5430,115
4,5431,90
4,5432,57
4,5433,71
4,5434,154
4,5435,180
4,5436,122
4,5437,57
4,5438,128
4,5439,64
4,5440,109
4,5441,90
4,5442,154
4,5443,90
4,5444,70
4,5445,134
4,5446,108
4,5447,102
4,5448,57
4,5449,115
4,5450,108
4,5451,108
4,5452,64
4,5453,179
4,5454,205
4,5455,102
4,5456,109
4,5457,57
4,5458,102
4,5459,269
4,5460,173
4,5461,115
4,5462,173
4,5463,109
4,5464,198
4,5465,134
4,5466,96
4,5467,167
4,5468,115
4,5469,76
4,5470,96
4,5471,64
4,5472,134
4,5473,64
4,5474,115
4,5475,109
4,5476,403
4,5477,103
4,5478,25
4,5479,-39
4,5480,64
4,5481,64
4,5482,57
4,5483,128
4,5484,115
4,5485,45
4,5486,160
4,5487,77
4,5488,115
4,5489,32
4,5490,83
4,5491,121
4,5492,32
4,5493,-26
4,5494,-19
4,5495,173
4,5496,166
4,5497,96
4,5498,109
4,5499,173
4,5500,128
4,5501,83
4,5502,64
4,5503,122
4,5504,167
4,5505,64
4,5506,96
4,5507,102
4,5508,153
4,5509,51
4,5510,70
4,5511,71
4,5512,70
4,5513,-19
4,5514,109
4,5515,128
4,5516,77
4,5517,38
4,5518,64
4,5519,160
4,5520,57
4,5521,64
4,5522,122
4,5523,128
4,5524,64
4,5525,57
4,5526,90
4,5527,372
4,5528,64
4,5529,192
4,5530,122
4,5531,128
4,5532,793
4,5533,58
4,5534,71
4,5535,109
4,5536,-44
4,5537,71
4,5538,45
4,5539,96
4,5540,26
4,5541,64
4,5542,179
4,5543,90
4,5544,173
4,5545,832
4,5546,71
4,5547,800
4,5548,116
4,5549,115
4,5550,109
4,5551,166
4,5552,77
4,5553,45
4,5554,64
4,5555,71
4,5556,51
4,5557,52
4,5558,64
4,5559,154
4,5560,160
4,5561,84
4,5562,83
4,5563,160
4,5564,83
4,5565,147
4,5566,71
4,5567,128
4,5568,71
4,5569,102
4,5570,141
4,5571,45
4,5572,64
4,5573,51
4,5574,102
4,5575,148
4,5576,102
4,5577,115
4,5578,224
4,5579,128
4,5580,-51
4,5581,128
4,5582,172
4,5583,-231
4,5584,135
4,5585,32
4,5586,77
4,5587,90
4,5588,57
4,5589,109
4,5590,-39
4,5591,64
4,5592,64
4,5593,134
4,5594,115
4,5595,352
4,5596,52
4,5597,96
4,5598,167
4,5599,76
4,5600,185
4,5601,70
4,5602,-32
4,5603,96
4,5604,160
4,5605,115
4,5606,89
4,5607,160
4,5608,160
4,5609,57
4,5610,71
4,5611,77
4,5612,90
4,5613,109
4,5614,44
4,5615,121
4,5616,45
4,5617,109
4,5618,109
4,5619,140
4,5620,96
4,5621,57
4,5622,64
4,5623,121
4,5624,109
4,5625,58
4,5626,96
4,5627,70
4,5628,45
4,5629,153
4,5630,32
4,5631,77
4,5632,205
4,5633,153
4,5634,134
4,5635,192
4,5636,77
4,5637,64
4,5638,64
4,5639,166
4,5640,166
4,5641,51
4,5642,38
4,5643,70
4,5644,13
4,5645,45
4,5646,64
4,5647,128
4,5648,-32
4,5649,166
4,5650,77
4,5651,173
4,5652,135
4,5653,147
4,5654,224
4,5655,166
4,5656,134
4,5657,45
4,5658,64
4,5659,128
4,5660,52
4,5661,128
4,5662,192
4,5663,77
4,5664,-32
4,5665,77
4,5666,64
4,5667,26
4,5668,109
4,5669,70
4,5670,115
4,5671,70
4,5672,64
4,5673,115
4,5674,218
4,5675,122
4,5676,96
4,5677,180
4,5678,141
4,5679,70
4,5680,-38
4,5681,115
4,5682,58
4,5683,96
4,5684,-44
4,5685,-7
4,5686,38
4,5687,192
4,5688,103
4,5689,102
4,5690,173
4,5691,160
4,5692,154
4,5693,115
4,5694,108
4,5695,301
4,5696,-32
4,5697,77
4,5698,116
4,5699,108
4,5700,77
4,5701,64
4,5702,103
4,5703,122
4,5704,44
4,5705,102
4,5706,179
4,5707,128
4,5708,166
4,5709,154
4,5710,166
4,5711,135
4,5712,108
4,5713,58
4,5714,122
4,5715,51
4,5716,102
4,5717,52
4,5718,64
4,5719,211
4,5720,83
4,5721,147
4,5722,262
4,5723,-13
4,5724,64
4,5725,109
4,5726,102
4,5727,83
4,5728,57
4,5729,58
4,5730,128
4,5731,115
4,5732,218
4,5733,153
4,5734,148
4,5735,109
4,5736,57
4,5737,64
4,5738,89
4,5739,186
4,5740,84
4,5741,109
4,5742,128
4,5743,57
4,5744,89
4,5745,108
4,5746,76
4,5747,160
4,5748,147
4,5749,-38
4,5750,185
4,5751,121
4,5752,102
4,5753,58
4,5754,160
4,5755,25
4,5756,102
4,5757,64
4,5758,154
4,5759,57
4,5760,103
4,5761,103
4,5762,167
4,5763,122
4,5764,64
4,5765,160
4,5766,109
4,5767,109
4,5768,96
4,5769,-7
4,5770,115
4,5771,57
4,5772,39
4,5773,211
4,5774,20
4,5775,39
4,5776,147
4,5777,173
4,5778,141
4,5779,76
4,5780,359
4,5781,64
4,5782,148
4,5783,115
4,5784,64
4,5785,64
4,5786,102
4,5787,71
4,5788,788
4,5789,102
4,5790,-45
4,5791,160
4,5792,83
4,5793,64
4,5794,57
4,5795,52
4,5796,198
4,5797,38
4,5798,115
4,5799,83
4,5800,64
4,5801,352
4,5802,813
4,5803,108
4,5804,90
4,5805,57
4,5806,147
4,5807,90
4,5808,64
4,5809,58
4,5810,122
4,5811,19
4,5812,135
4,5813,70
4,5814,154
4,5815,51
4,5816,262
4,5817,102
4,5818,70
4,5819,109
4,5820,166
4,5821,96
4,5822,116
4,5823,147
4,5824,89
4,5825,70
4,5826,64
4,5827,172
4,5828,64
4,5829,26
4,5830,109
4,5831,109
4,5832,154
4,5833,96
4,5834,198
4,5835,102
4,5836,166
4,5837,64
4,5838,-32
4,5839,160
4,5840,198
4,5841,90
4,5842,134
4,5843,180
4,5844,83
4,5845,19
4,5846,115
4,5847,122
4,5848,102
4,5849,109
4,5850,192
4,5851,115
4,5852,83
4,5853,122
4,5854,102
4,5855,121
4,5856,128
4,5857,109
4,5858,134
4,5859,166
4,5860,160
4,5861,70
4,5862,90
4,5863,160
4,5864,166
4,5865,64
4,5866,76
4,5867,103
4,5868,166
4,5869,90
4,5870,166
4,5871,147
4,5872,192
4,5873,134
4,5874,121
4,5875,64
4,5876,51
4,5877,58
4,5878,160
4,5879,147
4,5880,-32
4,5881,192
4,5882,103
4,5883,26
4,5884,102
4,5885,102
4,5886,70
4,5887,154
4,5888,71
4,5889,90
4,5890,70
4,5891,134
4,5892,122
4,5893,25
4,5894,109
4,5895,77
4,5896,160
4,5897,57
4,5898,172
4,5899,102
4,5900,76
4,5901,-32
4,5902,179
4,5903,135
4,5904,192
4,5905,90
4,5906,128
4,5907,102
4,5908,122
4,5909,90
4,5910,204
4,5911,256
4,5912,108
4,5913,90
4,5914,19
4,5915,153
4,5916,102
4,5917,64
4,5918,140
4,5919,64
4,5920,90
4,5921,115
4,5922,140
4,5923,263
4,5924,96
4,5925,70
4,5926,166
4,5927,109
4,5928,70
4,5929,77
4,5930,160
4,5931,160
4,5932,167
4,5933,134
4,5934,185
4,5935,102
4,5936,83
4,5937,64
4,5938,96
4,5939,96
4,5940,90
4,5941,58
4,5942,32
4,5943,96
4,5944,108
4,5945,160
4,5946,77
4,5947,205
4,5948,211
4,5949,102
4,5950,77
4,5951,71
4,5952,109
4,5953,45
4,5954,32
4,5955,103
4,5956,96
4,5957,103
4,5958,-51
4,5959,122
4,5960,115
4,5961,96
4,5962,108
4,5963,134
4,5964,122
4,5965,58
4,5966,102
4,5967,243
4,5968,64
4,5969,38
4,5970,173
4,5971,71
4,5972,83
4,5973,32
4,5974,51
4,5975,109
4,5976,160
4,5977,109
4,5978,173
4,5979,128
4,5980,173
4,5981,83
4,5982,160
4,5983,115
4,5984,166
4,5985,39
4,5986,64
4,5987,64
4,5988,115
4,5989,45
4,5990,-25
4,5991,76
4,5992,115
4,5993,57
4,5994,64
4,5995,70
4,5996,51
4,5997,128
4,5998,96
4,5999,19
4,6000,135
4,6001,-38
4,6002,64
4,6003,116
4,6004,32
4,6005,45
4,6006,26
4,6007,109
4,6008,89
4,6009,141
4,6010,58
4,6011,141
4,6012,76
4,6013,115
4,6014,90
4,6015,83
4,6016,-45
4,6017,115
4,6018,166
4,6019,377
4,6020,96
4,6021,-38
4,6022,147
4,6023,96
4,6024,154
4,6025,76
4,6026,167
4,6027,122
4,6028,128
4,6029,58
4,6030,64
4,6031,19
4,6032,154
4,6033,45
4,6034,64
4,6035,128
4,6036,115
4,6037,90
4,6038,288
4,6039,121
4,6040,154
4,6041,115
4,6042,83
4,6043,122
4,6044,800
4,6045,32
4,6046,64
4,6047,134
4,6048,167
4,6049,83
4,6050,141
4,6051,71
4,6052,115
4,6053,173
4,6054,115
4,6055,147
4,6056,70
4,6057,819
4,6058,217
4,6059,793
4,6060,154
4,6061,109
4,6062,198
4,6063,160
4,6064,-122
4,6065,39
4,6066,64
4,6067,122
4,6068,58
4,6069,359
4,6070,51
4,6071,83
4,6072,51
4,6073,103
4,6074,154
4,6075,154
4,6076,352
4,6077,103
4,6078,173
4,6079,256
4,6080,102
4,6081,64
4,6082,173
4,6083,71
4,6084,167
4,6085,218
4,6086,-12
4,6087,96
4,6088,90
4,6089,96
4,6090,166
4,6091,185
4,6092,121
4,6093,77
4,6094,116
4,6095,96
4,6096,154
4,6097,32
4,6098,103
4,6099,103
4,6100,32
4,6101,121
4,6102,166
4,6103,102
4,6104,128
4,6105,115
4,6106,115
4,6107,166
4,6108,70
4,6109,166
4,6110,64
4,6111,103
4,6112,70
4,6113,390
4,6114,313
4,6115,90
4,6116,77
4,6117,108
4,6118,83
4,6119,51
4,6120,102
4,6121,147
4,6122,26
4,6123,58
4,6124,-32
4,6125,179
4,6126,45
4,6127,108
4,6128,83
4,6129,121
4,6130,147
4,6131,154
4,6132,115
4,6133,-58
4,6134,173
4,6135,147
4,6136,84
4,6137,90
4,6138,38
4,6139,-218
4,6140,77
4,6141,83
4,6142,102
4,6143,70
4,6144,115
4,6145,70
4,6146,109
4,6147,204
4,6148,115
4,6149,135
4,6150,122
4,6151,141
4,6152,154
4,6153,89
4,6154,167
4,6155,121
4,6156,64
4,6157,58
4,6158,90
4,6159,103
4,6160,109
4,6161,147
4,6162,205
4,6163,192
4,6164,224
4,6165,147
4,6166,212
4,6167,140
4,6168,122
4,6169,90
4,6170,147
4,6171,173
4,6172,167
4,6173,122
4,6174,212
4,6175,89
4,6176,141
4,6177,-32
4,6178,-26
4,6179,83
4,6180,122
4,6181,122
4,6182,70
4,6183,89
4,6184,71
4,6185,122
4,6186,115
4,6187,256
4,6188,167
4,6189,140
4,6190,173
4,6191,160
4,6192,160
4,6193,108
4,6194,160
4,6195,32
4,6196,96
4,6197,166
4,6198,109
4,6199,77
4,6200,115
4,6201,77
4,6202,167
4,6203,179
4,6204,128
4,6205,51
4,6206,167
4,6207,-32
4,6208,83
4,6209,141
4,6210,166
4,6211,84
4,6212,173
4,6213,153
4,6214,128
4,6215,77
4,6216,83
4,6217,192
4,6218,359
4,6219,199
4,6220,116
4,6221,160
4,6222,167
4,6223,71
4,6224,90
4,6225,58
4,6226,58
4,6227,64
4,6228,167
4,6229,185
4,6230,58
4,6231,128
4,6232,64
4,6233,243
4,6234,147
4,6235,96
4,6236,64
4,6237,358
4,6238,109
4,6239,102
4,6240,115
4,6241,141
4,6242,116
4,6243,243
4,6244,103
4,6245,135
4,6246,134
4,6247,70
4,6248,141
4,6249,134
4,6250,198
4,6251,122
4,6252,148
4,6253,102
4,6254,154
4,6255,128
4,6256,103
4,6257,160
4,6258,154
4,6259,160
4,6260,186
4,6261,102
4,6262,83
4,6263,198
4,6264,96
4,6265,83
4,6266,121
4,6267,109
4,6268,160
4,6269,333
4,6270,128
4,6271,39
4,6272,83
4,6273,141
4,6274,192
4,6275,192
4,6276,173
4,6277,64
4,6278,103
4,6279,128
4,6280,70
4,6281,102
4,6282,167
4,6283,83
4,6284,64
4,6285,51
4,6286,90
4,6287,147
4,6288,115
4,6289,179
4,6290,90
4,6291,122
4,6292,77
4,6293,173
4,6294,179
4,6295,77
4,6296,115
4,6297,32
4,6298,71
4,6299,96
4,6300,787
4,6301,89
4,6302,128
4,6303,77
4,6304,44
4,6305,83
4,6306,90
4,6307,224
4,6308,58
4,6309,102
4,6310,115
4,6311,364
4,6312,90
4,6313,185
4,6314,787
4,6315,115
4,6316,102
4,6317,-51
4,6318,70
4,6319,90
4,6320,167
4,6321,90
4,6322,147
4,6323,51
4,6324,83
4,6325,51
4,6326,160
4,6327,109
4,6328,128
4,6329,121
4,6330,154
4,6331,192
4,6332,147
4,6333,153
4,6334,204
4,6335,166
4,6336,154
4,6337,96
4,6338,154
4,6339,288
4,6340,64
4,6341,160
4,6342,173
4,6343,160
4,6344,154
4,6345,154
4,6346,115
4,6347,173
4,6348,308
4,6349,44
4,6350,70
4,6351,160
4,6352,83
4,6353,25
4,6354,64
4,6355,77
4,6356,51
4,6357,58
4,6358,32
4,6359,160
4,6360,109
4,6361,19
4,6362,116
4,6363,109
4,6364,64
4,6365,115
4,6366,71
4,6367,153
4,6368,71
4,6369,115
4,6370,384
4,6371,51
4,6372,-39
4,6373,64
4,6374,109
4,6375,141
4,6376,90
4,6377,77
4,6378,90
4,6379,45
4,6380,70
4,6381,128
4,6382,128
4,6383,115
4,6384,39
4,6385,122
4,6386,173
4,6387,90
4,6388,135
4,6389,122
4,6390,166
4,6391,103
4,6392,115
4,6393,-7
4,6394,116
4,6395,147
4,6396,45
4,6397,96
4,6398,179
4,6399,83
4,6400,77
4,6401,109
4,6402,134
4,6403,77
4,6404,147
4,6405,141
4,6406,204
4,6407,160
4,6408,205
4,6409,89
4,6410,154
4,6411,122
4,6412,38
4,6413,128
4,6414,134
4,6415,121
4,6416,141
4,6417,147
4,6418,115
4,6419,173
4,6420,134
4,6421,102
4,6422,167
4,6423,122
4,6424,58
4,6425,45
4,6426,32
4,6427,83
4,6428,83
4,6429,45
4,6430,77
4,6431,185
4,6432,115
4,6433,128
4,6434,76
4,6435,64
4,6436,70
4,6437,96
4,6438,364
4,6439,115
4,6440,44
4,6441,141
4,6442,166
4,6443,179
4,6444,160
4,6445,109
4,6446,160
4,6447,128
4,6448,70
4,6449,134
4,6450,148
4,6451,109
4,6452,64
4,6453,314
4,6454,166
4,6455,103
4,6456,122
4,6457,109
4,6458,147
4,6459,198
4,6460,205
4,6461,199
4,6462,128
4,6463,160
4,6464,135
4,6465,58
4,6466,64
4,6467,122
4,6468,116
4,6469,237
4,6470,122
4,6471,26
4,6472,141
4,6473,140
4,6474,116
4,6475,-32
4,6476,211
4,6477,179
4,6478,160
4,6479,83
4,6480,-45
4,6481,128
4,6482,192
4,6483,116
4,6484,160
4,6485,134
4,6486,84
4,6487,51
4,6488,122
4,6489,109
4,6490,224
4,6491,96
4,6492,38
4,6493,218
4,6494,128
4,6495,102
4,6496,256
4,6497,109
4,6498,90
4,6499,70
4,6500,141
4,6501,83
4,6502,409
4,6503,26
4,6504,153
4,6505,96
4,6506,83
4,6507,84
4,6508,90
4,6509,51
4,6510,147
4,6511,128
4,6512,109
4,6513,102
4,6514,51
4,6515,147
4,6516,51
4,6517,58
4,6518,371
4,6519,109
4,6520,77
4,6521,57
4,6522,205
4,6523,180
4,6524,103
4,6525,160
4,6526,160
4,6527,64
4,6528,109
4,6529,64
4,6530,128
4,6531,57
4,6532,167
4,6533,44
4,6534,192
4,6535,122
4,6536,0
4,6537,51
4,6538,71
4,6539,32
4,6540,211
4,6541,153
4,6542,77
4,6543,64
4,6544,128
4,6545,32
4,6546,64
4,6547,108
4,6548,103
4,6549,-32
4,6550,237
4,6551,148
4,6552,57
4,6553,102
4,6554,90
4,6555,115
4,6556,1011
4,6557,192
4,6558,64
4,6559,103
4,6560,172
4,6561,141
4,6562,64
4,6563,83
4,6564,109
4,6565,-25
4,6566,179
4,6567,116
4,6568,96
4,6569,819
4,6570,179
4,6571,781
4,6572,153
4,6573,83
4,6574,154
4,6575,141
4,6576,51
4,6577,32
4,6578,64
4,6579,57
4,6580,102
4,6581,108
4,6582,115
4,6583,70
4,6584,167
4,6585,96
4,6586,262
4,6587,121
4,6588,44
4,6589,108
4,6590,102
4,6591,64
4,6592,109
4,6593,32
4,6594,89
4,6595,25
4,6596,70
4,6597,365
4,6598,96
4,6599,70
4,6600,71
4,6601,51
4,6602,51
4,6603,128
4,6604,77
4,6605,109
4,6606,70
4,6607,134
4,6608,-147
4,6609,58
4,6610,26
4,6611,64
4,6612,71
4,6613,51
4,6614,167
4,6615,141
4,6616,109
4,6617,102
4,6618,147
4,6619,77
4,6620,115
4,6621,38
4,6622,378
4,6623,128
4,6624,96
4,6625,115
4,6626,121
4,6627,141
4,6628,71
4,6629,32
4,6630,102
4,6631,122
4,6632,77
4,6633,128
4,6634,160
4,6635,-38
4,6636,141
4,6637,116
4,6638,269
4,6639,52
4,6640,51
4,6641,96
4,6642,237
4,6643,102
4,6644,236
4,6645,160
4,6646,109
4,6647,122
4,6648,89
4,6649,160
4,6650,115
4,6651,96
4,6652,83
4,6653,70
4,6654,64
4,6655,64
4,6656,121
4,6657,153
4,6658,115
4,6659,109
4,6660,153
4,6661,108
4,6662,140
4,6663,115
4,6664,154
4,6665,115
4,6666,122
4,6667,13
4,6668,19
4,6669,108
4,6670,404
4,6671,128
4,6672,51
4,6673,52
4,6674,166
4,6675,115
4,6676,377
4,6677,172
4,6678,128
4,6679,115
4,6680,141
4,6681,26
4,6682,217
4,6683,51
4,6684,147
4,6685,109
4,6686,64
4,6687,153
4,6688,185
4,6689,-64
4,6690,38
4,6691,116
4,6692,409
4,6693,205
4,6694,115
4,6695,52
4,6696,102
4,6697,103
4,6698,115
4,6699,102
4,6700,166
4,6701,148
4,6702,166
4,6703,77
4,6704,109
4,6705,51
4,6706,77
4,6707,32
4,6708,102
4,6709,89
4,6710,160
4,6711,116
4,6712,116
4,6713,147
4,6714,160
4,6715,121
4,6716,64
4,6717,173
4,6718,122
4,6719,109
4,6720,103
4,6721,64
4,6722,-32
4,6723,96
4,6724,-38
4,6725,102
4,6726,212
4,6727,122
4,6728,58
4,6729,122
4,6730,64
4,6731,154
4,6732,192
4,6733,70
4,6734,115
4,6735,217
4,6736,122
4,6737,32
4,6738,58
4,6739,77
4,6740,64
4,6741,173
4,6742,166
4,6743,371
4,6744,64
4,6745,102
4,6746,198
4,6747,115
4,6748,103
4,6749,89
4,6750,160
4,6751,102
4,6752,141
4,6753,64
4,6754,166
4,6755,173
4,6756,102
4,6757,160
4,6758,109
4,6759,141
4,6760,172
4,6761,64
4,6762,147
4,6763,160
4,6764,58
4,6765,160
4,6766,109
4,6767,77
4,6768,122
4,6769,102
4,6770,89
4,6771,371
4,6772,77
4,6773,45
4,6774,32
4,6775,102
4,6776,122
4,6777,352
4,6778,64
4,6779,64
4,6780,38
4,6781,58
4,6782,52
4,6783,121
4,6784,52
4,6785,160
4,6786,116
4,6787,166
4,6788,160
4,6789,141
4,6790,172
4,6791,320
4,6792,64
4,6793,160
4,6794,109
4,6795,70
4,6796,135
4,6797,109
4,6798,57
4,6799,76
4,6800,115
4,6801,256
4,6802,96
4,6803,-307
4,6804,77
4,6805,141
4,6806,192
4,6807,154
4,6808,-57
4,6809,64
4,6810,154
4,6811,89
4,6812,813
4,6813,45
4,6814,64
4,6815,109
4,6816,64
4,6817,51
4,6818,57
4,6819,89
4,6820,83
4,6821,109
4,6822,19
4,6823,26
4,6824,-45
4,6825,153
4,6826,800
4,6827,115
4,6828,115
4,6829,154
4,6830,83
4,6831,122
4,6832,103
4,6833,116
4,6834,160
4,6835,103
4,6836,51
4,6837,90
4,6838,52
4,6839,103
4,6840,378
4,6841,160
4,6842,103
4,6843,160
4,6844,173
4,6845,-32
4,6846,186
4,6847,83
4,6848,116
4,6849,70
4,6850,141
4,6851,51
4,6852,51
4,6853,64
4,6854,179
4,6855,134
4,6856,154
4,6857,160
4,6858,77
4,6859,122
4,6860,172
4,6861,116
4,6862,89
4,6863,122
4,6864,160
4,6865,51
4,6866,38
4,6867,77
4,6868,32
4,6869,154
4,6870,45
4,6871,83
4,6872,128
4,6873,-39
4,6874,153
4,6875,109
4,6876,147
4,6877,58
4,6878,166
4,6879,121
4,6880,166
4,6881,71
4,6882,211
4,6883,96
4,6884,198
4,6885,231
4,6886,89
4,6887,64
4,6888,96
4,6889,44
4,6890,19
4,6891,83
4,6892,57
4,6893,90
4,6894,58
4,6895,96
4,6896,51
4,6897,211
4,6898,167
4,6899,115
4,6900,108
4,6901,160
4,6902,83
4,6903,122
4,6904,71
4,6905,-32
4,6906,128
4,6907,122
4,6908,-25
4,6909,58
4,6910,64
4,6911,83
4,6912,384
4,6913,102
4,6914,128
4,6915,122
4,6916,166
4,6917,134
4,6918,198
4,6919,-51
4,6920,185
4,6921,90
4,6922,96
4,6923,115
4,6924,-19
4,6925,96
4,6926,128
4,6927,141
4,6928,186
4,6929,147
4,6930,121
4,6931,192
4,6932,70
4,6933,109
4,6934,179
4,6935,96
4,6936,83
4,6937,32
4,6938,84
4,6939,122
4,6940,166
4,6941,57
4,6942,486
4,6943,172
4,6944,122
4,6945,96
4,6946,83
4,6947,167
4,6948,179
4,6949,51
4,6950,199
4,6951,128
4,6952,71
4,6953,90
4,6954,154
4,6955,160
4,6956,224
4,6957,134
4,6958,64
4,6959,77
4,6960,108
4,6961,134
4,6962,96
4,6963,-39
4,6964,89
4,6965,-243
4,6966,122
4,6967,135
4,6968,185
4,6969,166
4,6970,122
4,6971,167
4,6972,160
4,6973,103
4,6974,64
4,6975,212
4,6976,77
4,6977,102
4,6978,160
4,6979,109
4,6980,39
4,6981,186
4,6982,26
4,6983,115
4,6984,38
4,6985,103
4,6986,160
4,6987,134
4,6988,96
4,6989,77
4,6990,70
4,6991,166
4,6992,115
4,6993,51
4,6994,96
4,6995,167
4,6996,205
4,6997,160
4,6998,77
4,6999,70
4,7000,116
4,7001,64
4,7002,128
4,7003,141
4,7004,167
4,7005,32
4,7006,70
4,7007,-32
4,7008,154
4,7009,39
4,7010,115
4,7011,64
4,7012,64
4,7013,32
4,7014,147
4,7015,76
4,7016,96
4,7017,58
4,7018,160
4,7019,83
4,7020,108
4,7021,77
4,7022,52
4,7023,70
4,7024,71
4,7025,89
4,7026,108
4,7027,96
4,7028,109
4,7029,57
4,7030,26
4,7031,84
4,7032,70
4,7033,135
4,7034,-128
4,7035,148
4,7036,115
4,7037,147
4,7038,70
4,7039,83
4,7040,122
4,7041,64
4,7042,237
4,7043,96
4,7044,109
4,7045,-26
4,7046,122
4,7047,77
4,7048,45
4,7049,64
4,7050,90
4,7051,115
4,7052,167
4,7053,121
4,7054,109
4,7055,185
4,7056,90
4,7057,192
4,7058,39
4,7059,339
4,7060,71
4,7061,83
4,7062,173
4,7063,90
4,7064,141
4,7065,154
4,7066,-26
4,7067,243
4,7068,800
4,7069,211
4,7070,308
4,7071,218
4,7072,134
4,7073,-39
4,7074,134
4,7075,57
4,7076,122
4,7077,153
4,7078,167
4,7079,167
4,7080,358
4,7081,851
4,7082,326
4,7083,761
4,7084,135
4,7085,192
4,7086,237
4,7087,141
4,7088,128
4,7089,70
4,7090,51
4,7091,77
4,7092,281
4,7093,-26
4,7094,186
4,7095,109
4,7096,122
4,7097,51
4,7098,377
4,7099,115
4,7100,212
4,7101,160
4,7102,390
4,7103,70
4,7104,115
4,7105,58
4,7106,70
4,7107,39
4,7108,64
4,7109,51
4,7110,64
4,7111,115
4,7112,70
4,7113,141
4,7114,26
4,7115,109
4,7116,166
4,7117,384
4,7118,51
4,7119,-32
4,7120,186
4,7121,26
4,7122,64
4,7123,45
4,7124,326
4,7125,70
4,7126,71
4,7127,77
4,7128,122
4,7129,359
4,7130,116
4,7131,-64
4,7132,179
4,7133,64
4,7134,57
4,7135,199
4,7136,166
4,7137,109
4,7138,211
4,7139,71
4,7140,58
4,7141,58
4,7142,166
4,7143,205
4,7144,76
4,7145,109
4,7146,71
4,7147,135
4,7148,134
4,7149,103
4,7150,71
4,7151,102
4,7152,115
4,7153,102
4,7154,83
4,7155,116
4,7156,147
4,7157,96
4,7158,147
4,7159,122
4,7160,90
4,7161,25
4,7162,77
4,7163,89
4,7164,109
4,7165,96
4,7166,109
4,7167,19
4,7168,116
4,7169,58
4,7170,71
4,7171,160
4,7172,128
4,7173,160
4,7174,192
4,7175,160
4,7176,115
4,7177,102
4,7178,102
4,7179,96
4,7180,64
4,7181,212
4,7182,64
4,7183,148
4,7184,64
4,7185,58
4,7186,153
4,7187,160
4,7188,167
4,7189,121
4,7190,192
4,7191,326
4,7192,115
4,7193,122
4,7194,64
4,7195,-243
4,7196,128
4,7197,128
4,7198,128
4,7199,128
4,7200,109
4,7201,64
4,7202,70
4,7203,300
4,7204,83
4,7205,51
4,7206,89
4,7207,83
4,7208,64
4,7209,-19
4,7210,147
4,7211,166
4,7212,211
4,7213,115
4,7214,199
4,7215,147
4,7216,179
4,7217,102
4,7218,77
4,7219,103
4,7220,76
4,7221,77
4,7222,154
4,7223,160
4,7224,-38
4,7225,173
4,7226,198
4,7227,128
4,7228,64
4,7229,76
4,7230,32
4,7231,147
4,7232,160
4,7233,70
4,7234,109
4,7235,109
4,7236,109
4,7237,51
4,7238,109
4,7239,64
4,7240,71
4,7241,115
4,7242,153
4,7243,230
4,7244,115
4,7245,71
4,7246,199
4,7247,122
4,7248,166
4,7249,58
4,7250,19
4,7251,160
4,7252,102
4,7253,90
4,7254,83
4,7255,372
4,7256,57
4,7257,134
4,7258,121
4,7259,64
4,7260,160
4,7261,256
4,7262,77
4,7263,83
4,7264,64
4,7265,83
4,7266,205
4,7267,116
4,7268,154
4,7269,70
4,7270,179
4,7271,109
4,7272,134
4,7273,32
4,7274,115
4,7275,160
4,7276,269
4,7277,32
4,7278,109
4,7279,122
4,7280,77
4,7281,186
4,7282,180
4,7283,199
4,7284,96
4,7285,102
4,7286,115
4,7287,115
4,7288,-52
4,7289,57
4,7290,134
4,7291,128
4,7292,108
4,7293,32
4,7294,77
4,7295,71
4,7296,96
4,7297,83
4,7298,179
4,7299,58
4,7300,167
4,7301,102
4,7302,147
4,7303,-44
4,7304,45
4,7305,102
4,7306,122
4,7307,90
4,7308,371
4,7309,51
4,7310,115
4,7311,109
4,7312,109
4,7313,262
4,7314,160
4,7315,192
4,7316,186
4,7317,211
4,7318,378
4,7319,96
4,7320,71
4,7321,32
4,7322,64
4,7323,103
4,7324,1344
4,7325,57
4,7326,167
4,7327,173
4,7328,32
4,7329,70
4,7330,64
4,7331,90
4,7332,115
4,7333,307
4,7334,25
4,7335,128
4,7336,115
4,7337,147
4,7338,1376
4,7339,211
4,7340,115
4,7341,115
4,7342,70
4,7343,109
4,7344,166
4,7345,96
4,7346,115
4,7347,103
4,7348,96
4,7349,147
4,7350,154
4,7351,109
4,7352,179
4,7353,147
4,7354,147
4,7355,160
4,7356,326
4,7357,115
4,7358,192
4,7359,192
4,7360,147
4,7361,96
4,7362,134
4,7363,70
4,7364,109
4,7365,167
4,7366,128
4,7367,58
4,7368,167
4,7369,102
4,7370,198
4,7371,173
4,7372,154
4,7373,51
4,7374,160
4,7375,160
4,7376,147
4,7377,51
4,7378,115
4,7379,70
4,7380,70
4,7381,358
4,7382,172
4,7383,77
4,7384,96
4,7385,134
4,7386,109
4,7387,103
4,7388,115
4,7389,115
4,7390,205
4,7391,115
4,7392,154
4,7393,115
4,7394,109
4,7395,-32
4,7396,282
4,7397,173
4,7398,109
4,7399,166
4,7400,109
4,7401,39
4,7402,115
4,7403,20
4,7404,96
4,7405,51
4,7406,147
4,7407,32
4,7408,96
4,7409,166
4,7410,121
4,7411,70
4,7412,115
4,7413,108
4,7414,58
4,7415,77
4,7416,173
4,7417,25
4,7418,116
4,7419,218
4,7420,134
4,7421,128
4,7422,160
4,7423,115
4,7424,115
4,7425,121
4,7426,64
4,7427,109
4,7428,58
4,7429,96
4,7430,57
4,7431,109
4,7432,115
4,7433,134
4,7434,147
4,7435,83
4,7436,83
4,7437,83
4,7438,103
4,7439,-64
4,7440,-13
4,7441,76
4,7442,102
4,7443,135
4,7444,96
4,7445,96
4,7446,230
4,7447,103
4,7448,89
4,7449,32
4,7450,58
4,7451,25
4,7452,58
4,7453,96
4,7454,172
4,7455,58
4,7456,64
4,7457,134
4,7458,116
4,7459,173
4,7460,58
4,7461,51
4,7462,160
4,7463,108
4,7464,26
4,7465,185
4,7466,109
4,7467,-64
4,7468,147
4,7469,153
4,7470,115
4,7471,237
4,7472,109
4,7473,-19
4,7474,147
4,7475,166
4,7476,115
4,7477,160
4,7478,166
4,7479,122
4,7480,128
4,7481,70
4,7482,115
4,7483,186
4,7484,167
4,7485,135
4,7486,-51
4,7487,167
4,7488,141
4,7489,64
4,7490,64
4,7491,96
4,7492,141
4,7493,109
4,7494,128
4,7495,109
4,7496,122
4,7497,205
4,7498,198
4,7499,64
4,7500,115
4,7501,109
4,7502,384
4,7503,154
4,7504,115
4,7505,102
4,7506,96
4,7507,58
4,7508,160
4,7509,64
4,7510,167
4,7511,103
4,7512,167
4,7513,378
4,7514,217
4,7515,70
4,7516,211
4,7517,71
4,7518,102
4,7519,77
4,7520,57
4,7521,320
4,7522,134
4,7523,71
4,7524,166
4,7525,90
4,7526,58
4,7527,26
4,7528,109
4,7529,39
4,7530,167
4,7531,122
4,7532,153
4,7533,109
4,7534,38
4,7535,141
4,7536,109
4,7537,103
4,7538,160
4,7539,109
4,7540,84
4,7541,90
4,7542,218
4,7543,192
4,7544,57
4,7545,83
4,7546,141
4,7547,134
4,7548,115
4,7549,102
4,7550,-13
4,7551,384
4,7552,77
4,7553,64
4,7554,116
4,7555,83
4,7556,135
4,7557,64
4,7558,83
4,7559,128
4,7560,102
4,7561,71
4,7562,148
4,7563,122
4,7564,115
4,7565,116
4,7566,96
4,7567,71
4,7568,173
4,7569,154
4,7570,179
4,7571,122
4,7572,70
4,7573,76
4,7574,172
4,7575,160
4,7576,39
4,7577,70
4,7578,153
4,7579,83
4,7580,794
4,7581,122
4,7582,179
4,7583,205
4,7584,83
4,7585,70
4,7586,77
4,7587,115
4,7588,365
4,7589,64
4,7590,26
4,7591,115
4,7592,-45
4,7593,812
4,7594,141
4,7595,775
4,7596,115
4,7597,115
4,7598,64
4,7599,83
4,7600,115
4,7601,25
4,7602,58
4,7603,45
4,7604,45
4,7605,90
4,7606,39
4,7607,281
4,7608,77
4,7609,109
4,7610,185
4,7611,115
4,7612,179
4,7613,173
4,7614,64
4,7615,109
4,7616,96
4,7617,58
4,7618,96
4,7619,352
4,7620,160
4,7621,166
4,7622,186
4,7623,26
4,7624,179
4,7625,301
4,7626,173
4,7627,109
4,7628,160
4,7629,39
4,7630,58
4,7631,64
4,7632,109
4,7633,25
4,7634,167
4,7635,70
4,7636,84
4,7637,102
4,7638,166
4,7639,160
4,7640,109
4,7641,211
4,7642,199
4,7643,109
4,7644,71
4,7645,320
4,7646,-64
4,7647,134
4,7648,135
4,7649,153
4,7650,211
4,7651,109
4,7652,-44
4,7653,218
4,7654,186
4,7655,134
4,7656,179
4,7657,231
4,7658,103
4,7659,77
4,7660,116
4,7661,115
4,7662,205
4,7663,90
4,7664,45
4,7665,77
4,7666,121
4,7667,160
4,7668,148
4,7669,160
4,7670,160
4,7671,128
4,7672,102
4,7673,-45
4,7674,185
4,7675,64
4,7676,71
4,7677,83
4,7678,345
4,7679,154
4,7680,45
4,7681,160
4,7682,64
4,7683,199
4,7684,154
4,7685,96
4,7686,102
4,7687,243
4,7688,83
4,7689,51
4,7690,83
4,7691,109
4,7692,58
4,7693,179
4,7694,45
4,7695,109
4,7696,76
4,7697,116
4,7698,122
4,7699,173
4,7700,173
4,7701,166
4,7702,307
4,7703,76
4,7704,70
4,7705,32
4,7706,166
4,7707,70
4,7708,19
4,7709,51
4,7710,166
4,7711,134
4,7712,186
4,7713,64
4,7714,365
4,7715,109
4,7716,52
4,7717,51
4,7718,128
4,7719,243
4,7720,108
4,7721,115
4,7722,96
4,7723,115
4,7724,154
4,7725,64
4,7726,-51
4,7727,135
4,7728,64
4,7729,32
4,7730,314
4,7731,26
4,7732,84
4,7733,45
4,7734,121
4,7735,-58
4,7736,173
4,7737,116
4,7738,122
4,7739,134
4,7740,371
4,7741,109
4,7742,128
4,7743,83
4,7744,128
4,7745,52
4,7746,26
4,7747,12
4,7748,96
4,7749,96
4,7750,64
4,7751,134
4,7752,121
4,7753,147
4,7754,116
4,7755,122
4,7756,205
4,7757,160
4,7758,58
4,7759,116
4,7760,384
4,7761,102
4,7762,58
4,7763,109
4,7764,116
4,7765,147
4,7766,76
4,7767,26
4,7768,58
4,7769,109
4,7770,153
4,7771,153
4,7772,121
4,7773,109
4,7774,153
4,7775,160
4,7776,108
4,7777,109
4,7778,172
4,7779,135
4,7780,167
4,7781,64
4,7782,116
4,7783,154
4,7784,186
4,7785,167
4,7786,109
4,7787,205
4,7788,166
4,7789,57
4,7790,154
4,7791,115
4,7792,96
4,7793,122
4,7794,160
4,7795,64
4,7796,166
4,7797,109
4,7798,51
4,7799,-128
4,7800,122
4,7801,51
4,7802,32
4,7803,128
4,7804,51
4,7805,77
4,7806,141
4,7807,83
4,7808,115
4,7809,115
4,7810,115
4,7811,116
4,7812,122
4,7813,64
4,7814,332
4,7815,83
4,7816,58
4,7817,84
4,7818,128
4,7819,115
4,7820,-32
4,7821,115
4,7822,51
4,7823,115
4,7824,122
4,7825,128
4,7826,83
4,7827,160
4,7828,167
4,7829,-70
4,7830,115
4,7831,141
4,7832,45
4,7833,128
4,7834,45
4,7835,108
4,7836,832
4,7837,83
4,7838,128
4,7839,89
4,7840,70
4,7841,90
4,7842,77
4,7843,160
4,7844,57
4,7845,58
4,7846,64
4,7847,115
4,7848,116
4,7849,154
4,7850,800
4,7851,186
4,7852,70
4,7853,64
4,7854,192
4,7855,154
4,7856,172
4,7857,83
4,7858,96
4,7859,52
4,7860,64
4,7861,64
4,7862,-51
4,7863,186
4,7864,45
4,7865,128
4,7866,108
4,7867,-45
4,7868,135
4,7869,167
4,7870,109
4,7871,122
4,7872,179
4,7873,160
4,7874,96
4,7875,109
4,7876,51
4,7877,166
4,7878,109
4,7879,122
4,7880,154
4,7881,102
4,7882,128
4,7883,115
4,7884,83
4,7885,141
4,7886,122
4,7887,109
4,7888,172
4,7889,-25
4,7890,128
4,7891,76
4,7892,89
4,7893,186
4,7894,147
4,7895,109
4,7896,57
4,7897,173
4,7898,218
4,7899,160
4,7900,51
4,7901,109
4,7902,160
4,7903,172
4,7904,173
4,7905,115
4,7906,135
4,7907,109
4,7908,45
4,7909,96
4,7910,32
4,7911,115
4,7912,58
4,7913,32
4,7914,32
4,7915,64
4,7916,154
4,7917,109
4,7918,140
4,7919,211
4,7920,166
4,7921,102
4,7922,211
4,7923,64
4,7924,147
4,7925,-26
4,7926,236
4,7927,115
4,7928,141
4,7929,134
4,7930,352
4,7931,25
4,7932,77
4,7933,154
4,7934,83
4,7935,58
4,7936,51
4,7937,45
4,7938,57
4,7939,96
4,7940,122
4,7941,167
4,7942,180
4,7943,109
4,7944,96
4,7945,45
4,7946,96
4,7947,71
4,7948,70
4,7949,96
4,7950,167
4,7951,167
4,7952,121
4,7953,64
4,7954,89
4,7955,64
4,7956,192
4,7957,70
4,7958,160
4,7959,90
4,7960,115
4,7961,71
4,7962,179
4,7963,-64
4,7964,128
4,7965,58
4,7966,141
4,7967,108
4,7968,57
4,7969,-38
4,7970,77
4,7971,45
4,7972,96
4,7973,102
4,7974,179
4,7975,109
4,7976,64
4,7977,51
4,7978,-13
4,7979,83
4,7980,96
4,7981,70
4,7982,-44
4,7983,339
4,7984,57
4,7985,160
4,7986,89
4,7987,115
4,7988,51
4,7989,109
4,7990,154
4,7991,102
4,7992,186
4,7993,70
4,7994,166
4,7995,154
4,7996,135
4,7997,51
4,7998,26
4,7999,109
4,8000,70
4,8001,45
4,8002,102
4,8003,96
4,8004,-51
4,8005,122
4,8006,102
4,8007,25
4,8008,51
4,8009,180
4,8010,212
4,8011,166
4,8012,76
4,8013,84
4,8014,167
4,8015,128
4,8016,173
4,8017,45
4,8018,26
4,8019,71
4,8020,224
4,8021,32
4,8022,122
4,8023,135
4,8024,70
4,8025,64
4,8026,128
4,8027,71
4,8028,134
4,8029,77
4,8030,115
4,8031,70
4,8032,141
4,8033,25
4,8034,96
4,8035,32
4,8036,154
4,8037,103
4,8038,83
4,8039,70
4,8040,32
4,8041,96
4,8042,108
4,8043,115
4,8044,115
4,8045,153
4,8046,58
4,8047,83
4,8048,186
4,8049,121
4,8050,77
4,8051,153
4,8052,160
4,8053,160
4,8054,77
4,8055,147
4,8056,83
4,8057,96
4,8058,122
4,8059,116
4,8060,147
4,8061,115
4,8062,371
4,8063,32
4,8064,96
4,8065,25
4,8066,103
4,8067,128
4,8068,102
4,8069,90
4,8070,-288
4,8071,51
4,8072,116
4,8073,45
4,8074,64
4,8075,205
4,8076,224
4,8077,109
4,8078,83
4,8079,224
4,8080,58
4,8081,256
4,8082,-25
4,8083,122
4,8084,64
4,8085,96
4,8086,109
4,8087,58
4,8088,96
4,8089,154
4,8090,70
4,8091,153
4,8092,832
4,8093,64
4,8094,372
4,8095,116
4,8096,45
4,8097,51
4,8098,108
4,8099,26
4,8100,58
4,8101,45
4,8102,96
4,8103,70
4,8104,186
4,8105,825
4,8106,154
4,8107,775
4,8108,140
4,8109,103
4,8110,96
4,8111,115
4,8112,205
4,8113,57
4,8114,147
4,8115,339
4,8116,77
4,8117,71
4,8118,166
4,8119,121
4,8120,122
4,8121,109
4,8122,109
4,8123,166
4,8124,90
4,8125,141
4,8126,147
4,8127,122
4,8128,122
4,8129,64
4,8130,147
4,8131,-26
4,8132,70
4,8133,115
4,8134,64
4,8135,20
4,8136,71
4,8137,51
4,8138,198
4,8139,38
4,8140,102
4,8141,71
4,8142,192
4,8143,326
4,8144,108
4,8145,51
4,8146,26
4,8147,102
4,8148,167
4,8149,57
4,8150,173
4,8151,160
4,8152,57
4,8153,141
4,8154,121
4,8155,128
4,8156,58
4,8157,160
4,8158,64
4,8159,115
4,8160,108
4,8161,57
4,8162,128
4,8163,134
4,8164,96
4,8165,275
4,8166,38
4,8167,160
4,8168,25
4,8169,103
4,8170,77
4,8171,154
4,8172,89
4,8173,64
4,8174,167
4,8175,173
4,8176,70
4,8177,77
4,8178,160
4,8179,96
4,8180,115
4,8181,135
4,8182,96
4,8183,51
4,8184,57
4,8185,38
4,8186,102
4,8187,64
4,8188,51
4,8189,173
4,8190,83
4,8191,77
4,8192,121
4,8193,77
4,8194,39
4,8195,-58
4,8196,160
4,8197,134
4,8198,173
4,8199,115
4,8200,115
4,8201,52
4,8202,108
4,8203,160
4,8204,371
4,8205,83
4,8206,83
4,8207,108
4,8208,167
4,8209,167
4,8210,166
4,8211,103
4,8212,109
4,8213,109
4,8214,166
4,8215,109
4,8216,109
4,8217,122
4,8218,141
4,8219,64
4,8220,198
4,8221,45
4,8222,96
4,8223,32
4,8224,378
4,8225,26
4,8226,51
4,8227,19
4,8228,103
4,8229,58
4,8230,51
4,8231,198
4,8232,121
4,8233,115
4,8234,76
4,8235,96
4,8236,212
4,8237,57
4,8238,83
4,8239,128
4,8240,64
4,8241,57
4,8242,116
4,8243,160
4,8244,71
4,8245,185
4,8246,89
4,8247,192
4,8248,45
4,8249,102
4,8250,70
4,8251,109
4,8252,166
4,8253,83
4,8254,83
4,8255,90
4,8256,45
4,8257,109
4,8258,-32
4,8259,76
4,8260,115
4,8261,359
4,8262,58
4,8263,109
4,8264,70
4,8265,103
4,8266,141
4,8267,128
4,8268,-51
4,8269,64
4,8270,64
4,8271,160
4,8272,128
4,8273,64
4,8274,122
4,8275,71
4,8276,115
4,8277,109
4,8278,102
4,8279,108
4,8280,115
4,8281,135
4,8282,102
4,8283,115
4,8284,-44
4,8285,77
4,8286,96
4,8287,307
4,8288,122
4,8289,57
4,8290,115
4,8291,173
4,8292,109
4,8293,64
4,8294,115
4,8295,147
4,8296,122
4,8297,51
4,8298,26
4,8299,275
4,8300,147
4,8301,83
4,8302,77
4,8303,77
4,8304,378
4,8305,147
4,8306,141
4,8307,134
4,8308,128
4,8309,109
4,8310,128
4,8311,102
4,8312,205
4,8313,32
4,8314,83
4,8315,166
4,8316,64
4,8317,58
4,8318,160
4,8319,77
4,8320,89
4,8321,333
4,8322,115
4,8323,153
4,8324,172
4,8325,19
4,8326,147
4,8327,77
4,8328,83
4,8329,76
4,8330,115
4,8331,89
4,8332,96
4,8333,45
4,8334,326
4,8335,128
4,8336,109
4,8337,166
4,8338,192
4,8339,205
4,8340,122
4,8341,-58
4,8342,135
4,8343,109
4,8344,58
4,8345,115
4,8346,83
4,8347,32
4,8348,813
4,8349,51
4,8350,186
4,8351,103
4,8352,45
4,8353,-32
4,8354,147
4,8355,57
4,8356,19
4,8357,-39
4,8358,128
4,8359,26
4,8360,116
4,8361,96
4,8362,800
4,8363,262
4,8364,147
4,8365,211
4,8366,160
4,8367,167
4,8368,77
4,8369,58
4,8370,64
4,8371,96
4,8372,38
4,8373,38
4,8374,115
4,8375,173
4,8376,109
4,8377,128
4,8378,135
4,8379,198
4,8380,115
4,8381,89
4,8382,115
4,8383,166
4,8384,153
4,8385,58
4,8386,109
4,8387,154
4,8388,51
4,8389,108
4,8390,89
4,8391,96
4,8392,64
4,8393,89
4,8394,109
4,8395,115
4,8396,122
4,8397,90
4,8398,237
4,8399,90
4,8400,89
4,8401,51
4,8402,89
4,8403,96
4,8404,39
4,8405,64
4,8406,102
4,8407,83
4,8408,13
4,8409,102
4,8410,96
4,8411,-44
4,8412,77
4,8413,166
4,8414,275
4,8415,134
4,8416,167
4,8417,58
4,8418,172
4,8419,26
4,8420,102
4,8421,103
4,8422,166
4,8423,140
4,8424,96
4,8425,25
4,8426,52
4,8427,96
4,8428,134
4,8429,122
4,8430,179
4,8431,141
4,8432,108
4,8433,154
4,8434,153
4,8435,121
4,8436,77
4,8437,96
4,8438,96
4,8439,128
4,8440,199
4,8441,32
4,8442,32
4,8443,-51
4,8444,116
4,8445,71
4,8446,-26
4,8447,103
4,8448,115
4,8449,109
4,8450,148
4,8451,64
4,8452,109
4,8453,-45
4,8454,237
4,8455,186
4,8456,115
4,8457,32
4,8458,160
4,8459,134
4,8460,121
4,8461,58
4,8462,25
4,8463,102
4,8464,160
4,8465,64
4,8466,70
4,8467,128
4,8468,89
4,8469,103
4,8470,96
4,8471,128
4,8472,122
4,8473,58
4,8474,26
4,8475,90
4,8476,32
4,8477,359
4,8478,167
4,8479,-64
4,8480,134
4,8481,38
4,8482,57
4,8483,115
4,8484,115
4,8485,51
4,8486,45
4,8487,102
4,8488,90
4,8489,71
4,8490,160
4,8491,160
4,8492,121
4,8493,-38
4,8494,346
4,8495,109
4,8496,109
4,8497,32
4,8498,83
4,8499,115
4,8500,58
4,8501,52
4,8502,115
4,8503,109
4,8504,57
4,8505,57
4,8506,160
4,8507,122
4,8508,166
4,8509,57
4,8510,70
4,8511,103
4,8512,160
4,8513,51
4,8514,128
4,8515,269
4,8516,-39
4,8517,45
4,8518,109
4,8519,108
4,8520,89
4,8521,141
4,8522,147
4,8523,205
4,8524,58
4,8525,122
4,8526,57
4,8527,147
4,8528,96
4,8529,51
4,8530,45
4,8531,-32
4,8532,77
4,8533,25
4,8534,122
4,8535,64
4,8536,109
4,8537,115
4,8538,205
4,8539,115
4,8540,134
4,8541,-20
4,8542,186
4,8543,102
4,8544,115
4,8545,83
4,8546,166
4,8547,122
4,8548,45
4,8549,102
4,8550,128
4,8551,115
4,8552,377
4,8553,109
4,8554,51
4,8555,57
4,8556,58
4,8557,83
4,8558,96
4,8559,102
4,8560,166
4,8561,109
4,8562,115
4,8563,-26
4,8564,128
4,8565,115
4,8566,154
4,8567,134
4,8568,64
4,8569,64
4,8570,332
4,8571,205
4,8572,51
4,8573,148
4,8574,58
4,8575,115
4,8576,96
4,8577,115
4,8578,102
4,8579,83
4,8580,96
4,8581,-608
4,8582,57
4,8583,128
4,8584,179
4,8585,166
4,8586,32
4,8587,154
4,8588,128
4,8589,116
4,8590,90
4,8591,128
4,8592,96
4,8593,70
4,8594,90
4,8595,102
4,8596,116
4,8597,115
4,8598,115
4,8599,160
4,8600,96
4,8601,339
4,8602,77
4,8603,109
4,8604,839
4,8605,108
4,8606,102
4,8607,58
4,8608,64
4,8609,52
4,8610,64
4,8611,32
4,8612,38
4,8613,45
4,8614,83
4,8615,77
4,8616,96
4,8617,794
4,8618,211
4,8619,1178
4,8620,77
4,8621,52
4,8622,205
4,8623,102
4,8624,76
4,8625,96
4,8626,115
4,8627,32
4,8628,116
4,8629,108
4,8630,115
4,8631,77
4,8632,154
4,8633,70
4,8634,108
4,8635,116
4,8636,122
4,8637,115
4,8638,108
4,8639,109
4,8640,71
4,8641,32
4,8642,160
4,8643,140
4,8644,154
4,8645,134
4,8646,71
4,8647,172
4,8648,109
4,8649,96
4,8650,179
4,8651,134
4,8652,116
4,8653,51
4,8654,115
4,8655,147
4,8656,160
4,8657,103
4,8658,64
4,8659,96
4,8660,115
4,8661,160
4,8662,186
4,8663,83
4,8664,109
4,8665,109
4,8666,102
4,8667,115
4,8668,109
4,8669,147
4,8670,167
4,8671,147
4,8672,115
4,8673,147
4,8674,179
4,8675,167
4,8676,71
4,8677,359
4,8678,167
4,8679,179
4,8680,109
4,8681,122
4,8682,160
4,8683,96
4,8684,57
4,8685,52
4,8686,39
4,8687,71
4,8688,-58
4,8689,147
4,8690,122
4,8691,160
4,8692,154
4,8693,83
4,8694,333
4,8695,77
4,8696,122
4,8697,109
4,8698,96
4,8699,77
4,8700,-13
4,8701,96
4,8702,192
4,8703,167
4,8704,128
4,8705,70
4,8706,116
4,8707,217
4,8708,77
4,8709,45
4,8710,128
4,8711,109
4,8712,64
4,8713,45
4,8714,115
4,8715,154
4,8716,32
4,8717,51
4,8718,83
4,8719,96
4,8720,263
4,8721,-51
4,8722,109
4,8723,77
4,8724,153
4,8725,134
4,8726,77
4,8727,141
4,8728,212
4,8729,147
4,8730,109
4,8731,115
4,8732,275
4,8733,51
4,8734,166
4,8735,160
4,8736,167
4,8737,32
4,8738,84
4,8739,102
4,8740,90
4,8741,166
4,8742,103
4,8743,115
4,8744,96
4,8745,109
4,8746,109
4,8747,166
4,8748,115
4,8749,58
4,8750,211
4,8751,122
4,8752,115
4,8753,352
4,8754,128
4,8755,109
4,8756,51
4,8757,121
4,8758,102
4,8759,115
4,8760,166
4,8761,135
4,8762,83
4,8763,135
4,8764,-38
4,8765,71
4,8766,96
4,8767,77
4,8768,372
4,8769,32
4,8770,58
4,8771,128
4,8772,147
4,8773,96
4,8774,58
4,8775,51
4,8776,64
4,8777,148
4,8778,116
4,8779,172
4,8780,83
4,8781,115
4,8782,122
4,8783,173
4,8784,134
4,8785,-45
4,8786,52
4,8787,51
4,8788,128
4,8789,166
4,8790,167
4,8791,109
4,8792,154
4,8793,173
4,8794,103
4,8795,64
4,8796,89
4,8797,186
4,8798,166
4,8799,128
4,8800,205
4,8801,84
4,8802,179
4,8803,115
4,8804,122
4,8805,45
4,8806,90
4,8807,116
4,8808,77
4,8809,109
4,8810,403
4,8811,77
4,8812,70
4,8813,45
4,8814,71
4,8815,109
4,8816,154
4,8817,51
4,8818,180
4,8819,89
4,8820,64
4,8821,57
4,8822,51
4,8823,115
4,8824,76
4,8825,109
4,8826,103
4,8827,358
4,8828,154
4,8829,45
4,8830,45
4,8831,57
4,8832,115
4,8833,52
4,8834,141
4,8835,84
4,8836,109
4,8837,25
4,8838,121
4,8839,109
4,8840,84
4,8841,211
4,8842,147
4,8843,141
4,8844,141
4,8845,64
4,8846,70
4,8847,212
4,8848,166
4,8849,83
4,8850,160
4,8851,153
4,8852,147
4,8853,109
4,8854,109
4,8855,64
4,8856,109
4,8857,77
4,8858,128
4,8859,121
4,8860,813
4,8861,45
4,8862,179
4,8863,102
4,8864,44
4,8865,44
4,8866,160
4,8867,147
4,8868,115
4,8869,109
4,8870,58
4,8871,109
4,8872,128
4,8873,141
4,8874,819
4,8875,147
4,8876,83
4,8877,198
4,8878,-32
4,8879,140
4,8880,70
4,8881,51
4,8882,109
4,8883,70
4,8884,115
4,8885,70
4,8886,64
4,8887,96
4,8888,128
4,8889,141
4,8890,-45
4,8891,140
4,8892,122
4,8893,115
4,8894,205
4,8895,121
4,8896,64
4,8897,352
4,8898,153
4,8899,121
4,8900,154
4,8901,192
4,8902,26
4,8903,135
4,8904,96
4,8905,90
4,8906,147
4,8907,-38
4,8908,128
4,8909,115
4,8910,-52
4,8911,205
4,8912,192
4,8913,-26
4,8914,186
4,8915,121
4,8916,371
4,8917,115
4,8918,115
4,8919,116
4,8920,122
4,8921,71
4,8922,167
4,8923,77
4,8924,109
4,8925,51
4,8926,192
4,8927,141
4,8928,199
4,8929,122
4,8930,134
4,8931,83
4,8932,166
4,8933,109
4,8934,192
4,8935,71
4,8936,109
4,8937,71
4,8938,-45
4,8939,45
4,8940,58
4,8941,89
4,8942,192
4,8943,-38
4,8944,83
4,8945,103
4,8946,160
4,8947,109
4,8948,-58
4,8949,84
4,8950,230
4,8951,64
4,8952,372
4,8953,102
4,8954,58
4,8955,115
4,8956,58
4,8957,64
4,8958,179
4,8959,115
4,8960,83
4,8961,103
4,8962,89
4,8963,160
4,8964,141
4,8965,103
4,8966,147
4,8967,103
4,8968,103
4,8969,192
4,8970,102
4,8971,128
4,8972,64
4,8973,51
4,8974,173
4,8975,167
4,8976,128
4,8977,64
4,8978,84
4,8979,365
4,8980,140
4,8981,96
4,8982,115
4,8983,109
4,8984,90
4,8985,45
4,8986,102
4,8987,166
4,8988,64
4,8989,76
4,8990,141
4,8991,84
4,8992,115
4,8993,32
4,8994,25
4,8995,32
4,8996,96
4,8997,154
4,8998,103
4,8999,51
4,9000,58
4,9001,115
4,9002,64
4,9003,153
4,9004,115
4,9005,102
4,9006,64
4,9007,109
4,9008,57
4,9009,102
4,9010,71
4,9011,96
4,9012,64
4,9013,64
4,9014,109
4,9015,115
4,9016,141
4,9017,103
4,9018,121
4,9019,160
4,9020,71
4,9021,103
4,9022,160
4,9023,70
4,9024,148
4,9025,51
4,9026,70
4,9027,76
4,9028,109
4,9029,128
4,9030,103
4,9031,109
4,9032,84
4,9033,148
4,9034,90
4,9035,166
4,9036,-25
4,9037,141
4,9038,96
4,9039,115
4,9040,179
4,9041,70
4,9042,135
4,9043,135
4,9044,32
4,9045,83
4,9046,70
4,9047,371
4,9048,64
4,9049,141
4,9050,128
4,9051,128
4,9052,102
4,9053,64
4,9054,70
4,9055,147
4,9056,102
4,9057,39
4,9058,51
4,9059,26
4,9060,58
4,9061,70
4,9062,64
4,9063,128
4,9064,135
4,9065,102
4,9066,77
4,9067,96
4,9068,77
4,9069,358
4,9070,64
4,9071,90
4,9072,71
4,9073,51
4,9074,167
4,9075,77
4,9076,83
4,9077,115
4,9078,-25
4,9079,135
4,9080,58
4,9081,70
4,9082,140
4,9083,154
4,9084,64
4,9085,116
4,9086,26
4,9087,102
4,9088,71
4,9089,128
4,9090,147
4,9091,76
4,9092,364
4,9093,45
4,9094,192
4,9095,122
4,9096,102
4,9097,96
4,9098,166
4,9099,211
4,9100,-39
4,9101,128
4,9102,77
4,9103,115
4,9104,-45
4,9105,64
4,9106,135
4,9107,262
4,9108,64
4,9109,109
4,9110,-51
4,9111,116
4,9112,64
4,9113,358
4,9114,64
4,9115,96
4,9116,435
4,9117,128
4,9118,135
4,9119,160
4,9120,-12
4,9121,109
4,9122,32
4,9123,148
4,9124,108
4,9125,154
4,9126,121
4,9127,71
4,9128,211
4,9129,788
4,9130,205
4,9131,768
4,9132,198
4,9133,57
4,9134,199
4,9135,179
4,9136,147
4,9137,154
4,9138,77
4,9139,115
4,9140,64
4,9141,58
4,9142,77
4,9143,51
4,9144,217
4,9145,204
4,9146,121
4,9147,173
4,9148,96
4,9149,147
4,9150,192
4,9151,122
4,9152,71
4,9153,64
4,9154,51
4,9155,167
4,9156,64
4,9157,109
4,9158,64
4,9159,128
4,9160,109
4,9161,128
4,9162,70
4,9163,84
4,9164,282
4,9165,212
4,9166,205
4,9167,141
4,9168,115
4,9169,39
4,9170,109
4,9171,128
4,9172,70
4,9173,294
4,9174,108
4,9175,134
4,9176,103
4,9177,109
4,9178,109
4,9179,147
4,9180,167
4,9181,166
4,9182,134
4,9183,108
4,9184,58
4,9185,83
4,9186,115
4,9187,64
4,9188,70
4,9189,122
4,9190,121
4,9191,141
4,9192,115
4,9193,90
4,9194,64
4,9195,96
4,9196,64
4,9197,58
4,9198,115
4,9199,109
4,9200,45
4,9201,109
4,9202,121
4,9203,96
4,9204,116
4,9205,122
4,9206,192
4,9207,160
4,9208,77
4,9209,96
4,9210,116
4,9211,32
4,9212,108
4,9213,96
4,9214,359
4,9215,122
4,9216,109
4,9217,71
4,9218,121
4,9219,135
4,9220,96
4,9221,-39
4,9222,179
4,9223,147
4,9224,70
4,9225,90
4,9226,76
4,9227,103
4,9228,-45
4,9229,89
4,9230,121
4,9231,90
4,9232,44
4,9233,108
4,9234,115
4,9235,76
4,9236,128
4,9237,77
4,9238,-26
4,9239,179
4,9240,102
4,9241,371
4,9242,167
4,9243,167
4,9244,-45
4,9245,58
4,9246,121
4,9247,153
4,9248,83
4,9249,71
4,9250,160
4,9251,90
4,9252,109
4,9253,-39
4,9254,115
4,9255,173
4,9256,96
4,9257,198
4,9258,154
4,9259,211
4,9260,218
4,9261,141
4,9262,179
4,9263,121
4,9264,102
4,9265,-51
4,9266,186
4,9267,153
4,9268,13
4,9269,51
4,9270,141
4,9271,128
4,9272,64
4,9273,64
4,9274,102
4,9275,141
4,9276,122
4,9277,51
4,9278,173
4,9279,358
4,9280,128
4,9281,83
4,9282,77
4,9283,19
4,9284,51
4,9285,96
4,9286,154
4,9287,51
4,9288,167
4,9289,198
4,9290,141
4,9291,-58
4,9292,186
4,9293,115
4,9294,243
4,9295,19
4,9296,115
4,9297,32
4,9298,109
4,9299,102
4,9300,58
4,9301,102
4,9302,160
4,9303,64
4,9304,96
4,9305,179
4,9306,-39
4,9307,147
4,9308,115
4,9309,115
4,9310,128
4,9311,77
4,9312,115
4,9313,147
4,9314,179
4,9315,166
4,9316,403
4,9317,57
4,9318,58
4,9319,128
4,9320,371
4,9321,160
4,9322,160
4,9323,109
4,9324,83
4,9325,198
4,9326,135
4,9327,77
4,9328,160
4,9329,115
4,9330,160
4,9331,115
4,9332,70
4,9333,-51
4,9334,179
4,9335,135
4,9336,64
4,9337,32
4,9338,122
4,9339,116
4,9340,76
4,9341,58
4,9342,77
4,9343,57
4,9344,71
4,9345,147
4,9346,231
4,9347,128
4,9348,365
4,9349,121
4,9350,109
4,9351,58
4,9352,153
4,9353,96
4,9354,90
4,9355,45
4,9356,121
4,9357,70
4,9358,115
4,9359,109
4,9360,153
4,9361,198
4,9362,179
4,9363,154
4,9364,83
4,9365,108
4,9366,77
4,9367,57
4,9368,103
4,9369,359
4,9370,26
4,9371,26
4,9372,794
4,9373,109
4,9374,26
4,9375,90
4,9376,103
4,9377,51
4,9378,45
4,9379,116
4,9380,154
4,9381,96
4,9382,172
4,9383,160
4,9384,83
4,9385,90
4,9386,800
4,9387,90
4,9388,109
4,9389,83
4,9390,153
4,9391,103
4,9392,115
4,9393,109
4,9394,64
4,9395,70
4,9396,109
4,9397,109
4,9398,-217
4,9399,198
4,9400,116
4,9401,115
4,9402,109
4,9403,218
4,9404,58
4,9405,90
4,9406,102
4,9407,160
4,9408,109
4,9409,58
4,9410,141
4,9411,64
4,9412,96
4,9413,179
4,9414,89
4,9415,57
4,9416,83
4,9417,109
4,9418,109
4,9419,166
4,9420,166
4,9421,186
4,9422,-32
4,9423,116
4,9424,71
4,9425,141
4,9426,160
4,9427,122
4,9428,122
4,9429,115
4,9430,134
4,9431,83
4,9432,83
4,9433,320
4,9434,134
4,9435,141
4,9436,167
4,9437,-32
4,9438,256
4,9439,141
4,9440,185
4,9441,128
4,9442,90
4,9443,109
4,9444,64
4,9445,90
4,9446,44
4,9447,71
4,9448,141
4,9449,58
4,9450,64
4,9451,57
4,9452,108
4,9453,64
4,9454,102
4,9455,128
4,9456,167
4,9457,198
4,9458,167
4,9459,205
4,9460,38
4,9461,109
4,9462,103
4,9463,128
4,9464,153
4,9465,26
4,9466,84
4,9467,51
4,9468,64
4,9469,77
4,9470,166
4,9471,32
4,9472,44
4,9473,109
4,9474,154
4,9475,122
4,9476,172
4,9477,211
4,9478,71
4,9479,205
4,9480,128
4,9481,52
4,9482,51
4,9483,26
4,9484,90
4,9485,64
4,9486,148
4,9487,77
4,9488,96
4,9489,167
4,9490,71
4,9491,134
4,9492,-45
4,9493,103
4,9494,-301
4,9495,109
4,9496,45
4,9497,64
4,9498,76
4,9499,90
4,9500,45
4,9501,160
4,9502,128
4,9503,77
4,9504,71
4,9505,109
4,9506,128
4,9507,58
4,9508,45
4,9509,58
4,9510,51
4,9511,166
4,9512,83
4,9513,192
4,9514,153
4,9515,173
4,9516,115
4,9517,128
4,9518,160
4,9519,102
4,9520,128
4,9521,83
4,9522,173
4,9523,83
4,9524,122
4,9525,147
4,9526,173
4,9527,109
4,9528,115
4,9529,173
4,9530,179
4,9531,128
4,9532,70
4,9533,236
4,9534,211
4,9535,166
4,9536,115
4,9537,58
4,9538,70
4,9539,90
4,9540,44
4,9541,-39
4,9542,51
4,9543,172
4,9544,102
4,9545,115
4,9546,173
4,9547,173
4,9548,70
4,9549,154
4,9550,96
4,9551,205
4,9552,134
4,9553,70
4,9554,212
4,9555,109
4,9556,96
4,9557,135
4,9558,121
4,9559,64
4,9560,108
4,9561,109
4,9562,153
4,9563,109
4,9564,135
4,9565,109
4,9566,160
4,9567,77
4,9568,166
4,9569,70
4,9570,115
4,9571,51
4,9572,70
4,9573,89
4,9574,115
4,9575,314
4,9576,102
4,9577,115
4,9578,71
4,9579,32
4,9580,-44
4,9581,128
4,9582,76
4,9583,173
4,9584,122
4,9585,96
4,9586,128
4,9587,147
4,9588,154
4,9589,70
4,9590,32
4,9591,134
4,9592,109
4,9593,122
4,9594,134
4,9595,83
4,9596,96
4,9597,141
4,9598,51
4,9599,115
4,9600,51
4,9601,71
4,9602,70
4,9603,77
4,9604,108
4,9605,154
4,9606,359
4,9607,345
4,9608,96
4,9609,57
4,9610,147
4,9611,64
4,9612,58
4,9613,51
4,9614,128
4,9615,-64
4,9616,84
4,9617,38
4,9618,64
4,9619,96
4,9620,90
4,9621,115
4,9622,83
4,9623,32
4,9624,128
4,9625,115
4,9626,58
4,9627,147
4,9628,825
4,9629,204
4,9630,26
4,9631,160
4,9632,122
4,9633,51
4,9634,64
4,9635,108
4,9636,83
4,9637,96
4,9638,153
4,9639,89
4,9640,77
4,9641,800
4,9642,57
4,9643,845
4,9644,134
4,9645,140
4,9646,179
4,9647,109
4,9648,172
4,9649,77
4,9650,58
4,9651,192
4,9652,45
4,9653,109
4,9654,64
4,9655,204
4,9656,39
4,9657,109
4,9658,134
4,9659,141
4,9660,173
4,9661,141
4,9662,58
4,9663,141
4,9664,64
4,9665,64
4,9666,70
4,9667,32
4,9668,96
4,9669,167
4,9670,115
4,9671,122
4,9672,70
4,9673,45
4,9674,172
4,9675,320
4,9676,89
4,9677,135
4,9678,90
4,9679,128
4,9680,160
4,9681,71
4,9682,102
4,9683,167
4,9684,83
4,9685,134
4,9686,57
4,9687,211
4,9688,70
4,9689,77
4,9690,180
4,9691,121
4,9692,166
4,9693,115
4,9694,25
4,9695,103
4,9696,64
4,9697,346
4,9698,83
4,9699,128
4,9700,167
4,9701,166
4,9702,109
4,9703,90
4,9704,70
4,9705,160
4,9706,122
4,9707,51
4,9708,-45
4,9709,153
4,9710,109
4,9711,-45
4,9712,173
4,9713,205
4,9714,147
4,9715,147
4,9716,90
4,9717,122
4,9718,96
4,9719,122
4,9720,141
4,9721,64
4,9722,384
4,9723,-39
4,9724,122
4,9725,134
4,9726,505
4,9727,71
4,9728,89
4,9729,141
4,9730,160
4,9731,122
4,9732,141
4,9733,108
4,9734,64
4,9735,115
4,9736,109
4,9737,77
4,9738,83
4,9739,122
4,9740,64
4,9741,84
4,9742,281
4,9743,371
4,9744,84
4,9745,147
4,9746,160
4,9747,122
4,9748,173
4,9749,-135
4,9750,134
4,9751,153
4,9752,64
4,9753,57
4,9754,115
4,9755,102
4,9756,109
4,9757,77
4,9758,243
4,9759,115
4,9760,89
4,9761,26
4,9762,57
4,9763,32
4,9764,83
4,9765,77
4,9766,147
4,9767,57
4,9768,77
4,9769,109
4,9770,109
4,9771,211
4,9772,103
4,9773,58
4,9774,51
4,9775,6
4,9776,77
4,9777,116
4,9778,122
4,9779,26
4,9780,103
4,9781,147
4,9782,371
4,9783,83
4,9784,51
4,9785,96
4,9786,180
4,9787,77
4,9788,109
4,9789,83
4,9790,262
4,9791,-64
4,9792,71
4,9793,134
4,9794,179
4,9795,77
4,9796,134
4,9797,51
4,9798,115
4,9799,64
4,9800,38
4,9801,128
4,9802,211
4,9803,77
4,9804,109
4,9805,128
4,9806,173
4,9807,128
4,9808,77
4,9809,45
4,9810,160
4,9811,134
4,9812,71
4,9813,160
4,9814,122
4,9815,128
4,9816,96
4,9817,198
4,9818,218
4,9819,116
4,9820,147
4,9821,109
4,9822,109
4,9823,160
4,9824,141
4,9825,109
4,9826,166
4,9827,140
4,9828,186
4,9829,76
4,9830,186
4,9831,116
4,9832,384
4,9833,364
4,9834,116
4,9835,122
4,9836,141
4,9837,71
4,9838,70
4,9839,64
4,9840,70
4,9841,128
4,9842,211
4,9843,384
4,9844,339
4,9845,167
4,9846,45
4,9847,160
4,9848,205
4,9849,134
4,9850,204
4,9851,108
4,9852,186
4,9853,51
4,9854,83
4,9855,64
4,9856,58
4,9857,134
4,9858,173
4,9859,166
4,9860,109
4,9861,58
4,9862,179
4,9863,109
4,9864,84
4,9865,108
4,9866,211
4,9867,58
4,9868,51
4,9869,71
4,9870,204
4,9871,122
4,9872,153
4,9873,160
4,9874,180
4,9875,371
4,9876,173
4,9877,211
4,9878,57
4,9879,141
4,9880,109
4,9881,58
4,9882,70
4,9883,70
4,9884,787
4,9885,109
4,9886,58
4,9887,83
4,9888,115
4,9889,83
4,9890,77
4,9891,26
4,9892,83
4,9893,89
4,9894,64
4,9895,173
4,9896,160
4,9897,57
4,9898,780
4,9899,115
4,9900,134
4,9901,-32
4,9902,140
4,9903,122
4,9904,57
4,9905,89
4,9906,160
4,9907,77
4,9908,70
4,9909,102
4,9910,263
4,9911,51
4,9912,70
4,9913,108
4,9914,205
4,9915,128
4,9916,128
4,9917,115
4,9918,262
4,9919,102
4,9920,109
4,9921,122
4,9922,115
4,9923,339
4,9924,109
4,9925,147
4,9926,173
4,9927,372
4,9928,160
4,9929,192
4,9930,115
4,9931,115
4,9932,83
4,9933,173
4,9934,166
4,9935,186
4,9936,192
4,9937,147
4,9938,198
4,9939,109
4,9940,64
4,9941,109
4,9942,45
4,9943,122
4,9944,70
4,9945,76
4,9946,211
4,9947,122
4,9948,173
4,9949,141
4,9950,64
4,9951,57
4,9952,154
4,9953,102
4,9954,217
4,9955,179
4,9956,109
4,9957,122
4,9958,167
4,9959,102
4,9960,148
4,9961,167
4,9962,115
4,9963,109
4,9964,96
4,9965,199
4,9966,167
4,9967,186
4,9968,77
4,9969,160
4,9970,160
4,9971,134
4,9972,71
4,9973,160
4,9974,179
4,9975,115
4,9976,116
4,9977,58
4,9978,109
4,9979,25
4,9980,70
4,9981,115
4,9982,89
4,9983,166
4,9984,103
4,9985,96
4,9986,-262
4,9987,-51
4,9988,198
4,9989,173
4,9990,148
4,9991,179
4,9992,128
4,9993,83
4,9994,115
4,9995,32
4,9996,71
4,9997,115
4,9998,121
4,9999,204
4,10000,167
4,10001,147
4,10002,70
4,10003,205
4,10004,122
4,10005,115
4,10006,141
4,10007,154
4,10008,172
4,10009,32
4,10010,154
4,10011,57
4,10012,52
4,10013,109
4,10014,166
4,10015,109
4,10016,205
4,10017,89
4,10018,352
4,10019,70
4,10020,121
4,10021,359
4,10022,64
4,10023,166
4,10024,154
4,10025,198
4,10026,103
4,10027,134
4,10028,160
4,10029,109
4,10030,64
4,10031,77
4,10032,115
4,10033,109
4,10034,64
4,10035,64
4,10036,115
4,10037,58
4,10038,134
4,10039,108
4,10040,154
4,10041,70
4,10042,160
4,10043,102
4,10044,205
4,10045,77
4,10046,96
4,10047,71
4,10048,231
4,10049,340
4,10050,71
4,10051,122
4,10052,160
4,10053,-32
4,10054,71
4,10055,147
4,10056,141
4,10057,103
4,10058,96
4,10059,115
4,10060,121
4,10061,51
4,10062,25
4,10063,218
4,10064,173
4,10065,57
4,10066,19
4,10067,70
4,10068,153
4,10069,32
4,10070,173
4,10071,134
4,10072,32
4,10073,57
4,10074,141
4,10075,364
4,10076,-51
4,10077,71
4,10078,160
4,10079,58
4,10080,77
4,10081,-39
4,10082,64
4,10083,102
4,10084,102
4,10085,64
4,10086,71
4,10087,64
4,10088,76
4,10089,32
4,10090,109
4,10091,-32
4,10092,160
4,10093,77
4,10094,-25
4,10095,64
4,10096,153
4,10097,57
4,10098,52
4,10099,58
4,10100,64
4,10101,77
4,10102,39
4,10103,128
4,10104,83
4,10105,167
4,10106,103
4,10107,57
4,10108,90
4,10109,64
4,10110,51
4,10111,96
4,10112,333
4,10113,76
4,10114,313
4,10115,141
4,10116,115
4,10117,96
4,10118,160
4,10119,103
4,10120,115
4,10121,58
4,10122,109
4,10123,230
4,10124,115
4,10125,71
4,10126,167
4,10127,58
4,10128,128
4,10129,58
4,10130,154
4,10131,45
4,10132,89
4,10133,237
4,10134,70
4,10135,103
4,10136,70
4,10137,58
4,10138,-45
4,10139,173
4,10140,813
4,10141,96
4,10142,147
4,10143,160
4,10144,147
4,10145,96
4,10146,64
4,10147,52
4,10148,76
4,10149,25
4,10150,89
4,10151,102
4,10152,116
4,10153,800
4,10154,58
4,10155,774
4,10156,192
4,10157,58
4,10158,77
4,10159,109
4,10160,-128
4,10161,38
4,10162,26
4,10163,102
4,10164,154
4,10165,96
4,10166,141
4,10167,96
4,10168,153
4,10169,102
4,10170,90
4,10171,109
4,10172,103
4,10173,102
4,10174,32
4,10175,64
4,10176,128
4,10177,71
4,10178,70
4,10179,-13
4,10180,141
4,10181,-44
4,10182,83
4,10183,96
4,10184,109
4,10185,32
4,10186,141
4,10187,-44
4,10188,224
4,10189,64
4,10190,167
4,10191,115
4,10192,-57
4,10193,128
4,10194,96
4,10195,96
4,10196,167
4,10197,109
4,10198,160
4,10199,121
4,10200,231
4,10201,-13
4,10202,96
4,10203,109
4,10204,140
4,10205,147
4,10206,154
4,10207,-64
4,10208,192
4,10209,128
4,10210,77
4,10211,103
4,10212,116
4,10213,135
4,10214,64
4,10215,147
4,10216,192
4,10217,115
4,10218,167
4,10219,26
4,10220,76
4,10221,109
4,10222,173
4,10223,116
4,10224,166
4,10225,83
4,10226,172
4,10227,167
4,10228,140
4,10229,108
4,10230,96
4,10231,121
4,10232,116
4,10233,102
4,10234,77
4,10235,64
4,10236,166
4,10237,96
4,10238,147
4,10239,160
4,10240,64
4,10241,115
4,10242,122
4,10243,135
4,10244,217
4,10245,96
4,10246,134
4,10247,160
4,10248,404
4,10249,70
4,10250,83
4,10251,102
4,10252,204
4,10253,166
4,10254,57
4,10255,141
4,10256,179
4,10257,115
4,10258,102
4,10259,211
4,10260,64
4,10261,154
4,10262,109
4,10263,160
4,10264,160
4,10265,45
4,10266,160
4,10267,109
4,10268,122
4,10269,116
4,10270,-26
4,10271,58
4,10272,167
4,10273,64
4,10274,115
4,10275,121
4,10276,84
4,10277,108
4,10278,115
4,10279,128
4,10280,230
4,10281,-51
4,10282,230
4,10283,153
4,10284,141
4,10285,109
4,10286,84
4,10287,-281
4,10288,192
4,10289,116
4,10290,115
4,10291,64
4,10292,167
4,10293,83
4,10294,192
4,10295,121
4,10296,167
4,10297,115
4,10298,135
4,10299,166
4,10300,250
4,10301,147
4,10302,160
4,10303,180
4,10304,217
4,10305,-7
4,10306,57
4,10307,32
4,10308,-45
4,10309,64
4,10310,32
4,10311,326
4,10312,134
4,10313,173
4,10314,109
4,10315,115
4,10316,192
4,10317,116
4,10318,109
4,10319,121
4,10320,135
4,10321,51
4,10322,51
4,10323,115
4,10324,57
4,10325,77
4,10326,173
4,10327,77
4,10328,76
4,10329,167
4,10330,77
4,10331,192
4,10332,192
4,10333,103
4,10334,173
4,10335,160
4,10336,211
4,10337,109
4,10338,166
4,10339,141
4,10340,179
4,10341,77
4,10342,71
4,10343,58
4,10344,160
4,10345,352
4,10346,115
4,10347,160
4,10348,121
4,10349,103
4,10350,103
4,10351,70
4,10352,108
4,10353,147
4,10354,154
4,10355,371
4,10356,166
4,10357,64
4,10358,128
4,10359,128
4,10360,148
4,10361,-121
4,10362,64
4,10363,122
4,10364,96
4,10365,397
4,10366,147
4,10367,115
4,10368,167
4,10369,115
4,10370,116
4,10371,128
4,10372,77
4,10373,141
4,10374,102
4,10375,377
4,10376,70
4,10377,77
4,10378,166
4,10379,58
4,10380,115
4,10381,185
4,10382,83
4,10383,141
4,10384,173
4,10385,102
4,10386,256
4,10387,167
4,10388,58
4,10389,51
4,10390,147
4,10391,70
4,10392,173
4,10393,116
4,10394,115
4,10395,102
4,10396,787
4,10397,71
4,10398,77
4,10399,115
4,10400,116
4,10401,70
4,10402,140
4,10403,103
4,10404,153
4,10405,102
4,10406,364
4,10407,122
4,10408,-128
4,10409,167
4,10410,800
4,10411,160
4,10412,236
4,10413,115
4,10414,58
4,10415,109
4,10416,179
4,10417,109
4,10418,77
4,10419,121
4,10420,70
4,10421,58
4,10422,192
4,10423,166
4,10424,77
4,10425,90
4,10426,179
4,10427,58
4,10428,102
4,10429,108
4,10430,205
4,10431,96
4,10432,218
4,10433,45
4,10434,70
4,10435,121
4,10436,57
4,10437,52
4,10438,167
4,10439,179
4,10440,109
4,10441,109
4,10442,141
4,10443,160
4,10444,128
4,10445,122
4,10446,90
4,10447,160
4,10448,134
4,10449,51
4,10450,90
4,10451,154
4,10452,77
4,10453,32
4,10454,64
4,10455,121
4,10456,134
4,10457,64
4,10458,122
4,10459,141
4,10460,365
4,10461,128
4,10462,70
4,10463,192
4,10464,198
4,10465,109
4,10466,128
4,10467,96
4,10468,147
4,10469,122
4,10470,103
4,10471,96
4,10472,172
4,10473,109
4,10474,19
4,10475,70
4,10476,64
4,10477,115
4,10478,115
4,10479,89
4,10480,128
4,10481,109
4,10482,84
4,10483,109
4,10484,160
4,10485,154
4,10486,122
4,10487,147
4,10488,173
4,10489,89
4,10490,109
4,10491,166
4,10492,44
4,10493,115
4,10494,180
4,10495,109
4,10496,135
4,10497,64
4,10498,205
4,10499,192
4,10500,153
4,10501,198
4,10502,-13
4,10503,185
4,10504,167
4,10505,179
4,10506,-26
4,10507,122
4,10508,103
4,10509,103
4,10510,96
4,10511,204
4,10512,377
4,10513,166
4,10514,122
4,10515,115
4,10516,154
4,10517,205
4,10518,58
4,10519,128
4,10520,122
4,10521,26
4,10522,77
4,10523,89
4,10524,109
4,10525,109
4,10526,51
4,10527,141
4,10528,186
4,10529,45
4,10530,89
4,10531,64
4,10532,109
4,10533,128
4,10534,71
4,10535,115
4,10536,122
4,10537,154
4,10538,102
4,10539,135
4,10540,243
4,10541,166
4,10542,211
4,10543,-32
4,10544,172
4,10545,160
4,10546,172
4,10547,103
4,10548,109
4,10549,96
4,10550,153
4,10551,179
4,10552,115
4,10553,128
4,10554,115
4,10555,237
4,10556,160
4,10557,109
4,10558,96
4,10559,-32
4,10560,212
4,10561,-26
4,10562,57
4,10563,116
4,10564,154
4,10565,153
4,10566,115
4,10567,122
4,10568,147
4,10569,198
4,10570,160
4,10571,307
4,10572,173
4,10573,116
4,10574,64
4,10575,134
4,10576,160
4,10577,58
4,10578,26
4,10579,58
4,10580,160
4,10581,90
4,10582,115
4,10583,148
4,10584,89
4,10585,128
4,10586,192
4,10587,179
4,10588,199
4,10589,45
4,10590,135
4,10591,140
4,10592,173
4,10593,-25
4,10594,115
4,10595,76
4,10596,160
4,10597,89
4,10598,116
4,10599,109
4,10600,96
4,10601,134
4,10602,160
4,10603,172
4,10604,397
4,10605,103
4,10606,96
4,10607,148
4,10608,167
4,10609,320
4,10610,116
4,10611,173
4,10612,166
4,10613,173
4,10614,51
4,10615,115
4,10616,167
4,10617,192
4,10618,128
4,10619,83
4,10620,109
4,10621,90
4,10622,64
4,10623,115
4,10624,109
4,10625,52
4,10626,275
4,10627,-678
4,10628,179
4,10629,365
4,10630,148
4,10631,109
4,10632,83
4,10633,154
4,10634,276
4,10635,70
4,10636,166
4,10637,116
4,10638,128
4,10639,116
4,10640,180
4,10641,96
4,10642,102
4,10643,19
4,10644,173
4,10645,83
4,10646,160
4,10647,96
4,10648,102
4,10649,45
4,10650,198
4,10651,173
4,10652,1197
4,10653,102
4,10654,314
4,10655,115
4,10656,179
4,10657,-6
4,10658,71
4,10659,108
4,10660,64
4,10661,77
4,10662,76
4,10663,77
4,10664,172
4,10665,800
4,10666,167
4,10667,800
4,10668,166
4,10669,39
4,10670,102
4,10671,301
4,10672,154
4,10673,51
4,10674,51
4,10675,102
4,10676,58
4,10677,102
4,10678,96
4,10679,128
4,10680,167
4,10681,154
4,10682,384
4,10683,173
4,10684,148
4,10685,122
4,10686,-32
4,10687,-45
4,10688,205
4,10689,32
4,10690,64
4,10691,122
4,10692,153
4,10693,89
4,10694,154
4,10695,218
4,10696,122
4,10697,96
4,10698,96
4,10699,185
4,10700,121
4,10701,364
4,10702,236
4,10703,83
4,10704,96
4,10705,102
4,10706,25
4,10707,71
4,10708,109
4,10709,115
4,10710,128
4,10711,153
4,10712,-32
4,10713,109
4,10714,115
4,10715,89
4,10716,148
4,10717,326
4,10718,121
4,10719,96
4,10720,205
4,10721,160
4,10722,122
4,10723,122
4,10724,166
4,10725,70
4,10726,160
4,10727,192
4,10728,172
4,10729,108
4,10730,109
4,10731,83
4,10732,96
4,10733,166
4,10734,84
4,10735,77
4,10736,154
4,10737,103
4,10738,140
4,10739,141
4,10740,166
4,10741,115
4,10742,70
4,10743,58
4,10744,384
4,10745,51
4,10746,148
4,10747,128
4,10748,167
4,10749,121
4,10750,179
4,10751,83
4,10752,96
4,10753,141
4,10754,115
4,10755,166
4,10756,179
4,10757,141
4,10758,218
4,10759,166
4,10760,57
4,10761,83
4,10762,160
4,10763,115
4,10764,141
4,10765,269
4,10766,108
4,10767,166
4,10768,109
4,10769,173
4,10770,83
4,10771,236
4,10772,26
4,10773,51
4,10774,211
4,10775,135
4,10776,76
4,10777,358
4,10778,160
4,10779,51
4,10780,109
4,10781,371
4,10782,83
4,10783,109
4,10784,166
4,10785,103
4,10786,160
4,10787,71
4,10788,-51
4,10789,115
4,10790,173
4,10791,45
4,10792,109
4,10793,-121
4,10794,77
4,10795,96
4,10796,166
4,10797,90
4,10798,-39
4,10799,192
4,10800,115
4,10801,83
4,10802,134
4,10803,58
4,10804,102
4,10805,58
4,10806,320
4,10807,192
4,10808,135
4,10809,116
4,10810,154
4,10811,173
4,10812,153
4,10813,57
4,10814,160
4,10815,134
4,10816,185
4,10817,108
4,10818,102
4,10819,173
4,10820,140
4,10821,108
4,10822,71
4,10823,39
4,10824,160
4,10825,-38
4,10826,185
4,10827,153
4,10828,198
4,10829,70
4,10830,173
4,10831,128
4,10832,179
4,10833,134
4,10834,365
4,10835,-44
4,10836,45
4,10837,102
4,10838,365
4,10839,96
4,10840,109
4,10841,122
4,10842,173
4,10843,211
4,10844,166
4,10845,141
4,10846,115
4,10847,122
4,10848,205
4,10849,64
4,10850,160
4,10851,-26
4,10852,185
4,10853,135
4,10854,160
4,10855,167
4,10856,83
4,10857,109
4,10858,153
4,10859,134
4,10860,108
4,10861,76
4,10862,76
4,10863,90
4,10864,51
4,10865,204
4,10866,160
4,10867,109
4,10868,154
4,10869,109
4,10870,128
4,10871,128
4,10872,96
4,10873,166
4,10874,45
4,10875,70
4,10876,166
4,10877,32
4,10878,122
4,10879,121
4,10880,115
4,10881,160
4,10882,128
4,10883,26
4,10884,141
4,10885,83
4,10886,378
4,10887,-51
4,10888,128
4,10889,96
4,10890,115
4,10891,25
4,10892,96
4,10893,-45
4,10894,185
4,10895,147
4,10896,102
4,10897,121
4,10898,122
4,10899,154
4,10900,122
4,10901,115
4,10902,243
4,10903,115
4,10904,90
4,10905,64
4,10906,25
4,10907,108
4,10908,806
4,10909,160
4,10910,116
4,10911,160
4,10912,83
4,10913,83
4,10914,52
4,10915,64
4,10916,160
4,10917,58
4,10918,64
4,10919,153
4,10920,147
4,10921,166
4,10922,793
4,10923,77
4,10924,205
4,10925,173
4,10926,180
4,10927,109
4,10928,115
4,10929,96
4,10930,57
4,10931,-64
4,10932,96
4,10933,83
4,10934,64
4,10935,115
4,10936,128
4,10937,109
4,10938,109
4,10939,83
4,10940,365
4,10941,109
4,10942,96
4,10943,154
4,10944,166
4,10945,102
4,10946,64
4,10947,-45
4,10948,51
4,10949,397
4,10950,45
4,10951,154
4,10952,96
4,10953,153
4,10954,128
4,10955,364
4,10956,179
4,10957,64
4,10958,198
4,10959,205
4,10960,25
4,10961,77
4,10962,122
4,10963,115
4,10964,211
4,10965,148
4,10966,205
4,10967,128
4,10968,32
4,10969,121
4,10970,128
4,10971,205
4,10972,365
4,10973,89
4,10974,160
4,10975,108
4,10976,128
4,10977,64
4,10978,153
4,10979,160
4,10980,167
4,10981,58
4,10982,167
4,10983,77
4,10984,52
4,10985,70
4,10986,115
4,10987,160
4,10988,96
4,10989,116
4,10990,64
4,10991,121
4,10992,57
4,10993,192
4,10994,45
4,10995,167
4,10996,64
4,10997,83
4,10998,83
4,10999,108
4,11000,135
4,11001,109
4,11002,77
4,11003,96
4,11004,-39
4,11005,173
4,11006,135
4,11007,109
4,11008,83
4,11009,64
4,11010,115
4,11011,109
4,11012,121
4,11013,205
4,11014,122
4,11015,199
4,11016,147
4,11017,141
4,11018,102
4,11019,109
4,11020,167
4,11021,64
4,11022,186
4,11023,154
4,11024,70
4,11025,109
4,11026,128
4,11027,160
4,11028,167
4,11029,122
4,11030,58
4,11031,115
4,11032,122
4,11033,44
4,11034,58
4,11035,116
4,11036,58
4,11037,71
4,11038,32
4,11039,83
4,11040,154
4,11041,103
4,11042,154
4,11043,70
4,11044,167
4,11045,121
4,11046,90
4,11047,115
4,11048,96
4,11049,217
4,11050,320
4,11051,294
4,11052,166
4,11053,19
4,11054,243
4,11055,243
4,11056,231
4,11057,103
4,11058,179
4,11059,71
4,11060,116
4,11061,64
4,11062,166
4,11063,115
4,11064,52
4,11065,109
4,11066,-51
4,11067,180
4,11068,51
4,11069,128
4,11070,-39
4,11071,121
4,11072,103
4,11073,-32
4,11074,83
4,11075,128
4,11076,172
4,11077,90
4,11078,172
4,11079,83
4,11080,173
4,11081,109
4,11082,160
4,11083,103
4,11084,109
4,11085,102
4,11086,250
4,11087,250
4,11088,199
4,11089,52
4,11090,77
4,11091,90
4,11092,212
4,11093,89
4,11094,121
4,11095,122
4,11096,58
4,11097,71
4,11098,109
4,11099,128
4,11100,160
4,11101,44
4,11102,115
4,11103,128
4,11104,71
4,11105,-39
4,11106,192
4,11107,71
4,11108,-45
4,11109,134
4,11110,77
4,11111,147
4,11112,109
4,11113,167
4,11114,-51
4,11115,134
4,11116,205
4,11117,122
4,11118,173
4,11119,320
4,11120,153
4,11121,96
4,11122,64
4,11123,77
4,11124,166
4,11125,390
4,11126,57
4,11127,90
4,11128,103
4,11129,-32
4,11130,224
4,11131,141
4,11132,109
4,11133,57
4,11134,-25
4,11135,116
4,11136,109
4,11137,77
4,11138,237
4,11139,45
4,11140,-32
4,11141,199
4,11142,83
4,11143,141
4,11144,128
4,11145,173
4,11146,154
4,11147,77
4,11148,141
4,11149,154
4,11150,167
4,11151,122
4,11152,135
4,11153,96
4,11154,154
4,11155,122
4,11156,128
4,11157,96
4,11158,90
4,11159,205
4,11160,103
4,11161,-39
4,11162,52
4,11163,173
4,11164,813
4,11165,173
4,11166,199
4,11167,160
4,11168,141
4,11169,64
4,11170,84
4,11171,64
4,11172,96
4,11173,108
4,11174,173
4,11175,115
4,11176,64
4,11177,800
4,11178,179
4,11179,781
4,11180,44
4,11181,96
4,11182,71
4,11183,160
4,11184,109
4,11185,108
4,11186,26
4,11187,410
4,11188,83
4,11189,148
4,11190,71
4,11191,262
4,11192,186
4,11193,359
4,11194,109
4,11195,166
4,11196,64
4,11197,198
4,11198,-461
4,11199,166
4,11200,135
4,11201,57
4,11202,32
4,11203,218
4,11204,109
4,11205,70
4,11206,186
4,11207,122
4,11208,364
4,11209,128
4,11210,71
4,11211,122
4,11212,109
4,11213,20
4,11214,102
4,11215,180
4,11216,173
4,11217,77
4,11218,128
4,11219,90
4,11220,32
4,11221,38
4,11222,147
4,11223,371
4,11224,84
4,11225,109
4,11226,20
4,11227,90
4,11228,147
4,11229,102
4,11230,173
4,11231,115
4,11232,173
4,11233,108
4,11234,167
4,11235,108
4,11236,-45
4,11237,51
4,11238,212
4,11239,128
4,11240,77
4,11241,57
4,11242,103
4,11243,102
4,11244,77
4,11245,77
4,11246,173
4,11247,64
4,11248,83
4,11249,70
4,11250,83
4,11251,83
4,11252,154
4,11253,109
4,11254,160
4,11255,128
4,11256,166
4,11257,96
4,11258,122
4,11259,84
4,11260,90
4,11261,51
4,11262,64
4,11263,71
4,11264,70
4,11265,115
4,11266,205
4,11267,218
4,11268,-39
4,11269,135
4,11270,218
4,11271,180
4,11272,128
4,11273,64
4,11274,83
4,11275,166
4,11276,77
4,11277,25
4,11278,109
4,11279,57
4,11280,76
4,11281,109
4,11282,167
4,11283,-13
4,11284,179
4,11285,128
4,11286,186
4,11287,185
4,11288,205
4,11289,128
4,11290,70
4,11291,83
4,11292,70
4,11293,122
4,11294,122
4,11295,52
4,11296,211
4,11297,51
4,11298,70
4,11299,51
4,11300,45
4,11301,103
4,11302,372
4,11303,160
4,11304,109
4,11305,90
4,11306,84
4,11307,160
4,11308,364
4,11309,-525
4,11310,147
4,11311,128
4,11312,288
4,11313,45
4,11314,109
4,11315,109
4,11316,153
4,11317,116
4,11318,32
4,11319,64
4,11320,70
4,11321,-51
4,11322,256
4,11323,224
4,11324,166
4,11325,-39
4,11326,186
4,11327,180
4,11328,115
4,11329,109
4,11330,333
4,11331,57
4,11332,173
4,11333,109
4,11334,77
4,11335,57
4,11336,167
4,11337,147
4,11338,205
4,11339,96
4,11340,108
4,11341,115
4,11342,89
4,11343,179
4,11344,371
4,11345,217
4,11346,64
4,11347,141
4,11348,141
4,11349,192
4,11350,-211
4,11351,76
4,11352,71
4,11353,205
4,11354,102
4,11355,115
4,11356,128
4,11357,-44
4,11358,128
4,11359,160
4,11360,154
4,11361,77
4,11362,237
4,11363,-19
4,11364,185
4,11365,180
4,11366,172
4,11367,160
4,11368,135
4,11369,45
4,11370,153
4,11371,115
4,11372,166
4,11373,64
4,11374,160
4,11375,77
4,11376,320
4,11377,179
4,11378,70
4,11379,116
4,11380,173
4,11381,154
4,11382,198
4,11383,186
4,11384,122
4,11385,148
4,11386,-19
4,11387,141
4,11388,141
4,11389,64
4,11390,173
4,11391,70
4,11392,198
4,11393,96
4,11394,141
4,11395,147
4,11396,109
4,11397,198
4,11398,45
4,11399,103
4,11400,173
4,11401,45
4,11402,115
4,11403,167
4,11404,116
4,11405,83
4,11406,71
4,11407,77
4,11408,205
4,11409,300
4,11410,51
4,11411,77
4,11412,166
4,11413,52
4,11414,103
4,11415,173
4,11416,173
4,11417,115
4,11418,224
4,11419,128
4,11420,800
4,11421,90
4,11422,32
4,11423,108
4,11424,76
4,11425,51
4,11426,102
4,11427,199
4,11428,121
4,11429,122
4,11430,-70
4,11431,147
4,11432,90
4,11433,172
4,11434,826
4,11435,166
4,11436,179
4,11437,173
4,11438,173
4,11439,160
4,11440,-45
4,11441,102
4,11442,-25
4,11443,167
4,11444,128
4,11445,77
4,11446,-32
4,11447,84
4,11448,108
4,11449,115
4,11450,141
4,11451,352
4,11452,-32
4,11453,77
4,11454,346
4,11455,140
4,11456,179
4,11457,96
4,11458,115
4,11459,179
4,11460,64
4,11461,-58
4,11462,173
4,11463,96
4,11464,122
4,11465,103
4,11466,154
4,11467,128
4,11468,64
4,11469,115
4,11470,140
4,11471,211
4,11472,51
4,11473,-51
4,11474,51
4,11475,70
4,11476,134
4,11477,153
4,11478,57
4,11479,109
4,11480,115
4,11481,116
4,11482,167
4,11483,135
4,11484,154
4,11485,96
4,11486,90
4,11487,160
4,11488,167
4,11489,96
4,11490,205
4,11491,109
4,11492,308
4,11493,115
4,11494,103
4,11495,115
4,11496,83
4,11497,64
4,11498,116
4,11499,19
4,11500,160
4,11501,109
4,11502,167
4,11503,115
4,11504,179
4,11505,-26
4,11506,84
4,11507,115
4,11508,115
4,11509,102
4,11510,70
4,11511,160
4,11512,102
4,11513,32
4,11514,58
4,11515,-44
4,11516,71
4,11517,84
4,11518,115
4,11519,96
4,11520,89
4,11521,160
4,11522,141
4,11523,205
4,11524,38
4,11525,-13
4,11526,186
4,11527,128
4,11528,160
4,11529,64
4,11530,51
4,11531,-52
4,11532,84
4,11533,32
4,11534,64
4,11535,103
4,11536,70
4,11537,58
4,11538,109
4,11539,275
4,11540,154
4,11541,147
4,11542,109
4,11543,109
4,11544,108
4,11545,115
4,11546,365
4,11547,141
4,11548,109
4,11549,109
4,11550,58
4,11551,153
4,11552,-45
4,11553,282
4,11554,109
4,11555,160
4,11556,148
4,11557,51
4,11558,153
4,11559,70
4,11560,44
4,11561,109
4,11562,89
4,11563,160
4,11564,173
4,11565,-77
4,11566,-64
4,11567,179
4,11568,173
4,11569,102
4,11570,58
4,11571,160
4,11572,128
4,11573,140
4,11574,192
4,11575,122
4,11576,276
4,11577,141
4,11578,359
4,11579,179
4,11580,211
4,11581,371
4,11582,205
4,11583,115
4,11584,167
4,11585,38
4,11586,109
4,11587,179
4,11588,166
4,11589,160
4,11590,160
4,11591,64
4,11592,96
4,11593,160
4,11594,160
4,11595,160
4,11596,121
4,11597,134
4,11598,160
4,11599,160
4,11600,192
4,11601,83
4,11602,77
4,11603,102
4,11604,64
4,11605,96
4,11606,115
4,11607,90
4,11608,115
4,11609,160
4,11610,198
4,11611,109
4,11612,237
4,11613,32
4,11614,122
4,11615,160
4,11616,121
4,11617,64
4,11618,70
4,11619,-71
4,11620,-39
4,11621,76
4,11622,44
4,11623,108
4,11624,83
4,11625,64
4,11626,128
4,11627,115
4,11628,198
4,11629,77
4,11630,154
4,11631,115
4,11632,173
4,11633,122
4,11634,96
4,11635,140
4,11636,64
4,11637,141
4,11638,160
4,11639,148
4,11640,109
4,11641,116
4,11642,141
4,11643,109
4,11644,122
4,11645,-19
4,11646,384
4,11647,147
4,11648,128
4,11649,90
4,11650,32
4,11651,32
4,11652,166
4,11653,154
4,11654,116
4,11655,90
4,11656,173
4,11657,96
4,11658,192
4,11659,122
4,11660,166
4,11661,109
4,11662,109
4,11663,109
4,11664,103
4,11665,108
4,11666,70
4,11667,141
4,11668,134
4,11669,64
4,11670,83
4,11671,147
4,11672,167
4,11673,109
4,11674,109
4,11675,128
4,11676,851
4,11677,109
4,11678,52
4,11679,134
4,11680,154
4,11681,90
4,11682,64
4,11683,70
4,11684,-45
4,11685,141
4,11686,122
4,11687,102
4,11688,173
4,11689,787
4,11690,128
4,11691,794
4,11692,179
4,11693,83
4,11694,218
4,11695,109
4,11696,128
4,11697,32
4,11698,64
4,11699,-39
4,11700,186
4,11701,140
4,11702,122
4,11703,122
4,11704,147
4,11705,122
4,11706,121
4,11707,121
4,11708,211
4,11709,-20
4,11710,192
4,11711,141
4,11712,109
4,11713,45
4,11714,160
4,11715,121
4,11716,109
4,11717,58
4,11718,103
4,11719,128
4,11720,51
4,11721,122
4,11722,115
4,11723,173
4,11724,166
4,11725,109
4,11726,96
4,11727,109
4,11728,173
4,11729,116
4,11730,89
4,11731,70
4,11732,71
4,11733,77
4,11734,77
4,11735,70
4,11736,26
4,11737,148
4,11738,147
4,11739,173
4,11740,141
4,11741,128
4,11742,116
4,11743,160
4,11744,83
4,11745,147
4,11746,185
4,11747,135
4,11748,90
4,11749,141
4,11750,70
4,11751,160
4,11752,71
4,11753,-38
4,11754,32
4,11755,26
4,11756,26
4,11757,135
4,11758,70
4,11759,115
4,11760,64
4,11761,102
4,11762,147
4,11763,26
4,11764,167
4,11765,153
4,11766,550
4,11767,103
4,11768,116
4,11769,58
4,11770,199
4,11771,25
4,11772,166
4,11773,109
4,11774,102
4,11775,70
4,11776,115
4,11777,102
4,11778,51
4,11779,160
4,11780,77
4,11781,96
4,11782,-45
4,11783,115
4,11784,109
4,11785,109
4,11786,166
4,11787,58
4,11788,173
4,11789,90
4,11790,51
4,11791,71
4,11792,154
4,11793,71
4,11794,121
4,11795,192
4,11796,128
4,11797,90
4,11798,77
4,11799,192
4,11800,76
4,11801,64
4,11802,103
4,11803,205
4,11804,281
4,11805,256
4,11806,166
4,11807,154
4,11808,186
4,11809,-12
4,11810,263
4,11811,128
4,11812,64
4,11813,116
4,11814,128
4,11815,102
4,11816,128
4,11817,108
4,11818,147
4,11819,122
4,11820,122
4,11821,70
4,11822,134
4,11823,172
4,11824,134
4,11825,102
4,11826,212
4,11827,83
4,11828,64
4,11829,102
4,11830,320
4,11831,122
4,11832,128
4,11833,179
4,11834,173
4,11835,212
4,11836,148
4,11837,115
4,11838,57
4,11839,198
4,11840,140
4,11841,71
4,11842,128
4,11843,116
4,11844,134
4,11845,77
4,11846,122
4,11847,51
4,11848,173
4,11849,109
4,11850,205
4,11851,186
4,11852,371
4,11853,160
4,11854,109
4,11855,71
4,11856,173
4,11857,102
4,11858,90
4,11859,166
4,11860,153
4,11861,96
4,11862,-38
4,11863,83
4,11864,160
4,11865,108
4,11866,102
4,11867,167
4,11868,102
4,11869,141
4,11870,166
4,11871,339
4,11872,173
4,11873,64
4,11874,-64
4,11875,160
4,11876,179
4,11877,135
4,11878,-52
4,11879,339
4,11880,249
4,11881,96
4,11882,148
4,11883,115
4,11884,96
4,11885,148
4,11886,57
4,11887,141
4,11888,103
4,11889,147
4,11890,115
4,11891,121
4,11892,83
4,11893,128
4,11894,154
4,11895,160
4,11896,198
4,11897,90
4,11898,26
4,11899,205
4,11900,211
4,11901,128
4,11902,179
4,11903,250
4,11904,211
4,11905,109
4,11906,64
4,11907,109
4,11908,262
4,11909,128
4,11910,179
4,11911,166
4,11912,122
4,11913,128
4,11914,116
4,11915,109
4,11916,96
4,11917,109
4,11918,173
4,11919,121
4,11920,102
4,11921,128
4,11922,199
4,11923,205
4,11924,89
4,11925,198
4,11926,160
4,11927,134
4,11928,115
4,11929,115
4,11930,153
4,11931,102
4,11932,787
4,11933,90
4,11934,96
4,11935,128
4,11936,148
4,11937,-38
4,11938,135
4,11939,64
4,11940,109
4,11941,51
4,11942,71
4,11943,70
4,11944,116
4,11945,147
4,11946,793
4,11947,122
4,11948,135
4,11949,58
4,11950,70
4,11951,121
4,11952,128
4,11953,77
4,11954,52
4,11955,77
4,11956,340
4,11957,51
4,11958,96
4,11959,102
4,11960,167
4,11961,103
4,11962,64
4,11963,179
4,11964,166
4,11965,96
4,11966,173
4,11967,179
4,11968,141
4,11969,64
4,11970,205
4,11971,38
4,11972,51
4,11973,64
4,11974,102
4,11975,70
4,11976,204
4,11977,96
4,11978,122
4,11979,-45
4,11980,173
4,11981,211
4,11982,173
4,11983,154
4,11984,135
4,11985,198
4,11986,167
4,11987,166
4,11988,84
4,11989,-25
4,11990,231
4,11991,64
4,11992,-249
4,11993,58
4,11994,173
4,11995,-38
4,11996,166
4,11997,160
4,11998,180
4,11999,218
4,12000,109
4,12001,122
4,12002,166
4,12003,102
4,12004,102
4,12005,76
4,12006,204
4,12007,108
4,12008,147
4,12009,147
4,12010,160
4,12011,26
4,12012,32
4,12013,173
4,12014,166
4,12015,70
4,12016,172
4,12017,173
4,12018,154
4,12019,116
4,12020,173
4,12021,96
4,12022,256
4,12023,154
4,12024,172
4,12025,250
4,12026,70
4,12027,103
4,12028,32
4,12029,76
4,12030,359
4,12031,77
4,12032,58
4,12033,52
4,12034,141
4,12035,153
4,12036,371
4,12037,58
4,12038,51
4,12039,166
4,12040,115
4,12041,19
4,12042,173
4,12043,76
4,12044,58
4,12045,32
4,12046,51
4,12047,26
4,12048,211
4,12049,108
4,12050,103
4,12051,140
4,12052,205
4,12053,141
4,12054,179
4,12055,218
4,12056,109
4,12057,160
4,12058,70
4,12059,32
4,12060,115
4,12061,204
4,12062,160
4,12063,147
4,12064,167
4,12065,121
4,12066,109
4,12067,77
4,12068,96
4,12069,64
4,12070,83
4,12071,25
4,12072,115
4,12073,102
4,12074,122
4,12075,160
4,12076,211
4,12077,-45
4,12078,121
4,12079,116
4,12080,172
4,12081,83
4,12082,96
4,12083,26
4,12084,-32
4,12085,108
4,12086,134
4,12087,211
4,12088,109
4,12089,115
4,12090,199
4,12091,148
4,12092,218
4,12093,76
4,12094,160
4,12095,134
4,12096,237
4,12097,90
4,12098,26
4,12099,166
4,12100,45
4,12101,115
4,12102,115
4,12103,115
4,12104,148
4,12105,167
4,12106,218
4,12107,199
4,12108,166
4,12109,134
4,12110,115
4,12111,128
4,12112,218
4,12113,198
4,12114,90
4,12115,76
4,12116,167
4,12117,128
4,12118,90
4,12119,256
4,12120,96
4,12121,96
4,12122,185
4,12123,64
4,12124,89
4,12125,64
4,12126,166
4,12127,122
4,12128,167
4,12129,32
4,12130,166
4,12131,32
4,12132,204
4,12133,154
4,12134,205
4,12135,109
4,12136,154
4,12137,108
4,12138,115
4,12139,160
4,12140,77
4,12141,108
4,12142,186
4,12143,102
4,12144,122
4,12145,108
4,12146,109
4,12147,90
4,12148,76
4,12149,121
4,12150,96
4,12151,141
4,12152,122
4,12153,154
4,12154,108
4,12155,83
4,12156,109
4,12157,135
4,12158,103
4,12159,147
4,12160,128
4,12161,38
4,12162,71
4,12163,122
4,12164,83
4,12165,70
4,12166,-25
4,12167,378
4,12168,275
4,12169,313
4,12170,122
4,12171,154
4,12172,173
4,12173,45
4,12174,51
4,12175,102
4,12176,243
4,12177,115
4,12178,77
4,12179,141
4,12180,96
4,12181,167
4,12182,198
4,12183,90
4,12184,217
4,12185,71
4,12186,128
4,12187,121
4,12188,806
4,12189,358
4,12190,103
4,12191,102
4,12192,115
4,12193,57
4,12194,160
4,12195,-51
4,12196,83
4,12197,70
4,12198,173
4,12199,89
4,12200,121
4,12201,787
4,12202,154
4,12203,761
4,12204,115
4,12205,160
4,12206,147
4,12207,160
4,12208,102
4,12209,115
4,12210,96
4,12211,128
4,12212,51
4,12213,70
4,12214,77
4,12215,-64
4,12216,147
4,12217,185
4,12218,77
4,12219,167
4,12220,128
4,12221,140
4,12222,173
4,12223,179
4,12224,186
4,12225,276
4,12226,58
4,12227,70
4,12228,134
4,12229,109
4,12230,167
4,12231,19
4,12232,115
4,12233,128
4,12234,192
4,12235,116
4,12236,140
4,12237,115
4,12238,64
4,12239,102
4,12240,109
4,12241,51
4,12242,-32
4,12243,121
4,12244,44
4,12245,115
4,12246,109
4,12247,64
4,12248,96
4,12249,70
4,12250,64
4,12251,115
4,12252,166
4,12253,108
4,12254,128
4,12255,128
4,12256,116
4,12257,64
4,12258,218
4,12259,160
4,12260,134
4,12261,365
4,12262,109
4,12263,-20
4,12264,160
4,12265,64
4,12266,109
4,12267,102
4,12268,102
4,12269,70
4,12270,64
4,12271,109
4,12272,-26
4,12273,77
4,12274,-13
4,12275,122
4,12276,192
4,12277,83
4,12278,192
4,12279,89
4,12280,166
4,12281,108
4,12282,57
4,12283,26
4,12284,77
4,12285,51
4,12286,71
4,12287,71
4,12288,102
4,12289,52
4,12290,109
4,12291,76
4,12292,122
4,12293,115
4,12294,-51
4,12295,173
4,12296,147
4,12297,109
4,12298,166
4,12299,256
4,12300,102
4,12301,58
4,12302,58
4,12303,160
4,12304,211
4,12305,89
4,12306,185
4,12307,199
4,12308,198
4,12309,57
4,12310,64
4,12311,192
4,12312,160
4,12313,51
4,12314,71
4,12315,70
4,12316,96
4,12317,77
4,12318,64
4,12319,115
4,12320,153
4,12321,320
4,12322,-51
4,12323,141
4,12324,109
4,12325,83
4,12326,-70
4,12327,116
4,12328,115
4,12329,122
4,12330,90
4,12331,134
4,12332,84
4,12333,32
4,12334,198
4,12335,71
4,12336,32
4,12337,96
4,12338,-26
4,12339,84
4,12340,90
4,12341,109
4,12342,51
4,12343,121
4,12344,71
4,12345,135
4,12346,141
4,12347,160
4,12348,160
4,12349,103
4,12350,57
4,12351,154
4,12352,57
4,12353,52
4,12354,122
4,12355,115
4,12356,77
4,12357,58
4,12358,326
4,12359,109
4,12360,109
4,12361,77
4,12362,173
4,12363,121
4,12364,148
4,12365,64
4,12366,205
4,12367,26
4,12368,115
4,12369,96
4,12370,64
4,12371,160
4,12372,122
4,12373,70
4,12374,109
4,12375,166
4,12376,185
4,12377,90
4,12378,115
4,12379,154
4,12380,192
4,12381,128
4,12382,32
4,12383,147
4,12384,57
4,12385,-39
4,12386,141
4,12387,160
4,12388,141
4,12389,64
4,12390,109
4,12391,128
4,12392,205
4,12393,96
4,12394,19
4,12395,25
4,12396,198
4,12397,51
4,12398,77
4,12399,77
4,12400,115
4,12401,205
4,12402,70
4,12403,160
4,12404,249
4,12405,141
4,12406,167
4,12407,122
4,12408,77
4,12409,90
4,12410,19
4,12411,154
4,12412,122
4,12413,57
4,12414,109
4,12415,-45
4,12416,128
4,12417,166
4,12418,192
4,12419,154
4,12420,154
4,12421,-26
4,12422,180
4,12423,186
4,12424,122
4,12425,128
4,12426,218
4,12427,160
4,12428,115
4,12429,115
4,12430,166
4,12431,147
4,12432,198
4,12433,153
4,12434,128
4,12435,199
4,12436,198
4,12437,109
4,12438,179
4,12439,115
4,12440,102
4,12441,90
4,12442,102
4,12443,70
4,12444,794
4,12445,64
4,12446,154
4,12447,160
4,12448,122
4,12449,51
4,12450,134
4,12451,19
4,12452,364
4,12453,64
4,12454,32
4,12455,160
4,12456,186
4,12457,90
4,12458,793
4,12459,166
4,12460,154
4,12461,167
4,12462,70
4,12463,116
4,12464,84
4,12465,179
4,12466,121
4,12467,160
4,12468,96
4,12469,77
4,12470,153
4,12471,115
4,12472,83
4,12473,115
4,12474,-32
4,12475,128
4,12476,204
4,12477,160
4,12478,173
4,12479,179
4,12480,115
4,12481,51
4,12482,115
4,12483,84
4,12484,77
4,12485,83
4,12486,160
4,12487,83
4,12488,-57
4,12489,128
4,12490,64
4,12491,153
4,12492,71
4,12493,352
4,12494,83
4,12495,166
4,12496,160
4,12497,45
4,12498,51
4,12499,58
4,12500,224
4,12501,32
4,12502,109
4,12503,39
4,12504,51
4,12505,109
4,12506,217
4,12507,109
4,12508,166
4,12509,115
4,12510,58
4,12511,153
4,12512,109
4,12513,122
4,12514,160
4,12515,64
4,12516,122
4,12517,109
4,12518,76
4,12519,109
4,12520,122
4,12521,141
4,12522,154
4,12523,76
4,12524,128
4,12525,90
4,12526,19
4,12527,128
4,12528,115
4,12529,167
4,12530,160
4,12531,109
4,12532,96
4,12533,109
4,12534,121
4,12535,58
4,12536,134
4,12537,52
4,12538,57
4,12539,70
4,12540,12
4,12541,58
4,12542,153
4,12543,115
4,12544,109
4,12545,108
4,12546,173
4,12547,179
4,12548,51
4,12549,160
4,12550,147
4,12551,217
4,12552,32
4,12553,19
4,12554,160
4,12555,64
4,12556,71
4,12557,70
4,12558,109
4,12559,115
4,12560,13
4,12561,52
4,12562,122
4,12563,172
4,12564,192
4,12565,-6
4,12566,70
4,12567,166
4,12568,166
4,12569,-38
4,12570,77
4,12571,108
4,12572,-243
4,12573,70
4,12574,-32
4,12575,89
4,12576,103
4,12577,102
4,12578,71
4,12579,70
4,12580,166
4,12581,64
4,12582,224
4,12583,134
4,12584,108
4,12585,109
4,12586,109
4,12587,204
4,12588,199
4,12589,115
4,12590,64
4,12591,166
4,12592,122
4,12593,51
4,12594,102
4,12595,147
4,12596,58
4,12597,102
4,12598,186
4,12599,70
4,12600,64
4,12601,77
4,12602,160
4,12603,64
4,12604,166
4,12605,109
4,12606,153
4,12607,71
4,12608,192
4,12609,83
4,12610,64
4,12611,346
4,12612,71
4,12613,115
4,12614,173
4,12615,160
4,12616,89
4,12617,128
4,12618,211
4,12619,147
4,12620,154
4,12621,96
4,12622,199
4,12623,205
4,12624,166
4,12625,45
4,12626,26
4,12627,70
4,12628,147
4,12629,115
4,12630,128
4,12631,77
4,12632,160
4,12633,153
4,12634,192
4,12635,122
4,12636,410
4,12637,64
4,12638,45
4,12639,135
4,12640,153
4,12641,38
4,12642,-122
4,12643,121
4,12644,109
4,12645,115
4,12646,128
4,12647,70
4,12648,19
4,12649,77
4,12650,116
4,12651,109
4,12652,166
4,12653,109
4,12654,109
4,12655,122
4,12656,154
4,12657,121
4,12658,115
4,12659,167
4,12660,122
4,12661,160
4,12662,358
4,12663,205
4,12664,134
4,12665,141
4,12666,102
4,12667,96
4,12668,96
4,12669,141
4,12670,83
4,12671,122
4,12672,103
4,12673,32
4,12674,115
4,12675,108
4,12676,167
4,12677,108
4,12678,71
4,12679,77
4,12680,109
4,12681,96
4,12682,122
4,12683,135
4,12684,153
4,12685,102
4,12686,128
4,12687,154
4,12688,166
4,12689,25
4,12690,115
4,12691,185
4,12692,134
4,12693,121
4,12694,71
4,12695,121
4,12696,147
4,12697,64
4,12698,172
4,12699,122
4,12700,781
4,12701,102
4,12702,128
4,12703,83
4,12704,115
4,12705,64
4,12706,172
4,12707,70
4,12708,77
4,12709,96
4,12710,135
4,12711,57
4,12712,109
4,12713,800
4,12714,153
4,12715,774
4,12716,77
4,12717,108
4,12718,70
4,12719,147
4,12720,217
4,12721,83
4,12722,-44
4,12723,70
4,12724,154
4,12725,103
4,12726,26
4,12727,122
4,12728,83
4,12729,122
4,12730,96
4,12731,128
4,12732,115
4,12733,109
4,12734,192
4,12735,96
4,12736,77
4,12737,77
4,12738,160
4,12739,96
4,12740,108
4,12741,83
4,12742,58
4,12743,160
4,12744,77
4,12745,64
4,12746,167
4,12747,147
4,12748,179
4,12749,103
4,12750,121
4,12751,192
4,12752,134
4,12753,140
4,12754,-45
4,12755,198
4,12756,51
4,12757,115
4,12758,-32
4,12759,96
4,12760,32
4,12761,71
4,12762,172
4,12763,141
4,12764,141
4,12765,153
4,12766,90
4,12767,109
4,12768,371
4,12769,140
4,12770,96
4,12771,115
4,12772,134
4,12773,57
4,12774,160
4,12775,154
4,12776,186
4,12777,115
4,12778,147
4,12779,115
4,12780,83
4,12781,167
4,12782,32
4,12783,109
4,12784,58
4,12785,173
4,12786,115
4,12787,166
4,12788,128
4,12789,160
4,12790,160
4,12791,140
4,12792,115
4,12793,64
4,12794,166
4,12795,141
4,12796,102
4,12797,102
4,12798,70
4,12799,64
4,12800,90
4,12801,115
4,12802,71
4,12803,134
4,12804,147
4,12805,32
4,12806,166
4,12807,122
4,12808,160
4,12809,83
4,12810,90
4,12811,122
4,12812,96
4,12813,64
4,12814,122
4,12815,90
4,12816,83
4,12817,-32
4,12818,147
4,12819,186
4,12820,134
4,12821,108
4,12822,122
4,12823,70
4,12824,96
4,12825,115
4,12826,121
4,12827,109
4,12828,115
4,12829,51
4,12830,45
4,12831,-44
4,12832,116
4,12833,-32
4,12834,135
4,12835,64
4,12836,218
4,12837,-25
4,12838,217
4,12839,109
4,12840,166
4,12841,96
4,12842,135
4,12843,-51
4,12844,185
4,12845,70
4,12846,199
4,12847,103
4,12848,-39
4,12849,109
4,12850,109
4,12851,115
4,12852,51
4,12853,102
4,12854,64
4,12855,128
4,12856,90
4,12857,116
4,12858,116
4,12859,128
4,12860,134
4,12861,58
4,12862,70
4,12863,51
4,12864,102
4,12865,64
4,12866,122
4,12867,90
4,12868,96
4,12869,109
4,12870,57
4,12871,71
4,12872,396
4,12873,96
4,12874,166
4,12875,160
4,12876,115
4,12877,64
4,12878,-32
4,12879,128
4,12880,115
4,12881,115
4,12882,115
4,12883,115
4,12884,140
4,12885,154
4,12886,205
4,12887,103
4,12888,115
4,12889,218
4,12890,173
4,12891,166
4,12892,167
4,12893,179
4,12894,166
4,12895,154
4,12896,109
4,12897,153
4,12898,154
4,12899,134
4,12900,122
4,12901,186
4,12902,103
4,12903,109
4,12904,160
4,12905,102
4,12906,19
4,12907,64
4,12908,122
4,12909,39
4,12910,103
4,12911,301
4,12912,64
4,12913,96
4,12914,166
4,12915,128
4,12916,218
4,12917,-32
4,12918,77
4,12919,128
4,12920,218
4,12921,141
4,12922,166
4,12923,71
4,12924,147
4,12925,44
4,12926,-326
4,12927,205
4,12928,141
4,12929,64
4,12930,211
4,12931,371
4,12932,154
4,12933,103
4,12934,147
4,12935,135
4,12936,102
4,12937,109
4,12938,128
4,12939,122
4,12940,115
4,12941,109
4,12942,154
4,12943,70
4,12944,122
4,12945,115
4,12946,148
4,12947,211
4,12948,403
4,12949,154
4,12950,160
4,12951,269
4,12952,377
4,12953,57
4,12954,185
4,12955,103
4,12956,832
4,12957,58
4,12958,108
4,12959,90
4,12960,180
4,12961,51
4,12962,-19
4,12963,71
4,12964,186
4,12965,19
4,12966,64
4,12967,173
4,12968,45
4,12969,230
4,12970,858
4,12971,134
4,12972,263
4,12973,326
4,12974,109
4,12975,115
4,12976,153
4,12977,135
4,12978,32
4,12979,26
4,12980,128
4,12981,77
4,12982,96
4,12983,153
4,12984,96
4,12985,326
4,12986,134
4,12987,199
4,12988,109
4,12989,313
4,12990,109
4,12991,167
4,12992,115
4,12993,122
4,12994,57
4,12995,76
4,12996,115
4,12997,96
4,12998,122
4,12999,160
4,13000,13
4,13001,103
4,13002,122
4,13003,198
4,13004,147
4,13005,109
4,13006,115
4,13007,121
4,13008,166
4,13009,57
4,13010,179
4,13011,256
4,13012,109
4,13013,57
4,13014,153
4,13015,141
4,13016,58
4,13017,154
4,13018,160
4,13019,186
4,13020,64
4,13021,109
4,13022,185
4,13023,205
4,13024,147
4,13025,58
4,13026,115
4,13027,102
4,13028,84
4,13029,70
4,13030,32
4,13031,115
4,13032,-51
4,13033,96
4,13034,109
4,13035,160
4,13036,51
4,13037,116
4,13038,102
4,13039,173
4,13040,109
4,13041,102
4,13042,160
4,13043,58
4,13044,-39
4,13045,140
4,13046,205
4,13047,314
4,13048,115
4,13049,-19
4,13050,51
4,13051,70
4,13052,109
4,13053,122
4,13054,352
4,13055,96
4,13056,128
4,13057,109
4,13058,109
4,13059,154
4,13060,135
4,13061,96
4,13062,352
4,13063,121
4,13064,77
4,13065,-32
4,13066,25
4,13067,44
4,13068,128
4,13069,103
4,13070,64
4,13071,51
4,13072,128
4,13073,109
4,13074,409
4,13075,109
4,13076,-44
4,13077,77
4,13078,166
4,13079,147
4,13080,134
4,13081,-26
4,13082,51
4,13083,83
4,13084,45
4,13085,71
4,13086,147
4,13087,166
4,13088,102
4,13089,26
4,13090,-52
4,13091,96
4,13092,58
4,13093,58
4,13094,128
4,13095,147
4,13096,166
4,13097,109
4,13098,115
4,13099,199
4,13100,38
4,13101,103
4,13102,147
4,13103,83
4,13104,70
4,13105,102
4,13106,358
4,13107,70
4,13108,160
4,13109,71
4,13110,179
4,13111,121
4,13112,198
4,13113,147
4,13114,198
4,13115,160
4,13116,128
4,13117,96
4,13118,167
4,13119,128
4,13120,-44
4,13121,52
4,13122,-26
4,13123,134
4,13124,57
4,13125,108
4,13126,19
4,13127,77
4,13128,160
4,13129,64
4,13130,160
4,13131,199
4,13132,-13
4,13133,115
4,13134,58
4,13135,160
4,13136,121
4,13137,96
4,13138,70
4,13139,77
4,13140,147
4,13141,64
4,13142,173
4,13143,116
4,13144,102
4,13145,173
4,13146,84
4,13147,109
4,13148,166
4,13149,148
4,13150,205
4,13151,147
4,13152,32
4,13153,71
4,13154,224
4,13155,89
4,13156,147
4,13157,115
4,13158,102
4,13159,77
4,13160,167
4,13161,167
4,13162,90
4,13163,70
4,13164,173
4,13165,115
4,13166,115
4,13167,134
4,13168,115
4,13169,109
4,13170,90
4,13171,134
4,13172,135
4,13173,-32
4,13174,192
4,13175,70
4,13176,116
4,13177,128
4,13178,109
4,13179,153
4,13180,109
4,13181,141
4,13182,160
4,13183,186
4,13184,25
4,13185,45
4,13186,160
4,13187,167
4,13188,205
4,13189,96
4,13190,154
4,13191,173
4,13192,70
4,13193,102
4,13194,166
4,13195,211
4,13196,115
4,13197,84
4,13198,116
4,13199,134
4,13200,90
4,13201,58
4,13202,70
4,13203,173
4,13204,140
4,13205,109
4,13206,57
4,13207,121
4,13208,58
4,13209,173
4,13210,32
4,13211,218
4,13212,787
4,13213,147
4,13214,192
4,13215,121
4,13216,172
4,13217,64
4,13218,-52
4,13219,135
4,13220,115
4,13221,64
4,13222,160
4,13223,205
4,13224,70
4,13225,845
4,13226,307
4,13227,838
4,13228,217
4,13229,205
4,13230,217
4,13231,256
4,13232,109
4,13233,96
4,13234,57
4,13235,135
4,13236,103
4,13237,115
4,13238,70
4,13239,115
4,13240,89
4,13241,172
4,13242,109
4,13243,122
4,13244,102
4,13245,115
4,13246,217
4,13247,121
4,13248,103
4,13249,96
4,13250,-39
4,13251,70
4,13252,103
4,13253,64
4,13254,96
4,13255,83
4,13256,179
4,13257,45
4,13258,153
4,13259,57
4,13260,109
4,13261,96
4,13262,128
4,13263,64
4,13264,116
4,13265,57
4,13266,103
4,13267,103
4,13268,160
4,13269,102
4,13270,57
4,13271,70
4,13272,128
4,13273,89
4,13274,122
4,13275,115
4,13276,96
4,13277,102
4,13278,147
4,13279,358
4,13280,57
4,13281,71
4,13282,250
4,13283,109
4,13284,199
4,13285,64
4,13286,141
4,13287,77
4,13288,276
4,13289,58
4,13290,128
4,13291,109
4,13292,77
4,13293,77
4,13294,57
4,13295,-39
4,13296,103
4,13297,141
4,13298,205
4,13299,186
4,13300,173
4,13301,102
4,13302,205
4,13303,102
4,13304,134
4,13305,57
4,13306,140
4,13307,-64
4,13308,134
4,13309,64
4,13310,186
4,13311,96
4,13312,32
4,13313,147
4,13314,32
4,13315,115
4,13316,166
4,13317,103
4,13318,179
4,13319,121
4,13320,121
4,13321,77
4,13322,134
4,13323,122
4,13324,116
4,13325,96
4,13326,109
4,13327,115
4,13328,70
4,13329,134
4,13330,237
4,13331,166
4,13332,243
4,13333,135
4,13334,160
4,13335,166
4,13336,249
4,13337,192
4,13338,103
4,13339,90
4,13340,58
4,13341,115
4,13342,141
4,13343,57
4,13344,96
4,13345,51
4,13346,199
4,13347,179
4,13348,378
4,13349,57
4,13350,96
4,13351,70
4,13352,147
4,13353,160
4,13354,70
4,13355,116
4,13356,166
4,13357,122
4,13358,122
4,13359,103
4,13360,109
4,13361,90
4,13362,64
4,13363,70
4,13364,64
4,13365,109
4,13366,51
4,13367,160
4,13368,51
4,13369,121
4,13370,90
4,13371,199
4,13372,147
4,13373,45
4,13374,-32
4,13375,141
4,13376,102
4,13377,64
4,13378,51
4,13379,121
4,13380,109
4,13381,115
4,13382,103
4,13383,51
4,13384,109
4,13385,148
4,13386,186
4,13387,154
4,13388,167
4,13389,160
4,13390,90
4,13391,122
4,13392,166
4,13393,103
4,13394,64
4,13395,64
4,13396,58
4,13397,153
4,13398,32
4,13399,77
4,13400,58
4,13401,128
4,13402,167
4,13403,173
4,13404,64
4,13405,57
4,13406,141
4,13407,57
4,13408,64
4,13409,32
4,13410,192
4,13411,134
4,13412,172
4,13413,128
4,13414,167
4,13415,57
4,13416,128
4,13417,102
4,13418,64
4,13419,116
4,13420,116
4,13421,365
4,13422,64
4,13423,64
4,13424,64
4,13425,102
4,13426,108
4,13427,224
4,13428,154
4,13429,45
4,13430,212
4,13431,365
4,13432,70
4,13433,115
4,13434,109
4,13435,109
4,13436,115
4,13437,64
4,13438,83
4,13439,32
4,13440,205
4,13441,122
4,13442,211
4,13443,141
4,13444,198
4,13445,64
4,13446,205
4,13447,122
4,13448,198
4,13449,70
4,13450,115
4,13451,179
4,13452,141
4,13453,58
4,13454,-52
4,13455,134
4,13456,64
4,13457,199
4,13458,147
4,13459,198
4,13460,153
4,13461,115
4,13462,77
4,13463,25
4,13464,134
4,13465,109
4,13466,83
4,13467,71
4,13468,794
4,13469,211
4,13470,26
4,13471,51
4,13472,90
4,13473,64
4,13474,115
4,13475,339
4,13476,154
4,13477,57
4,13478,32
4,13479,147
4,13480,-51
4,13481,128
4,13482,884
4,13483,89
4,13484,205
4,13485,-39
4,13486,167
4,13487,109
4,13488,160
4,13489,160
4,13490,179
4,13491,160
4,13492,122
4,13493,134
4,13494,198
4,13495,160
4,13496,102
4,13497,128
4,13498,211
4,13499,51
4,13500,256
4,13501,205
4,13502,230
4,13503,115
4,13504,173
4,13505,103
4,13506,134
4,13507,166
4,13508,77
4,13509,64
4,13510,269
4,13511,128
4,13512,102
4,13513,160
4,13514,218
4,13515,134
4,13516,282
4,13517,109
4,13518,71
4,13519,160
4,13520,224
4,13521,51
4,13522,64
4,13523,121
4,13524,38
4,13525,-26
4,13526,275
4,13527,115
4,13528,64
4,13529,103
4,13530,185
4,13531,64
4,13532,116
4,13533,90
4,13534,128
4,13535,199
4,13536,154
4,13537,153
4,13538,121
4,13539,109
4,13540,256
4,13541,122
4,13542,115
4,13543,70
4,13544,167
4,13545,64
4,13546,83
4,13547,102
4,13548,64
4,13549,102
4,13550,64
4,13551,109
4,13552,102
4,13553,199
4,13554,166
4,13555,134
4,13556,128
4,13557,166
4,13558,128
4,13559,122
4,13560,185
4,13561,115
4,13562,115
4,13563,89
4,13564,288
4,13565,115
4,13566,173
4,13567,115
4,13568,166
4,13569,167
4,13570,122
4,13571,-45
4,13572,198
4,13573,198
4,13574,160
4,13575,103
4,13576,135
4,13577,57
4,13578,128
4,13579,64
4,13580,109
4,13581,57
4,13582,96
4,13583,102
4,13584,115
4,13585,51
4,13586,96
4,13587,160
4,13588,102
4,13589,109
4,13590,32
4,13591,115
4,13592,108
4,13593,58
4,13594,19
4,13595,115
4,13596,58
4,13597,77
4,13598,32
4,13599,103
4,13600,173
4,13601,45
4,13602,160
4,13603,26
4,13604,102
4,13605,103
4,13606,51
4,13607,128
4,13608,102
4,13609,147
4,13610,166
4,13611,77
4,13612,-32
4,13613,128
4,13614,96
4,13615,122
4,13616,205
4,13617,160
4,13618,84
4,13619,147
4,13620,103
4,13621,173
4,13622,122
4,13623,115
4,13624,58
4,13625,148
4,13626,154
4,13627,122
4,13628,153
4,13629,160
4,13630,153
4,13631,102
4,13632,-44
4,13633,134
4,13634,64
4,13635,103
4,13636,186
4,13637,77
4,13638,134
4,13639,154
4,13640,128
4,13641,199
4,13642,167
4,13643,83
4,13644,198
4,13645,122
4,13646,77
4,13647,115
4,13648,109
4,13649,64
4,13650,128
4,13651,76
4,13652,160
4,13653,153
4,13654,77
4,13655,121
4,13656,122
4,13657,166
4,13658,173
4,13659,115
4,13660,172
4,13661,108
4,13662,51
4,13663,173
4,13664,-45
4,13665,64
4,13666,134
4,13667,122
4,13668,102
4,13669,89
4,13670,77
4,13671,141
4,13672,121
4,13673,109
4,13674,154
4,13675,115
4,13676,141
4,13677,90
4,13678,-51
4,13679,172
4,13680,166
4,13681,109
4,13682,76
4,13683,134
4,13684,115
4,13685,186
4,13686,108
4,13687,108
4,13688,109
4,13689,58
4,13690,58
4,13691,83
4,13692,89
4,13693,83
4,13694,70
4,13695,58
4,13696,128
4,13697,77
4,13698,45
4,13699,116
4,13700,179
4,13701,102
4,13702,154
4,13703,173
4,13704,166
4,13705,103
4,13706,128
4,13707,71
4,13708,173
4,13709,115
4,13710,96
4,13711,172
4,13712,102
4,13713,103
4,13714,102
4,13715,128
4,13716,179
4,13717,83
4,13718,109
4,13719,134
4,13720,121
4,13721,115
4,13722,128
4,13723,256
4,13724,1017
4,13725,115
4,13726,-51
4,13727,204
4,13728,166
4,13729,102
4,13730,116
4,13731,122
4,13732,109
4,13733,-77
4,13734,44
4,13735,45
4,13736,58
4,13737,813
4,13738,128
4,13739,774
4,13740,109
4,13741,109
4,13742,83
4,13743,141
4,13744,103
4,13745,51
4,13746,109
4,13747,173
4,13748,96
4,13749,64
4,13750,70
4,13751,122
4,13752,154
4,13753,108
4,13754,58
4,13755,109
4,13756,160
4,13757,96
4,13758,70
4,13759,13
4,13760,192
4,13761,51
4,13762,147
4,13763,115
4,13764,96
4,13765,109
4,13766,103
4,13767,103
4,13768,83
4,13769,262
4,13770,-12
4,13771,179
4,13772,179
4,13773,186
4,13774,122
4,13775,102
4,13776,167
4,13777,358
4,13778,122
4,13779,45
4,13780,103
4,13781,-557
4,13782,51
4,13783,83
4,13784,64
4,13785,192
4,13786,160
4,13787,147
4,13788,122
4,13789,192
4,13790,103
4,13791,167
4,13792,115
4,13793,52
4,13794,198
4,13795,102
4,13796,51
4,13797,103
4,13798,77
4,13799,76
4,13800,339
4,13801,103
4,13802,-38
4,13803,96
4,13804,128
4,13805,346
4,13806,167
4,13807,128
4,13808,134
4,13809,89
4,13810,141
4,13811,115
4,13812,121
4,13813,76
4,13814,160
4,13815,109
4,13816,205
4,13817,57
4,13818,167
4,13819,160
4,13820,70
4,13821,115
4,13822,-205
4,13823,51
4,13824,108
4,13825,141
4,13826,134
4,13827,167
4,13828,121
4,13829,167
4,13830,128
4,13831,212
4,13832,128
4,13833,115
4,13834,-52
4,13835,205
4,13836,57
4,13837,77
4,13838,83
4,13839,115
4,13840,160
4,13841,192
4,13842,199
4,13843,108
4,13844,211
4,13845,96
4,13846,192
4,13847,179
4,13848,211
4,13849,64
4,13850,-19
4,13851,135
4,13852,51
4,13853,20
4,13854,39
4,13855,109
4,13856,154
4,13857,58
4,13858,121
4,13859,70
4,13860,64
4,13861,51
4,13862,135
4,13863,154
4,13864,153
4,13865,160
4,13866,160
4,13867,71
4,13868,237
4,13869,103
4,13870,148
4,13871,198
4,13872,121
4,13873,102
4,13874,102
4,13875,109
4,13876,160
4,13877,148
4,13878,160
4,13879,70
4,13880,172
4,13881,160
4,13882,121
4,13883,173
4,13884,160
4,13885,179
4,13886,-13
4,13887,135
4,13888,122
4,13889,58
4,13890,103
4,13891,115
4,13892,135
4,13893,141
4,13894,77
4,13895,135
4,13896,64
4,13897,121
4,13898,-38
4,13899,160
4,13900,134
4,13901,44
4,13902,186
4,13903,115
4,13904,186
4,13905,76
4,13906,166
4,13907,96
4,13908,90
4,13909,70
4,13910,58
4,13911,89
4,13912,173
4,13913,141
4,13914,108
4,13915,179
4,13916,141
4,13917,89
4,13918,25
4,13919,160
4,13920,198
4,13921,83
4,13922,192
4,13923,160
4,13924,135
4,13925,122
4,13926,128
4,13927,160
4,13928,76
4,13929,38
4,13930,32
4,13931,115
4,13932,115
4,13933,57
4,13934,20
4,13935,102
4,13936,64
4,13937,141
4,13938,109
4,13939,128
4,13940,128
4,13941,102
4,13942,121
4,13943,116
4,13944,166
4,13945,-25
4,13946,45
4,13947,109
4,13948,96
4,13949,71
4,13950,64
4,13951,96
4,13952,135
4,13953,167
4,13954,147
4,13955,160
4,13956,25
4,13957,134
4,13958,64
4,13959,372
4,13960,-57
4,13961,109
4,13962,160
4,13963,26
4,13964,45
4,13965,26
4,13966,26
4,13967,108
4,13968,96
4,13969,122
4,13970,121
4,13971,160
4,13972,135
4,13973,141
4,13974,70
4,13975,128
4,13976,58
4,13977,-39
4,13978,148
4,13979,115
4,13980,800
4,13981,-6
4,13982,70
4,13983,19
4,13984,58
4,13985,70
4,13986,102
4,13987,192
4,13988,64
4,13989,64
4,13990,51
4,13991,102
4,13992,83
4,13993,77
4,13994,787
4,13995,172
4,13996,115
4,13997,109
4,13998,192
4,13999,166
4,14000,134
4,14001,70
4,14002,141
4,14003,57
4,14004,58
4,14005,77
4,14006,96
4,14007,160
4,14008,77
4,14009,109
4,14010,160
4,14011,128
4,14012,109
4,14013,-32
4,14014,128
4,14015,147
4,14016,358
4,14017,77
4,14018,122
4,14019,-26
4,14020,147
4,14021,140
4,14022,51
4,14023,134
4,14024,64
4,14025,115
4,14026,179
4,14027,186
4,14028,116
4,14029,154
4,14030,51
4,14031,141
4,14032,192
4,14033,109
4,14034,173
4,14035,160
4,14036,57
4,14037,-544
4,14038,57
4,14039,-38
4,14040,179
4,14041,122
4,14042,167
4,14043,96
4,14044,51
4,14045,83
4,14046,167
4,14047,70
4,14048,173
4,14049,121
4,14050,179
4,14051,83
4,14052,128
4,14053,96
4,14054,51
4,14055,986
4,14056,211
4,14057,102
4,14058,64
4,14059,102
4,14060,90
4,14061,141
4,14062,51
4,14063,122
4,14064,148
4,14065,153
4,14066,173
4,14067,218
4,14068,166
4,14069,153
4,14070,71
4,14071,122
4,14072,122
4,14073,32
4,14074,52
4,14075,391
4,14076,64
4,14077,58
4,14078,64
4,14079,115
4,14080,134
4,14081,314
4,14082,180
4,14083,148
4,14084,121
4,14085,109
4,14086,211
4,14087,128
4,14088,134
4,14089,58
4,14090,102
4,14091,70
4,14092,154
4,14093,109
4,14094,108
4,14095,115
4,14096,122
4,14097,364
4,14098,116
4,14099,115
4,14100,147
4,14101,199
4,14102,185
4,14103,102
4,14104,160
4,14105,96
4,14106,109
4,14107,109
4,14108,-45
4,14109,116
4,14110,115
4,14111,364
4,14112,186
4,14113,58
4,14114,115
4,14115,122
4,14116,167
4,14117,77
4,14118,116
4,14119,58
4,14120,160
4,14121,557
4,14122,141
4,14123,211
4,14124,128
4,14125,83
4,14126,205
4,14127,-64
4,14128,121
4,14129,359
4,14130,64
4,14131,51
4,14132,147
4,14133,84
4,14134,90
4,14135,115
4,14136,115
4,14137,153
4,14138,90
4,14139,365
4,14140,224
4,14141,109
4,14142,51
4,14143,109
4,14144,198
4,14145,51
4,14146,51
4,14147,90
4,14148,58
4,14149,39
4,14150,70
4,14151,57
4,14152,64
4,14153,84
4,14154,128
4,14155,64
4,14156,70
4,14157,115
4,14158,256
4,14159,38
4,14160,166
4,14161,26
4,14162,76
4,14163,109
4,14164,166
4,14165,90
4,14166,128
4,14167,109
4,14168,-51
4,14169,192
4,14170,179
4,14171,70
4,14172,148
4,14173,70
4,14174,45
4,14175,141
4,14176,249
4,14177,26
4,14178,147
4,14179,83
4,14180,141
4,14181,77
4,14182,160
4,14183,109
4,14184,173
4,14185,160
4,14186,51
4,14187,115
4,14188,121
4,14189,77
4,14190,160
4,14191,128
4,14192,320
4,14193,64
4,14194,70
4,14195,122
4,14196,109
4,14197,115
4,14198,96
4,14199,141
4,14200,166
4,14201,166
4,14202,122
4,14203,141
4,14204,115
4,14205,160
4,14206,141
4,14207,122
4,14208,128
4,14209,147
4,14210,70
4,14211,64
4,14212,192
4,14213,64
4,14214,32
4,14215,83
4,14216,90
4,14217,51
4,14218,96
4,14219,70
4,14220,166
4,14221,58
4,14222,70
4,14223,314
4,14224,64
4,14225,64
4,14226,77
4,14227,121
4,14228,128
4,14229,115
4,14230,160
4,14231,160
4,14232,122
4,14233,160
4,14234,173
4,14235,96
4,14236,800
4,14237,51
4,14238,128
4,14239,109
4,14240,173
4,14241,57
4,14242,134
4,14243,115
4,14244,77
4,14245,90
4,14246,83
4,14247,153
4,14248,160
4,14249,806
4,14250,147
4,14251,454
4,14252,147
4,14253,109
4,14254,339
4,14255,77
4,14256,115
4,14257,57
4,14258,148
4,14259,122
4,14260,83
4,14261,64
4,14262,122
4,14263,390
4,14264,154
4,14265,102
4,14266,-19
4,14267,186
4,14268,180
4,14269,198
4,14270,89
4,14271,58
4,14272,128
4,14273,39
4,14274,77
4,14275,26
4,14276,147
4,14277,71
4,14278,83
4,14279,90
4,14280,179
4,14281,256
4,14282,166
4,14283,160
4,14284,211
4,14285,167
4,14286,-32
4,14287,147
4,14288,186
4,14289,64
4,14290,134
4,14291,102
4,14292,57
4,14293,45
4,14294,128
4,14295,211
4,14296,122
4,14297,89
4,14298,84
4,14299,128
4,14300,64
4,14301,115
4,14302,71
4,14303,109
4,14304,115
4,14305,77
4,14306,250
4,14307,96
4,14308,38
4,14309,134
4,14310,141
4,14311,160
4,14312,109
4,14313,109
4,14314,89
4,14315,71
4,14316,173
4,14317,109
4,14318,140
4,14319,89
4,14320,160
4,14321,192
4,14322,102
4,14323,173
4,14324,160
4,14325,115
4,14326,77
4,14327,128
4,14328,358
4,14329,51
4,14330,102
4,14331,135
4,14332,70
4,14333,109
4,14334,115
4,14335,103
4,14336,141
4,14337,70
4,14338,121
4,14339,153
4,14340,84
4,14341,103
4,14342,64
4,14343,173
4,14344,84
4,14345,109
4,14346,64
4,14347,128
4,14348,70
4,14349,185
4,14350,70
4,14351,83
4,14352,109
4,14353,121
4,14354,147
4,14355,211
4,14356,115
4,14357,135
4,14358,121
4,14359,179
4,14360,147
4,14361,58
4,14362,57
4,14363,64
4,14364,96
4,14365,19
4,14366,154
4,14367,70
4,14368,153
4,14369,64
4,14370,103
4,14371,57
4,14372,134
4,14373,108
4,14374,83
4,14375,147
4,14376,-26
4,14377,179
4,14378,167
4,14379,-300
4,14380,166
4,14381,179
4,14382,121
4,14383,83
4,14384,154
4,14385,51
4,14386,77
4,14387,122
4,14388,76
4,14389,147
4,14390,32
4,14391,332
4,14392,160
4,14393,192
4,14394,172
4,14395,166
4,14396,359
4,14397,128
4,14398,96
4,14399,122
4,14400,160
4,14401,52
4,14402,121
4,14403,109
4,14404,70
4,14405,76
4,14406,90
4,14407,115
4,14408,115
4,14409,140
4,14410,135
4,14411,70
4,14412,172
4,14413,71
4,14414,115
4,14415,84
4,14416,140
4,14417,32
4,14418,103
4,14419,115
4,14420,154
4,14421,57
4,14422,109
4,14423,115
4,14424,90
4,14425,160
4,14426,217
4,14427,115
4,14428,115
4,14429,96
4,14430,173
4,14431,103
4,14432,147
4,14433,102
4,14434,166
4,14435,128
4,14436,167
4,14437,64
4,14438,358
4,14439,90
4,14440,160
4,14441,102
4,14442,77
4,14443,102
4,14444,90
4,14445,71
4,14446,166
4,14447,102
4,14448,109
4,14449,116
4,14450,339
4,14451,71
4,14452,199
4,14453,71
4,14454,115
4,14455,77
4,14456,108
4,14457,64
4,14458,96
4,14459,141
4,14460,116
4,14461,90
4,14462,109
4,14463,83
4,14464,141
4,14465,109
4,14466,179
4,14467,166
4,14468,172
4,14469,51
4,14470,96
4,14471,122
4,14472,147
4,14473,109
4,14474,115
4,14475,134
4,14476,154
4,14477,199
4,14478,96
4,14479,96
4,14480,166
4,14481,128
4,14482,345
4,14483,230
4,14484,186
4,14485,109
4,14486,77
4,14487,192
4,14488,128
4,14489,83
4,14490,179
4,14491,64
4,14492,819
4,14493,109
4,14494,58
4,14495,173
4,14496,167
4,14497,90
4,14498,51
4,14499,109
4,14500,122
4,14501,103
4,14502,77
4,14503,51
4,14504,51
4,14505,109
4,14506,864
4,14507,147
4,14508,179
4,14509,160
4,14510,90
4,14511,403
4,14512,-45
4,14513,90
4,14514,154
4,14515,58
4,14516,84
4,14517,51
4,14518,173
4,14519,160
4,14520,109
4,14521,64
4,14522,83
4,14523,103
4,14524,121
4,14525,141
4,14526,250
4,14527,140
4,14528,121
4,14529,103
4,14530,128
4,14531,32
4,14532,116
4,14533,96
4,14534,109
4,14535,109
4,14536,166
4,14537,58
4,14538,198
4,14539,153
4,14540,116
4,14541,122
4,14542,128
4,14543,166
4,14544,128
4,14545,64
4,14546,64
4,14547,70
4,14548,51
4,14549,-384
4,14550,116
4,14551,154
4,14552,115
4,14553,115
4,14554,122
4,14555,154
4,14556,134
4,14557,134
4,14558,115
4,14559,122
4,14560,52
4,14561,96
4,14562,-26
4,14563,70
4,14564,205
4,14565,467
4,14566,102
4,14567,148
4,14568,166
4,14569,64
4,14570,32
4,14571,378
4,14572,57
4,14573,102
4,14574,147
4,14575,147
4,14576,128
4,14577,199
4,14578,83
4,14579,102
4,14580,179
4,14581,134
4,14582,-44
4,14583,122
4,14584,128
4,14585,51
4,14586,25
4,14587,96
4,14588,-52
4,14589,166
4,14590,141
4,14591,116
4,14592,198
4,14593,-25
4,14594,147
4,14595,192
4,14596,166
4,14597,128
4,14598,173
4,14599,166
4,14600,198
4,14601,57
4,14602,153
4,14603,371
4,14604,89
4,14605,96
4,14606,179
4,14607,128
4,14608,121
4,14609,160
4,14610,13
4,14611,115
4,14612,166
4,14613,147
4,14614,160
4,14615,153
4,14616,167
4,14617,128
4,14618,230
4,14619,122
4,14620,108
4,14621,64
4,14622,45
4,14623,147
4,14624,160
4,14625,83
4,14626,173
4,14627,116
4,14628,122
4,14629,109
4,14630,96
4,14631,103
4,14632,109
4,14633,167
4,14634,122
4,14635,-32
4,14636,192
4,14637,141
4,14638,147
4,14639,160
4,14640,154
4,14641,109
4,14642,109
4,14643,166
4,14644,102
4,14645,115
4,14646,237
4,14647,128
4,14648,185
4,14649,109
4,14650,115
4,14651,160
4,14652,122
4,14653,115
4,14654,256
4,14655,83
4,14656,204
4,14657,71
4,14658,64
4,14659,115
4,14660,128
4,14661,96
4,14662,77
4,14663,212
4,14664,70
4,14665,212
4,14666,378
4,14667,115
4,14668,109
4,14669,365
4,14670,109
4,14671,64
4,14672,84
4,14673,45
4,14674,25
4,14675,70
4,14676,70
4,14677,96
4,14678,180
4,14679,116
4,14680,-45
4,14681,90
4,14682,128
4,14683,128
4,14684,134
4,14685,102
4,14686,26
4,14687,147
4,14688,204
4,14689,45
4,14690,109
4,14691,52
4,14692,90
4,14693,25
4,14694,134
4,14695,77
4,14696,122
4,14697,199
4,14698,96
4,14699,179
4,14700,109
4,14701,115
4,14702,179
4,14703,180
4,14704,211
4,14705,109
4,14706,109
4,14707,121
4,14708,115
4,14709,96
4,14710,179
4,14711,122
4,14712,102
4,14713,44
4,14714,77
4,14715,58
4,14716,70
4,14717,64
4,14718,45
4,14719,115
4,14720,160
4,14721,333
4,14722,89
4,14723,179
4,14724,-45
4,14725,160
4,14726,108
4,14727,70
4,14728,160
4,14729,58
4,14730,141
4,14731,71
4,14732,115
4,14733,147
4,14734,89
4,14735,71
4,14736,154
4,14737,96
4,14738,38
4,14739,71
4,14740,90
4,14741,147
4,14742,77
4,14743,167
4,14744,359
4,14745,-26
4,14746,64
4,14747,121
4,14748,800
4,14749,166
4,14750,96
4,14751,122
4,14752,154
4,14753,57
4,14754,108
4,14755,45
4,14756,153
4,14757,44
4,14758,90
4,14759,147
4,14760,115
4,14761,781
4,14762,205
4,14763,768
4,14764,71
4,14765,154
4,14766,153
4,14767,121
4,14768,116
4,14769,71
4,14770,32
4,14771,115
4,14772,64
4,14773,84
4,14774,20
4,14775,103
4,14776,70
4,14777,96
4,14778,102
4,14779,160
4,14780,154
4,14781,141
4,14782,58
4,14783,122
4,14784,204
4,14785,-25
4,14786,122
4,14787,70
4,14788,122
4,14789,77
4,14790,185
4,14791,116
4,14792,166
4,14793,89
4,14794,108
4,14795,212
4,14796,122
4,14797,70
4,14798,141
4,14799,148
4,14800,135
4,14801,51
4,14802,77
4,14803,173
4,14804,32
4,14805,-32
4,14806,58
4,14807,345
4,14808,-26
4,14809,116
4,14810,115
4,14811,90
4,14812,116
4,14813,141
4,14814,166
4,14815,122
4,14816,96
4,14817,115
4,14818,166
4,14819,166
4,14820,134
4,14821,96
4,14822,38
4,14823,205
4,14824,103
4,14825,70
4,14826,116
4,14827,116
4,14828,103
4,14829,-51
4,14830,172
4,14831,83
4,14832,96
4,14833,154
4,14834,186
4,14835,122
4,14836,198
4,14837,160
4,14838,108
4,14839,128
4,14840,166
4,14841,141
4,14842,52
4,14843,147
4,14844,64
4,14845,109
4,14846,-26
4,14847,122
4,14848,77
4,14849,154
4,14850,172
4,14851,166
4,14852,109
4,14853,147
4,14854,141
4,14855,134
4,14856,134
4,14857,58
4,14858,116
4,14859,90
4,14860,384
4,14861,89
4,14862,147
4,14863,115
4,14864,128
4,14865,160
4,14866,160
4,14867,160
4,14868,205
4,14869,186
4,14870,148
4,14871,166
4,14872,308
4,14873,-25
4,14874,83
4,14875,71
4,14876,83
4,14877,57
4,14878,70
4,14879,109
4,14880,179
4,14881,-19
4,14882,96
4,14883,64
4,14884,186
4,14885,179
4,14886,45
4,14887,-64
4,14888,-13
4,14889,173
4,14890,77
4,14891,-186
4,14892,115
4,14893,134
4,14894,122
4,14895,103
4,14896,102
4,14897,83
4,14898,26
4,14899,122
4,14900,51
4,14901,147
4,14902,-32
4,14903,25
4,14904,64
4,14905,64
4,14906,90
4,14907,166
4,14908,211
4,14909,64
4,14910,116
4,14911,108
4,14912,90
4,14913,51
4,14914,103
4,14915,58
4,14916,160
4,14917,90
4,14918,217
4,14919,212
4,14920,83
4,14921,-57
4,14922,218
4,14923,141
4,14924,141
4,14925,96
4,14926,77
4,14927,96
4,14928,198
4,14929,358
4,14930,160
4,14931,154
4,14932,128
4,14933,148
4,14934,-58
4,14935,160
4,14936,141
4,14937,185
4,14938,148
4,14939,121
4,14940,365
4,14941,167
4,14942,71
4,14943,256
4,14944,128
4,14945,153
4,14946,384
4,14947,199
4,14948,135
4,14949,172
4,14950,64
4,14951,147
4,14952,186
4,14953,64
4,14954,32
4,14955,77
4,14956,122
4,14957,70
4,14958,51
4,14959,90
4,14960,147
4,14961,179
4,14962,-26
4,14963,160
4,14964,134
4,14965,390
4,14966,128
4,14967,128
4,14968,141
4,14969,211
4,14970,96
4,14971,90
4,14972,154
4,14973,51
4,14974,237
4,14975,70
4,14976,-403
4,14977,109
4,14978,141
4,14979,166
4,14980,134
4,14981,147
4,14982,-26
4,14983,192
4,14984,160
4,14985,231
4,14986,275
4,14987,102
4,14988,269
4,14989,39
4,14990,237
4,14991,64
4,14992,83
4,14993,307
4,14994,135
4,14995,109
4,14996,134
4,14997,77
4,14998,89
4,14999,172
4,15000,109
4,15001,77
4,15002,122
4,15003,365
4,15004,794
4,15005,57
4,15006,57
4,15007,154
4,15008,160
4,15009,96
4,15010,58
4,15011,45
4,15012,102
4,15013,51
4,15014,166
4,15015,20
4,15016,26
4,15017,38
4,15018,807
4,15019,147
4,15020,26
4,15021,128
4,15022,179
4,15023,185
4,15024,122
4,15025,58
4,15026,96
4,15027,26
4,15028,57
4,15029,141
4,15030,109
4,15031,64
4,15032,160
4,15033,141
4,15034,115
4,15035,115
4,15036,121
4,15037,71
4,15038,64
4,15039,185
4,15040,179
4,15041,345
4,15042,147
4,15043,64
4,15044,58
4,15045,-57
4,15046,122
4,15047,77
4,15048,26
4,15049,205
4,15050,269
4,15051,179
4,15052,115
4,15053,185
4,15054,89
4,15055,269
4,15056,256
4,15057,192
4,15058,141
4,15059,153
4,15060,32
4,15061,76
4,15062,-128
4,15063,128
4,15064,103
4,15065,70
4,15066,128
4,15067,121
4,15068,128
4,15069,109
4,15070,77
4,15071,-237
4,15072,185
4,15073,108
4,15074,90
4,15075,71
4,15076,116
4,15077,-58
4,15078,205
4,15079,90
4,15080,115
4,15081,90
4,15082,160
4,15083,83
4,15084,135
4,15085,160
4,15086,160
4,15087,83
4,15088,70
4,15089,-19
4,15090,148
4,15091,109
4,15092,128
4,15093,52
4,15094,166
4,15095,115
4,15096,154
4,15097,70
4,15098,89
4,15099,77
4,15100,115
4,15101,96
4,15102,77
4,15103,64
4,15104,77
4,15105,109
4,15106,109
4,15107,128
4,15108,108
4,15109,70
4,15110,141
4,15111,141
4,15112,185
4,15113,25
4,15114,154
4,15115,115
4,15116,109
4,15117,71
4,15118,64
4,15119,134
4,15120,205
4,15121,115
4,15122,121
4,15123,154
4,15124,128
4,15125,147
4,15126,84
4,15127,121
4,15128,198
4,15129,64
4,15130,102
4,15131,70
4,15132,32
4,15133,51
4,15134,108
4,15135,108
4,15136,45
4,15137,109
4,15138,109
4,15139,-231
4,15140,-45
4,15141,135
4,15142,64
4,15143,166
4,15144,64
4,15145,172
4,15146,83
4,15147,147
4,15148,237
4,15149,166
4,15150,128
4,15151,218
4,15152,121
4,15153,134
4,15154,173
4,15155,109
4,15156,115
4,15157,96
4,15158,70
4,15159,64
4,15160,276
4,15161,128
4,15162,160
4,15163,160
4,15164,160
4,15165,148
4,15166,90
4,15167,89
4,15168,185
4,15169,160
4,15170,83
4,15171,186
4,15172,199
4,15173,52
4,15174,70
4,15175,-45
4,15176,44
4,15177,128
4,15178,167
4,15179,77
4,15180,198
4,15181,109
4,15182,179
4,15183,109
4,15184,122
4,15185,51
4,15186,147
4,15187,38
4,15188,77
4,15189,51
4,15190,57
4,15191,365
4,15192,141
4,15193,167
4,15194,205
4,15195,90
4,15196,90
4,15197,109
4,15198,102
4,15199,128
4,15200,167
4,15201,76
4,15202,109
4,15203,-32
4,15204,121
4,15205,58
4,15206,90
4,15207,128
4,15208,-45
4,15209,160
4,15210,160
4,15211,84
4,15212,140
4,15213,90
4,15214,256
4,15215,128
4,15216,102
4,15217,51
4,15218,83
4,15219,166
4,15220,115
4,15221,83
4,15222,58
4,15223,51
4,15224,167
4,15225,52
4,15226,115
4,15227,83
4,15228,172
4,15229,-51
4,15230,154
4,15231,141
4,15232,-19
4,15233,122
4,15234,135
4,15235,83
4,15236,109
4,15237,167
4,15238,109
4,15239,64
4,15240,70
4,15241,198
4,15242,128
4,15243,167
4,15244,45
4,15245,51
4,15246,199
4,15247,230
4,15248,115
4,15249,77
4,15250,109
4,15251,58
4,15252,128
4,15253,109
4,15254,70
4,15255,115
4,15256,192
4,15257,179
4,15258,371
4,15259,160
4,15260,826
4,15261,160
4,15262,71
4,15263,148
4,15264,205
4,15265,32
4,15266,192
4,15267,224
4,15268,-26
4,15269,109
4,15270,26
4,15271,153
4,15272,83
4,15273,806
4,15274,160
4,15275,787
4,15276,211
4,15277,141
4,15278,26
4,15279,102
4,15280,166
4,15281,-25
4,15282,103
4,15283,77
4,15284,51
4,15285,128
4,15286,45
4,15287,141
4,15288,160
4,15289,160
4,15290,198
4,15291,115
4,15292,128
4,15293,147
4,15294,166
4,15295,70
4,15296,116
4,15297,51
4,15298,134
4,15299,70
4,15300,-38
4,15301,45
4,15302,141
4,15303,-205
4,15304,44
4,15305,109
4,15306,230
4,15307,243
4,15308,135
4,15309,109
4,15310,198
4,15311,147
4,15312,141
4,15313,64
4,15314,153
4,15315,71
4,15316,109
4,15317,-448
4,15318,109
4,15319,96
4,15320,115
4,15321,77
4,15322,-32
4,15323,147
4,15324,52
4,15325,275
4,15326,84
4,15327,160
4,15328,115
4,15329,160
4,15330,192
4,15331,147
4,15332,140
4,15333,109
4,15334,160
4,15335,109
4,15336,102
4,15337,109
4,15338,166
4,15339,115
4,15340,57
4,15341,160
4,15342,64
4,15343,58
4,15344,166
4,15345,172
4,15346,141
4,15347,76
4,15348,70
4,15349,173
4,15350,160
4,15351,-64
4,15352,231
4,15353,45
4,15354,115
4,15355,102
4,15356,51
4,15357,-45
4,15358,96
4,15359,102
4,15360,121
4,15361,96
4,15362,122
4,15363,-45
4,15364,121
4,15365,90
4,15366,192
4,15367,89
4,15368,128
4,15369,121
4,15370,116
4,15371,116
4,15372,121
4,15373,154
4,15374,109
4,15375,141
4,15376,166
4,15377,166
4,15378,211
4,15379,180
4,15380,205
4,15381,179
4,15382,103
4,15383,128
4,15384,154
4,15385,89
4,15386,58
4,15387,51
4,15388,64
4,15389,121
4,15390,122
4,15391,71
4,15392,102
4,15393,45
4,15394,141
4,15395,115
4,15396,160
4,15397,134
4,15398,166
4,15399,160
4,15400,121
4,15401,166
4,15402,83
4,15403,147
4,15404,-19
4,15405,134
4,15406,135
4,15407,115
4,15408,121
4,15409,64
4,15410,116
4,15411,83
4,15412,109
4,15413,64
4,15414,154
4,15415,116
4,15416,153
4,15417,180
4,15418,147
4,15419,173
4,15420,96
4,15421,199
4,15422,160
4,15423,128
4,15424,167
4,15425,70
4,15426,64
4,15427,109
4,15428,147
4,15429,102
4,15430,166
4,15431,121
4,15432,128
4,15433,108
4,15434,179
4,15435,64
4,15436,-45
4,15437,64
4,15438,173
4,15439,147
4,15440,173
4,15441,153
4,15442,128
4,15443,32
4,15444,160
4,15445,256
4,15446,115
4,15447,20
4,15448,173
4,15449,205
4,15450,147
4,15451,64
4,15452,103
4,15453,160
4,15454,70
4,15455,57
4,15456,205
4,15457,288
4,15458,166
4,15459,141
4,15460,147
4,15461,96
4,15462,109
4,15463,109
4,15464,115
4,15465,64
4,15466,121
4,15467,237
4,15468,103
4,15469,160
4,15470,160
4,15471,263
4,15472,58
4,15473,-6
4,15474,115
4,15475,121
4,15476,160
4,15477,121
4,15478,-64
4,15479,128
4,15480,147
4,15481,160
4,15482,103
4,15483,96
4,15484,25
4,15485,26
4,15486,115
4,15487,198
4,15488,58
4,15489,154
4,15490,-32
4,15491,211
4,15492,218
4,15493,372
4,15494,198
4,15495,160
4,15496,121
4,15497,179
4,15498,167
4,15499,102
4,15500,-39
4,15501,173
4,15502,51
4,15503,135
4,15504,173
4,15505,-26
4,15506,218
4,15507,166
4,15508,141
4,15509,122
4,15510,205
4,15511,58
4,15512,115
4,15513,77
4,15514,90
4,15515,180
4,15516,812
4,15517,45
4,15518,32
4,15519,19
4,15520,103
4,15521,57
4,15522,141
4,15523,83
4,15524,134
4,15525,122
4,15526,-32
4,15527,90
4,15528,390
4,15529,172
4,15530,794
4,15531,128
4,15532,26
4,15533,192
4,15534,32
4,15535,121
4,15536,173
4,15537,103
4,15538,134
4,15539,70
4,15540,141
4,15541,51
4,15542,128
4,15543,198
4,15544,173
4,15545,89
4,15546,83
4,15547,231
4,15548,89
4,15549,128
4,15550,358
4,15551,179
4,15552,192
4,15553,19
4,15554,32
4,15555,58
4,15556,70
4,15557,77
4,15558,160
4,15559,64
4,15560,71
4,15561,51
4,15562,205
4,15563,115
4,15564,51
4,15565,96
4,15566,211
4,15567,-58
4,15568,186
4,15569,115
4,15570,153
4,15571,77
4,15572,115
4,15573,-32
4,15574,140
4,15575,25
4,15576,147
4,15577,77
4,15578,314
4,15579,128
4,15580,218
4,15581,109
4,15582,51
4,15583,153
4,15584,192
4,15585,64
4,15586,167
4,15587,160
4,15588,173
4,15589,166
4,15590,166
4,15591,135
4,15592,109
4,15593,70
4,15594,-135
4,15595,38
4,15596,51
4,15597,128
4,15598,122
4,15599,26
4,15600,103
4,15601,115
4,15602,166
4,15603,109
4,15604,45
4,15605,166
4,15606,128
4,15607,115
4,15608,115
4,15609,38
4,15610,58
4,15611,32
4,15612,39
4,15613,64
4,15614,25
4,15615,154
4,15616,58
4,15617,64
4,15618,134
4,15619,192
4,15620,224
4,15621,77
4,15622,71
4,15623,109
4,15624,90
4,15625,76
4,15626,115
4,15627,57
4,15628,160
4,15629,122
4,15630,-32
4,15631,128
4,15632,96
4,15633,96
4,15634,102
4,15635,166
4,15636,186
4,15637,51
4,15638,204
4,15639,128
4,15640,198
4,15641,57
4,15642,115
4,15643,109
4,15644,84
4,15645,96
4,15646,166
4,15647,13
4,15648,167
4,15649,32
4,15650,102
4,15651,-51
4,15652,45
4,15653,109
4,15654,89
4,15655,173
4,15656,64
4,15657,-70
4,15658,103
4,15659,160
4,15660,154
4,15661,96
4,15662,71
4,15663,128
4,15664,166
4,15665,70
4,15666,160
4,15667,115
4,15668,115
4,15669,141
4,15670,160
4,15671,45
4,15672,121
4,15673,58
4,15674,243
4,15675,192
4,15676,134
4,15677,109
4,15678,25
4,15679,192
4,15680,77
4,15681,102
4,15682,90
4,15683,122
4,15684,166
4,15685,166
4,15686,172
4,15687,173
4,15688,102
4,15689,199
4,15690,116
4,15691,160
4,15692,173
4,15693,185
4,15694,-205
4,15695,122
4,15696,128
4,15697,96
4,15698,153
4,15699,141
4,15700,179
4,15701,77
4,15702,26
4,15703,217
4,15704,134
4,15705,109
4,15706,212
4,15707,160
4,15708,167
4,15709,167
4,15710,211
4,15711,115
4,15712,186
4,15713,96
4,15714,160
4,15715,89
4,15716,160
4,15717,108
4,15718,211
4,15719,390
4,15720,96
4,15721,147
4,15722,365
4,15723,179
4,15724,84
4,15725,96
4,15726,185
4,15727,108
4,15728,83
4,15729,141
4,15730,128
4,15731,-128
4,15732,390
4,15733,128
4,15734,205
4,15735,90
4,15736,166
4,15737,84
4,15738,115
4,15739,115
4,15740,122
4,15741,167
4,15742,115
4,15743,64
4,15744,147
4,15745,44
4,15746,153
4,15747,-38
4,15748,103
4,15749,160
4,15750,-19
4,15751,45
4,15752,154
4,15753,64
4,15754,128
4,15755,122
4,15756,147
4,15757,160
4,15758,153
4,15759,147
4,15760,134
4,15761,185
4,15762,115
4,15763,160
4,15764,70
4,15765,128
4,15766,198
4,15767,134
4,15768,51
4,15769,134
4,15770,109
4,15771,160
4,15772,1466
4,15773,103
4,15774,173
4,15775,141
4,15776,115
4,15777,39
4,15778,51
4,15779,-13
4,15780,173
4,15781,64
4,15782,186
4,15783,-32
4,15784,122
4,15785,807
4,15786,115
4,15787,787
4,15788,173
4,15789,83
4,15790,211
4,15791,141
4,15792,64
4,15793,116
4,15794,154
4,15795,51
4,15796,44
4,15797,198
4,15798,64
4,15799,160
4,15800,-38
4,15801,109
4,15802,76
4,15803,199
4,15804,121
4,15805,115
4,15806,57
4,15807,147
4,15808,32
4,15809,51
4,15810,115
4,15811,102
4,15812,167
4,15813,128
4,15814,199
4,15815,121
4,15816,121
4,15817,109
4,15818,192
4,15819,141
4,15820,38
4,15821,135
4,15822,38
4,15823,121
4,15824,211
4,15825,70
4,15826,26
4,15827,134
4,15828,121
4,15829,115
4,15830,205
4,15831,166
4,15832,103
4,15833,154
4,15834,109
4,15835,160
4,15836,160
4,15837,115
4,15838,109
4,15839,218
4,15840,58
4,15841,154
4,15842,391
4,15843,140
4,15844,115
4,15845,326
4,15846,77
4,15847,192
4,15848,76
4,15849,102
4,15850,115
4,15851,76
4,15852,172
4,15853,122
4,15854,64
4,15855,122
4,15856,122
4,15857,128
4,15858,-51
4,15859,211
4,15860,116
4,15861,121
4,15862,77
4,15863,140
4,15864,115
4,15865,51
4,15866,128
4,15867,167
4,15868,96
4,15869,77
4,15870,288
4,15871,83
4,15872,128
4,15873,96
4,15874,211
4,15875,199
4,15876,153
4,15877,390
4,15878,116
4,15879,128
4,15880,115
4,15881,115
4,15882,96
4,15883,57
4,15884,64
4,15885,154
4,15886,115
4,15887,128
4,15888,198
4,15889,313
4,15890,173
4,15891,121
4,15892,108
4,15893,166
4,15894,90
4,15895,198
4,15896,141
4,15897,115
4,15898,115
4,15899,109
4,15900,109
4,15901,102
4,15902,77
4,15903,115
4,15904,121
4,15905,109
4,15906,-20
4,15907,160
4,15908,103
4,15909,45
4,15910,103
4,15911,140
4,15912,166
4,15913,25
4,15914,122
4,15915,153
4,15916,83
4,15917,115
4,15918,147
4,15919,109
4,15920,134
4,15921,108
4,15922,115
4,15923,77
4,15924,70
4,15925,-51
4,15926,103
4,15927,121
4,15928,160
4,15929,115
4,15930,64
4,15931,154
4,15932,-51
4,15933,128
4,15934,96
4,15935,134
4,15936,167
4,15937,25
4,15938,121
4,15939,64
4,15940,109
4,15941,109
4,15942,166
4,15943,90
4,15944,199
4,15945,160
4,15946,148
4,15947,160
4,15948,-32
4,15949,96
4,15950,167
4,15951,121
4,15952,172
4,15953,224
4,15954,64
4,15955,173
4,15956,115
4,15957,-39
4,15958,173
4,15959,198
4,15960,109
4,15961,244
4,15962,71
4,15963,166
4,15964,122
4,15965,109
4,15966,115
4,15967,26
4,15968,173
4,15969,51
4,15970,122
4,15971,167
4,15972,147
4,15973,57
4,15974,96
4,15975,160
4,15976,166
4,15977,45
4,15978,64
4,15979,103
4,15980,90
4,15981,51
4,15982,26
4,15983,327
4,15984,57
4,15985,147
4,15986,122
4,15987,167
4,15988,262
4,15989,58
4,15990,83
4,15991,147
4,15992,173
4,15993,58
4,15994,128
4,15995,153
4,15996,58
4,15997,57
4,15998,-20
4,15999,-45
4,16000,218
4,16001,64
4,16002,121
4,16003,166
4,16004,250
4,16005,121
4,16006,154
4,16007,173
4,16008,115
4,16009,77
4,16010,83
4,16011,134
4,16012,76
4,16013,70
4,16014,192
4,16015,108
4,16016,173
4,16017,96
4,16018,135
4,16019,160
4,16020,153
4,16021,89
4,16022,57
4,16023,122
4,16024,116
4,16025,179
4,16026,108
4,16027,141
4,16028,794
4,16029,64
4,16030,19
4,16031,77
4,16032,141
4,16033,58
4,16034,70
4,16035,-218
4,16036,122
4,16037,121
4,16038,173
4,16039,128
4,16040,371
4,16041,77
4,16042,768
4,16043,211
4,16044,166
4,16045,148
4,16046,90
4,16047,90
4,16048,167
4,16049,109
4,16050,71
4,16051,58
4,16052,205
4,16053,64
4,16054,26
4,16055,103
4,16056,76
4,16057,77
4,16058,102
4,16059,154
4,16060,135
4,16061,327
4,16062,147
4,16063,134
4,16064,173
4,16065,70
4,16066,32
4,16067,58
4,16068,122
4,16069,57
4,16070,128
4,16071,153
4,16072,83
4,16073,128
4,16074,160
4,16075,134
4,16076,122
4,16077,64
4,16078,160
4,16079,141
4,16080,71
4,16081,103
4,16082,51
4,16083,128
4,16084,64
4,16085,52
4,16086,116
4,16087,77
4,16088,160
4,16089,160
4,16090,83
4,16091,160
4,16092,77
4,16093,134
4,16094,154
4,16095,128
4,16096,166
4,16097,109
4,16098,116
4,16099,166
4,16100,167
4,16101,275
4,16102,122
4,16103,179
4,16104,121
4,16105,26
4,16106,19
4,16107,77
4,16108,64
4,16109,122
4,16110,57
4,16111,96
4,16112,128
4,16113,102
4,16114,115
4,16115,333
4,16116,199
4,16117,57
4,16118,173
4,16119,121
4,16120,122
4,16121,51
4,16122,51
4,16123,58
4,16124,109
4,16125,96
4,16126,166
4,16127,77
4,16128,90
4,16129,96
4,16130,128
4,16131,179
4,16132,153
4,16133,121
4,16134,167
4,16135,121
4,16136,103
4,16137,39
4,16138,64
4,16139,77
4,16140,141
4,16141,58
4,16142,57
4,16143,83
4,16144,76
4,16145,51
4,16146,96
4,16147,115
4,16148,167
4,16149,154
4,16150,76
4,16151,128
4,16152,-32
4,16153,70
4,16154,44
4,16155,134
4,16156,122
4,16157,102
4,16158,32
4,16159,199
4,16160,102
4,16161,45
4,16162,83
4,16163,70
4,16164,51
4,16165,71
4,16166,301
4,16167,166
4,16168,52
4,16169,71
4,16170,116
4,16171,218
4,16172,166
4,16173,122
4,16174,205
4,16175,108
4,16176,115
4,16177,102
4,16178,-51
4,16179,179
4,16180,141
4,16181,71
4,16182,115
4,16183,90
4,16184,147
4,16185,96
4,16186,211
4,16187,121
4,16188,154
4,16189,102
4,16190,58
4,16191,121
4,16192,166
4,16193,71
4,16194,109
4,16195,90
4,16196,128
4,16197,167
4,16198,109
4,16199,153
4,16200,70
4,16201,173
4,16202,89
4,16203,147
4,16204,96
4,16205,116
4,16206,121
4,16207,115
4,16208,345
4,16209,121
4,16210,58
4,16211,109
4,16212,115
4,16213,71
4,16214,160
4,16215,173
4,16216,51
4,16217,90
4,16218,109
4,16219,160
4,16220,121
4,16221,71
4,16222,102
4,16223,89
4,16224,102
4,16225,70
4,16226,147
4,16227,224
4,16228,167
4,16229,58
4,16230,128
4,16231,108
4,16232,83
4,16233,109
4,16234,89
4,16235,115
4,16236,71
4,16237,115
4,16238,166
4,16239,121
4,16240,186
4,16241,90
4,16242,-32
4,16243,160
4,16244,166
4,16245,102
4,16246,89
4,16247,134
4,16248,109
4,16249,96
4,16250,166
4,16251,121
4,16252,103
4,16253,160
4,16254,140
4,16255,166
4,16256,128
4,16257,26
4,16258,160
4,16259,135
4,16260,160
4,16261,-25
4,16262,128
4,16263,166
4,16264,64
4,16265,141
4,16266,116
4,16267,173
4,16268,134
4,16269,103
4,16270,173
4,16271,185
4,16272,51
4,16273,102
4,16274,199
4,16275,116
4,16276,128
4,16277,198
4,16278,205
4,16279,160
4,16280,205
4,16281,160
4,16282,116
4,16283,115
4,16284,794
4,16285,128
4,16286,57
4,16287,180
4,16288,160
4,16289,39
4,16290,314
4,16291,115
4,16292,115
4,16293,121
4,16294,39
4,16295,173
4,16296,185
4,16297,813
4,16298,224
4,16299,761
4,16300,211
4,16301,218
4,16302,160
4,16303,160
4,16304,154
4,16305,-6
4,16306,172
4,16307,166
4,16308,90
4,16309,108
4,16310,-25
4,16311,115
4,16312,154
4,16313,160
4,16314,96
4,16315,276
4,16316,102
4,16317,115
4,16318,166
4,16319,116
4,16320,314
4,16321,109
4,16322,160
4,16323,96
4,16324,77
4,16325,102
4,16326,212
4,16327,103
4,16328,70
4,16329,102
4,16330,212
4,16331,71
4,16332,102
4,16333,52
4,16334,58
4,16335,109
4,16336,96
4,16337,320
4,16338,166
4,16339,32
4,16340,-71
4,16341,236
4,16342,32
4,16343,160
4,16344,58
4,16345,84
4,16346,77
4,16347,115
4,16348,102
4,16349,51
4,16350,64
4,16351,160
4,16352,166
4,16353,128
4,16354,224
4,16355,180
4,16356,153
4,16357,115
4,16358,58
4,16359,116
4,16360,167
4,16361,45
4,16362,121
4,16363,326
4,16364,122
4,16365,70
4,16366,320
4,16367,364
4,16368,154
4,16369,135
4,16370,153
4,16371,90
4,16372,102
4,16373,-6
4,16374,205
4,16375,64
4,16376,166
4,16377,-13
4,16378,192
4,16379,364
4,16380,71
4,16381,70
4,16382,-237
4,16383,128
4,16384,115
4,16385,57
4,16386,103
4,16387,160
4,16388,205
4,16389,45
4,16390,218
4,16391,147
4,16392,76
4,16393,58
4,16394,71
4,16395,103
4,16396,64
4,16397,70
4,16398,199
4,16399,371
4,16400,26
4,16401,147
4,16402,109
4,16403,134
4,16404,237
4,16405,96
4,16406,70
4,16407,172
4,16408,218
4,16409,51
4,16410,84
4,16411,77
4,16412,115
4,16413,57
4,16414,102
4,16415,-64
4,16416,186
4,16417,301
4,16418,19
4,16419,115
4,16420,71
4,16421,-39
4,16422,96
4,16423,70
4,16424,166
4,16425,96
4,16426,180
4,16427,167
4,16428,167
4,16429,256
4,16430,172
4,16431,128
4,16432,115
4,16433,102
4,16434,70
4,16435,77
4,16436,89
4,16437,64
4,16438,51
4,16439,173
4,16440,57
4,16441,116
4,16442,109
4,16443,-51
4,16444,-45
4,16445,128
4,16446,102
4,16447,211
4,16448,58
4,16449,109
4,16450,83
4,16451,154
4,16452,77
4,16453,70
4,16454,64
4,16455,109
4,16456,84
4,16457,64
4,16458,160
4,16459,153
4,16460,154
4,16461,109
4,16462,275
4,16463,154
4,16464,122
4,16465,64
4,16466,77
4,16467,109
4,16468,103
4,16469,102
4,16470,108
4,16471,167
4,16472,115
4,16473,109
4,16474,52
4,16475,166
4,16476,89
4,16477,58
4,16478,167
4,16479,-26
4,16480,173
4,16481,166
4,16482,102
4,16483,192
4,16484,167
4,16485,108
4,16486,102
4,16487,122
4,16488,211
4,16489,102
4,16490,64
4,16491,128
4,16492,108
4,16493,44
4,16494,339
4,16495,19
4,16496,76
4,16497,52
4,16498,115
4,16499,186
4,16500,167
4,16501,148
4,16502,89
4,16503,115
4,16504,141
4,16505,83
4,16506,96
4,16507,64
4,16508,64
4,16509,57
4,16510,-45
4,16511,76
4,16512,51
4,16513,141
4,16514,103
4,16515,122
4,16516,109
4,16517,115
4,16518,115
4,16519,115
4,16520,128
4,16521,83
4,16522,141
4,16523,96
4,16524,160
4,16525,64
4,16526,32
4,16527,-32
4,16528,64
4,16529,96
4,16530,109
4,16531,230
4,16532,179
4,16533,172
4,16534,109
4,16535,141
4,16536,-51
4,16537,224
4,16538,128
4,16539,108
4,16540,781
4,16541,52
4,16542,-64
4,16543,128
4,16544,154
4,16545,45
4,16546,115
4,16547,83
4,16548,218
4,16549,141
4,16550,115
4,16551,365
4,16552,128
4,16553,173
4,16554,653
4,16555,166
4,16556,128
4,16557,205
4,16558,211
4,16559,160
4,16560,166
4,16561,109
4,16562,141
4,16563,160
4,16564,51
4,16565,70
4,16566,96
4,16567,108
4,16568,224
4,16569,64
4,16570,160
4,16571,211
4,16572,90
4,16573,51
4,16574,96
4,16575,103
4,16576,160
4,16577,57
4,16578,77
4,16579,71
4,16580,83
4,16581,90
4,16582,89
4,16583,58
4,16584,173
4,16585,-51
4,16586,148
4,16587,122
4,16588,166
4,16589,224
4,16590,166
4,16591,205
4,16592,134
4,16593,19
4,16594,39
4,16595,244
4,16596,128
4,16597,243
4,16598,57
4,16599,147
4,16600,148
4,16601,173
4,16602,103
4,16603,211
4,16604,108
4,16605,45
4,16606,70
4,16607,115
4,16608,211
4,16609,77
4,16610,212
4,16611,70
4,16612,128
4,16613,109
4,16614,128
4,16615,262
4,16616,102
4,16617,32
4,16618,26
4,16619,32
4,16620,96
4,16621,96
4,16622,173
4,16623,134
4,16624,64
4,16625,77
4,16626,90
4,16627,358
4,16628,76
4,16629,90
4,16630,115
4,16631,172
4,16632,52
4,16633,45
4,16634,70
4,16635,64
4,16636,96
4,16637,51
4,16638,83
4,16639,134
4,16640,-198
4,16641,45
4,16642,109
4,16643,128
4,16644,179
4,16645,103
4,16646,71
4,16647,102
4,16648,115
4,16649,166
4,16650,180
4,16651,102
4,16652,102
4,16653,64
4,16654,26
4,16655,64
4,16656,166
4,16657,70
4,16658,32
4,16659,128
4,16660,148
4,16661,90
4,16662,179
4,16663,141
4,16664,166
4,16665,19
4,16666,109
4,16667,103
4,16668,96
4,16669,102
4,16670,167
4,16671,141
4,16672,58
4,16673,103
4,16674,115
4,16675,109
4,16676,108
4,16677,83
4,16678,103
4,16679,77
4,16680,57
4,16681,115
4,16682,180
4,16683,205
4,16684,-45
4,16685,122
4,16686,186
4,16687,64
4,16688,115
4,16689,45
4,16690,64
4,16691,19
4,16692,198
4,16693,102
4,16694,160
4,16695,102
4,16696,121
4,16697,122
4,16698,115
4,16699,140
4,16700,122
4,16701,154
4,16702,122
4,16703,147
4,16704,-44
4,16705,77
4,16706,211
4,16707,122
4,16708,77
4,16709,147
4,16710,173
4,16711,147
4,16712,90
4,16713,147
4,16714,77
4,16715,186
4,16716,115
4,16717,154
4,16718,199
4,16719,147
4,16720,172
4,16721,64
4,16722,109
4,16723,115
4,16724,134
4,16725,160
4,16726,166
4,16727,166
4,16728,121
4,16729,115
4,16730,154
4,16731,179
4,16732,115
4,16733,32
4,16734,64
4,16735,109
4,16736,-51
4,16737,32
4,16738,77
4,16739,70
4,16740,179
4,16741,-64
4,16742,217
4,16743,26
4,16744,115
4,16745,135
4,16746,186
4,16747,109
4,16748,51
4,16749,160
4,16750,198
4,16751,148
4,16752,122
4,16753,160
4,16754,147
4,16755,166
4,16756,134
4,16757,109
4,16758,116
4,16759,103
4,16760,96
4,16761,108
4,16762,58
4,16763,166
4,16764,153
4,16765,70
4,16766,218
4,16767,96
4,16768,166
4,16769,51
4,16770,64
4,16771,109
4,16772,103
4,16773,102
4,16774,58
4,16775,96
4,16776,77
4,16777,83
4,16778,51
4,16779,147
4,16780,128
4,16781,160
4,16782,128
4,16783,121
4,16784,96
4,16785,154
4,16786,359
4,16787,109
4,16788,116
4,16789,-115
4,16790,109
4,16791,192
4,16792,141
4,16793,115
4,16794,153
4,16795,109
4,16796,800
4,16797,102
4,16798,135
4,16799,77
4,16800,77
4,16801,84
4,16802,115
4,16803,83
4,16804,77
4,16805,64
4,16806,84
4,16807,96
4,16808,90
4,16809,775
4,16810,122
4,16811,774
4,16812,121
4,16813,90
4,16814,102
4,16815,154
4,16816,77
4,16817,-58
4,16818,25
4,16819,83
4,16820,115
4,16821,76
4,16822,109
4,16823,166
4,16824,64
4,16825,103
4,16826,83
4,16827,391
4,16828,121
4,16829,160
4,16830,115
4,16831,128
4,16832,179
4,16833,116
4,16834,192
4,16835,77
4,16836,70
4,16837,83
4,16838,84
4,16839,109
4,16840,153
4,16841,122
4,16842,371
4,16843,108
4,16844,224
4,16845,70
4,16846,205
4,16847,89
4,16848,154
4,16849,102
4,16850,77
4,16851,96
4,16852,89
4,16853,147
4,16854,83
4,16855,77
4,16856,109
4,16857,141
4,16858,211
4,16859,109
4,16860,115
4,16861,115
4,16862,180
4,16863,372
4,16864,147
4,16865,141
4,16866,147
4,16867,58
4,16868,109
4,16869,160
4,16870,160
4,16871,121
4,16872,166
4,16873,77
4,16874,115
4,16875,147
4,16876,39
4,16877,57
4,16878,173
4,16879,103
4,16880,83
4,16881,96
4,16882,70
4,16883,122
4,16884,134
4,16885,122
4,16886,199
4,16887,147
4,16888,115
4,16889,25
4,16890,275
4,16891,109
4,16892,45
4,16893,140
4,16894,173
4,16895,115
4,16896,58
4,16897,128
4,16898,166
4,16899,211
4,16900,199
4,16901,198
4,16902,102
4,16903,70
4,16904,173
4,16905,147
4,16906,116
4,16907,64
4,16908,192
4,16909,167
4,16910,103
4,16911,160
4,16912,-39
4,16913,115
4,16914,103
4,16915,173
4,16916,83
4,16917,140
4,16918,109
4,16919,147
4,16920,115
4,16921,38
4,16922,333
4,16923,135
4,16924,108
4,16925,77
4,16926,128
4,16927,96
4,16928,64
4,16929,-51
4,16930,84
4,16931,32
4,16932,211
4,16933,108
4,16934,58
4,16935,83
4,16936,154
4,16937,128
4,16938,160
4,16939,153
4,16940,141
4,16941,205
4,16942,102
4,16943,141
4,16944,70
4,16945,64
4,16946,134
4,16947,19
4,16948,64
4,16949,51
4,16950,90
4,16951,96
4,16952,116
4,16953,121
4,16954,-45
4,16955,167
4,16956,205
4,16957,173
4,16958,166
4,16959,115
4,16960,109
4,16961,109
4,16962,115
4,16963,77
4,16964,70
4,16965,45
4,16966,96
4,16967,371
4,16968,96
4,16969,71
4,16970,204
4,16971,154
4,16972,173
4,16973,96
4,16974,-52
4,16975,244
4,16976,115
4,16977,122
4,16978,147
4,16979,109
4,16980,153
4,16981,77
4,16982,173
4,16983,84
4,16984,109
4,16985,294
4,16986,83
4,16987,167
4,16988,166
4,16989,102
4,16990,173
4,16991,179
4,16992,116
4,16993,154
4,16994,167
4,16995,211
4,16996,58
4,16997,32
4,16998,103
4,16999,115
4,17000,83
4,17001,122
4,17002,96
4,17003,166
4,17004,135
4,17005,198
4,17006,77
4,17007,141
4,17008,103
4,17009,140
4,17010,205
4,17011,160
4,17012,154
4,17013,70
4,17014,109
4,17015,58
4,17016,96
4,17017,83
4,17018,51
4,17019,70
4,17020,70
4,17021,57
4,17022,141
4,17023,32
4,17024,116
4,17025,109
4,17026,134
4,17027,166
4,17028,167
4,17029,121
4,17030,160
4,17031,122
4,17032,154
4,17033,134
4,17034,109
4,17035,26
4,17036,64
4,17037,32
4,17038,128
4,17039,134
4,17040,70
4,17041,269
4,17042,167
4,17043,160
4,17044,76
4,17045,90
4,17046,198
4,17047,135
4,17048,96
4,17049,166
4,17050,192
4,17051,224
4,17052,819
4,17053,64
4,17054,141
4,17055,198
4,17056,84
4,17057,32
4,17058,167
4,17059,25
4,17060,-32
4,17061,58
4,17062,115
4,17063,211
4,17064,288
4,17065,128
4,17066,800
4,17067,116
4,17068,205
4,17069,147
4,17070,57
4,17071,115
4,17072,71
4,17073,45
4,17074,167
4,17075,51
4,17076,128
4,17077,44
4,17078,141
4,17079,64
4,17080,128
4,17081,96
4,17082,51
4,17083,147
4,17084,167
4,17085,96
4,17086,167
4,17087,32
4,17088,307
4,17089,77
4,17090,83
4,17091,122
4,17092,96
4,17093,262
4,17094,128
4,17095,77
4,17096,58
4,17097,116
4,17098,154
4,17099,96
4,17100,128
4,17101,121
4,17102,115
4,17103,147
4,17104,128
4,17105,115
4,17106,51
4,17107,96
4,17108,173
4,17109,77
4,17110,102
4,17111,71
4,17112,96
4,17113,83
4,17114,90
4,17115,166
4,17116,58
4,17117,96
4,17118,44
4,17119,77
4,17120,128
4,17121,109
4,17122,378
4,17123,89
4,17124,57
4,17125,244
4,17126,185
4,17127,134
4,17128,173
4,17129,109
4,17130,102
4,17131,96
4,17132,147
4,17133,109
4,17134,108
4,17135,70
4,17136,179
4,17137,115
4,17138,147
4,17139,89
4,17140,77
4,17141,134
4,17142,192
4,17143,147
4,17144,115
4,17145,45
4,17146,71
4,17147,32
4,17148,371
4,17149,115
4,17150,148
4,17151,102
4,17152,45
4,17153,364
4,17154,166
4,17155,102
4,17156,77
4,17157,64
4,17158,167
4,17159,103
4,17160,135
4,17161,128
4,17162,26
4,17163,103
4,17164,122
4,17165,77
4,17166,58
4,17167,186
4,17168,339
4,17169,109
4,17170,121
4,17171,-64
4,17172,128
4,17173,115
4,17174,-64
4,17175,166
4,17176,109
4,17177,64
4,17178,108
4,17179,51
4,17180,32
4,17181,64
4,17182,51
4,17183,19
4,17184,115
4,17185,-204
4,17186,115
4,17187,160
4,17188,154
4,17189,199
4,17190,70
4,17191,135
4,17192,38
4,17193,109
4,17194,122
4,17195,-198
4,17196,140
4,17197,71
4,17198,64
4,17199,115
4,17200,64
4,17201,269
4,17202,32
4,17203,128
4,17204,64
4,17205,51
4,17206,64
4,17207,96
4,17208,32
4,17209,147
4,17210,83
4,17211,-32
4,17212,192
4,17213,64
4,17214,173
4,17215,314
4,17216,108
4,17217,57
4,17218,115
4,17219,115
4,17220,121
4,17221,147
4,17222,109
4,17223,96
4,17224,160
4,17225,147
4,17226,128
4,17227,64
4,17228,166
4,17229,160
4,17230,103
4,17231,173
4,17232,103
4,17233,51
4,17234,25
4,17235,109
4,17236,102
4,17237,140
4,17238,77
4,17239,109
4,17240,45
4,17241,128
4,17242,212
4,17243,109
4,17244,109
4,17245,90
4,17246,109
4,17247,19
4,17248,121
4,17249,70
4,17250,365
4,17251,109
4,17252,64
4,17253,-32
4,17254,108
4,17255,102
4,17256,115
4,17257,51
4,17258,147
4,17259,109
4,17260,134
4,17261,109
4,17262,70
4,17263,58
4,17264,166
4,17265,372
4,17266,128
4,17267,147
4,17268,83
4,17269,96
4,17270,64
4,17271,103
4,17272,147
4,17273,58
4,17274,77
4,17275,153
4,17276,160
4,17277,71
4,17278,58
4,17279,-58
4,17280,141
4,17281,64
4,17282,57
4,17283,179
4,17284,77
4,17285,116
4,17286,140
4,17287,83
4,17288,147
4,17289,32
4,17290,64
4,17291,64
4,17292,109
4,17293,103
4,17294,96
4,17295,134
4,17296,217
4,17297,64
4,17298,167
4,17299,102
4,17300,26
4,17301,109
4,17302,160
4,17303,122
4,17304,179
4,17305,109
4,17306,64
4,17307,192
4,17308,793
4,17309,128
4,17310,115
4,17311,102
4,17312,121
4,17313,-57
4,17314,109
4,17315,211
4,17316,186
4,17317,102
4,17318,173
4,17319,198
4,17320,102
4,17321,800
4,17322,173
4,17323,748
4,17324,147
4,17325,141
4,17326,198
4,17327,96
4,17328,109
4,17329,96
4,17330,26
4,17331,148
4,17332,148
4,17333,51
4,17334,147
4,17335,83
4,17336,173
4,17337,141
4,17338,192
4,17339,179
4,17340,148
4,17341,166
4,17342,115
4,17343,122
4,17344,134
4,17345,58
4,17346,19
4,17347,51
4,17348,160
4,17349,96
4,17350,198
4,17351,77
4,17352,64
4,17353,58
4,17354,122
4,17355,115
4,17356,115
4,17357,76
4,17358,179
4,17359,160
4,17360,154
4,17361,57
4,17362,77
4,17363,64
4,17364,76
4,17365,51
4,17366,173
4,17367,108
4,17368,102
4,17369,134
4,17370,166
4,17371,115
4,17372,122
4,17373,116
4,17374,166
4,17375,134
4,17376,108
4,17377,58
4,17378,250
4,17379,121
4,17380,160
4,17381,140
4,17382,166
4,17383,167
4,17384,409
4,17385,83
4,17386,352
4,17387,109
4,17388,109
4,17389,103
4,17390,186
4,17391,71
4,17392,122
4,17393,64
4,17394,135
4,17395,160
4,17396,128
4,17397,140
4,17398,108
4,17399,179
4,17400,90
4,17401,45
4,17402,167
4,17403,83
4,17404,70
4,17405,38
4,17406,19
4,17407,108
4,17408,70
4,17409,64
4,17410,160
4,17411,90
4,17412,103
4,17413,71
4,17414,199
4,17415,166
4,17416,109
4,17417,364
4,17418,20
4,17419,51
4,17420,39
4,17421,121
4,17422,160
4,17423,108
4,17424,166
4,17425,108
4,17426,122
4,17427,192
4,17428,205
4,17429,57
4,17430,211
4,17431,371
4,17432,83
4,17433,141
4,17434,121
4,17435,64
4,17436,71
4,17437,45
4,17438,115
4,17439,70
4,17440,192
4,17441,108
4,17442,160
4,17443,102
4,17444,192
4,17445,115
4,17446,84
4,17447,154
4,17448,-32
4,17449,64
4,17450,121
4,17451,134
4,17452,167
4,17453,109
4,17454,-26
4,17455,186
4,17456,122
4,17457,25
4,17458,192
4,17459,371
4,17460,76
4,17461,116
4,17462,77
4,17463,166
4,17464,32
4,17465,153
4,17466,-13
4,17467,154
4,17468,192
4,17469,358
4,17470,115
4,17471,103
4,17472,115
4,17473,83
4,17474,102
4,17475,371
4,17476,140
4,17477,45
4,17478,70
4,17479,141
4,17480,70
4,17481,128
4,17482,108
4,17483,108
4,17484,102
4,17485,64
4,17486,109
4,17487,160
4,17488,121
4,17489,32
4,17490,108
4,17491,166
4,17492,71
4,17493,109
4,17494,64
4,17495,166
4,17496,173
4,17497,372
4,17498,96
4,17499,211
4,17500,167
4,17501,186
4,17502,45
4,17503,64
4,17504,115
4,17505,147
4,17506,218
4,17507,326
4,17508,109
4,17509,71
4,17510,160
4,17511,365
4,17512,147
4,17513,122
4,17514,64
4,17515,160
4,17516,128
4,17517,372
4,17518,58
4,17519,25
4,17520,166
4,17521,166
4,17522,115
4,17523,141
4,17524,83
4,17525,109
4,17526,172
4,17527,140
4,17528,109
4,17529,-32
4,17530,122
4,17531,108
4,17532,185
4,17533,45
4,17534,108
4,17535,128
4,17536,166
4,17537,134
4,17538,128
4,17539,167
4,17540,147
4,17541,102
4,17542,70
4,17543,160
4,17544,51
4,17545,128
4,17546,173
4,17547,154
4,17548,115
4,17549,51
4,17550,109
4,17551,121
4,17552,326
4,17553,224
4,17554,115
4,17555,205
4,17556,154
4,17557,185
4,17558,410
4,17559,115
4,17560,115
4,17561,83
4,17562,70
4,17563,115
4,17564,800
4,17565,71
4,17566,64
4,17567,134
4,17568,141
4,17569,83
4,17570,26
4,17571,128
4,17572,109
4,17573,115
4,17574,166
4,17575,166
4,17576,179
4,17577,179
4,17578,794
4,17579,160
4,17580,166
4,17581,115
4,17582,179
4,17583,185
4,17584,147
4,17585,109
4,17586,122
4,17587,180
4,17588,83
4,17589,173
4,17590,205
4,17591,-26
4,17592,186
4,17593,122
4,17594,115
4,17595,109
4,17596,121
4,17597,115
4,17598,231
4,17599,115
4,17600,365
4,17601,70
4,17602,154
4,17603,57
4,17604,167
4,17605,96
4,17606,77
4,17607,109
4,17608,77
4,17609,102
4,17610,167
4,17611,122
4,17612,390
4,17613,89
4,17614,96
4,17615,122
4,17616,160
4,17617,38
4,17618,115
4,17619,115
4,17620,122
4,17621,205
4,17622,148
4,17623,153
4,17624,173
4,17625,122
4,17626,160
4,17627,160
4,17628,116
4,17629,153
4,17630,83
4,17631,212
4,17632,-134
4,17633,141
4,17634,173
4,17635,109
4,17636,192
4,17637,198
4,17638,217
4,17639,147
4,17640,160
4,17641,51
4,17642,103
4,17643,64
4,17644,122
4,17645,70
4,17646,153
4,17647,116
4,17648,128
4,17649,141
4,17650,115
4,17651,115
4,17652,160
4,17653,109
4,17654,160
4,17655,147
4,17656,153
4,17657,45
4,17658,96
4,17659,154
4,17660,128
4,17661,102
4,17662,90
4,17663,172
4,17664,160
4,17665,135
4,17666,64
4,17667,89
4,17668,204
4,17669,141
4,17670,109
4,17671,153
4,17672,147
4,17673,58
4,17674,122
4,17675,77
4,17676,96
4,17677,154
4,17678,167
4,17679,115
4,17680,109
4,17681,90
4,17682,70
4,17683,115
4,17684,167
4,17685,147
4,17686,211
4,17687,128
4,17688,185
4,17689,57
4,17690,160
4,17691,19
4,17692,38
4,17693,141
4,17694,160
4,17695,160
4,17696,102
4,17697,32
4,17698,71
4,17699,160
4,17700,51
4,17701,70
4,17702,84
4,17703,90
4,17704,58
4,17705,141
4,17706,115
4,17707,217
4,17708,160
4,17709,109
4,17710,71
4,17711,134
4,17712,173
4,17713,51
4,17714,57
4,17715,83
4,17716,108
4,17717,128
4,17718,147
4,17719,39
4,17720,121
4,17721,134
4,17722,218
4,17723,103
4,17724,167
4,17725,96
4,17726,167
4,17727,160
4,17728,70
4,17729,64
4,17730,64
4,17731,96
4,17732,167
4,17733,108
4,17734,71
4,17735,218
4,17736,192
4,17737,199
4,17738,70
4,17739,186
4,17740,134
4,17741,57
4,17742,121
4,17743,102
4,17744,128
4,17745,90
4,17746,172
4,17747,76
4,17748,115
4,17749,45
4,17750,45
4,17751,83
4,17752,173
4,17753,147
4,17754,352
4,17755,115
4,17756,217
4,17757,64
4,17758,70
4,17759,83
4,17760,205
4,17761,141
4,17762,122
4,17763,64
4,17764,122
4,17765,64
4,17766,128
4,17767,109
4,17768,160
4,17769,121
4,17770,77
4,17771,166
4,17772,140
4,17773,166
4,17774,26
4,17775,359
4,17776,244
4,17777,147
4,17778,109
4,17779,173
4,17780,141
4,17781,64
4,17782,160
4,17783,115
4,17784,122
4,17785,103
4,17786,103
4,17787,218
4,17788,58
4,17789,198
4,17790,205
4,17791,160
4,17792,83
4,17793,378
4,17794,154
4,17795,83
4,17796,167
4,17797,167
4,17798,77
4,17799,115
4,17800,128
4,17801,64
4,17802,-51
4,17803,339
4,17804,180
4,17805,121
4,17806,160
4,17807,141
4,17808,378
4,17809,90
4,17810,115
4,17811,128
4,17812,115
4,17813,128
4,17814,198
4,17815,102
4,17816,166
4,17817,64
4,17818,166
4,17819,115
4,17820,268
4,17821,109
4,17822,154
4,17823,365
4,17824,122
4,17825,32
4,17826,102
4,17827,128
4,17828,115
4,17829,64
4,17830,160
4,17831,122
4,17832,154
4,17833,794
4,17834,134
4,17835,774
4,17836,154
4,17837,199
4,17838,-32
4,17839,179
4,17840,217
4,17841,84
4,17842,115
4,17843,128
4,17844,173
4,17845,51
4,17846,173
4,17847,64
4,17848,147
4,17849,115
4,17850,121
4,17851,199
4,17852,141
4,17853,236
4,17854,103
4,17855,160
4,17856,128
4,17857,70
4,17858,76
4,17859,134
4,17860,140
4,17861,160
4,17862,70
4,17863,84
4,17864,160
4,17865,378
4,17866,147
4,17867,173
4,17868,121
4,17869,153
4,17870,90
4,17871,218
4,17872,186
4,17873,38
4,17874,57
4,17875,70
4,17876,70
4,17877,179
4,17878,96
4,17879,135
4,17880,-45
4,17881,108
4,17882,160
4,17883,173
4,17884,154
4,17885,122
4,17886,76
4,17887,218
4,17888,205
4,17889,122
4,17890,89
4,17891,115
4,17892,128
4,17893,109
4,17894,70
4,17895,371
4,17896,70
4,17897,58
4,17898,-38
4,17899,109
4,17900,89
4,17901,109
4,17902,96
4,17903,148
4,17904,32
4,17905,160
4,17906,128
4,17907,90
4,17908,160
4,17909,160
4,17910,185
4,17911,179
4,17912,327
4,17913,122
4,17914,154
4,17915,102
4,17916,179
4,17917,90
4,17918,-32
4,17919,128
4,17920,167
4,17921,154
4,17922,84
4,17923,160
4,17924,135
4,17925,89
4,17926,115
4,17927,154
4,17928,-7
4,17929,58
4,17930,19
4,17931,179
4,17932,147
4,17933,70
4,17934,51
4,17935,121
4,17936,58
4,17937,160
4,17938,102
4,17939,371
4,17940,121
4,17941,115
4,17942,109
4,17943,154
4,17944,153
4,17945,147
4,17946,45
4,17947,89
4,17948,205
4,17949,64
4,17950,102
4,17951,102
4,17952,160
4,17953,57
4,17954,25
4,17955,166
4,17956,96
4,17957,108
4,17958,167
4,17959,83
4,17960,237
4,17961,218
4,17962,231
4,17963,109
4,17964,153
4,17965,128
4,17966,109
4,17967,83
4,17968,128
4,17969,167
4,17970,134
4,17971,294
4,17972,38
4,17973,167
4,17974,51
4,17975,-108
4,17976,71
4,17977,192
4,17978,179
4,17979,205
4,17980,218
4,17981,160
4,17982,32
4,17983,96
4,17984,-198
4,17985,147
4,17986,135
4,17987,70
4,17988,166
4,17989,166
4,17990,333
4,17991,77
4,17992,172
4,17993,224
4,17994,192
4,17995,185
4,17996,140
4,17997,45
4,17998,160
4,17999,140
4,18000,134
4,18001,121
4,18002,102
4,18003,115
4,18004,167
4,18005,160
4,18006,179
4,18007,121
4,18008,153
4,18009,96
4,18010,198
4,18011,121
4,18012,205
4,18013,128
4,18014,211
4,18015,166
4,18016,179
4,18017,147
4,18018,147
4,18019,141
4,18020,198
4,18021,108
4,18022,141
4,18023,115
4,18024,115
4,18025,148
4,18026,166
4,18027,122
4,18028,102
4,18029,71
4,18030,103
4,18031,32
4,18032,38
4,18033,198
4,18034,70
4,18035,141
4,18036,83
4,18037,57
4,18038,51
4,18039,77
4,18040,-51
4,18041,71
4,18042,71
4,18043,128
4,18044,128
4,18045,140
4,18046,96
4,18047,102
4,18048,371
4,18049,128
4,18050,147
4,18051,128
4,18052,173
4,18053,122
4,18054,224
4,18055,135
4,18056,166
4,18057,96
4,18058,141
4,18059,83
4,18060,109
4,18061,90
4,18062,70
4,18063,116
4,18064,109
4,18065,147
4,18066,160
4,18067,160
4,18068,217
4,18069,160
4,18070,115
4,18071,134
4,18072,108
4,18073,108
4,18074,83
4,18075,115
4,18076,806
4,18077,115
4,18078,167
4,18079,160
4,18080,109
4,18081,77
4,18082,108
4,18083,71
4,18084,71
4,18085,102
4,18086,141
4,18087,128
4,18088,160
4,18089,115
4,18090,838
4,18091,160
4,18092,288
4,18093,205
4,18094,64
4,18095,84
4,18096,250
4,18097,109
4,18098,179
4,18099,115
4,18100,115
4,18101,160
4,18102,160
4,18103,109
4,18104,103
4,18105,141
4,18106,128
4,18107,211
4,18108,224
4,18109,115
4,18110,211
4,18111,71
4,18112,205
4,18113,103
4,18114,-51
4,18115,64
4,18116,58
4,18117,256
4,18118,64
4,18119,109
4,18120,45
4,18121,141
4,18122,116
4,18123,166
4,18124,109
4,18125,116
4,18126,83
4,18127,147
4,18128,141
4,18129,224
4,18130,166
4,18131,51
4,18132,192
4,18133,134
4,18134,64
4,18135,103
4,18136,122
4,18137,186
4,18138,198
4,18139,141
4,18140,186
4,18141,83
4,18142,64
4,18143,128
4,18144,167
4,18145,57
4,18146,103
4,18147,-32
4,18148,134
4,18149,90
4,18150,173
4,18151,128
4,18152,167
4,18153,167
4,18154,179
4,18155,45
4,18156,-45
4,18157,128
4,18158,211
4,18159,108
4,18160,122
4,18161,64
4,18162,115
4,18163,134
4,18164,122
4,18165,-58
4,18166,64
4,18167,115
4,18168,128
4,18169,25
4,18170,71
4,18171,128
4,18172,173
4,18173,64
4,18174,64
4,18175,102
4,18176,122
4,18177,76
4,18178,51
4,18179,141
4,18180,121
4,18181,109
4,18182,166
4,18183,115
4,18184,122
4,18185,58
4,18186,89
4,18187,32
4,18188,122
4,18189,128
4,18190,116
4,18191,167
4,18192,115
4,18193,90
4,18194,128
4,18195,122
4,18196,186
4,18197,217
4,18198,128
4,18199,199
4,18200,172
4,18201,147
4,18202,26
4,18203,96
4,18204,64
4,18205,115
4,18206,96
4,18207,76
4,18208,115
4,18209,-26
4,18210,103
4,18211,109
4,18212,70
4,18213,64
4,18214,154
4,18215,109
4,18216,32
4,18217,128
4,18218,160
4,18219,192
4,18220,115
4,18221,115
4,18222,64
4,18223,122
4,18224,103
4,18225,84
4,18226,134
4,18227,109
4,18228,128
4,18229,51
4,18230,58
4,18231,153
4,18232,218
4,18233,121
4,18234,-51
4,18235,390
4,18236,96
4,18237,77
4,18238,115
4,18239,96
4,18240,128
4,18241,32
4,18242,25
4,18243,71
4,18244,96
4,18245,115
4,18246,122
4,18247,109
4,18248,128
4,18249,135
4,18250,275
4,18251,154
4,18252,134
4,18253,167
4,18254,102
4,18255,109
4,18256,109
4,18257,77
4,18258,44
4,18259,147
4,18260,301
4,18261,109
4,18262,115
4,18263,58
4,18264,211
4,18265,172
4,18266,185
4,18267,173
4,18268,128
4,18269,45
4,18270,192
4,18271,154
4,18272,121
4,18273,122
4,18274,102
4,18275,51
4,18276,96
4,18277,96
4,18278,179
4,18279,128
4,18280,70
4,18281,109
4,18282,70
4,18283,135
4,18284,365
4,18285,77
4,18286,160
4,18287,288
4,18288,115
4,18289,115
4,18290,115
4,18291,89
4,18292,96
4,18293,147
4,18294,90
4,18295,109
4,18296,70
4,18297,109
4,18298,116
4,18299,121
4,18300,121
4,18301,160
4,18302,58
4,18303,84
4,18304,58
4,18305,39
4,18306,115
4,18307,128
4,18308,121
4,18309,64
4,18310,57
4,18311,-38
4,18312,77
4,18313,58
4,18314,96
4,18315,160
4,18316,160
4,18317,-38
4,18318,205
4,18319,102
4,18320,134
4,18321,45
4,18322,57
4,18323,109
4,18324,166
4,18325,58
4,18326,160
4,18327,122
4,18328,160
4,18329,121
4,18330,141
4,18331,51
4,18332,845
4,18333,103
4,18334,64
4,18335,179
4,18336,70
4,18337,64
4,18338,109
4,18339,77
4,18340,-58
4,18341,122
4,18342,115
4,18343,121
4,18344,71
4,18345,800
4,18346,115
4,18347,781
4,18348,172
4,18349,141
4,18350,-25
4,18351,192
4,18352,173
4,18353,109
4,18354,64
4,18355,96
4,18356,71
4,18357,160
4,18358,116
4,18359,250
4,18360,32
4,18361,185
4,18362,128
4,18363,167
4,18364,122
4,18365,198
4,18366,186
4,18367,166
4,18368,199
4,18369,115
4,18370,70
4,18371,83
4,18372,121
4,18373,103
4,18374,64
4,18375,84
4,18376,64
4,18377,115
4,18378,71
4,18379,96
4,18380,134
4,18381,103
4,18382,77
4,18383,109
4,18384,109
4,18385,-32
4,18386,71
4,18387,218
4,18388,32
4,18389,52
4,18390,128
4,18391,115
4,18392,128
4,18393,128
4,18394,122
4,18395,115
4,18396,173
4,18397,326
4,18398,192
4,18399,173
4,18400,103
4,18401,179
4,18402,122
4,18403,90
4,18404,160
4,18405,172
4,18406,160
4,18407,122
4,18408,71
4,18409,103
4,18410,51
4,18411,102
4,18412,134
4,18413,-128
4,18414,109
4,18415,109
4,18416,115
4,18417,122
4,18418,160
4,18419,121
4,18420,-32
4,18421,140
4,18422,371
4,18423,121
4,18424,90
4,18425,102
4,18426,83
4,18427,103
4,18428,109
4,18429,64
4,18430,-768
4,18431,173
4,18432,70
4,18433,109
4,18434,83
4,18435,116
4,18436,166
4,18437,109
4,18438,186
4,18439,115
4,18440,172
4,18441,51
4,18442,51
4,18443,205
4,18444,147
4,18445,160
4,18446,179
4,18447,173
4,18448,128
4,18449,153
4,18450,269
4,18451,147
4,18452,218
4,18453,102
4,18454,58
4,18455,96
4,18456,154
4,18457,102
4,18458,96
4,18459,77
4,18460,128
4,18461,-51
4,18462,160
4,18463,109
4,18464,199
4,18465,58
4,18466,58
4,18467,76
4,18468,128
4,18469,108
4,18470,141
4,18471,57
4,18472,167
4,18473,148
4,18474,198
4,18475,160
4,18476,276
4,18477,128
4,18478,166
4,18479,115
4,18480,122
4,18481,102
4,18482,115
4,18483,102
4,18484,44
4,18485,134
4,18486,115
4,18487,83
4,18488,134
4,18489,122
4,18490,122
4,18491,147
4,18492,340
4,18493,109
4,18494,167
4,18495,77
4,18496,218
4,18497,51
4,18498,51
4,18499,51
4,18500,121
4,18501,102
4,18502,77
4,18503,-52
4,18504,83
4,18505,166
4,18506,116
4,18507,116
4,18508,103
4,18509,58
4,18510,77
4,18511,109
4,18512,141
4,18513,109
4,18514,64
4,18515,70
4,18516,141
4,18517,77
4,18518,102
4,18519,122
4,18520,148
4,18521,115
4,18522,205
4,18523,160
4,18524,26
4,18525,-38
4,18526,77
4,18527,89
4,18528,122
4,18529,109
4,18530,141
4,18531,115
4,18532,224
4,18533,64
4,18534,116
4,18535,173
4,18536,128
4,18537,51
4,18538,71
4,18539,121
4,18540,154
4,18541,96
4,18542,102
4,18543,166
4,18544,52
4,18545,339
4,18546,103
4,18547,96
4,18548,148
4,18549,115
4,18550,116
4,18551,128
4,18552,186
4,18553,96
4,18554,64
4,18555,128
4,18556,295
4,18557,115
4,18558,173
4,18559,141
4,18560,115
4,18561,102
4,18562,205
4,18563,185
4,18564,154
4,18565,102
4,18566,167
4,18567,173
4,18568,115
4,18569,39
4,18570,115
4,18571,122
4,18572,90
4,18573,32
4,18574,102
4,18575,371
4,18576,141
4,18577,103
4,18578,115
4,18579,160
4,18580,186
4,18581,108
4,18582,52
4,18583,141
4,18584,71
4,18585,115
4,18586,77
4,18587,160
4,18588,825
4,18589,64
4,18590,26
4,18591,128
4,18592,153
4,18593,26
4,18594,26
4,18595,115
4,18596,122
4,18597,358
4,18598,122
4,18599,121
4,18600,115
4,18601,115
4,18602,781
4,18603,173
4,18604,115
4,18605,147
4,18606,397
4,18607,128
4,18608,-44
4,18609,109
4,18610,71
4,18611,167
4,18612,102
4,18613,58
4,18614,115
4,18615,109
4,18616,186
4,18617,103
4,18618,109
4,18619,166
4,18620,109
4,18621,147
4,18622,166
4,18623,128
4,18624,167
4,18625,64
4,18626,51
4,18627,70
4,18628,103
4,18629,90
4,18630,64
4,18631,108
4,18632,58
4,18633,115
4,18634,122
4,18635,186
4,18636,-45
4,18637,217
4,18638,102
4,18639,128
4,18640,192
4,18641,25
4,18642,70
4,18643,96
4,18644,96
4,18645,102
4,18646,64
4,18647,103
4,18648,70
4,18649,102
4,18650,102
4,18651,358
4,18652,115
4,18653,192
4,18654,198
4,18655,-64
4,18656,134
4,18657,365
4,18658,217
4,18659,128
4,18660,128
4,18661,199
4,18662,198
4,18663,83
4,18664,173
4,18665,51
4,18666,103
4,18667,64
4,18668,70
4,18669,307
4,18670,122
4,18671,204
4,18672,64
4,18673,109
4,18674,57
4,18675,115
4,18676,147
4,18677,77
4,18678,205
4,18679,115
4,18680,83
4,18681,51
4,18682,147
4,18683,173
4,18684,58
4,18685,147
4,18686,160
4,18687,160
4,18688,102
4,18689,52
4,18690,141
4,18691,160
4,18692,108
4,18693,90
4,18694,51
4,18695,167
4,18696,116
4,18697,32
4,18698,57
4,18699,115
4,18700,102
4,18701,77
4,18702,26
4,18703,77
4,18704,77
4,18705,-7
4,18706,128
4,18707,185
4,18708,390
4,18709,167
4,18710,192
4,18711,121
4,18712,122
4,18713,57
4,18714,115
4,18715,71
4,18716,76
4,18717,108
4,18718,19
4,18719,-44
4,18720,122
4,18721,44
4,18722,147
4,18723,102
4,18724,166
4,18725,128
4,18726,19
4,18727,-128
4,18728,-58
4,18729,166
4,18730,205
4,18731,135
4,18732,115
4,18733,153
4,18734,180
4,18735,115
4,18736,160
4,18737,109
4,18738,154
4,18739,64
4,18740,96
4,18741,148
4,18742,96
4,18743,166
4,18744,58
4,18745,-25
4,18746,141
4,18747,115
4,18748,205
4,18749,19
4,18750,256
4,18751,147
4,18752,186
4,18753,64
4,18754,77
4,18755,167
4,18756,-26
4,18757,154
4,18758,115
4,18759,109
4,18760,121
4,18761,64
4,18762,173
4,18763,173
4,18764,199
4,18765,108
4,18766,19
4,18767,64
4,18768,167
4,18769,102
4,18770,173
4,18771,108
4,18772,64
4,18773,76
4,18774,179
4,18775,121
4,18776,96
4,18777,128
4,18778,141
4,18779,122
4,18780,192
4,18781,109
4,18782,179
4,18783,102
4,18784,115
4,18785,58
4,18786,109
4,18787,57
4,18788,83
4,18789,160
4,18790,109
4,18791,121
4,18792,102
4,18793,109
4,18794,141
4,18795,147
4,18796,167
4,18797,122
4,18798,249
4,18799,51
4,18800,167
4,18801,70
4,18802,77
4,18803,96
4,18804,377
4,18805,108
4,18806,58
4,18807,102
4,18808,39
4,18809,103
4,18810,122
4,18811,121
4,18812,128
4,18813,115
4,18814,51
4,18815,109
4,18816,160
4,18817,109
4,18818,173
4,18819,71
4,18820,77
4,18821,58
4,18822,199
4,18823,77
4,18824,109
4,18825,122
4,18826,147
4,18827,115
4,18828,102
4,18829,167
4,18830,224
4,18831,153
4,18832,51
4,18833,141
4,18834,115
4,18835,58
4,18836,89
4,18837,77
4,18838,173
4,18839,141
4,18840,64
4,18841,160
4,18842,166
4,18843,154
4,18844,838
4,18845,153
4,18846,148
4,18847,166
4,18848,134
4,18849,141
4,18850,102
4,18851,231
4,18852,76
4,18853,77
4,18854,19
4,18855,390
4,18856,128
4,18857,813
4,18858,128
4,18859,762
4,18860,185
4,18861,-39
4,18862,180
4,18863,167
4,18864,64
4,18865,186
4,18866,58
4,18867,-64
4,18868,45
4,18869,109
4,18870,89
4,18871,102
4,18872,109
4,18873,154
4,18874,166
4,18875,102
4,18876,121
4,18877,115
4,18878,122
4,18879,167
4,18880,166
4,18881,77
4,18882,116
4,18883,45
4,18884,70
4,18885,135
4,18886,180
4,18887,115
4,18888,141
4,18889,173
4,18890,160
4,18891,122
4,18892,295
4,18893,102
4,18894,167
4,18895,211
4,18896,250
4,18897,45
4,18898,166
4,18899,128
4,18900,57
4,18901,185
4,18902,307
4,18903,45
4,18904,96
4,18905,-32
4,18906,192
4,18907,198
4,18908,116
4,18909,167
4,18910,172
4,18911,109
4,18912,122
4,18913,64
4,18914,269
4,18915,167
4,18916,121
4,18917,128
4,18918,192
4,18919,160
4,18920,102
4,18921,64
4,18922,115
4,18923,128
4,18924,64
4,18925,90
4,18926,109
4,18927,64
4,18928,90
4,18929,199
4,18930,109
4,18931,96
4,18932,185
4,18933,147
4,18934,192
4,18935,167
4,18936,172
4,18937,115
4,18938,160
4,18939,141
4,18940,115
4,18941,134
4,18942,-781
4,18943,179
4,18944,96
4,18945,128
4,18946,70
4,18947,160
4,18948,103
4,18949,358
4,18950,32
4,18951,153
4,18952,141
4,18953,121
4,18954,109
4,18955,160
4,18956,128
4,18957,51
4,18958,122
4,18959,153
4,18960,115
4,18961,58
4,18962,70
4,18963,167
4,18964,147
4,18965,109
4,18966,185
4,18967,160
4,18968,77
4,18969,64
4,18970,64
4,18971,122
4,18972,314
4,18973,96
4,18974,70
4,18975,173
4,18976,212
4,18977,96
4,18978,57
4,18979,25
4,18980,83
4,18981,109
4,18982,25
4,18983,90
4,18984,57
4,18985,121
4,18986,167
4,18987,160
4,18988,148
4,18989,102
4,18990,212
4,18991,135
4,18992,320
4,18993,121
4,18994,64
4,18995,89
4,18996,122
4,18997,57
4,18998,96
4,18999,116
4,19000,173
4,19001,154
4,19002,179
4,19003,160
4,19004,153
4,19005,90
4,19006,173
4,19007,116
4,19008,96
4,19009,45
4,19010,115
4,19011,102
4,19012,102
4,19013,57
4,19014,115
4,19015,148
4,19016,96
4,19017,115
4,19018,173
4,19019,160
4,19020,409
4,19021,64
4,19022,115
4,19023,109
4,19024,-45
4,19025,109
4,19026,83
4,19027,115
4,19028,128
4,19029,256
4,19030,96
4,19031,122
4,19032,198
4,19033,109
4,19034,205
4,19035,115
4,19036,-44
4,19037,141
4,19038,166
4,19039,173
4,19040,160
4,19041,108
4,19042,141
4,19043,154
4,19044,141
4,19045,102
4,19046,166
4,19047,121
4,19048,122
4,19049,90
4,19050,102
4,19051,103
4,19052,121
4,19053,70
4,19054,57
4,19055,44
4,19056,-57
4,19057,141
4,19058,141
4,19059,160
4,19060,83
4,19061,192
4,19062,173
4,19063,128
4,19064,64
4,19065,32
4,19066,58
4,19067,83
4,19068,172
4,19069,57
4,19070,160
4,19071,32
4,19072,166
4,19073,154
4,19074,172
4,19075,217
4,19076,212
4,19077,211
4,19078,96
4,19079,135
4,19080,122
4,19081,32
4,19082,134
4,19083,160
4,19084,166
4,19085,89
4,19086,25
4,19087,77
4,19088,-32
4,19089,211
4,19090,109
4,19091,166
4,19092,205
4,19093,205
4,19094,147
4,19095,96
4,19096,83
4,19097,109
4,19098,218
4,19099,45
4,19100,665
4,19101,179
4,19102,173
4,19103,121
4,19104,154
4,19105,64
4,19106,32
4,19107,32
4,19108,51
4,19109,108
4,19110,166
4,19111,192
4,19112,147
4,19113,160
4,19114,832
4,19115,172
4,19116,134
4,19117,109
4,19118,173
4,19119,-39
4,19120,128
4,19121,51
4,19122,58
4,19123,103
4,19124,38
4,19125,64
4,19126,19
4,19127,64
4,19128,90
4,19129,96
4,19130,121
4,19131,122
4,19132,109
4,19133,70
4,19134,102
4,19135,115
4,19136,179
4,19137,345
4,19138,102
4,19139,147
4,19140,166
4,19141,160
4,19142,90
4,19143,148
4,19144,70
4,19145,102
4,19146,179
4,19147,160
4,19148,192
4,19149,109
4,19150,371
4,19151,198
4,19152,128
4,19153,39
4,19154,160
4,19155,128
4,19156,166
4,19157,70
4,19158,77
4,19159,109
4,19160,192
4,19161,166
4,19162,365
4,19163,96
4,19164,122
4,19165,96
4,19166,359
4,19167,121
4,19168,172
4,19169,96
4,19170,115
4,19171,134
4,19172,166
4,19173,128
4,19174,160
4,19175,102
4,19176,135
4,19177,121
4,19178,70
4,19179,77
4,19180,103
4,19181,116
4,19182,173
4,19183,-70
4,19184,141
4,19185,102
4,19186,167
4,19187,173
4,19188,212
4,19189,116
4,19190,122
4,19191,134
4,19192,128
4,19193,96
4,19194,64
4,19195,141
4,19196,128
4,19197,166
4,19198,147
4,19199,160
4,19200,39
4,19201,102
4,19202,147
4,19203,173
4,19204,115
4,19205,166
4,19206,89
4,19207,173
4,19208,205
4,19209,64
4,19210,153
4,19211,64
4,19212,140
4,19213,102
4,19214,96
4,19215,128
4,19216,103
4,19217,109
4,19218,109
4,19219,295
4,19220,198
4,19221,160
4,19222,179
4,19223,166
4,19224,339
4,19225,89
4,19226,70
4,19227,115
4,19228,77
4,19229,128
4,19230,77
4,19231,122
4,19232,141
4,19233,52
4,19234,70
4,19235,83
4,19236,109
4,19237,71
4,19238,71
4,19239,167
4,19240,-32
4,19241,128
4,19242,160
4,19243,167
4,19244,103
4,19245,307
4,19246,192
4,19247,147
4,19248,70
4,19249,64
4,19250,128
4,19251,70
4,19252,64
4,19253,77
4,19254,160
4,19255,115
4,19256,122
4,19257,365
4,19258,135
4,19259,185
4,19260,77
4,19261,84
4,19262,128
4,19263,83
4,19264,128
4,19265,32
4,19266,103
4,19267,115
4,19268,147
4,19269,96
4,19270,121
4,19271,89
4,19272,179
4,19273,128
4,19274,122
4,19275,173
4,19276,109
4,19277,122
4,19278,167
4,19279,115
4,19280,77
4,19281,77
4,19282,-45
4,19283,282
4,19284,166
4,19285,57
4,19286,96
4,19287,147
4,19288,77
4,19289,134
4,19290,108
4,19291,108
4,19292,83
4,19293,51
4,19294,52
4,19295,84
4,19296,122
4,19297,115
4,19298,90
4,19299,115
4,19300,320
4,19301,121
4,19302,57
4,19303,70
4,19304,102
4,19305,102
4,19306,134
4,19307,141
4,19308,160
4,19309,103
4,19310,71
4,19311,160
4,19312,115
4,19313,148
4,19314,77
4,19315,108
4,19316,192
4,19317,154
4,19318,77
4,19319,96
4,19320,166
4,19321,147
4,19322,134
4,19323,109
4,19324,76
4,19325,115
4,19326,70
4,19327,134
4,19328,160
4,19329,71
4,19330,58
4,19331,25
4,19332,103
4,19333,102
4,19334,147
4,19335,96
4,19336,76
4,19337,154
4,19338,71
4,19339,148
4,19340,141
4,19341,64
4,19342,122
4,19343,166
4,19344,147
4,19345,102
4,19346,64
4,19347,166
4,19348,39
4,19349,147
4,19350,199
4,19351,128
4,19352,205
4,19353,51
4,19354,83
4,19355,153
4,19356,845
4,19357,160
4,19358,166
4,19359,160
4,19360,-38
4,19361,135
4,19362,103
4,19363,76
4,19364,148
4,19365,121
4,19366,128
4,19367,160
4,19368,109
4,19369,825
4,19370,108
4,19371,761
4,19372,167
4,19373,160
4,19374,160
4,19375,109
4,19376,154
4,19377,148
4,19378,19
4,19379,96
4,19380,128
4,19381,102
4,19382,77
4,19383,147
4,19384,173
4,19385,102
4,19386,102
4,19387,135
4,19388,160
4,19389,153
4,19390,102
4,19391,172
4,19392,160
4,19393,71
4,19394,52
4,19395,-64
4,19396,90
4,19397,102
4,19398,160
4,19399,71
4,19400,64
4,19401,70
4,19402,154
4,19403,102
4,19404,365
4,19405,89
4,19406,141
4,19407,109
4,19408,83
4,19409,32
4,19410,83
4,19411,58
4,19412,109
4,19413,76
4,19414,-39
4,19415,122
4,19416,89
4,19417,154
4,19418,128
4,19419,179
4,19420,186
4,19421,128
4,19422,134
4,19423,115
4,19424,122
4,19425,109
4,19426,70
4,19427,179
4,19428,115
4,19429,186
4,19430,116
4,19431,-20
4,19432,141
4,19433,128
4,19434,58
4,19435,160
4,19436,45
4,19437,135
4,19438,192
4,19439,121
4,19440,57
4,19441,141
4,19442,147
4,19443,179
4,19444,122
4,19445,108
4,19446,180
4,19447,-26
4,19448,218
4,19449,52
4,19450,83
4,19451,122
4,19452,25
4,19453,89
4,19454,-851
4,19455,384
4,19456,25
4,19457,160
4,19458,-45
4,19459,179
4,19460,167
4,19461,179
4,19462,250
4,19463,147
4,19464,167
4,19465,102
4,19466,217
4,19467,109
4,19468,121
4,19469,109
4,19470,52
4,19471,134
4,19472,148
4,19473,160
4,19474,166
4,19475,166
4,19476,115
4,19477,192
4,19478,166
4,19479,167
4,19480,121
4,19481,109
4,19482,102
4,19483,58
4,19484,115
4,19485,58
4,19486,167
4,19487,26
4,19488,173
4,19489,39
4,19490,128
4,19491,71
4,19492,103
4,19493,96
4,19494,64
4,19495,96
4,19496,128
4,19497,64
4,19498,173
4,19499,148
4,19500,135
4,19501,205
4,19502,83
4,19503,371
4,19504,230
4,19505,140
4,19506,64
4,19507,115
4,19508,71
4,19509,90
4,19510,77
4,19511,198
4,19512,51
4,19513,122
4,19514,89
4,19515,115
4,19516,179
4,19517,121
4,19518,217
4,19519,77
4,19520,-154
4,19521,71
4,19522,167
4,19523,103
4,19524,121
4,19525,135
4,19526,103
4,19527,166
4,19528,70
4,19529,38
4,19530,153
4,19531,147
4,19532,122
4,19533,96
4,19534,115
4,19535,134
4,19536,115
4,19537,70
4,19538,103
4,19539,147
4,19540,109
4,19541,-39
4,19542,179
4,19543,128
4,19544,122
4,19545,179
4,19546,77
4,19547,153
4,19548,109
4,19549,83
4,19550,64
4,19551,128
4,19552,51
4,19553,-38
4,19554,140
4,19555,141
4,19556,172
4,19557,70
4,19558,64
4,19559,122
4,19560,147
4,19561,70
4,19562,352
4,19563,96
4,19564,64
4,19565,76
4,19566,-269
4,19567,83
4,19568,154
4,19569,128
4,19570,102
4,19571,122
4,19572,57
4,19573,76
4,19574,102
4,19575,116
4,19576,96
4,19577,96
4,19578,109
4,19579,77
4,19580,109
4,19581,58
4,19582,102
4,19583,64
4,19584,148
4,19585,58
4,19586,135
4,19587,172
4,19588,192
4,19589,77
4,19590,115
4,19591,58
4,19592,32
4,19593,352
4,19594,108
4,19595,160
4,19596,51
4,19597,134
4,19598,51
4,19599,122
4,19600,160
4,19601,147
4,19602,109
4,19603,128
4,19604,128
4,19605,51
4,19606,173
4,19607,122
4,19608,96
4,19609,153
4,19610,179
4,19611,135
4,19612,839
4,19613,115
4,19614,185
4,19615,77
4,19616,83
4,19617,109
4,19618,167
4,19619,140
4,19620,109
4,19621,121
4,19622,103
4,19623,57
4,19624,115
4,19625,352
4,19626,845
4,19627,-13
4,19628,140
4,19629,173
4,19630,179
4,19631,167
4,19632,141
4,19633,77
4,19634,32
4,19635,70
4,19636,153
4,19637,51
4,19638,166
4,19639,154
4,19640,116
4,19641,77
4,19642,115
4,19643,128
4,19644,166
4,19645,326
4,19646,-192
4,19647,147
4,19648,121
4,19649,71
4,19650,116
4,19651,116
4,19652,102
4,19653,103
4,19654,71
4,19655,109
4,19656,102
4,19657,121
4,19658,-13
4,19659,198
4,19660,83
4,19661,128
4,19662,192
4,19663,160
4,19664,76
4,19665,45
4,19666,64
4,19667,365
4,19668,179
4,19669,45
4,19670,147
4,19671,141
4,19672,77
4,19673,148
4,19674,154
4,19675,121
4,19676,167
4,19677,77
4,19678,83
4,19679,115
4,19680,160
4,19681,179
4,19682,192
4,19683,115
4,19684,173
4,19685,128
4,19686,96
4,19687,115
4,19688,115
4,19689,160
4,19690,147
4,19691,64
4,19692,128
4,19693,83
4,19694,64
4,19695,115
4,19696,115
4,19697,153
4,19698,211
4,19699,154
4,19700,109
4,19701,115
4,19702,224
4,19703,25
4,19704,134
4,19705,58
4,19706,-26
4,19707,96
4,19708,77
4,19709,154
4,19710,198
4,19711,108
4,19712,173
4,19713,70
4,19714,147
4,19715,358
4,19716,364
4,19717,166
4,19718,186
4,19719,141
4,19720,147
4,19721,96
4,19722,109
4,19723,115
4,19724,167
4,19725,51
4,19726,103
4,19727,153
4,19728,166
4,19729,160
4,19730,166
4,19731,108
4,19732,154
4,19733,122
4,19734,211
4,19735,135
4,19736,76
4,19737,64
4,19738,77
4,19739,32
4,19740,108
4,19741,154
4,19742,173
4,19743,108
4,19744,115
4,19745,32
4,19746,167
4,19747,45
4,19748,147
4,19749,64
4,19750,372
4,19751,108
4,19752,102
4,19753,198
4,19754,192
4,19755,205
4,19756,211
4,19757,147
4,19758,172
4,19759,141
4,19760,198
4,19761,128
4,19762,-52
4,19763,128
4,19764,96
4,19765,128
4,19766,166
4,19767,166
4,19768,192
4,19769,70
4,19770,96
4,19771,160
4,19772,205
4,19773,128
4,19774,179
4,19775,102
4,19776,122
4,19777,64
4,19778,249
4,19779,160
4,19780,77
4,19781,83
4,19782,384
4,19783,167
4,19784,160
4,19785,154
4,19786,167
4,19787,128
4,19788,243
4,19789,89
4,19790,90
4,19791,108
4,19792,134
4,19793,250
4,19794,-45
4,19795,102
4,19796,148
4,19797,102
4,19798,141
4,19799,83
4,19800,77
4,19801,70
4,19802,192
4,19803,135
4,19804,121
4,19805,160
4,19806,121
4,19807,96
4,19808,116
4,19809,32
4,19810,128
4,19811,166
4,19812,154
4,19813,167
4,19814,64
4,19815,96
4,19816,109
4,19817,83
4,19818,211
4,19819,77
4,19820,243
4,19821,121
4,19822,192
4,19823,160
4,19824,-45
4,19825,83
4,19826,148
4,19827,70
4,19828,128
4,19829,122
4,19830,115
4,19831,115
4,19832,205
4,19833,102
4,19834,167
4,19835,147
4,19836,173
4,19837,148
4,19838,115
4,19839,128
4,19840,140
4,19841,148
4,19842,109
4,19843,371
4,19844,115
4,19845,115
4,19846,166
4,19847,160
4,19848,185
4,19849,57
4,19850,148
4,19851,160
4,19852,102
4,19853,116
4,19854,154
4,19855,147
4,19856,-32
4,19857,-32
4,19858,179
4,19859,205
4,19860,103
4,19861,128
4,19862,166
4,19863,57
4,19864,45
4,19865,96
4,19866,115
4,19867,173
4,19868,826
4,19869,141
4,19870,160
4,19871,109
4,19872,166
4,19873,77
4,19874,141
4,19875,77
4,19876,199
4,19877,108
4,19878,77
4,19879,109
4,19880,115
4,19881,787
4,19882,128
4,19883,768
4,19884,205
4,19885,109
4,19886,205
4,19887,122
4,19888,167
4,19889,103
4,19890,167
4,19891,166
4,19892,51
4,19893,167
4,19894,77
4,19895,109
4,19896,109
4,19897,141
4,19898,102
4,19899,128
4,19900,109
4,19901,109
4,19902,128
4,19903,153
4,19904,160
4,19905,102
4,19906,153
4,19907,70
4,19908,128
4,19909,167
4,19910,147
4,19911,51
4,19912,109
4,19913,199
4,19914,115
4,19915,116
4,19916,-38
4,19917,186
4,19918,339
4,19919,122
4,19920,77
4,19921,51
4,19922,64
4,19923,134
4,19924,32
4,19925,243
4,19926,166
4,19927,160
4,19928,198
4,19929,109
4,19930,180
4,19931,172
4,19932,121
4,19933,179
4,19934,180
4,19935,160
4,19936,-45
4,19937,153
4,19938,58
4,19939,102
4,19940,128
4,19941,128
4,19942,58
4,19943,148
4,19944,115
4,19945,103
4,19946,134
4,19947,58
4,19948,64
4,19949,90
4,19950,52
4,19951,122
4,19952,-38
4,19953,147
4,19954,218
4,19955,77
4,19956,121
4,19957,103
4,19958,192
4,19959,166
4,19960,103
4,19961,327
4,19962,160
4,19963,77
4,19964,89
4,19965,57
4,19966,160
4,19967,102
4,19968,115
4,19969,51
4,19970,179
4,19971,218
4,19972,166
4,19973,160
4,19974,77
4,19975,122
4,19976,109
4,19977,167
4,19978,205
4,19979,116
4,19980,83
4,19981,71
4,19982,166
4,19983,409
4,19984,77
4,19985,160
4,19986,160
4,19987,166
4,19988,109
4,19989,109
4,19990,116
4,19991,121
4,19992,115
4,19993,109
4,19994,122
4,19995,64
4,19996,96
4,19997,38
4,19998,39
4,19999,26
4,20000,103
5,1,-391
5,2,198
5,3,51
5,4,51
5,5,51
5,6,19
5,7,58
5,8,57
5,9,57
5,10,307
5,11,102
5,12,121
5,13,58
5,14,77
5,15,26
5,16,109
5,17,256
5,18,57
5,19,38
5,20,57
5,21,102
5,22,90
5,23,128
5,24,64
5,25,103
5,26,103
5,27,115
5,28,108
5,29,64
5,30,378
5,31,76
5,32,115
5,33,25
5,34,32
5,35,70
5,36,64
5,37,39
5,38,51
5,39,57
5,40,-243
5,41,141
5,42,-192
5,43,45
5,44,173
5,45,224
5,46,224
5,47,-38
5,48,224
5,49,-45
5,50,134
5,51,115
5,52,64
5,53,141
5,54,122
5,55,96
5,56,103
5,57,205
5,58,51
5,59,115
5,60,115
5,61,64
5,62,-236
5,63,77
5,64,96
5,65,96
5,66,262
5,67,244
5,68,-185
5,69,185
5,70,243
5,71,89
5,72,122
5,73,89
5,74,64
5,75,71
5,76,121
5,77,89
5,78,26
5,79,58
5,80,70
5,81,64
5,82,32
5,83,76
5,84,51
5,85,147
5,86,7
5,87,64
5,88,121
5,89,103
5,90,26
5,91,26
5,92,64
5,93,-32
5,94,77
5,95,45
5,96,96
5,97,96
5,98,166
5,99,218
5,100,263
5,101,224
5,102,179
5,103,211
5,104,115
5,105,205
5,106,57
5,107,25
5,108,70
5,109,52
5,110,109
5,111,45
5,112,58
5,113,77
5,114,70
5,115,109
5,116,115
5,117,64
5,118,103
5,119,122
5,120,-51
5,121,51
5,122,96
5,123,57
5,124,845
5,125,45
5,126,32
5,127,70
5,128,39
5,129,25
5,130,-384
5,131,45
5,132,180
5,133,58
5,134,26
5,135,32
5,136,90
5,137,359
5,138,787
5,139,45
5,140,102
5,141,64
5,142,26
5,143,77
5,144,58
5,145,57
5,146,58
5,147,160
5,148,38
5,149,51
5,150,-26
5,151,-45
5,152,140
5,153,77
5,154,64
5,155,71
5,156,64
5,157,70
5,158,83
5,159,109
5,160,-269
5,161,32
5,162,45
5,163,51
5,164,45
5,165,32
5,166,77
5,167,51
5,168,51
5,169,109
5,170,-230
5,171,115
5,172,71
5,173,38
5,174,70
5,175,90
5,176,109
5,177,45
5,178,32
5,179,26
5,180,58
5,181,51
5,182,51
5,183,-44
5,184,45
5,185,32
5,186,64
5,187,64
5,188,44
5,189,102
5,190,96
5,191,70
5,192,141
5,193,116
5,194,70
5,195,32
5,196,64
5,197,115
5,198,77
5,199,339
5,200,64
5,201,51
5,202,-237
5,203,-250
5,204,25
5,205,64
5,206,71
5,207,64
5,208,83
5,209,96
5,210,51
5,211,64
5,212,102
5,213,76
5,214,-45
5,215,77
5,216,96
5,217,-58
5,218,-237
5,219,64
5,220,121
5,221,90
5,222,26
5,223,51
5,224,64
5,225,166
5,226,64
5,227,26
5,228,70
5,229,44
5,230,71
5,231,96
5,232,77
5,233,32
5,234,45
5,235,32
5,236,26
5,237,26
5,238,154
5,239,64
5,240,96
5,241,211
5,242,180
5,243,199
5,244,198
5,245,192
5,246,332
5,247,192
5,248,167
5,249,52
5,250,51
5,251,19
5,252,39
5,253,39
5,254,26
5,255,52
5,256,58
5,257,19
5,258,26
5,259,26
5,260,166
5,261,467
5,262,179
5,263,57
5,264,71
5,265,64
5,266,70
5,267,108
5,268,58
5,269,90
5,270,141
5,271,64
5,272,-51
5,273,-45
5,274,109
5,275,45
5,276,51
5,277,-45
5,278,121
5,279,32
5,280,70
5,281,84
5,282,45
5,283,64
5,284,71
5,285,51
5,286,64
5,287,45
5,288,64
5,289,199
5,290,179
5,291,32
5,292,13
5,293,250
5,294,64
5,295,166
5,296,32
5,297,77
5,298,96
5,299,32
5,300,109
5,301,51
5,302,83
5,303,186
5,304,76
5,305,44
5,306,20
5,307,58
5,308,-244
5,309,51
5,310,26
5,311,64
5,312,38
5,313,64
5,314,102
5,315,-51
5,316,102
5,317,51
5,318,38
5,319,-64
5,320,51
5,321,45
5,322,-25
5,323,147
5,324,64
5,325,224
5,326,70
5,327,57
5,328,32
5,329,32
5,330,70
5,331,-32
5,332,128
5,333,103
5,334,58
5,335,90
5,336,217
5,337,70
5,338,44
5,339,64
5,340,12
5,341,70
5,342,26
5,343,38
5,344,32
5,345,128
5,346,51
5,347,83
5,348,64
5,349,45
5,350,57
5,351,-211
5,352,58
5,353,-32
5,354,51
5,355,64
5,356,122
5,357,58
5,358,51
5,359,45
5,360,52
5,361,160
5,362,-262
5,363,-58
5,364,83
5,365,83
5,366,-38
5,367,-32
5,368,116
5,369,58
5,370,-224
5,371,70
5,372,51
5,373,51
5,374,77
5,375,52
5,376,58
5,377,96
5,378,64
5,379,51
5,380,832
5,381,96
5,382,26
5,383,71
5,384,102
5,385,25
5,386,32
5,387,-26
5,388,211
5,389,-32
5,390,64
5,391,32
5,392,71
5,393,825
5,394,218
5,395,780
5,396,154
5,397,45
5,398,115
5,399,166
5,400,70
5,401,39
5,402,-268
5,403,71
5,404,57
5,405,89
5,406,96
5,407,64
5,408,90
5,409,96
5,410,64
5,411,51
5,412,71
5,413,-224
5,414,115
5,415,70
5,416,70
5,417,51
5,418,-26
5,419,25
5,420,-32
5,421,58
5,422,70
5,423,-352
5,424,180
5,425,77
5,426,268
5,427,205
5,428,52
5,429,64
5,430,51
5,431,-64
5,432,70
5,433,51
5,434,19
5,435,32
5,436,-25
5,437,71
5,438,51
5,439,70
5,440,70
5,441,90
5,442,58
5,443,19
5,444,57
5,445,77
5,446,-231
5,447,115
5,448,52
5,449,64
5,450,-212
5,451,217
5,452,166
5,453,103
5,454,96
5,455,-198
5,456,128
5,457,-25
5,458,-249
5,459,-32
5,460,135
5,461,192
5,462,26
5,463,32
5,464,71
5,465,64
5,466,102
5,467,70
5,468,102
5,469,32
5,470,71
5,471,102
5,472,64
5,473,-13
5,474,25
5,475,13
5,476,32
5,477,39
5,478,77
5,479,25
5,480,58
5,481,77
5,482,26
5,483,103
5,484,83
5,485,109
5,486,64
5,487,64
5,488,211
5,489,359
5,490,13
5,491,64
5,492,51
5,493,38
5,494,89
5,495,71
5,496,57
5,497,96
5,498,32
5,499,-326
5,500,128
5,501,52
5,502,122
5,503,96
5,504,-192
5,505,102
5,506,25
5,507,51
5,508,141
5,509,358
5,510,-26
5,511,96
5,512,115
5,513,32
5,514,64
5,515,25
5,516,64
5,517,102
5,518,51
5,519,45
5,520,70
5,521,96
5,522,-45
5,523,141
5,524,115
5,525,76
5,526,-64
5,527,45
5,528,71
5,529,51
5,530,25
5,531,64
5,532,51
5,533,52
5,534,64
5,535,26
5,536,58
5,537,64
5,538,71
5,539,77
5,540,122
5,541,77
5,542,51
5,543,64
5,544,64
5,545,115
5,546,96
5,547,121
5,548,71
5,549,64
5,550,115
5,551,90
5,552,115
5,553,109
5,554,90
5,555,90
5,556,108
5,557,71
5,558,32
5,559,179
5,560,108
5,561,115
5,562,250
5,563,77
5,564,38
5,565,115
5,566,39
5,567,115
5,568,108
5,569,-32
5,570,128
5,571,128
5,572,83
5,573,122
5,574,-25
5,575,122
5,576,45
5,577,90
5,578,166
5,579,70
5,580,-39
5,581,115
5,582,199
5,583,115
5,584,186
5,585,70
5,586,51
5,587,147
5,588,134
5,589,115
5,590,454
5,591,64
5,592,45
5,593,153
5,594,108
5,595,128
5,596,160
5,597,19
5,598,109
5,599,103
5,600,70
5,601,128
5,602,70
5,603,121
5,604,121
5,605,160
5,606,57
5,607,64
5,608,116
5,609,147
5,610,109
5,611,122
5,612,89
5,613,39
5,614,128
5,615,58
5,616,122
5,617,38
5,618,70
5,619,135
5,620,76
5,621,45
5,622,115
5,623,52
5,624,51
5,625,160
5,626,64
5,627,116
5,628,141
5,629,77
5,630,83
5,631,116
5,632,141
5,633,90
5,634,70
5,635,58
5,636,832
5,637,64
5,638,71
5,639,26
5,640,71
5,641,90
5,642,58
5,643,32
5,644,115
5,645,58
5,646,154
5,647,64
5,648,167
5,649,108
5,650,800
5,651,77
5,652,71
5,653,109
5,654,160
5,655,121
5,656,57
5,657,148
5,658,77
5,659,26
5,660,64
5,661,25
5,662,77
5,663,77
5,664,57
5,665,103
5,666,102
5,667,109
5,668,346
5,669,-32
5,670,108
5,671,141
5,672,326
5,673,109
5,674,25
5,675,58
5,676,51
5,677,153
5,678,64
5,679,102
5,680,96
5,681,166
5,682,134
5,683,7
5,684,198
5,685,115
5,686,128
5,687,115
5,688,58
5,689,57
5,690,45
5,691,32
5,692,121
5,693,153
5,694,134
5,695,76
5,696,167
5,697,89
5,698,128
5,699,167
5,700,90
5,701,166
5,702,103
5,703,134
5,704,102
5,705,57
5,706,64
5,707,19
5,708,115
5,709,128
5,710,122
5,711,179
5,712,121
5,713,51
5,714,51
5,715,64
5,716,-32
5,717,58
5,718,83
5,719,166
5,720,109
5,721,153
5,722,160
5,723,83
5,724,166
5,725,70
5,726,141
5,727,167
5,728,205
5,729,122
5,730,96
5,731,154
5,732,83
5,733,51
5,734,109
5,735,70
5,736,96
5,737,109
5,738,58
5,739,116
5,740,115
5,741,109
5,742,102
5,743,122
5,744,109
5,745,32
5,746,45
5,747,58
5,748,70
5,749,45
5,750,32
5,751,71
5,752,44
5,753,154
5,754,58
5,755,211
5,756,109
5,757,115
5,758,109
5,759,166
5,760,160
5,761,45
5,762,58
5,763,108
5,764,121
5,765,90
5,766,64
5,767,179
5,768,64
5,769,83
5,770,51
5,771,96
5,772,76
5,773,64
5,774,77
5,775,147
5,776,64
5,777,77
5,778,121
5,779,160
5,780,166
5,781,160
5,782,64
5,783,128
5,784,109
5,785,160
5,786,103
5,787,44
5,788,71
5,789,102
5,790,115
5,791,109
5,792,115
5,793,115
5,794,64
5,795,51
5,796,141
5,797,70
5,798,160
5,799,77
5,800,135
5,801,-51
5,802,83
5,803,70
5,804,96
5,805,96
5,806,26
5,807,128
5,808,108
5,809,166
5,810,58
5,811,141
5,812,199
5,813,109
5,814,70
5,815,160
5,816,128
5,817,64
5,818,45
5,819,64
5,820,51
5,821,167
5,822,141
5,823,102
5,824,71
5,825,109
5,826,19
5,827,128
5,828,121
5,829,32
5,830,-51
5,831,160
5,832,115
5,833,-52
5,834,51
5,835,83
5,836,179
5,837,-128
5,838,70
5,839,154
5,840,45
5,841,96
5,842,83
5,843,109
5,844,275
5,845,102
5,846,51
5,847,77
5,848,198
5,849,102
5,850,32
5,851,83
5,852,122
5,853,25
5,854,339
5,855,122
5,856,103
5,857,109
5,858,77
5,859,154
5,860,173
5,861,83
5,862,71
5,863,102
5,864,64
5,865,58
5,866,52
5,867,83
5,868,-51
5,869,128
5,870,115
5,871,115
5,872,198
5,873,45
5,874,269
5,875,160
5,876,58
5,877,122
5,878,320
5,879,160
5,880,121
5,881,109
5,882,32
5,883,115
5,884,44
5,885,90
5,886,115
5,887,115
5,888,52
5,889,148
5,890,57
5,891,371
5,892,806
5,893,109
5,894,45
5,895,192
5,896,76
5,897,64
5,898,58
5,899,32
5,900,90
5,901,147
5,902,51
5,903,77
5,904,109
5,905,787
5,906,121
5,907,806
5,908,102
5,909,76
5,910,64
5,911,51
5,912,90
5,913,51
5,914,76
5,915,116
5,916,64
5,917,122
5,918,64
5,919,115
5,920,211
5,921,64
5,922,58
5,923,173
5,924,217
5,925,77
5,926,167
5,927,212
5,928,115
5,929,38
5,930,25
5,931,-26
5,932,134
5,933,115
5,934,57
5,935,109
5,936,58
5,937,141
5,938,-25
5,939,39
5,940,103
5,941,320
5,942,115
5,943,-45
5,944,141
5,945,160
5,946,51
5,947,70
5,948,32
5,949,154
5,950,70
5,951,115
5,952,77
5,953,166
5,954,-32
5,955,109
5,956,83
5,957,109
5,958,90
5,959,128
5,960,64
5,961,52
5,962,64
5,963,154
5,964,116
5,965,135
5,966,115
5,967,224
5,968,77
5,969,64
5,970,-32
5,971,115
5,972,103
5,973,102
5,974,25
5,975,102
5,976,109
5,977,186
5,978,64
5,979,90
5,980,64
5,981,128
5,982,109
5,983,96
5,984,-26
5,985,64
5,986,25
5,987,71
5,988,71
5,989,102
5,990,58
5,991,122
5,992,52
5,993,109
5,994,32
5,995,160
5,996,-52
5,997,128
5,998,160
5,999,371
5,1000,128
5,1001,96
5,1002,39
5,1003,45
5,1004,38
5,1005,-38
5,1006,185
5,1007,77
5,1008,122
5,1009,25
5,1010,103
5,1011,-51
5,1012,173
5,1013,25
5,1014,128
5,1015,371
5,1016,109
5,1017,26
5,1018,45
5,1019,64
5,1020,70
5,1021,-32
5,1022,180
5,1023,20
5,1024,51
5,1025,32
5,1026,122
5,1027,64
5,1028,45
5,1029,58
5,1030,77
5,1031,51
5,1032,76
5,1033,-25
5,1034,134
5,1035,58
5,1036,147
5,1037,58
5,1038,57
5,1039,32
5,1040,58
5,1041,-224
5,1042,70
5,1043,224
5,1044,-45
5,1045,102
5,1046,115
5,1047,44
5,1048,154
5,1049,154
5,1050,122
5,1051,109
5,1052,134
5,1053,44
5,1054,32
5,1055,115
5,1056,108
5,1057,51
5,1058,115
5,1059,25
5,1060,167
5,1061,26
5,1062,365
5,1063,135
5,1064,128
5,1065,109
5,1066,160
5,1067,96
5,1068,192
5,1069,84
5,1070,103
5,1071,109
5,1072,116
5,1073,52
5,1074,320
5,1075,57
5,1076,-32
5,1077,64
5,1078,103
5,1079,71
5,1080,70
5,1081,109
5,1082,83
5,1083,84
5,1084,135
5,1085,-70
5,1086,83
5,1087,64
5,1088,84
5,1089,51
5,1090,275
5,1091,102
5,1092,121
5,1093,26
5,1094,115
5,1095,218
5,1096,77
5,1097,51
5,1098,167
5,1099,26
5,1100,115
5,1101,45
5,1102,32
5,1103,25
5,1104,147
5,1105,51
5,1106,371
5,1107,96
5,1108,83
5,1109,64
5,1110,211
5,1111,96
5,1112,141
5,1113,-32
5,1114,134
5,1115,109
5,1116,153
5,1117,77
5,1118,109
5,1119,58
5,1120,262
5,1121,64
5,1122,627
5,1123,109
5,1124,173
5,1125,109
5,1126,166
5,1127,-45
5,1128,109
5,1129,109
5,1130,147
5,1131,51
5,1132,84
5,1133,89
5,1134,103
5,1135,217
5,1136,45
5,1137,38
5,1138,45
5,1139,58
5,1140,166
5,1141,96
5,1142,230
5,1143,96
5,1144,58
5,1145,173
5,1146,103
5,1147,32
5,1148,857
5,1149,32
5,1150,-32
5,1151,38
5,1152,76
5,1153,96
5,1154,32
5,1155,19
5,1156,25
5,1157,109
5,1158,32
5,1159,-32
5,1160,128
5,1161,115
5,1162,781
5,1163,121
5,1164,198
5,1165,102
5,1166,147
5,1167,115
5,1168,51
5,1169,320
5,1170,64
5,1171,38
5,1172,32
5,1173,51
5,1174,70
5,1175,51
5,1176,57
5,1177,71
5,1178,153
5,1179,365
5,1180,90
5,1181,109
5,1182,166
5,1183,103
5,1184,358
5,1185,64
5,1186,352
5,1187,58
5,1188,70
5,1189,71
5,1190,109
5,1191,205
5,1192,57
5,1193,96
5,1194,160
5,1195,70
5,1196,122
5,1197,83
5,1198,90
5,1199,262
5,1200,83
5,1201,345
5,1202,45
5,1203,77
5,1204,58
5,1205,25
5,1206,70
5,1207,45
5,1208,71
5,1209,76
5,1210,51
5,1211,96
5,1212,256
5,1213,96
5,1214,154
5,1215,64
5,1216,185
5,1217,109
5,1218,160
5,1219,109
5,1220,102
5,1221,263
5,1222,147
5,1223,166
5,1224,122
5,1225,70
5,1226,109
5,1227,64
5,1228,83
5,1229,58
5,1230,26
5,1231,58
5,1232,109
5,1233,83
5,1234,83
5,1235,64
5,1236,70
5,1237,38
5,1238,160
5,1239,116
5,1240,115
5,1241,51
5,1242,13
5,1243,26
5,1244,64
5,1245,32
5,1246,160
5,1247,115
5,1248,-45
5,1249,134
5,1250,166
5,1251,96
5,1252,109
5,1253,51
5,1254,198
5,1255,122
5,1256,109
5,1257,52
5,1258,51
5,1259,212
5,1260,71
5,1261,38
5,1262,45
5,1263,115
5,1264,167
5,1265,25
5,1266,109
5,1267,102
5,1268,96
5,1269,51
5,1270,122
5,1271,57
5,1272,102
5,1273,25
5,1274,122
5,1275,26
5,1276,57
5,1277,45
5,1278,51
5,1279,32
5,1280,32
5,1281,352
5,1282,250
5,1283,83
5,1284,52
5,1285,32
5,1286,103
5,1287,64
5,1288,25
5,1289,77
5,1290,-339
5,1291,128
5,1292,115
5,1293,44
5,1294,141
5,1295,71
5,1296,51
5,1297,51
5,1298,211
5,1299,32
5,1300,83
5,1301,58
5,1302,160
5,1303,26
5,1304,115
5,1305,52
5,1306,102
5,1307,115
5,1308,122
5,1309,-32
5,1310,128
5,1311,51
5,1312,71
5,1313,19
5,1314,26
5,1315,26
5,1316,128
5,1317,51
5,1318,103
5,1319,122
5,1320,58
5,1321,108
5,1322,346
5,1323,90
5,1324,154
5,1325,58
5,1326,51
5,1327,64
5,1328,90
5,1329,26
5,1330,32
5,1331,44
5,1332,38
5,1333,103
5,1334,153
5,1335,32
5,1336,-44
5,1337,71
5,1338,173
5,1339,122
5,1340,89
5,1341,-32
5,1342,122
5,1343,64
5,1344,52
5,1345,64
5,1346,25
5,1347,26
5,1348,-45
5,1349,51
5,1350,71
5,1351,51
5,1352,134
5,1353,89
5,1354,102
5,1355,57
5,1356,211
5,1357,109
5,1358,96
5,1359,64
5,1360,160
5,1361,109
5,1362,115
5,1363,103
5,1364,51
5,1365,-32
5,1366,51
5,1367,64
5,1368,77
5,1369,32
5,1370,365
5,1371,70
5,1372,51
5,1373,64
5,1374,-64
5,1375,134
5,1376,70
5,1377,96
5,1378,51
5,1379,58
5,1380,115
5,1381,51
5,1382,57
5,1383,77
5,1384,109
5,1385,32
5,1386,141
5,1387,115
5,1388,147
5,1389,179
5,1390,166
5,1391,313
5,1392,64
5,1393,96
5,1394,140
5,1395,205
5,1396,83
5,1397,70
5,1398,128
5,1399,77
5,1400,58
5,1401,71
5,1402,173
5,1403,70
5,1404,807
5,1405,64
5,1406,167
5,1407,115
5,1408,64
5,1409,64
5,1410,64
5,1411,26
5,1412,364
5,1413,51
5,1414,198
5,1415,76
5,1416,84
5,1417,813
5,1418,199
5,1419,774
5,1420,102
5,1421,147
5,1422,-32
5,1423,115
5,1424,148
5,1425,26
5,1426,12
5,1427,26
5,1428,64
5,1429,51
5,1430,160
5,1431,211
5,1432,115
5,1433,64
5,1434,76
5,1435,77
5,1436,109
5,1437,51
5,1438,51
5,1439,32
5,1440,70
5,1441,44
5,1442,64
5,1443,122
5,1444,45
5,1445,58
5,1446,141
5,1447,89
5,1448,70
5,1449,32
5,1450,122
5,1451,32
5,1452,89
5,1453,57
5,1454,71
5,1455,64
5,1456,160
5,1457,58
5,1458,51
5,1459,115
5,1460,26
5,1461,57
5,1462,109
5,1463,-115
5,1464,76
5,1465,51
5,1466,-51
5,1467,116
5,1468,160
5,1469,51
5,1470,102
5,1471,109
5,1472,109
5,1473,51
5,1474,89
5,1475,-39
5,1476,115
5,1477,102
5,1478,179
5,1479,115
5,1480,84
5,1481,77
5,1482,89
5,1483,25
5,1484,51
5,1485,-38
5,1486,141
5,1487,70
5,1488,64
5,1489,58
5,1490,135
5,1491,64
5,1492,64
5,1493,70
5,1494,173
5,1495,-20
5,1496,147
5,1497,32
5,1498,109
5,1499,89
5,1500,109
5,1501,-57
5,1502,102
5,1503,26
5,1504,38
5,1505,109
5,1506,83
5,1507,77
5,1508,166
5,1509,109
5,1510,166
5,1511,185
5,1512,147
5,1513,51
5,1514,166
5,1515,84
5,1516,116
5,1517,-147
5,1518,64
5,1519,45
5,1520,64
5,1521,32
5,1522,121
5,1523,19
5,1524,109
5,1525,109
5,1526,26
5,1527,70
5,1528,38
5,1529,39
5,1530,32
5,1531,45
5,1532,90
5,1533,19
5,1534,89
5,1535,115
5,1536,-20
5,1537,58
5,1538,96
5,1539,-64
5,1540,128
5,1541,320
5,1542,397
5,1543,89
5,1544,198
5,1545,64
5,1546,115
5,1547,108
5,1548,204
5,1549,-32
5,1550,173
5,1551,45
5,1552,57
5,1553,83
5,1554,96
5,1555,13
5,1556,160
5,1557,51
5,1558,57
5,1559,77
5,1560,109
5,1561,64
5,1562,103
5,1563,128
5,1564,128
5,1565,51
5,1566,173
5,1567,115
5,1568,102
5,1569,58
5,1570,109
5,1571,51
5,1572,122
5,1573,109
5,1574,103
5,1575,-64
5,1576,83
5,1577,71
5,1578,179
5,1579,90
5,1580,115
5,1581,64
5,1582,96
5,1583,89
5,1584,108
5,1585,333
5,1586,57
5,1587,-45
5,1588,83
5,1589,45
5,1590,89
5,1591,96
5,1592,64
5,1593,243
5,1594,115
5,1595,70
5,1596,390
5,1597,51
5,1598,102
5,1599,89
5,1600,77
5,1601,109
5,1602,371
5,1603,-52
5,1604,96
5,1605,25
5,1606,-32
5,1607,83
5,1608,173
5,1609,32
5,1610,77
5,1611,70
5,1612,109
5,1613,51
5,1614,115
5,1615,70
5,1616,77
5,1617,-71
5,1618,192
5,1619,122
5,1620,109
5,1621,64
5,1622,109
5,1623,-64
5,1624,83
5,1625,134
5,1626,115
5,1627,109
5,1628,153
5,1629,128
5,1630,173
5,1631,58
5,1632,141
5,1633,121
5,1634,231
5,1635,71
5,1636,186
5,1637,147
5,1638,160
5,1639,70
5,1640,167
5,1641,96
5,1642,173
5,1643,115
5,1644,115
5,1645,58
5,1646,89
5,1647,64
5,1648,109
5,1649,71
5,1650,-32
5,1651,90
5,1652,109
5,1653,103
5,1654,160
5,1655,147
5,1656,109
5,1657,83
5,1658,109
5,1659,70
5,1660,345
5,1661,128
5,1662,108
5,1663,90
5,1664,64
5,1665,333
5,1666,115
5,1667,77
5,1668,52
5,1669,115
5,1670,121
5,1671,70
5,1672,32
5,1673,102
5,1674,813
5,1675,166
5,1676,160
5,1677,83
5,1678,179
5,1679,70
5,1680,58
5,1681,32
5,1682,64
5,1683,57
5,1684,58
5,1685,-45
5,1686,83
5,1687,109
5,1688,83
5,1689,77
5,1690,103
5,1691,128
5,1692,128
5,1693,89
5,1694,103
5,1695,154
5,1696,64
5,1697,96
5,1698,115
5,1699,58
5,1700,64
5,1701,58
5,1702,64
5,1703,102
5,1704,51
5,1705,38
5,1706,108
5,1707,141
5,1708,25
5,1709,96
5,1710,71
5,1711,102
5,1712,-51
5,1713,39
5,1714,109
5,1715,90
5,1716,51
5,1717,96
5,1718,32
5,1719,83
5,1720,70
5,1721,77
5,1722,109
5,1723,167
5,1724,160
5,1725,77
5,1726,89
5,1727,64
5,1728,153
5,1729,-38
5,1730,77
5,1731,51
5,1732,71
5,1733,52
5,1734,103
5,1735,166
5,1736,153
5,1737,-6
5,1738,115
5,1739,32
5,1740,64
5,1741,77
5,1742,192
5,1743,58
5,1744,-45
5,1745,-39
5,1746,166
5,1747,58
5,1748,102
5,1749,96
5,1750,109
5,1751,122
5,1752,102
5,1753,51
5,1754,45
5,1755,32
5,1756,32
5,1757,58
5,1758,192
5,1759,32
5,1760,96
5,1761,90
5,1762,109
5,1763,141
5,1764,153
5,1765,109
5,1766,167
5,1767,141
5,1768,172
5,1769,26
5,1770,26
5,1771,365
5,1772,32
5,1773,38
5,1774,32
5,1775,-64
5,1776,198
5,1777,-44
5,1778,102
5,1779,141
5,1780,160
5,1781,90
5,1782,211
5,1783,160
5,1784,83
5,1785,64
5,1786,71
5,1787,70
5,1788,44
5,1789,64
5,1790,38
5,1791,64
5,1792,26
5,1793,45
5,1794,154
5,1795,64
5,1796,57
5,1797,64
5,1798,167
5,1799,154
5,1800,115
5,1801,141
5,1802,96
5,1803,-64
5,1804,166
5,1805,64
5,1806,96
5,1807,90
5,1808,108
5,1809,64
5,1810,77
5,1811,122
5,1812,64
5,1813,57
5,1814,51
5,1815,96
5,1816,83
5,1817,90
5,1818,204
5,1819,128
5,1820,122
5,1821,121
5,1822,211
5,1823,122
5,1824,77
5,1825,109
5,1826,19
5,1827,51
5,1828,77
5,1829,237
5,1830,96
5,1831,39
5,1832,115
5,1833,77
5,1834,115
5,1835,115
5,1836,96
5,1837,32
5,1838,90
5,1839,102
5,1840,96
5,1841,58
5,1842,116
5,1843,-25
5,1844,186
5,1845,32
5,1846,198
5,1847,51
5,1848,58
5,1849,128
5,1850,217
5,1851,52
5,1852,109
5,1853,57
5,1854,109
5,1855,90
5,1856,71
5,1857,64
5,1858,109
5,1859,19
5,1860,128
5,1861,154
5,1862,96
5,1863,-44
5,1864,64
5,1865,83
5,1866,121
5,1867,359
5,1868,141
5,1869,45
5,1870,26
5,1871,57
5,1872,179
5,1873,39
5,1874,64
5,1875,83
5,1876,32
5,1877,102
5,1878,44
5,1879,96
5,1880,122
5,1881,51
5,1882,148
5,1883,109
5,1884,102
5,1885,32
5,1886,57
5,1887,96
5,1888,64
5,1889,77
5,1890,32
5,1891,70
5,1892,102
5,1893,109
5,1894,141
5,1895,51
5,1896,167
5,1897,58
5,1898,115
5,1899,64
5,1900,109
5,1901,90
5,1902,154
5,1903,102
5,1904,51
5,1905,83
5,1906,134
5,1907,102
5,1908,154
5,1909,103
5,1910,173
5,1911,84
5,1912,249
5,1913,70
5,1914,268
5,1915,109
5,1916,813
5,1917,45
5,1918,77
5,1919,64
5,1920,83
5,1921,26
5,1922,58
5,1923,103
5,1924,77
5,1925,-32
5,1926,230
5,1927,103
5,1928,160
5,1929,800
5,1930,115
5,1931,787
5,1932,57
5,1933,58
5,1934,179
5,1935,90
5,1936,160
5,1937,51
5,1938,58
5,1939,64
5,1940,108
5,1941,77
5,1942,172
5,1943,70
5,1944,103
5,1945,109
5,1946,58
5,1947,237
5,1948,109
5,1949,116
5,1950,57
5,1951,160
5,1952,64
5,1953,58
5,1954,103
5,1955,25
5,1956,58
5,1957,57
5,1958,90
5,1959,166
5,1960,166
5,1961,19
5,1962,166
5,1963,32
5,1964,102
5,1965,64
5,1966,211
5,1967,96
5,1968,211
5,1969,51
5,1970,122
5,1971,64
5,1972,71
5,1973,70
5,1974,212
5,1975,109
5,1976,154
5,1977,64
5,1978,90
5,1979,103
5,1980,115
5,1981,71
5,1982,77
5,1983,115
5,1984,64
5,1985,140
5,1986,167
5,1987,76
5,1988,96
5,1989,122
5,1990,122
5,1991,-45
5,1992,141
5,1993,103
5,1994,109
5,1995,102
5,1996,90
5,1997,51
5,1998,128
5,1999,64
5,2000,58
5,2001,320
5,2002,115
5,2003,167
5,2004,147
5,2005,96
5,2006,128
5,2007,51
5,2008,167
5,2009,-19
5,2010,173
5,2011,57
5,2012,154
5,2013,51
5,2014,58
5,2015,19
5,2016,51
5,2017,51
5,2018,83
5,2019,128
5,2020,154
5,2021,71
5,2022,115
5,2023,160
5,2024,153
5,2025,71
5,2026,179
5,2027,90
5,2028,71
5,2029,58
5,2030,192
5,2031,83
5,2032,122
5,2033,109
5,2034,153
5,2035,96
5,2036,153
5,2037,230
5,2038,121
5,2039,116
5,2040,135
5,2041,25
5,2042,52
5,2043,32
5,2044,57
5,2045,45
5,2046,166
5,2047,26
5,2048,83
5,2049,44
5,2050,128
5,2051,-64
5,2052,39
5,2053,96
5,2054,70
5,2055,26
5,2056,70
5,2057,57
5,2058,64
5,2059,71
5,2060,371
5,2061,51
5,2062,70
5,2063,70
5,2064,122
5,2065,84
5,2066,58
5,2067,51
5,2068,77
5,2069,160
5,2070,64
5,2071,64
5,2072,140
5,2073,51
5,2074,122
5,2075,179
5,2076,135
5,2077,64
5,2078,77
5,2079,166
5,2080,32
5,2081,32
5,2082,26
5,2083,19
5,2084,96
5,2085,58
5,2086,89
5,2087,109
5,2088,64
5,2089,166
5,2090,70
5,2091,89
5,2092,70
5,2093,57
5,2094,243
5,2095,51
5,2096,147
5,2097,263
5,2098,173
5,2099,83
5,2100,115
5,2101,32
5,2102,-51
5,2103,109
5,2104,70
5,2105,167
5,2106,77
5,2107,103
5,2108,-38
5,2109,109
5,2110,71
5,2111,70
5,2112,135
5,2113,122
5,2114,89
5,2115,64
5,2116,134
5,2117,109
5,2118,166
5,2119,70
5,2120,90
5,2121,25
5,2122,64
5,2123,115
5,2124,-45
5,2125,58
5,2126,154
5,2127,372
5,2128,45
5,2129,-32
5,2130,135
5,2131,96
5,2132,70
5,2133,51
5,2134,-52
5,2135,71
5,2136,179
5,2137,26
5,2138,26
5,2139,224
5,2140,77
5,2141,-39
5,2142,186
5,2143,378
5,2144,64
5,2145,134
5,2146,115
5,2147,141
5,2148,147
5,2149,83
5,2150,51
5,2151,70
5,2152,109
5,2153,115
5,2154,109
5,2155,57
5,2156,64
5,2157,103
5,2158,77
5,2159,64
5,2160,90
5,2161,122
5,2162,166
5,2163,109
5,2164,115
5,2165,109
5,2166,83
5,2167,89
5,2168,52
5,2169,32
5,2170,115
5,2171,32
5,2172,653
5,2173,58
5,2174,90
5,2175,160
5,2176,83
5,2177,51
5,2178,90
5,2179,83
5,2180,102
5,2181,-218
5,2182,167
5,2183,96
5,2184,115
5,2185,102
5,2186,813
5,2187,160
5,2188,236
5,2189,102
5,2190,83
5,2191,108
5,2192,52
5,2193,-45
5,2194,77
5,2195,64
5,2196,32
5,2197,352
5,2198,70
5,2199,115
5,2200,70
5,2201,109
5,2202,32
5,2203,128
5,2204,108
5,2205,102
5,2206,84
5,2207,109
5,2208,141
5,2209,32
5,2210,160
5,2211,32
5,2212,51
5,2213,109
5,2214,173
5,2215,83
5,2216,64
5,2217,70
5,2218,166
5,2219,77
5,2220,135
5,2221,102
5,2222,115
5,2223,83
5,2224,154
5,2225,-32
5,2226,109
5,2227,64
5,2228,102
5,2229,90
5,2230,84
5,2231,76
5,2232,83
5,2233,52
5,2234,192
5,2235,160
5,2236,205
5,2237,51
5,2238,115
5,2239,115
5,2240,147
5,2241,108
5,2242,122
5,2243,108
5,2244,90
5,2245,64
5,2246,115
5,2247,32
5,2248,108
5,2249,51
5,2250,128
5,2251,89
5,2252,64
5,2253,51
5,2254,64
5,2255,89
5,2256,128
5,2257,115
5,2258,128
5,2259,71
5,2260,109
5,2261,96
5,2262,205
5,2263,122
5,2264,128
5,2265,77
5,2266,25
5,2267,45
5,2268,173
5,2269,134
5,2270,128
5,2271,32
5,2272,70
5,2273,64
5,2274,121
5,2275,160
5,2276,128
5,2277,109
5,2278,77
5,2279,77
5,2280,102
5,2281,358
5,2282,-32
5,2283,51
5,2284,115
5,2285,77
5,2286,-20
5,2287,45
5,2288,108
5,2289,70
5,2290,89
5,2291,141
5,2292,148
5,2293,70
5,2294,134
5,2295,90
5,2296,179
5,2297,45
5,2298,58
5,2299,96
5,2300,32
5,2301,64
5,2302,70
5,2303,19
5,2304,64
5,2305,32
5,2306,32
5,2307,51
5,2308,45
5,2309,108
5,2310,122
5,2311,109
5,2312,135
5,2313,51
5,2314,179
5,2315,115
5,2316,256
5,2317,64
5,2318,461
5,2319,102
5,2320,154
5,2321,89
5,2322,13
5,2323,51
5,2324,64
5,2325,52
5,2326,96
5,2327,103
5,2328,70
5,2329,256
5,2330,64
5,2331,109
5,2332,128
5,2333,64
5,2334,173
5,2335,102
5,2336,128
5,2337,103
5,2338,58
5,2339,64
5,2340,147
5,2341,38
5,2342,192
5,2343,71
5,2344,109
5,2345,38
5,2346,116
5,2347,83
5,2348,109
5,2349,58
5,2350,166
5,2351,108
5,2352,128
5,2353,38
5,2354,102
5,2355,-64
5,2356,282
5,2357,25
5,2358,26
5,2359,51
5,2360,115
5,2361,58
5,2362,166
5,2363,141
5,2364,135
5,2365,96
5,2366,115
5,2367,51
5,2368,76
5,2369,83
5,2370,199
5,2371,103
5,2372,116
5,2373,57
5,2374,166
5,2375,58
5,2376,51
5,2377,64
5,2378,115
5,2379,102
5,2380,51
5,2381,57
5,2382,160
5,2383,109
5,2384,96
5,2385,122
5,2386,64
5,2387,64
5,2388,-32
5,2389,57
5,2390,109
5,2391,122
5,2392,64
5,2393,90
5,2394,26
5,2395,103
5,2396,51
5,2397,115
5,2398,90
5,2399,134
5,2400,121
5,2401,64
5,2402,115
5,2403,122
5,2404,140
5,2405,64
5,2406,70
5,2407,371
5,2408,167
5,2409,64
5,2410,83
5,2411,96
5,2412,160
5,2413,70
5,2414,211
5,2415,173
5,2416,57
5,2417,212
5,2418,122
5,2419,102
5,2420,109
5,2421,109
5,2422,192
5,2423,109
5,2424,57
5,2425,307
5,2426,167
5,2427,141
5,2428,448
5,2429,320
5,2430,199
5,2431,141
5,2432,13
5,2433,51
5,2434,76
5,2435,71
5,2436,32
5,2437,160
5,2438,108
5,2439,134
5,2440,71
5,2441,442
5,2442,147
5,2443,780
5,2444,108
5,2445,397
5,2446,128
5,2447,160
5,2448,134
5,2449,51
5,2450,384
5,2451,25
5,2452,76
5,2453,71
5,2454,167
5,2455,57
5,2456,77
5,2457,71
5,2458,38
5,2459,96
5,2460,134
5,2461,70
5,2462,230
5,2463,84
5,2464,224
5,2465,26
5,2466,77
5,2467,-25
5,2468,64
5,2469,25
5,2470,179
5,2471,77
5,2472,115
5,2473,38
5,2474,116
5,2475,115
5,2476,83
5,2477,45
5,2478,172
5,2479,77
5,2480,76
5,2481,-13
5,2482,-25
5,2483,83
5,2484,38
5,2485,51
5,2486,115
5,2487,109
5,2488,122
5,2489,109
5,2490,160
5,2491,141
5,2492,122
5,2493,45
5,2494,51
5,2495,109
5,2496,122
5,2497,58
5,2498,166
5,2499,89
5,2500,96
5,2501,57
5,2502,115
5,2503,-51
5,2504,173
5,2505,70
5,2506,77
5,2507,44
5,2508,205
5,2509,109
5,2510,147
5,2511,102
5,2512,96
5,2513,84
5,2514,167
5,2515,109
5,2516,77
5,2517,51
5,2518,90
5,2519,154
5,2520,121
5,2521,103
5,2522,70
5,2523,109
5,2524,77
5,2525,57
5,2526,109
5,2527,32
5,2528,57
5,2529,39
5,2530,122
5,2531,166
5,2532,115
5,2533,58
5,2534,185
5,2535,115
5,2536,90
5,2537,26
5,2538,135
5,2539,58
5,2540,89
5,2541,141
5,2542,128
5,2543,115
5,2544,153
5,2545,64
5,2546,153
5,2547,103
5,2548,109
5,2549,90
5,2550,154
5,2551,77
5,2552,121
5,2553,77
5,2554,52
5,2555,96
5,2556,192
5,2557,102
5,2558,122
5,2559,32
5,2560,372
5,2561,58
5,2562,64
5,2563,77
5,2564,51
5,2565,167
5,2566,128
5,2567,102
5,2568,122
5,2569,160
5,2570,122
5,2571,167
5,2572,103
5,2573,115
5,2574,359
5,2575,198
5,2576,83
5,2577,166
5,2578,115
5,2579,89
5,2580,83
5,2581,-32
5,2582,173
5,2583,108
5,2584,32
5,2585,64
5,2586,115
5,2587,115
5,2588,109
5,2589,147
5,2590,153
5,2591,64
5,2592,45
5,2593,352
5,2594,173
5,2595,44
5,2596,51
5,2597,243
5,2598,90
5,2599,51
5,2600,70
5,2601,140
5,2602,64
5,2603,71
5,2604,90
5,2605,26
5,2606,333
5,2607,96
5,2608,58
5,2609,-26
5,2610,83
5,2611,115
5,2612,77
5,2613,64
5,2614,64
5,2615,128
5,2616,57
5,2617,103
5,2618,211
5,2619,96
5,2620,103
5,2621,51
5,2622,71
5,2623,115
5,2624,-45
5,2625,102
5,2626,218
5,2627,83
5,2628,115
5,2629,76
5,2630,32
5,2631,116
5,2632,70
5,2633,26
5,2634,57
5,2635,-51
5,2636,115
5,2637,58
5,2638,116
5,2639,32
5,2640,103
5,2641,109
5,2642,115
5,2643,115
5,2644,96
5,2645,45
5,2646,128
5,2647,83
5,2648,185
5,2649,84
5,2650,122
5,2651,109
5,2652,154
5,2653,58
5,2654,122
5,2655,70
5,2656,77
5,2657,-38
5,2658,179
5,2659,121
5,2660,154
5,2661,32
5,2662,148
5,2663,103
5,2664,90
5,2665,71
5,2666,275
5,2667,39
5,2668,45
5,2669,135
5,2670,70
5,2671,26
5,2672,70
5,2673,44
5,2674,205
5,2675,102
5,2676,109
5,2677,44
5,2678,64
5,2679,32
5,2680,76
5,2681,109
5,2682,90
5,2683,122
5,2684,845
5,2685,83
5,2686,371
5,2687,102
5,2688,83
5,2689,109
5,2690,89
5,2691,51
5,2692,45
5,2693,64
5,2694,122
5,2695,64
5,2696,147
5,2697,64
5,2698,826
5,2699,179
5,2700,103
5,2701,224
5,2702,121
5,2703,121
5,2704,103
5,2705,89
5,2706,148
5,2707,128
5,2708,173
5,2709,77
5,2710,167
5,2711,115
5,2712,167
5,2713,109
5,2714,26
5,2715,84
5,2716,121
5,2717,77
5,2718,102
5,2719,115
5,2720,64
5,2721,77
5,2722,90
5,2723,64
5,2724,64
5,2725,70
5,2726,26
5,2727,109
5,2728,90
5,2729,58
5,2730,26
5,2731,44
5,2732,83
5,2733,109
5,2734,109
5,2735,154
5,2736,57
5,2737,25
5,2738,64
5,2739,64
5,2740,83
5,2741,64
5,2742,83
5,2743,58
5,2744,83
5,2745,58
5,2746,-26
5,2747,128
5,2748,192
5,2749,179
5,2750,192
5,2751,122
5,2752,108
5,2753,51
5,2754,77
5,2755,109
5,2756,115
5,2757,218
5,2758,198
5,2759,115
5,2760,275
5,2761,64
5,2762,102
5,2763,52
5,2764,51
5,2765,51
5,2766,160
5,2767,77
5,2768,70
5,2769,102
5,2770,160
5,2771,173
5,2772,116
5,2773,128
5,2774,186
5,2775,167
5,2776,26
5,2777,20
5,2778,179
5,2779,102
5,2780,32
5,2781,64
5,2782,167
5,2783,116
5,2784,83
5,2785,44
5,2786,205
5,2787,147
5,2788,115
5,2789,103
5,2790,122
5,2791,147
5,2792,121
5,2793,51
5,2794,115
5,2795,25
5,2796,51
5,2797,58
5,2798,45
5,2799,115
5,2800,44
5,2801,70
5,2802,51
5,2803,122
5,2804,205
5,2805,102
5,2806,199
5,2807,64
5,2808,45
5,2809,58
5,2810,154
5,2811,77
5,2812,122
5,2813,52
5,2814,-32
5,2815,115
5,2816,70
5,2817,26
5,2818,128
5,2819,26
5,2820,122
5,2821,45
5,2822,141
5,2823,108
5,2824,64
5,2825,77
5,2826,76
5,2827,167
5,2828,166
5,2829,109
5,2830,122
5,2831,154
5,2832,51
5,2833,26
5,2834,205
5,2835,26
5,2836,57
5,2837,58
5,2838,160
5,2839,71
5,2840,102
5,2841,77
5,2842,160
5,2843,70
5,2844,109
5,2845,102
5,2846,116
5,2847,96
5,2848,116
5,2849,57
5,2850,180
5,2851,58
5,2852,51
5,2853,45
5,2854,204
5,2855,19
5,2856,70
5,2857,70
5,2858,109
5,2859,64
5,2860,77
5,2861,96
5,2862,71
5,2863,147
5,2864,115
5,2865,44
5,2866,217
5,2867,115
5,2868,64
5,2869,45
5,2870,160
5,2871,96
5,2872,90
5,2873,109
5,2874,166
5,2875,58
5,2876,103
5,2877,51
5,2878,141
5,2879,64
5,2880,89
5,2881,44
5,2882,179
5,2883,32
5,2884,109
5,2885,134
5,2886,89
5,2887,288
5,2888,115
5,2889,249
5,2890,64
5,2891,26
5,2892,-58
5,2893,378
5,2894,64
5,2895,77
5,2896,109
5,2897,39
5,2898,160
5,2899,102
5,2900,45
5,2901,64
5,2902,122
5,2903,70
5,2904,134
5,2905,64
5,2906,205
5,2907,71
5,2908,103
5,2909,173
5,2910,199
5,2911,128
5,2912,115
5,2913,51
5,2914,121
5,2915,77
5,2916,116
5,2917,-26
5,2918,231
5,2919,115
5,2920,57
5,2921,51
5,2922,109
5,2923,122
5,2924,51
5,2925,44
5,2926,217
5,2927,51
5,2928,64
5,2929,57
5,2930,83
5,2931,371
5,2932,89
5,2933,-38
5,2934,397
5,2935,64
5,2936,102
5,2937,109
5,2938,64
5,2939,109
5,2940,665
5,2941,122
5,2942,160
5,2943,96
5,2944,57
5,2945,38
5,2946,147
5,2947,-13
5,2948,148
5,2949,102
5,2950,89
5,2951,58
5,2952,103
5,2953,820
5,2954,185
5,2955,903
5,2956,45
5,2957,64
5,2958,192
5,2959,115
5,2960,154
5,2961,122
5,2962,64
5,2963,109
5,2964,76
5,2965,51
5,2966,64
5,2967,44
5,2968,64
5,2969,32
5,2970,179
5,2971,84
5,2972,109
5,2973,122
5,2974,32
5,2975,109
5,2976,84
5,2977,109
5,2978,83
5,2979,96
5,2980,70
5,2981,96
5,2982,141
5,2983,71
5,2984,70
5,2985,-6
5,2986,192
5,2987,339
5,2988,167
5,2989,128
5,2990,211
5,2991,121
5,2992,109
5,2993,83
5,2994,-39
5,2995,77
5,2996,76
5,2997,147
5,2998,64
5,2999,51
5,3000,122
5,3001,64
5,3002,90
5,3003,384
5,3004,57
5,3005,51
5,3006,122
5,3007,103
5,3008,109
5,3009,358
5,3010,173
5,3011,109
5,3012,115
5,3013,122
5,3014,90
5,3015,154
5,3016,102
5,3017,83
5,3018,167
5,3019,121
5,3020,71
5,3021,64
5,3022,115
5,3023,58
5,3024,-25
5,3025,84
5,3026,198
5,3027,83
5,3028,128
5,3029,83
5,3030,154
5,3031,103
5,3032,198
5,3033,58
5,3034,89
5,3035,64
5,3036,58
5,3037,52
5,3038,179
5,3039,57
5,3040,109
5,3041,77
5,3042,-45
5,3043,128
5,3044,115
5,3045,-38
5,3046,83
5,3047,77
5,3048,147
5,3049,32
5,3050,167
5,3051,108
5,3052,89
5,3053,51
5,3054,96
5,3055,64
5,3056,70
5,3057,128
5,3058,121
5,3059,96
5,3060,102
5,3061,103
5,3062,147
5,3063,115
5,3064,122
5,3065,25
5,3066,26
5,3067,39
5,3068,102
5,3069,51
5,3070,327
5,3071,115
5,3072,96
5,3073,377
5,3074,172
5,3075,90
5,3076,269
5,3077,109
5,3078,70
5,3079,26
5,3080,96
5,3081,109
5,3082,134
5,3083,96
5,3084,141
5,3085,38
5,3086,115
5,3087,96
5,3088,122
5,3089,57
5,3090,115
5,3091,90
5,3092,58
5,3093,57
5,3094,109
5,3095,64
5,3096,70
5,3097,122
5,3098,122
5,3099,147
5,3100,166
5,3101,147
5,3102,51
5,3103,32
5,3104,64
5,3105,-58
5,3106,186
5,3107,32
5,3108,51
5,3109,51
5,3110,103
5,3111,83
5,3112,192
5,3113,160
5,3114,231
5,3115,109
5,3116,141
5,3117,52
5,3118,205
5,3119,96
5,3120,128
5,3121,70
5,3122,186
5,3123,25
5,3124,153
5,3125,147
5,3126,198
5,3127,115
5,3128,89
5,3129,70
5,3130,192
5,3131,102
5,3132,64
5,3133,89
5,3134,84
5,3135,64
5,3136,77
5,3137,76
5,3138,122
5,3139,147
5,3140,58
5,3141,45
5,3142,160
5,3143,71
5,3144,70
5,3145,294
5,3146,108
5,3147,64
5,3148,57
5,3149,52
5,3150,320
5,3151,64
5,3152,128
5,3153,57
5,3154,76
5,3155,115
5,3156,115
5,3157,109
5,3158,173
5,3159,77
5,3160,147
5,3161,77
5,3162,320
5,3163,58
5,3164,70
5,3165,32
5,3166,-25
5,3167,128
5,3168,64
5,3169,109
5,3170,103
5,3171,160
5,3172,128
5,3173,77
5,3174,71
5,3175,39
5,3176,57
5,3177,148
5,3178,20
5,3179,51
5,3180,58
5,3181,57
5,3182,64
5,3183,25
5,3184,147
5,3185,198
5,3186,147
5,3187,166
5,3188,147
5,3189,71
5,3190,102
5,3191,320
5,3192,70
5,3193,205
5,3194,224
5,3195,102
5,3196,812
5,3197,45
5,3198,173
5,3199,64
5,3200,71
5,3201,102
5,3202,109
5,3203,102
5,3204,51
5,3205,58
5,3206,153
5,3207,89
5,3208,32
5,3209,58
5,3210,825
5,3211,77
5,3212,103
5,3213,58
5,3214,90
5,3215,109
5,3216,77
5,3217,38
5,3218,103
5,3219,52
5,3220,38
5,3221,51
5,3222,57
5,3223,115
5,3224,-38
5,3225,122
5,3226,147
5,3227,166
5,3228,103
5,3229,153
5,3230,199
5,3231,115
5,3232,103
5,3233,96
5,3234,160
5,3235,77
5,3236,77
5,3237,128
5,3238,141
5,3239,211
5,3240,57
5,3241,70
5,3242,166
5,3243,109
5,3244,160
5,3245,83
5,3246,224
5,3247,153
5,3248,128
5,3249,57
5,3250,115
5,3251,57
5,3252,58
5,3253,44
5,3254,51
5,3255,26
5,3256,89
5,3257,122
5,3258,128
5,3259,102
5,3260,32
5,3261,-38
5,3262,102
5,3263,71
5,3264,102
5,3265,102
5,3266,71
5,3267,51
5,3268,-39
5,3269,70
5,3270,192
5,3271,371
5,3272,70
5,3273,71
5,3274,109
5,3275,32
5,3276,57
5,3277,-26
5,3278,147
5,3279,64
5,3280,71
5,3281,44
5,3282,135
5,3283,84
5,3284,103
5,3285,58
5,3286,186
5,3287,122
5,3288,122
5,3289,25
5,3290,122
5,3291,25
5,3292,77
5,3293,-147
5,3294,166
5,3295,57
5,3296,115
5,3297,128
5,3298,83
5,3299,109
5,3300,70
5,3301,102
5,3302,397
5,3303,128
5,3304,-45
5,3305,-32
5,3306,179
5,3307,102
5,3308,166
5,3309,51
5,3310,51
5,3311,70
5,3312,90
5,3313,186
5,3314,70
5,3315,77
5,3316,116
5,3317,77
5,3318,364
5,3319,109
5,3320,167
5,3321,45
5,3322,115
5,3323,19
5,3324,58
5,3325,109
5,3326,128
5,3327,58
5,3328,90
5,3329,25
5,3330,-70
5,3331,70
5,3332,45
5,3333,58
5,3334,115
5,3335,77
5,3336,102
5,3337,70
5,3338,128
5,3339,122
5,3340,224
5,3341,64
5,3342,51
5,3343,90
5,3344,58
5,3345,71
5,3346,128
5,3347,365
5,3348,109
5,3349,64
5,3350,-25
5,3351,115
5,3352,102
5,3353,102
5,3354,166
5,3355,58
5,3356,134
5,3357,160
5,3358,58
5,3359,51
5,3360,70
5,3361,58
5,3362,84
5,3363,102
5,3364,64
5,3365,51
5,3366,308
5,3367,70
5,3368,51
5,3369,64
5,3370,102
5,3371,115
5,3372,103
5,3373,39
5,3374,186
5,3375,115
5,3376,115
5,3377,51
5,3378,57
5,3379,32
5,3380,70
5,3381,64
5,3382,192
5,3383,64
5,3384,57
5,3385,96
5,3386,166
5,3387,128
5,3388,122
5,3389,51
5,3390,103
5,3391,64
5,3392,-38
5,3393,45
5,3394,77
5,3395,58
5,3396,109
5,3397,154
5,3398,224
5,3399,115
5,3400,122
5,3401,70
5,3402,192
5,3403,108
5,3404,76
5,3405,45
5,3406,224
5,3407,25
5,3408,64
5,3409,51
5,3410,115
5,3411,64
5,3412,13
5,3413,-19
5,3414,96
5,3415,84
5,3416,32
5,3417,185
5,3418,64
5,3419,77
5,3420,51
5,3421,102
5,3422,70
5,3423,160
5,3424,84
5,3425,90
5,3426,352
5,3427,141
5,3428,109
5,3429,96
5,3430,147
5,3431,141
5,3432,147
5,3433,64
5,3434,147
5,3435,77
5,3436,499
5,3437,269
5,3438,263
5,3439,58
5,3440,83
5,3441,64
5,3442,115
5,3443,134
5,3444,51
5,3445,90
5,3446,77
5,3447,32
5,3448,108
5,3449,192
5,3450,64
5,3451,115
5,3452,832
5,3453,288
5,3454,173
5,3455,230
5,3456,269
5,3457,58
5,3458,-52
5,3459,76
5,3460,76
5,3461,52
5,3462,135
5,3463,70
5,3464,115
5,3465,800
5,3466,173
5,3467,781
5,3468,77
5,3469,103
5,3470,217
5,3471,71
5,3472,64
5,3473,58
5,3474,45
5,3475,32
5,3476,38
5,3477,26
5,3478,128
5,3479,70
5,3480,140
5,3481,52
5,3482,186
5,3483,83
5,3484,45
5,3485,116
5,3486,237
5,3487,76
5,3488,115
5,3489,32
5,3490,108
5,3491,26
5,3492,32
5,3493,64
5,3494,167
5,3495,109
5,3496,64
5,3497,-45
5,3498,115
5,3499,96
5,3500,102
5,3501,134
5,3502,148
5,3503,128
5,3504,51
5,3505,77
5,3506,77
5,3507,115
5,3508,-26
5,3509,90
5,3510,109
5,3511,109
5,3512,108
5,3513,103
5,3514,121
5,3515,32
5,3516,109
5,3517,84
5,3518,102
5,3519,352
5,3520,96
5,3521,121
5,3522,166
5,3523,45
5,3524,115
5,3525,58
5,3526,115
5,3527,58
5,3528,204
5,3529,45
5,3530,57
5,3531,32
5,3532,166
5,3533,128
5,3534,90
5,3535,103
5,3536,147
5,3537,-32
5,3538,224
5,3539,102
5,3540,160
5,3541,83
5,3542,205
5,3543,45
5,3544,77
5,3545,51
5,3546,243
5,3547,25
5,3548,70
5,3549,141
5,3550,-243
5,3551,121
5,3552,51
5,3553,19
5,3554,70
5,3555,160
5,3556,217
5,3557,64
5,3558,160
5,3559,122
5,3560,70
5,3561,25
5,3562,141
5,3563,64
5,3564,109
5,3565,64
5,3566,467
5,3567,173
5,3568,109
5,3569,83
5,3570,160
5,3571,173
5,3572,128
5,3573,45
5,3574,166
5,3575,122
5,3576,166
5,3577,39
5,3578,116
5,3579,45
5,3580,38
5,3581,38
5,3582,153
5,3583,70
5,3584,57
5,3585,102
5,3586,141
5,3587,76
5,3588,275
5,3589,45
5,3590,71
5,3591,25
5,3592,58
5,3593,122
5,3594,250
5,3595,160
5,3596,160
5,3597,71
5,3598,186
5,3599,-45
5,3600,70
5,3601,39
5,3602,160
5,3603,25
5,3604,32
5,3605,32
5,3606,115
5,3607,32
5,3608,70
5,3609,64
5,3610,141
5,3611,83
5,3612,70
5,3613,70
5,3614,147
5,3615,77
5,3616,51
5,3617,-26
5,3618,26
5,3619,269
5,3620,51
5,3621,32
5,3622,116
5,3623,89
5,3624,116
5,3625,307
5,3626,154
5,3627,160
5,3628,70
5,3629,51
5,3630,160
5,3631,58
5,3632,96
5,3633,19
5,3634,115
5,3635,64
5,3636,57
5,3637,77
5,3638,115
5,3639,83
5,3640,115
5,3641,108
5,3642,128
5,3643,96
5,3644,102
5,3645,57
5,3646,128
5,3647,108
5,3648,103
5,3649,64
5,3650,249
5,3651,384
5,3652,-39
5,3653,64
5,3654,173
5,3655,108
5,3656,160
5,3657,64
5,3658,109
5,3659,45
5,3660,192
5,3661,352
5,3662,103
5,3663,71
5,3664,96
5,3665,109
5,3666,167
5,3667,70
5,3668,77
5,3669,45
5,3670,166
5,3671,269
5,3672,115
5,3673,26
5,3674,173
5,3675,64
5,3676,166
5,3677,109
5,3678,198
5,3679,108
5,3680,25
5,3681,154
5,3682,147
5,3683,109
5,3684,90
5,3685,135
5,3686,147
5,3687,102
5,3688,83
5,3689,64
5,3690,122
5,3691,64
5,3692,58
5,3693,26
5,3694,-32
5,3695,205
5,3696,307
5,3697,45
5,3698,167
5,3699,109
5,3700,166
5,3701,57
5,3702,141
5,3703,64
5,3704,116
5,3705,96
5,3706,-20
5,3707,128
5,3708,877
5,3709,102
5,3710,64
5,3711,70
5,3712,70
5,3713,70
5,3714,51
5,3715,25
5,3716,57
5,3717,57
5,3718,205
5,3719,76
5,3720,83
5,3721,109
5,3722,813
5,3723,70
5,3724,83
5,3725,109
5,3726,173
5,3727,45
5,3728,199
5,3729,19
5,3730,64
5,3731,32
5,3732,-134
5,3733,58
5,3734,154
5,3735,307
5,3736,70
5,3737,58
5,3738,109
5,3739,96
5,3740,64
5,3741,141
5,3742,103
5,3743,77
5,3744,122
5,3745,84
5,3746,128
5,3747,70
5,3748,45
5,3749,51
5,3750,64
5,3751,96
5,3752,32
5,3753,-32
5,3754,141
5,3755,109
5,3756,64
5,3757,58
5,3758,89
5,3759,108
5,3760,109
5,3761,38
5,3762,96
5,3763,58
5,3764,84
5,3765,38
5,3766,179
5,3767,-64
5,3768,83
5,3769,122
5,3770,166
5,3771,83
5,3772,58
5,3773,51
5,3774,217
5,3775,109
5,3776,64
5,3777,45
5,3778,115
5,3779,45
5,3780,70
5,3781,109
5,3782,166
5,3783,64
5,3784,83
5,3785,19
5,3786,76
5,3787,-25
5,3788,38
5,3789,39
5,3790,211
5,3791,70
5,3792,153
5,3793,116
5,3794,211
5,3795,-32
5,3796,134
5,3797,115
5,3798,404
5,3799,-45
5,3800,128
5,3801,19
5,3802,102
5,3803,64
5,3804,58
5,3805,57
5,3806,192
5,3807,32
5,3808,64
5,3809,83
5,3810,115
5,3811,89
5,3812,166
5,3813,32
5,3814,102
5,3815,121
5,3816,275
5,3817,179
5,3818,32
5,3819,-20
5,3820,218
5,3821,64
5,3822,250
5,3823,179
5,3824,64
5,3825,71
5,3826,103
5,3827,83
5,3828,96
5,3829,115
5,3830,103
5,3831,115
5,3832,102
5,3833,57
5,3834,32
5,3835,122
5,3836,39
5,3837,-13
5,3838,134
5,3839,70
5,3840,115
5,3841,45
5,3842,25
5,3843,45
5,3844,32
5,3845,102
5,3846,198
5,3847,70
5,3848,51
5,3849,103
5,3850,109
5,3851,84
5,3852,167
5,3853,96
5,3854,128
5,3855,115
5,3856,45
5,3857,263
5,3858,173
5,3859,19
5,3860,153
5,3861,71
5,3862,84
5,3863,102
5,3864,186
5,3865,96
5,3866,173
5,3867,128
5,3868,77
5,3869,70
5,3870,70
5,3871,378
5,3872,77
5,3873,313
5,3874,45
5,3875,148
5,3876,44
5,3877,45
5,3878,-25
5,3879,64
5,3880,32
5,3881,84
5,3882,32
5,3883,295
5,3884,115
5,3885,109
5,3886,160
5,3887,103
5,3888,57
5,3889,19
5,3890,71
5,3891,115
5,3892,71
5,3893,51
5,3894,160
5,3895,109
5,3896,89
5,3897,154
5,3898,198
5,3899,70
5,3900,64
5,3901,212
5,3902,275
5,3903,192
5,3904,179
5,3905,128
5,3906,19
5,3907,121
5,3908,115
5,3909,45
5,3910,211
5,3911,103
5,3912,115
5,3913,83
5,3914,64
5,3915,-64
5,3916,134
5,3917,38
5,3918,186
5,3919,32
5,3920,57
5,3921,58
5,3922,115
5,3923,13
5,3924,70
5,3925,198
5,3926,83
5,3927,121
5,3928,96
5,3929,96
5,3930,135
5,3931,103
5,3932,52
5,3933,102
5,3934,166
5,3935,371
5,3936,268
5,3937,-32
5,3938,147
5,3939,26
5,3940,32
5,3941,76
5,3942,70
5,3943,64
5,3944,58
5,3945,32
5,3946,38
5,3947,64
5,3948,224
5,3949,45
5,3950,154
5,3951,96
5,3952,64
5,3953,52
5,3954,71
5,3955,115
5,3956,52
5,3957,115
5,3958,180
5,3959,89
5,3960,108
5,3961,115
5,3962,64
5,3963,109
5,3964,793
5,3965,45
5,3966,160
5,3967,64
5,3968,364
5,3969,32
5,3970,128
5,3971,58
5,3972,153
5,3973,26
5,3974,160
5,3975,103
5,3976,71
5,3977,647
5,3978,38
5,3979,775
5,3980,166
5,3981,58
5,3982,90
5,3983,115
5,3984,89
5,3985,116
5,3986,44
5,3987,58
5,3988,25
5,3989,-39
5,3990,77
5,3991,122
5,3992,89
5,3993,116
5,3994,58
5,3995,160
5,3996,148
5,3997,109
5,3998,173
5,3999,103
5,4000,90
5,4001,58
5,4002,108
5,4003,58
5,4004,90
5,4005,167
5,4006,179
5,4007,26
5,4008,77
5,4009,71
5,4010,115
5,4011,51
5,4012,71
5,4013,64
5,4014,198
5,4015,89
5,4016,77
5,4017,64
5,4018,89
5,4019,25
5,4020,64
5,4021,77
5,4022,115
5,4023,103
5,4024,58
5,4025,70
5,4026,103
5,4027,96
5,4028,109
5,4029,70
5,4030,83
5,4031,115
5,4032,102
5,4033,103
5,4034,45
5,4035,84
5,4036,116
5,4037,83
5,4038,128
5,4039,365
5,4040,185
5,4041,96
5,4042,403
5,4043,115
5,4044,45
5,4045,57
5,4046,58
5,4047,135
5,4048,32
5,4049,77
5,4050,128
5,4051,109
5,4052,166
5,4053,109
5,4054,218
5,4055,64
5,4056,116
5,4057,51
5,4058,122
5,4059,77
5,4060,71
5,4061,96
5,4062,160
5,4063,109
5,4064,83
5,4065,115
5,4066,96
5,4067,102
5,4068,140
5,4069,57
5,4070,96
5,4071,115
5,4072,134
5,4073,64
5,4074,90
5,4075,70
5,4076,121
5,4077,141
5,4078,160
5,4079,71
5,4080,160
5,4081,32
5,4082,218
5,4083,90
5,4084,185
5,4085,89
5,4086,167
5,4087,109
5,4088,147
5,4089,52
5,4090,44
5,4091,57
5,4092,134
5,4093,-6
5,4094,90
5,4095,121
5,4096,89
5,4097,-32
5,4098,89
5,4099,173
5,4100,134
5,4101,115
5,4102,179
5,4103,256
5,4104,115
5,4105,96
5,4106,160
5,4107,154
5,4108,186
5,4109,84
5,4110,160
5,4111,121
5,4112,154
5,4113,77
5,4114,64
5,4115,57
5,4116,147
5,4117,70
5,4118,102
5,4119,128
5,4120,-58
5,4121,122
5,4122,-64
5,4123,84
5,4124,160
5,4125,154
5,4126,96
5,4127,140
5,4128,70
5,4129,70
5,4130,115
5,4131,365
5,4132,115
5,4133,83
5,4134,339
5,4135,96
5,4136,102
5,4137,128
5,4138,115
5,4139,147
5,4140,128
5,4141,51
5,4142,217
5,4143,77
5,4144,83
5,4145,64
5,4146,64
5,4147,134
5,4148,102
5,4149,128
5,4150,205
5,4151,109
5,4152,89
5,4153,135
5,4154,51
5,4155,122
5,4156,115
5,4157,102
5,4158,26
5,4159,77
5,4160,90
5,4161,141
5,4162,134
5,4163,365
5,4164,180
5,4165,58
5,4166,77
5,4167,218
5,4168,77
5,4169,52
5,4170,90
5,4171,109
5,4172,141
5,4173,45
5,4174,109
5,4175,198
5,4176,115
5,4177,109
5,4178,160
5,4179,83
5,4180,153
5,4181,76
5,4182,102
5,4183,116
5,4184,96
5,4185,51
5,4186,115
5,4187,83
5,4188,128
5,4189,109
5,4190,148
5,4191,32
5,4192,25
5,4193,70
5,4194,378
5,4195,147
5,4196,128
5,4197,121
5,4198,115
5,4199,147
5,4200,89
5,4201,64
5,4202,109
5,4203,57
5,4204,38
5,4205,25
5,4206,115
5,4207,103
5,4208,128
5,4209,115
5,4210,115
5,4211,-64
5,4212,-32
5,4213,103
5,4214,19
5,4215,77
5,4216,128
5,4217,32
5,4218,64
5,4219,77
5,4220,1114
5,4221,39
5,4222,32
5,4223,154
5,4224,39
5,4225,51
5,4226,122
5,4227,-26
5,4228,140
5,4229,102
5,4230,160
5,4231,-32
5,4232,109
5,4233,52
5,4234,826
5,4235,103
5,4236,115
5,4237,71
5,4238,166
5,4239,77
5,4240,77
5,4241,51
5,4242,77
5,4243,44
5,4244,77
5,4245,57
5,4246,237
5,4247,-45
5,4248,70
5,4249,51
5,4250,153
5,4251,141
5,4252,147
5,4253,77
5,4254,115
5,4255,121
5,4256,109
5,4257,52
5,4258,166
5,4259,109
5,4260,160
5,4261,103
5,4262,83
5,4263,70
5,4264,58
5,4265,-25
5,4266,167
5,4267,121
5,4268,173
5,4269,52
5,4270,153
5,4271,134
5,4272,51
5,4273,45
5,4274,-13
5,4275,39
5,4276,173
5,4277,70
5,4278,64
5,4279,64
5,4280,64
5,4281,109
5,4282,186
5,4283,77
5,4284,128
5,4285,38
5,4286,199
5,4287,153
5,4288,166
5,4289,57
5,4290,160
5,4291,45
5,4292,108
5,4293,83
5,4294,122
5,4295,77
5,4296,96
5,4297,64
5,4298,121
5,4299,64
5,4300,410
5,4301,38
5,4302,70
5,4303,96
5,4304,70
5,4305,70
5,4306,109
5,4307,109
5,4308,58
5,4309,160
5,4310,531
5,4311,96
5,4312,64
5,4313,32
5,4314,192
5,4315,19
5,4316,58
5,4317,39
5,4318,205
5,4319,32
5,4320,102
5,4321,109
5,4322,77
5,4323,115
5,4324,192
5,4325,64
5,4326,115
5,4327,71
5,4328,70
5,4329,32
5,4330,263
5,4331,128
5,4332,103
5,4333,64
5,4334,32
5,4335,83
5,4336,384
5,4337,70
5,4338,109
5,4339,84
5,4340,141
5,4341,58
5,4342,147
5,4343,64
5,4344,115
5,4345,19
5,4346,70
5,4347,102
5,4348,-58
5,4349,-25
5,4350,134
5,4351,77
5,4352,116
5,4353,352
5,4354,58
5,4355,32
5,4356,122
5,4357,57
5,4358,179
5,4359,51
5,4360,44
5,4361,109
5,4362,154
5,4363,102
5,4364,166
5,4365,102
5,4366,19
5,4367,102
5,4368,58
5,4369,57
5,4370,90
5,4371,70
5,4372,102
5,4373,108
5,4374,128
5,4375,20
5,4376,147
5,4377,121
5,4378,83
5,4379,218
5,4380,57
5,4381,58
5,4382,115
5,4383,147
5,4384,83
5,4385,-25
5,4386,135
5,4387,51
5,4388,134
5,4389,71
5,4390,121
5,4391,64
5,4392,135
5,4393,115
5,4394,77
5,4395,141
5,4396,128
5,4397,90
5,4398,166
5,4399,51
5,4400,109
5,4401,45
5,4402,58
5,4403,83
5,4404,57
5,4405,102
5,4406,115
5,4407,109
5,4408,102
5,4409,70
5,4410,281
5,4411,45
5,4412,198
5,4413,51
5,4414,51
5,4415,103
5,4416,116
5,4417,58
5,4418,83
5,4419,51
5,4420,148
5,4421,70
5,4422,173
5,4423,19
5,4424,147
5,4425,83
5,4426,147
5,4427,64
5,4428,160
5,4429,70
5,4430,192
5,4431,83
5,4432,83
5,4433,103
5,4434,154
5,4435,71
5,4436,51
5,4437,109
5,4438,160
5,4439,57
5,4440,135
5,4441,83
5,4442,109
5,4443,58
5,4444,96
5,4445,115
5,4446,167
5,4447,45
5,4448,115
5,4449,269
5,4450,147
5,4451,103
5,4452,-45
5,4453,76
5,4454,51
5,4455,58
5,4456,109
5,4457,64
5,4458,128
5,4459,102
5,4460,102
5,4461,-25
5,4462,115
5,4463,77
5,4464,96
5,4465,51
5,4466,90
5,4467,19
5,4468,58
5,4469,57
5,4470,115
5,4471,70
5,4472,166
5,4473,64
5,4474,58
5,4475,102
5,4476,832
5,4477,44
5,4478,115
5,4479,77
5,4480,121
5,4481,51
5,4482,83
5,4483,19
5,4484,12
5,4485,58
5,4486,179
5,4487,76
5,4488,64
5,4489,807
5,4490,115
5,4491,775
5,4492,134
5,4493,58
5,4494,365
5,4495,173
5,4496,134
5,4497,32
5,4498,141
5,4499,25
5,4500,-45
5,4501,128
5,4502,160
5,4503,51
5,4504,32
5,4505,51
5,4506,96
5,4507,58
5,4508,141
5,4509,96
5,4510,121
5,4511,76
5,4512,102
5,4513,51
5,4514,115
5,4515,45
5,4516,154
5,4517,198
5,4518,204
5,4519,57
5,4520,64
5,4521,70
5,4522,141
5,4523,102
5,4524,128
5,4525,57
5,4526,185
5,4527,103
5,4528,172
5,4529,57
5,4530,64
5,4531,44
5,4532,147
5,4533,64
5,4534,96
5,4535,77
5,4536,57
5,4537,44
5,4538,154
5,4539,109
5,4540,109
5,4541,102
5,4542,-20
5,4543,121
5,4544,89
5,4545,153
5,4546,218
5,4547,116
5,4548,160
5,4549,135
5,4550,256
5,4551,160
5,4552,141
5,4553,115
5,4554,58
5,4555,-25
5,4556,192
5,4557,115
5,4558,45
5,4559,64
5,4560,32
5,4561,57
5,4562,167
5,4563,51
5,4564,-45
5,4565,76
5,4566,147
5,4567,96
5,4568,57
5,4569,51
5,4570,64
5,4571,90
5,4572,70
5,4573,58
5,4574,185
5,4575,102
5,4576,70
5,4577,147
5,4578,134
5,4579,115
5,4580,121
5,4581,122
5,4582,135
5,4583,109
5,4584,77
5,4585,-7
5,4586,51
5,4587,77
5,4588,77
5,4589,38
5,4590,166
5,4591,64
5,4592,102
5,4593,77
5,4594,218
5,4595,64
5,4596,83
5,4597,51
5,4598,199
5,4599,103
5,4600,-38
5,4601,71
5,4602,109
5,4603,77
5,4604,128
5,4605,70
5,4606,166
5,4607,26
5,4608,64
5,4609,32
5,4610,76
5,4611,44
5,4612,45
5,4613,109
5,4614,102
5,4615,58
5,4616,32
5,4617,109
5,4618,108
5,4619,166
5,4620,121
5,4621,135
5,4622,153
5,4623,71
5,4624,57
5,4625,83
5,4626,109
5,4627,64
5,4628,96
5,4629,51
5,4630,115
5,4631,-45
5,4632,83
5,4633,51
5,4634,204
5,4635,64
5,4636,102
5,4637,64
5,4638,102
5,4639,128
5,4640,57
5,4641,64
5,4642,89
5,4643,-38
5,4644,77
5,4645,70
5,4646,128
5,4647,122
5,4648,-32
5,4649,-32
5,4650,185
5,4651,83
5,4652,147
5,4653,51
5,4654,154
5,4655,70
5,4656,140
5,4657,57
5,4658,90
5,4659,116
5,4660,103
5,4661,57
5,4662,121
5,4663,70
5,4664,109
5,4665,70
5,4666,217
5,4667,147
5,4668,108
5,4669,-52
5,4670,70
5,4671,64
5,4672,76
5,4673,115
5,4674,154
5,4675,121
5,4676,71
5,4677,45
5,4678,77
5,4679,115
5,4680,154
5,4681,58
5,4682,71
5,4683,77
5,4684,103
5,4685,115
5,4686,121
5,4687,71
5,4688,141
5,4689,102
5,4690,185
5,4691,160
5,4692,102
5,4693,109
5,4694,148
5,4695,-45
5,4696,185
5,4697,25
5,4698,58
5,4699,76
5,4700,141
5,4701,39
5,4702,64
5,4703,19
5,4704,397
5,4705,90
5,4706,166
5,4707,109
5,4708,96
5,4709,89
5,4710,256
5,4711,96
5,4712,83
5,4713,83
5,4714,153
5,4715,109
5,4716,32
5,4717,51
5,4718,147
5,4719,57
5,4720,70
5,4721,173
5,4722,160
5,4723,115
5,4724,154
5,4725,102
5,4726,115
5,4727,115
5,4728,173
5,4729,64
5,4730,115
5,4731,70
5,4732,787
5,4733,64
5,4734,179
5,4735,70
5,4736,57
5,4737,39
5,4738,51
5,4739,70
5,4740,109
5,4741,121
5,4742,102
5,4743,115
5,4744,167
5,4745,153
5,4746,832
5,4747,115
5,4748,115
5,4749,147
5,4750,102
5,4751,166
5,4752,89
5,4753,102
5,4754,96
5,4755,64
5,4756,57
5,4757,307
5,4758,51
5,4759,71
5,4760,115
5,4761,102
5,4762,134
5,4763,77
5,4764,154
5,4765,109
5,4766,96
5,4767,64
5,4768,109
5,4769,64
5,4770,25
5,4771,64
5,4772,45
5,4773,77
5,4774,84
5,4775,7
5,4776,71
5,4777,128
5,4778,186
5,4779,115
5,4780,76
5,4781,58
5,4782,52
5,4783,103
5,4784,121
5,4785,45
5,4786,122
5,4787,51
5,4788,26
5,4789,102
5,4790,77
5,4791,58
5,4792,57
5,4793,96
5,4794,96
5,4795,166
5,4796,141
5,4797,57
5,4798,160
5,4799,90
5,4800,115
5,4801,77
5,4802,102
5,4803,89
5,4804,141
5,4805,71
5,4806,154
5,4807,122
5,4808,76
5,4809,-19
5,4810,147
5,4811,51
5,4812,70
5,4813,51
5,4814,205
5,4815,71
5,4816,77
5,4817,102
5,4818,179
5,4819,77
5,4820,128
5,4821,128
5,4822,153
5,4823,108
5,4824,154
5,4825,25
5,4826,403
5,4827,71
5,4828,58
5,4829,153
5,4830,262
5,4831,58
5,4832,71
5,4833,115
5,4834,116
5,4835,115
5,4836,102
5,4837,58
5,4838,147
5,4839,39
5,4840,115
5,4841,-7
5,4842,218
5,4843,-64
5,4844,51
5,4845,45
5,4846,128
5,4847,96
5,4848,89
5,4849,57
5,4850,96
5,4851,122
5,4852,71
5,4853,83
5,4854,185
5,4855,90
5,4856,96
5,4857,109
5,4858,77
5,4859,45
5,4860,-38
5,4861,108
5,4862,102
5,4863,109
5,4864,70
5,4865,-38
5,4866,128
5,4867,96
5,4868,77
5,4869,26
5,4870,96
5,4871,160
5,4872,51
5,4873,154
5,4874,198
5,4875,160
5,4876,103
5,4877,147
5,4878,154
5,4879,128
5,4880,109
5,4881,51
5,4882,64
5,4883,83
5,4884,58
5,4885,51
5,4886,128
5,4887,109
5,4888,115
5,4889,103
5,4890,179
5,4891,128
5,4892,211
5,4893,83
5,4894,153
5,4895,128
5,4896,160
5,4897,-38
5,4898,192
5,4899,83
5,4900,109
5,4901,77
5,4902,77
5,4903,70
5,4904,90
5,4905,115
5,4906,358
5,4907,135
5,4908,122
5,4909,122
5,4910,26
5,4911,122
5,4912,83
5,4913,57
5,4914,64
5,4915,52
5,4916,115
5,4917,45
5,4918,135
5,4919,102
5,4920,167
5,4921,-154
5,4922,263
5,4923,109
5,4924,96
5,4925,64
5,4926,148
5,4927,102
5,4928,154
5,4929,38
5,4930,173
5,4931,64
5,4932,140
5,4933,71
5,4934,64
5,4935,109
5,4936,96
5,4937,83
5,4938,108
5,4939,51
5,4940,83
5,4941,51
5,4942,384
5,4943,57
5,4944,128
5,4945,52
5,4946,96
5,4947,128
5,4948,128
5,4949,128
5,4950,179
5,4951,70
5,4952,199
5,4953,-26
5,4954,134
5,4955,102
5,4956,77
5,4957,108
5,4958,-26
5,4959,83
5,4960,102
5,4961,64
5,4962,166
5,4963,64
5,4964,96
5,4965,58
5,4966,102
5,4967,115
5,4968,71
5,4969,96
5,4970,64
5,4971,83
5,4972,96
5,4973,-38
5,4974,51
5,4975,83
5,4976,90
5,4977,103
5,4978,173
5,4979,121
5,4980,58
5,4981,64
5,4982,180
5,4983,116
5,4984,-45
5,4985,77
5,4986,186
5,4987,115
5,4988,813
5,4989,96
5,4990,147
5,4991,19
5,4992,109
5,4993,57
5,4994,128
5,4995,71
5,4996,403
5,4997,39
5,4998,186
5,4999,26
5,5000,109
5,5001,794
5,5002,166
5,5003,755
5,5004,70
5,5005,359
5,5006,173
5,5007,58
5,5008,102
5,5009,51
5,5010,160
5,5011,38
5,5012,32
5,5013,39
5,5014,57
5,5015,44
5,5016,109
5,5017,352
5,5018,103
5,5019,147
5,5020,109
5,5021,167
5,5022,58
5,5023,122
5,5024,77
5,5025,45
5,5026,326
5,5027,52
5,5028,64
5,5029,51
5,5030,58
5,5031,26
5,5032,32
5,5033,71
5,5034,122
5,5035,44
5,5036,57
5,5037,135
5,5038,179
5,5039,108
5,5040,122
5,5041,90
5,5042,51
5,5043,25
5,5044,-32
5,5045,39
5,5046,378
5,5047,128
5,5048,128
5,5049,-52
5,5050,122
5,5051,96
5,5052,51
5,5053,58
5,5054,122
5,5055,103
5,5056,121
5,5057,70
5,5058,160
5,5059,172
5,5060,102
5,5061,89
5,5062,83
5,5063,378
5,5064,115
5,5065,32
5,5066,115
5,5067,115
5,5068,96
5,5069,70
5,5070,45
5,5071,45
5,5072,51
5,5073,57
5,5074,167
5,5075,128
5,5076,89
5,5077,96
5,5078,179
5,5079,116
5,5080,115
5,5081,19
5,5082,160
5,5083,26
5,5084,115
5,5085,115
5,5086,186
5,5087,147
5,5088,109
5,5089,154
5,5090,198
5,5091,154
5,5092,64
5,5093,96
5,5094,102
5,5095,-32
5,5096,141
5,5097,45
5,5098,64
5,5099,64
5,5100,256
5,5101,38
5,5102,57
5,5103,122
5,5104,71
5,5105,71
5,5106,83
5,5107,57
5,5108,134
5,5109,89
5,5110,218
5,5111,70
5,5112,-58
5,5113,32
5,5114,83
5,5115,83
5,5116,109
5,5117,64
5,5118,38
5,5119,64
5,5120,64
5,5121,38
5,5122,115
5,5123,90
5,5124,70
5,5125,32
5,5126,147
5,5127,32
5,5128,172
5,5129,116
5,5130,167
5,5131,115
5,5132,166
5,5133,51
5,5134,154
5,5135,109
5,5136,115
5,5137,108
5,5138,160
5,5139,64
5,5140,122
5,5141,102
5,5142,-45
5,5143,89
5,5144,90
5,5145,109
5,5146,166
5,5147,128
5,5148,71
5,5149,32
5,5150,102
5,5151,128
5,5152,51
5,5153,51
5,5154,186
5,5155,108
5,5156,77
5,5157,109
5,5158,115
5,5159,-51
5,5160,121
5,5161,64
5,5162,115
5,5163,121
5,5164,154
5,5165,108
5,5166,262
5,5167,121
5,5168,179
5,5169,339
5,5170,185
5,5171,160
5,5172,134
5,5173,115
5,5174,160
5,5175,77
5,5176,166
5,5177,-26
5,5178,134
5,5179,365
5,5180,-51
5,5181,173
5,5182,58
5,5183,64
5,5184,64
5,5185,64
5,5186,109
5,5187,115
5,5188,102
5,5189,217
5,5190,198
5,5191,135
5,5192,109
5,5193,102
5,5194,153
5,5195,76
5,5196,83
5,5197,51
5,5198,115
5,5199,57
5,5200,250
5,5201,51
5,5202,167
5,5203,83
5,5204,147
5,5205,71
5,5206,32
5,5207,128
5,5208,180
5,5209,90
5,5210,109
5,5211,358
5,5212,-38
5,5213,96
5,5214,160
5,5215,108
5,5216,102
5,5217,51
5,5218,172
5,5219,128
5,5220,64
5,5221,51
5,5222,154
5,5223,102
5,5224,141
5,5225,90
5,5226,141
5,5227,352
5,5228,103
5,5229,-25
5,5230,135
5,5231,103
5,5232,70
5,5233,96
5,5234,167
5,5235,212
5,5236,153
5,5237,96
5,5238,218
5,5239,116
5,5240,116
5,5241,109
5,5242,326
5,5243,45
5,5244,442
5,5245,44
5,5246,172
5,5247,70
5,5248,45
5,5249,-19
5,5250,185
5,5251,102
5,5252,26
5,5253,-6
5,5254,173
5,5255,58
5,5256,70
5,5257,52
5,5258,813
5,5259,103
5,5260,-39
5,5261,90
5,5262,313
5,5263,115
5,5264,115
5,5265,109
5,5266,109
5,5267,45
5,5268,64
5,5269,70
5,5270,115
5,5271,64
5,5272,102
5,5273,166
5,5274,140
5,5275,115
5,5276,115
5,5277,76
5,5278,115
5,5279,109
5,5280,83
5,5281,26
5,5282,32
5,5283,64
5,5284,77
5,5285,-38
5,5286,218
5,5287,-19
5,5288,83
5,5289,96
5,5290,263
5,5291,179
5,5292,166
5,5293,45
5,5294,122
5,5295,-45
5,5296,403
5,5297,192
5,5298,58
5,5299,70
5,5300,115
5,5301,-32
5,5302,185
5,5303,103
5,5304,64
5,5305,109
5,5306,128
5,5307,83
5,5308,192
5,5309,160
5,5310,128
5,5311,-32
5,5312,135
5,5313,364
5,5314,147
5,5315,64
5,5316,134
5,5317,64
5,5318,83
5,5319,64
5,5320,147
5,5321,25
5,5322,198
5,5323,52
5,5324,57
5,5325,51
5,5326,58
5,5327,13
5,5328,70
5,5329,83
5,5330,160
5,5331,70
5,5332,51
5,5333,70
5,5334,83
5,5335,141
5,5336,83
5,5337,25
5,5338,77
5,5339,96
5,5340,51
5,5341,64
5,5342,52
5,5343,25
5,5344,-51
5,5345,122
5,5346,179
5,5347,141
5,5348,109
5,5349,39
5,5350,77
5,5351,51
5,5352,352
5,5353,-7
5,5354,90
5,5355,58
5,5356,103
5,5357,90
5,5358,51
5,5359,52
5,5360,64
5,5361,83
5,5362,122
5,5363,167
5,5364,76
5,5365,96
5,5366,160
5,5367,32
5,5368,70
5,5369,109
5,5370,64
5,5371,70
5,5372,-26
5,5373,19
5,5374,89
5,5375,121
5,5376,64
5,5377,84
5,5378,51
5,5379,51
5,5380,32
5,5381,58
5,5382,115
5,5383,64
5,5384,76
5,5385,359
5,5386,134
5,5387,115
5,5388,115
5,5389,71
5,5390,115
5,5391,102
5,5392,64
5,5393,122
5,5394,154
5,5395,25
5,5396,58
5,5397,52
5,5398,90
5,5399,58
5,5400,211
5,5401,-32
5,5402,212
5,5403,83
5,5404,154
5,5405,115
5,5406,211
5,5407,102
5,5408,-32
5,5409,70
5,5410,179
5,5411,64
5,5412,90
5,5413,64
5,5414,83
5,5415,109
5,5416,-45
5,5417,192
5,5418,192
5,5419,89
5,5420,147
5,5421,109
5,5422,147
5,5423,96
5,5424,147
5,5425,19
5,5426,135
5,5427,26
5,5428,64
5,5429,84
5,5430,218
5,5431,358
5,5432,147
5,5433,121
5,5434,179
5,5435,83
5,5436,109
5,5437,-57
5,5438,217
5,5439,38
5,5440,70
5,5441,51
5,5442,128
5,5443,96
5,5444,320
5,5445,96
5,5446,64
5,5447,141
5,5448,-140
5,5449,148
5,5450,122
5,5451,64
5,5452,153
5,5453,102
5,5454,115
5,5455,102
5,5456,147
5,5457,-32
5,5458,166
5,5459,32
5,5460,166
5,5461,134
5,5462,128
5,5463,-45
5,5464,134
5,5465,115
5,5466,115
5,5467,89
5,5468,115
5,5469,57
5,5470,160
5,5471,116
5,5472,64
5,5473,64
5,5474,211
5,5475,83
5,5476,103
5,5477,109
5,5478,96
5,5479,115
5,5480,115
5,5481,147
5,5482,211
5,5483,128
5,5484,173
5,5485,90
5,5486,199
5,5487,128
5,5488,147
5,5489,71
5,5490,115
5,5491,122
5,5492,115
5,5493,64
5,5494,179
5,5495,147
5,5496,122
5,5497,147
5,5498,83
5,5499,64
5,5500,954
5,5501,115
5,5502,160
5,5503,96
5,5504,45
5,5505,64
5,5506,64
5,5507,224
5,5508,-45
5,5509,121
5,5510,205
5,5511,96
5,5512,64
5,5513,794
5,5514,115
5,5515,781
5,5516,108
5,5517,108
5,5518,70
5,5519,160
5,5520,115
5,5521,-6
5,5522,77
5,5523,57
5,5524,64
5,5525,77
5,5526,358
5,5527,84
5,5528,83
5,5529,64
5,5530,185
5,5531,90
5,5532,77
5,5533,83
5,5534,64
5,5535,77
5,5536,115
5,5537,-7
5,5538,141
5,5539,51
5,5540,51
5,5541,57
5,5542,51
5,5543,25
5,5544,122
5,5545,45
5,5546,122
5,5547,102
5,5548,102
5,5549,-38
5,5550,192
5,5551,64
5,5552,90
5,5553,39
5,5554,83
5,5555,-64
5,5556,89
5,5557,45
5,5558,115
5,5559,109
5,5560,77
5,5561,96
5,5562,52
5,5563,70
5,5564,77
5,5565,51
5,5566,141
5,5567,141
5,5568,109
5,5569,147
5,5570,57
5,5571,45
5,5572,32
5,5573,96
5,5574,109
5,5575,115
5,5576,141
5,5577,64
5,5578,83
5,5579,109
5,5580,102
5,5581,102
5,5582,51
5,5583,64
5,5584,64
5,5585,51
5,5586,122
5,5587,103
5,5588,122
5,5589,51
5,5590,160
5,5591,-52
5,5592,122
5,5593,51
5,5594,51
5,5595,45
5,5596,167
5,5597,77
5,5598,192
5,5599,365
5,5600,58
5,5601,83
5,5602,160
5,5603,90
5,5604,153
5,5605,160
5,5606,71
5,5607,115
5,5608,160
5,5609,51
5,5610,147
5,5611,109
5,5612,64
5,5613,83
5,5614,109
5,5615,64
5,5616,359
5,5617,167
5,5618,115
5,5619,167
5,5620,115
5,5621,346
5,5622,180
5,5623,154
5,5624,141
5,5625,51
5,5626,76
5,5627,64
5,5628,71
5,5629,64
5,5630,128
5,5631,115
5,5632,70
5,5633,71
5,5634,58
5,5635,64
5,5636,45
5,5637,102
5,5638,115
5,5639,141
5,5640,57
5,5641,51
5,5642,218
5,5643,288
5,5644,115
5,5645,58
5,5646,109
5,5647,71
5,5648,70
5,5649,32
5,5650,83
5,5651,32
5,5652,-26
5,5653,397
5,5654,44
5,5655,64
5,5656,51
5,5657,51
5,5658,121
5,5659,377
5,5660,102
5,5661,103
5,5662,205
5,5663,64
5,5664,39
5,5665,26
5,5666,25
5,5667,96
5,5668,83
5,5669,39
5,5670,77
5,5671,45
5,5672,64
5,5673,64
5,5674,140
5,5675,115
5,5676,64
5,5677,96
5,5678,96
5,5679,19
5,5680,115
5,5681,-32
5,5682,52
5,5683,64
5,5684,115
5,5685,96
5,5686,154
5,5687,32
5,5688,116
5,5689,71
5,5690,180
5,5691,64
5,5692,147
5,5693,58
5,5694,70
5,5695,-19
5,5696,-45
5,5697,141
5,5698,115
5,5699,115
5,5700,71
5,5701,51
5,5702,71
5,5703,83
5,5704,90
5,5705,45
5,5706,71
5,5707,57
5,5708,115
5,5709,57
5,5710,128
5,5711,102
5,5712,70
5,5713,77
5,5714,160
5,5715,102
5,5716,147
5,5717,57
5,5718,-38
5,5719,134
5,5720,70
5,5721,38
5,5722,83
5,5723,147
5,5724,-45
5,5725,52
5,5726,160
5,5727,51
5,5728,96
5,5729,115
5,5730,173
5,5731,102
5,5732,134
5,5733,96
5,5734,115
5,5735,128
5,5736,217
5,5737,64
5,5738,115
5,5739,102
5,5740,58
5,5741,58
5,5742,180
5,5743,58
5,5744,115
5,5745,-38
5,5746,179
5,5747,128
5,5748,153
5,5749,102
5,5750,108
5,5751,102
5,5752,122
5,5753,96
5,5754,172
5,5755,58
5,5756,781
5,5757,51
5,5758,51
5,5759,230
5,5760,77
5,5761,103
5,5762,32
5,5763,58
5,5764,64
5,5765,-38
5,5766,212
5,5767,109
5,5768,134
5,5769,89
5,5770,832
5,5771,89
5,5772,198
5,5773,96
5,5774,160
5,5775,58
5,5776,71
5,5777,-32
5,5778,83
5,5779,44
5,5780,397
5,5781,32
5,5782,109
5,5783,83
5,5784,64
5,5785,64
5,5786,378
5,5787,109
5,5788,109
5,5789,58
5,5790,352
5,5791,32
5,5792,103
5,5793,83
5,5794,70
5,5795,13
5,5796,115
5,5797,-64
5,5798,179
5,5799,32
5,5800,58
5,5801,70
5,5802,26
5,5803,102
5,5804,96
5,5805,84
5,5806,345
5,5807,-19
5,5808,185
5,5809,-6
5,5810,121
5,5811,115
5,5812,89
5,5813,-32
5,5814,128
5,5815,64
5,5816,83
5,5817,70
5,5818,141
5,5819,70
5,5820,141
5,5821,58
5,5822,64
5,5823,51
5,5824,109
5,5825,102
5,5826,96
5,5827,58
5,5828,115
5,5829,103
5,5830,64
5,5831,134
5,5832,116
5,5833,19
5,5834,173
5,5835,32
5,5836,77
5,5837,96
5,5838,109
5,5839,-64
5,5840,147
5,5841,103
5,5842,198
5,5843,64
5,5844,160
5,5845,109
5,5846,211
5,5847,115
5,5848,109
5,5849,51
5,5850,217
5,5851,25
5,5852,141
5,5853,52
5,5854,-45
5,5855,70
5,5856,160
5,5857,58
5,5858,122
5,5859,70
5,5860,154
5,5861,83
5,5862,167
5,5863,57
5,5864,173
5,5865,179
5,5866,-26
5,5867,58
5,5868,64
5,5869,51
5,5870,70
5,5871,64
5,5872,109
5,5873,57
5,5874,115
5,5875,77
5,5876,211
5,5877,70
5,5878,83
5,5879,102
5,5880,147
5,5881,57
5,5882,102
5,5883,25
5,5884,45
5,5885,128
5,5886,172
5,5887,38
5,5888,83
5,5889,154
5,5890,115
5,5891,38
5,5892,58
5,5893,-384
5,5894,186
5,5895,-45
5,5896,64
5,5897,115
5,5898,167
5,5899,166
5,5900,154
5,5901,51
5,5902,160
5,5903,102
5,5904,13
5,5905,90
5,5906,51
5,5907,51
5,5908,122
5,5909,64
5,5910,71
5,5911,-51
5,5912,186
5,5913,186
5,5914,154
5,5915,135
5,5916,115
5,5917,51
5,5918,102
5,5919,64
5,5920,109
5,5921,44
5,5922,26
5,5923,109
5,5924,115
5,5925,51
5,5926,64
5,5927,26
5,5928,38
5,5929,147
5,5930,115
5,5931,-192
5,5932,90
5,5933,71
5,5934,26
5,5935,64
5,5936,115
5,5937,26
5,5938,96
5,5939,70
5,5940,32
5,5941,51
5,5942,77
5,5943,109
5,5944,147
5,5945,89
5,5946,167
5,5947,96
5,5948,134
5,5949,70
5,5950,71
5,5951,64
5,5952,64
5,5953,102
5,5954,167
5,5955,77
5,5956,115
5,5957,58
5,5958,90
5,5959,45
5,5960,103
5,5961,70
5,5962,153
5,5963,109
5,5964,135
5,5965,57
5,5966,96
5,5967,102
5,5968,7
5,5969,109
5,5970,160
5,5971,167
5,5972,153
5,5973,76
5,5974,167
5,5975,83
5,5976,109
5,5977,179
5,5978,109
5,5979,102
5,5980,128
5,5981,96
5,5982,173
5,5983,77
5,5984,115
5,5985,109
5,5986,166
5,5987,39
5,5988,116
5,5989,103
5,5990,204
5,5991,185
5,5992,96
5,5993,51
5,5994,192
5,5995,71
5,5996,275
5,5997,57
5,5998,84
5,5999,26
5,6000,102
5,6001,70
5,6002,160
5,6003,90
5,6004,64
5,6005,51
5,6006,64
5,6007,288
5,6008,167
5,6009,230
5,6010,166
5,6011,77
5,6012,800
5,6013,115
5,6014,166
5,6015,52
5,6016,-38
5,6017,45
5,6018,269
5,6019,102
5,6020,39
5,6021,76
5,6022,84
5,6023,90
5,6024,76
5,6025,416
5,6026,185
5,6027,762
5,6028,185
5,6029,212
5,6030,77
5,6031,167
5,6032,141
5,6033,294
5,6034,135
5,6035,166
5,6036,77
5,6037,58
5,6038,141
5,6039,122
5,6040,122
5,6041,58
5,6042,154
5,6043,64
5,6044,128
5,6045,64
5,6046,32
5,6047,121
5,6048,140
5,6049,58
5,6050,70
5,6051,32
5,6052,109
5,6053,58
5,6054,403
5,6055,102
5,6056,96
5,6057,90
5,6058,128
5,6059,160
5,6060,269
5,6061,64
5,6062,128
5,6063,57
5,6064,211
5,6065,83
5,6066,77
5,6067,25
5,6068,-45
5,6069,64
5,6070,154
5,6071,153
5,6072,45
5,6073,77
5,6074,121
5,6075,77
5,6076,64
5,6077,58
5,6078,128
5,6079,102
5,6080,108
5,6081,115
5,6082,70
5,6083,108
5,6084,141
5,6085,116
5,6086,148
5,6087,128
5,6088,108
5,6089,77
5,6090,57
5,6091,57
5,6092,77
5,6093,39
5,6094,77
5,6095,70
5,6096,403
5,6097,70
5,6098,108
5,6099,121
5,6100,70
5,6101,58
5,6102,116
5,6103,77
5,6104,57
5,6105,70
5,6106,122
5,6107,89
5,6108,122
5,6109,39
5,6110,211
5,6111,-243
5,6112,109
5,6113,102
5,6114,-25
5,6115,135
5,6116,115
5,6117,83
5,6118,64
5,6119,102
5,6120,115
5,6121,51
5,6122,51
5,6123,352
5,6124,57
5,6125,45
5,6126,64
5,6127,89
5,6128,76
5,6129,70
5,6130,115
5,6131,154
5,6132,83
5,6133,83
5,6134,102
5,6135,109
5,6136,141
5,6137,38
5,6138,32
5,6139,6
5,6140,96
5,6141,64
5,6142,179
5,6143,64
5,6144,71
5,6145,32
5,6146,38
5,6147,-39
5,6148,116
5,6149,45
5,6150,96
5,6151,76
5,6152,71
5,6153,25
5,6154,185
5,6155,71
5,6156,205
5,6157,96
5,6158,122
5,6159,102
5,6160,109
5,6161,58
5,6162,153
5,6163,52
5,6164,70
5,6165,-38
5,6166,147
5,6167,45
5,6168,83
5,6169,58
5,6170,237
5,6171,76
5,6172,147
5,6173,70
5,6174,71
5,6175,154
5,6176,103
5,6177,45
5,6178,102
5,6179,45
5,6180,76
5,6181,58
5,6182,-51
5,6183,96
5,6184,102
5,6185,39
5,6186,135
5,6187,122
5,6188,109
5,6189,103
5,6190,89
5,6191,-32
5,6192,77
5,6193,26
5,6194,122
5,6195,109
5,6196,96
5,6197,45
5,6198,128
5,6199,77
5,6200,39
5,6201,109
5,6202,364
5,6203,-13
5,6204,135
5,6205,51
5,6206,77
5,6207,122
5,6208,-45
5,6209,128
5,6210,77
5,6211,83
5,6212,160
5,6213,256
5,6214,128
5,6215,89
5,6216,109
5,6217,38
5,6218,172
5,6219,-51
5,6220,96
5,6221,58
5,6222,237
5,6223,116
5,6224,38
5,6225,57
5,6226,134
5,6227,160
5,6228,153
5,6229,70
5,6230,108
5,6231,96
5,6232,211
5,6233,-25
5,6234,128
5,6235,32
5,6236,71
5,6237,39
5,6238,58
5,6239,90
5,6240,76
5,6241,83
5,6242,135
5,6243,128
5,6244,121
5,6245,-70
5,6246,172
5,6247,64
5,6248,70
5,6249,45
5,6250,211
5,6251,96
5,6252,70
5,6253,89
5,6254,103
5,6255,167
5,6256,77
5,6257,102
5,6258,173
5,6259,211
5,6260,217
5,6261,154
5,6262,172
5,6263,83
5,6264,96
5,6265,358
5,6266,38
5,6267,32
5,6268,832
5,6269,-7
5,6270,173
5,6271,103
5,6272,77
5,6273,89
5,6274,160
5,6275,38
5,6276,96
5,6277,-6
5,6278,224
5,6279,115
5,6280,83
5,6281,115
5,6282,793
5,6283,58
5,6284,147
5,6285,57
5,6286,154
5,6287,166
5,6288,134
5,6289,90
5,6290,109
5,6291,51
5,6292,147
5,6293,103
5,6294,212
5,6295,64
5,6296,122
5,6297,51
5,6298,-51
5,6299,121
5,6300,77
5,6301,76
5,6302,326
5,6303,115
5,6304,103
5,6305,26
5,6306,32
5,6307,32
5,6308,250
5,6309,19
5,6310,186
5,6311,64
5,6312,57
5,6313,70
5,6314,121
5,6315,-70
5,6316,109
5,6317,96
5,6318,64
5,6319,109
5,6320,109
5,6321,45
5,6322,45
5,6323,77
5,6324,64
5,6325,102
5,6326,109
5,6327,115
5,6328,96
5,6329,198
5,6330,154
5,6331,153
5,6332,160
5,6333,57
5,6334,122
5,6335,83
5,6336,154
5,6337,102
5,6338,32
5,6339,71
5,6340,166
5,6341,71
5,6342,122
5,6343,77
5,6344,115
5,6345,-19
5,6346,154
5,6347,26
5,6348,58
5,6349,96
5,6350,26
5,6351,64
5,6352,70
5,6353,51
5,6354,198
5,6355,212
5,6356,83
5,6357,58
5,6358,160
5,6359,116
5,6360,122
5,6361,44
5,6362,128
5,6363,58
5,6364,45
5,6365,-39
5,6366,192
5,6367,58
5,6368,122
5,6369,96
5,6370,198
5,6371,77
5,6372,103
5,6373,103
5,6374,250
5,6375,103
5,6376,122
5,6377,-51
5,6378,134
5,6379,70
5,6380,77
5,6381,26
5,6382,57
5,6383,109
5,6384,64
5,6385,115
5,6386,166
5,6387,135
5,6388,89
5,6389,96
5,6390,141
5,6391,109
5,6392,77
5,6393,52
5,6394,160
5,6395,32
5,6396,58
5,6397,83
5,6398,128
5,6399,26
5,6400,64
5,6401,64
5,6402,45
5,6403,64
5,6404,115
5,6405,45
5,6406,71
5,6407,90
5,6408,32
5,6409,83
5,6410,205
5,6411,103
5,6412,45
5,6413,64
5,6414,198
5,6415,167
5,6416,96
5,6417,39
5,6418,64
5,6419,20
5,6420,39
5,6421,39
5,6422,128
5,6423,64
5,6424,83
5,6425,109
5,6426,96
5,6427,141
5,6428,147
5,6429,64
5,6430,64
5,6431,70
5,6432,-51
5,6433,57
5,6434,109
5,6435,58
5,6436,103
5,6437,58
5,6438,70
5,6439,25
5,6440,102
5,6441,70
5,6442,192
5,6443,83
5,6444,58
5,6445,140
5,6446,135
5,6447,32
5,6448,64
5,6449,32
5,6450,13
5,6451,173
5,6452,102
5,6453,58
5,6454,352
5,6455,64
5,6456,83
5,6457,51
5,6458,179
5,6459,64
5,6460,128
5,6461,58
5,6462,83
5,6463,115
5,6464,154
5,6465,64
5,6466,-44
5,6467,77
5,6468,103
5,6469,64
5,6470,58
5,6471,70
5,6472,90
5,6473,45
5,6474,160
5,6475,32
5,6476,70
5,6477,64
5,6478,77
5,6479,-51
5,6480,-19
5,6481,51
5,6482,141
5,6483,26
5,6484,26
5,6485,58
5,6486,70
5,6487,25
5,6488,205
5,6489,89
5,6490,70
5,6491,58
5,6492,71
5,6493,121
5,6494,205
5,6495,70
5,6496,-58
5,6497,39
5,6498,70
5,6499,122
5,6500,64
5,6501,-26
5,6502,185
5,6503,71
5,6504,153
5,6505,96
5,6506,301
5,6507,115
5,6508,237
5,6509,109
5,6510,115
5,6511,128
5,6512,-39
5,6513,134
5,6514,172
5,6515,83
5,6516,115
5,6517,147
5,6518,140
5,6519,102
5,6520,166
5,6521,83
5,6522,26
5,6523,-51
5,6524,800
5,6525,70
5,6526,96
5,6527,-19
5,6528,77
5,6529,26
5,6530,-39
5,6531,70
5,6532,39
5,6533,38
5,6534,115
5,6535,71
5,6536,83
5,6537,781
5,6538,180
5,6539,761
5,6540,153
5,6541,57
5,6542,218
5,6543,45
5,6544,167
5,6545,-147
5,6546,-26
5,6547,45
5,6548,32
5,6549,96
5,6550,-38
5,6551,135
5,6552,141
5,6553,58
5,6554,185
5,6555,122
5,6556,115
5,6557,64
5,6558,166
5,6559,115
5,6560,128
5,6561,332
5,6562,154
5,6563,26
5,6564,83
5,6565,218
5,6566,154
5,6567,45
5,6568,45
5,6569,109
5,6570,173
5,6571,109
5,6572,122
5,6573,122
5,6574,359
5,6575,77
5,6576,135
5,6577,52
5,6578,116
5,6579,51
5,6580,57
5,6581,38
5,6582,71
5,6583,115
5,6584,52
5,6585,89
5,6586,198
5,6587,90
5,6588,71
5,6589,109
5,6590,205
5,6591,135
5,6592,109
5,6593,160
5,6594,128
5,6595,58
5,6596,102
5,6597,58
5,6598,109
5,6599,122
5,6600,51
5,6601,32
5,6602,64
5,6603,173
5,6604,77
5,6605,58
5,6606,166
5,6607,102
5,6608,173
5,6609,64
5,6610,153
5,6611,115
5,6612,147
5,6613,71
5,6614,397
5,6615,64
5,6616,64
5,6617,70
5,6618,173
5,6619,77
5,6620,57
5,6621,96
5,6622,160
5,6623,64
5,6624,192
5,6625,109
5,6626,154
5,6627,172
5,6628,122
5,6629,90
5,6630,71
5,6631,102
5,6632,103
5,6633,51
5,6634,116
5,6635,96
5,6636,109
5,6637,38
5,6638,102
5,6639,58
5,6640,64
5,6641,147
5,6642,167
5,6643,83
5,6644,102
5,6645,115
5,6646,116
5,6647,116
5,6648,378
5,6649,51
5,6650,116
5,6651,115
5,6652,122
5,6653,102
5,6654,371
5,6655,109
5,6656,77
5,6657,103
5,6658,166
5,6659,64
5,6660,32
5,6661,45
5,6662,122
5,6663,122
5,6664,89
5,6665,115
5,6666,371
5,6667,148
5,6668,121
5,6669,96
5,6670,70
5,6671,77
5,6672,102
5,6673,52
5,6674,76
5,6675,102
5,6676,96
5,6677,38
5,6678,160
5,6679,57
5,6680,32
5,6681,103
5,6682,70
5,6683,77
5,6684,173
5,6685,96
5,6686,103
5,6687,103
5,6688,70
5,6689,58
5,6690,192
5,6691,83
5,6692,102
5,6693,160
5,6694,217
5,6695,32
5,6696,102
5,6697,58
5,6698,-19
5,6699,128
5,6700,115
5,6701,70
5,6702,173
5,6703,96
5,6704,154
5,6705,45
5,6706,109
5,6707,96
5,6708,128
5,6709,115
5,6710,160
5,6711,76
5,6712,32
5,6713,160
5,6714,134
5,6715,58
5,6716,96
5,6717,77
5,6718,198
5,6719,26
5,6720,77
5,6721,185
5,6722,128
5,6723,109
5,6724,108
5,6725,70
5,6726,102
5,6727,115
5,6728,173
5,6729,77
5,6730,167
5,6731,166
5,6732,160
5,6733,84
5,6734,390
5,6735,96
5,6736,45
5,6737,77
5,6738,147
5,6739,77
5,6740,83
5,6741,51
5,6742,96
5,6743,84
5,6744,71
5,6745,32
5,6746,172
5,6747,89
5,6748,109
5,6749,109
5,6750,-51
5,6751,77
5,6752,58
5,6753,96
5,6754,90
5,6755,141
5,6756,109
5,6757,90
5,6758,115
5,6759,32
5,6760,109
5,6761,262
5,6762,160
5,6763,64
5,6764,96
5,6765,51
5,6766,77
5,6767,57
5,6768,89
5,6769,109
5,6770,172
5,6771,64
5,6772,58
5,6773,121
5,6774,166
5,6775,77
5,6776,263
5,6777,64
5,6778,160
5,6779,32
5,6780,819
5,6781,45
5,6782,-26
5,6783,122
5,6784,64
5,6785,51
5,6786,173
5,6787,64
5,6788,70
5,6789,64
5,6790,77
5,6791,76
5,6792,122
5,6793,121
5,6794,794
5,6795,154
5,6796,224
5,6797,58
5,6798,51
5,6799,134
5,6800,103
5,6801,58
5,6802,122
5,6803,76
5,6804,71
5,6805,45
5,6806,160
5,6807,51
5,6808,147
5,6809,70
5,6810,198
5,6811,77
5,6812,128
5,6813,96
5,6814,103
5,6815,64
5,6816,70
5,6817,90
5,6818,102
5,6819,64
5,6820,70
5,6821,-32
5,6822,109
5,6823,371
5,6824,179
5,6825,115
5,6826,160
5,6827,134
5,6828,128
5,6829,70
5,6830,166
5,6831,141
5,6832,167
5,6833,141
5,6834,281
5,6835,57
5,6836,71
5,6837,51
5,6838,128
5,6839,76
5,6840,141
5,6841,102
5,6842,198
5,6843,160
5,6844,160
5,6845,51
5,6846,96
5,6847,70
5,6848,122
5,6849,115
5,6850,64
5,6851,71
5,6852,-38
5,6853,77
5,6854,167
5,6855,108
5,6856,83
5,6857,-32
5,6858,122
5,6859,96
5,6860,154
5,6861,167
5,6862,185
5,6863,58
5,6864,128
5,6865,205
5,6866,160
5,6867,96
5,6868,45
5,6869,96
5,6870,160
5,6871,-45
5,6872,64
5,6873,26
5,6874,76
5,6875,51
5,6876,32
5,6877,115
5,6878,64
5,6879,51
5,6880,57
5,6881,108
5,6882,141
5,6883,140
5,6884,64
5,6885,77
5,6886,256
5,6887,115
5,6888,52
5,6889,103
5,6890,153
5,6891,102
5,6892,77
5,6893,51
5,6894,122
5,6895,103
5,6896,71
5,6897,77
5,6898,212
5,6899,70
5,6900,140
5,6901,70
5,6902,236
5,6903,109
5,6904,64
5,6905,109
5,6906,103
5,6907,20
5,6908,147
5,6909,186
5,6910,198
5,6911,96
5,6912,70
5,6913,109
5,6914,186
5,6915,141
5,6916,57
5,6917,115
5,6918,204
5,6919,57
5,6920,147
5,6921,102
5,6922,160
5,6923,186
5,6924,122
5,6925,128
5,6926,172
5,6927,90
5,6928,32
5,6929,70
5,6930,167
5,6931,102
5,6932,39
5,6933,52
5,6934,173
5,6935,102
5,6936,128
5,6937,96
5,6938,141
5,6939,109
5,6940,109
5,6941,90
5,6942,224
5,6943,51
5,6944,-51
5,6945,38
5,6946,147
5,6947,-64
5,6948,134
5,6949,70
5,6950,44
5,6951,77
5,6952,77
5,6953,96
5,6954,115
5,6955,103
5,6956,109
5,6957,64
5,6958,38
5,6959,96
5,6960,167
5,6961,-52
5,6962,32
5,6963,58
5,6964,32
5,6965,-25
5,6966,147
5,6967,45
5,6968,58
5,6969,77
5,6970,109
5,6971,135
5,6972,-58
5,6973,70
5,6974,116
5,6975,109
5,6976,-44
5,6977,32
5,6978,108
5,6979,70
5,6980,71
5,6981,52
5,6982,154
5,6983,64
5,6984,109
5,6985,71
5,6986,147
5,6987,58
5,6988,76
5,6989,45
5,6990,140
5,6991,26
5,6992,58
5,6993,76
5,6994,102
5,6995,141
5,6996,109
5,6997,58
5,6998,83
5,6999,64
5,7000,64
5,7001,108
5,7002,115
5,7003,153
5,7004,224
5,7005,96
5,7006,166
5,7007,96
5,7008,76
5,7009,77
5,7010,116
5,7011,32
5,7012,57
5,7013,-6
5,7014,166
5,7015,45
5,7016,198
5,7017,19
5,7018,122
5,7019,58
5,7020,115
5,7021,39
5,7022,83
5,7023,77
5,7024,83
5,7025,204
5,7026,44
5,7027,140
5,7028,77
5,7029,51
5,7030,96
5,7031,38
5,7032,76
5,7033,38
5,7034,77
5,7035,103
5,7036,806
5,7037,96
5,7038,83
5,7039,38
5,7040,51
5,7041,-51
5,7042,128
5,7043,25
5,7044,38
5,7045,58
5,7046,38
5,7047,71
5,7048,51
5,7049,800
5,7050,205
5,7051,768
5,7052,71
5,7053,70
5,7054,160
5,7055,115
5,7056,166
5,7057,58
5,7058,71
5,7059,147
5,7060,71
5,7061,96
5,7062,96
5,7063,71
5,7064,108
5,7065,134
5,7066,185
5,7067,96
5,7068,-128
5,7069,115
5,7070,372
5,7071,128
5,7072,96
5,7073,76
5,7074,70
5,7075,64
5,7076,121
5,7077,45
5,7078,218
5,7079,58
5,7080,128
5,7081,38
5,7082,115
5,7083,109
5,7084,52
5,7085,102
5,7086,173
5,7087,70
5,7088,166
5,7089,-39
5,7090,128
5,7091,19
5,7092,64
5,7093,32
5,7094,64
5,7095,64
5,7096,76
5,7097,39
5,7098,320
5,7099,77
5,7100,57
5,7101,96
5,7102,57
5,7103,90
5,7104,70
5,7105,166
5,7106,166
5,7107,115
5,7108,109
5,7109,135
5,7110,173
5,7111,64
5,7112,57
5,7113,96
5,7114,84
5,7115,52
5,7116,26
5,7117,83
5,7118,64
5,7119,115
5,7120,32
5,7121,115
5,7122,167
5,7123,198
5,7124,141
5,7125,198
5,7126,186
5,7127,102
5,7128,121
5,7129,19
5,7130,122
5,7131,70
5,7132,57
5,7133,83
5,7134,77
5,7135,57
5,7136,180
5,7137,83
5,7138,147
5,7139,77
5,7140,115
5,7141,77
5,7142,166
5,7143,83
5,7144,109
5,7145,44
5,7146,141
5,7147,70
5,7148,64
5,7149,83
5,7150,32
5,7151,-32
5,7152,115
5,7153,77
5,7154,128
5,7155,89
5,7156,186
5,7157,77
5,7158,211
5,7159,109
5,7160,172
5,7161,52
5,7162,307
5,7163,64
5,7164,122
5,7165,51
5,7166,160
5,7167,83
5,7168,38
5,7169,32
5,7170,154
5,7171,57
5,7172,90
5,7173,57
5,7174,70
5,7175,51
5,7176,320
5,7177,122
5,7178,-13
5,7179,96
5,7180,167
5,7181,64
5,7182,122
5,7183,64
5,7184,108
5,7185,96
5,7186,70
5,7187,96
5,7188,64
5,7189,83
5,7190,90
5,7191,32
5,7192,140
5,7193,77
5,7194,167
5,7195,147
5,7196,160
5,7197,58
5,7198,199
5,7199,77
5,7200,51
5,7201,96
5,7202,109
5,7203,96
5,7204,122
5,7205,128
5,7206,173
5,7207,57
5,7208,57
5,7209,71
5,7210,115
5,7211,109
5,7212,64
5,7213,263
5,7214,198
5,7215,147
5,7216,147
5,7217,57
5,7218,90
5,7219,115
5,7220,96
5,7221,58
5,7222,90
5,7223,25
5,7224,115
5,7225,358
5,7226,204
5,7227,64
5,7228,58
5,7229,64
5,7230,52
5,7231,115
5,7232,122
5,7233,148
5,7234,166
5,7235,154
5,7236,109
5,7237,38
5,7238,167
5,7239,71
5,7240,109
5,7241,26
5,7242,103
5,7243,58
5,7244,147
5,7245,-51
5,7246,218
5,7247,70
5,7248,26
5,7249,186
5,7250,167
5,7251,-45
5,7252,115
5,7253,71
5,7254,167
5,7255,108
5,7256,192
5,7257,-26
5,7258,128
5,7259,89
5,7260,108
5,7261,-38
5,7262,173
5,7263,122
5,7264,192
5,7265,115
5,7266,103
5,7267,102
5,7268,204
5,7269,64
5,7270,122
5,7271,102
5,7272,371
5,7273,-32
5,7274,102
5,7275,57
5,7276,44
5,7277,44
5,7278,-51
5,7279,96
5,7280,44
5,7281,109
5,7282,147
5,7283,134
5,7284,109
5,7285,96
5,7286,115
5,7287,217
5,7288,90
5,7289,128
5,7290,64
5,7291,51
5,7292,794
5,7293,51
5,7294,25
5,7295,26
5,7296,70
5,7297,45
5,7298,89
5,7299,71
5,7300,32
5,7301,52
5,7302,90
5,7303,58
5,7304,102
5,7305,109
5,7306,788
5,7307,134
5,7308,160
5,7309,57
5,7310,122
5,7311,147
5,7312,211
5,7313,51
5,7314,103
5,7315,-52
5,7316,115
5,7317,96
5,7318,166
5,7319,90
5,7320,70
5,7321,83
5,7322,154
5,7323,141
5,7324,186
5,7325,51
5,7326,192
5,7327,103
5,7328,128
5,7329,70
5,7330,109
5,7331,19
5,7332,109
5,7333,26
5,7334,141
5,7335,-58
5,7336,77
5,7337,140
5,7338,83
5,7339,70
5,7340,64
5,7341,90
5,7342,173
5,7343,128
5,7344,109
5,7345,32
5,7346,45
5,7347,45
5,7348,77
5,7349,128
5,7350,109
5,7351,89
5,7352,154
5,7353,64
5,7354,148
5,7355,26
5,7356,64
5,7357,64
5,7358,154
5,7359,115
5,7360,89
5,7361,147
5,7362,147
5,7363,13
5,7364,45
5,7365,64
5,7366,-179
5,7367,-339
5,7368,84
5,7369,51
5,7370,84
5,7371,19
5,7372,32
5,7373,58
5,7374,205
5,7375,25
5,7376,70
5,7377,108
5,7378,109
5,7379,115
5,7380,102
5,7381,89
5,7382,217
5,7383,108
5,7384,51
5,7385,44
5,7386,121
5,7387,51
5,7388,32
5,7389,64
5,7390,64
5,7391,51
5,7392,314
5,7393,52
5,7394,109
5,7395,103
5,7396,96
5,7397,186
5,7398,172
5,7399,-26
5,7400,173
5,7401,83
5,7402,83
5,7403,57
5,7404,109
5,7405,64
5,7406,186
5,7407,115
5,7408,116
5,7409,90
5,7410,-25
5,7411,147
5,7412,103
5,7413,109
5,7414,314
5,7415,83
5,7416,122
5,7417,32
5,7418,103
5,7419,51
5,7420,71
5,7421,38
5,7422,32
5,7423,71
5,7424,84
5,7425,32
5,7426,409
5,7427,26
5,7428,26
5,7429,-58
5,7430,122
5,7431,70
5,7432,108
5,7433,147
5,7434,128
5,7435,231
5,7436,77
5,7437,96
5,7438,83
5,7439,70
5,7440,128
5,7441,25
5,7442,90
5,7443,96
5,7444,52
5,7445,71
5,7446,160
5,7447,51
5,7448,51
5,7449,77
5,7450,109
5,7451,371
5,7452,115
5,7453,77
5,7454,198
5,7455,90
5,7456,109
5,7457,32
5,7458,77
5,7459,102
5,7460,122
5,7461,77
5,7462,83
5,7463,64
5,7464,115
5,7465,141
5,7466,179
5,7467,147
5,7468,109
5,7469,58
5,7470,160
5,7471,102
5,7472,77
5,7473,160
5,7474,83
5,7475,83
5,7476,102
5,7477,51
5,7478,160
5,7479,64
5,7480,71
5,7481,51
5,7482,167
5,7483,-32
5,7484,185
5,7485,52
5,7486,192
5,7487,135
5,7488,108
5,7489,96
5,7490,90
5,7491,77
5,7492,109
5,7493,185
5,7494,109
5,7495,116
5,7496,64
5,7497,64
5,7498,90
5,7499,102
5,7500,51
5,7501,45
5,7502,147
5,7503,102
5,7504,6
5,7505,128
5,7506,166
5,7507,167
5,7508,64
5,7509,70
5,7510,51
5,7511,116
5,7512,128
5,7513,45
5,7514,83
5,7515,45
5,7516,339
5,7517,57
5,7518,58
5,7519,-45
5,7520,134
5,7521,51
5,7522,160
5,7523,84
5,7524,64
5,7525,128
5,7526,154
5,7527,115
5,7528,192
5,7529,128
5,7530,180
5,7531,96
5,7532,134
5,7533,102
5,7534,166
5,7535,102
5,7536,109
5,7537,205
5,7538,116
5,7539,128
5,7540,76
5,7541,51
5,7542,172
5,7543,122
5,7544,115
5,7545,115
5,7546,13
5,7547,147
5,7548,800
5,7549,96
5,7550,64
5,7551,115
5,7552,115
5,7553,39
5,7554,83
5,7555,70
5,7556,71
5,7557,141
5,7558,83
5,7559,116
5,7560,64
5,7561,820
5,7562,128
5,7563,768
5,7564,76
5,7565,77
5,7566,83
5,7567,83
5,7568,141
5,7569,51
5,7570,45
5,7571,57
5,7572,32
5,7573,52
5,7574,19
5,7575,77
5,7576,45
5,7577,102
5,7578,103
5,7579,109
5,7580,83
5,7581,96
5,7582,218
5,7583,96
5,7584,102
5,7585,90
5,7586,26
5,7587,58
5,7588,89
5,7589,26
5,7590,64
5,7591,64
5,7592,128
5,7593,64
5,7594,121
5,7595,90
5,7596,102
5,7597,51
5,7598,83
5,7599,64
5,7600,121
5,7601,38
5,7602,96
5,7603,77
5,7604,77
5,7605,25
5,7606,70
5,7607,115
5,7608,70
5,7609,64
5,7610,160
5,7611,-57
5,7612,121
5,7613,96
5,7614,32
5,7615,109
5,7616,109
5,7617,109
5,7618,115
5,7619,71
5,7620,212
5,7621,64
5,7622,64
5,7623,109
5,7624,103
5,7625,108
5,7626,115
5,7627,77
5,7628,64
5,7629,109
5,7630,83
5,7631,70
5,7632,77
5,7633,96
5,7634,128
5,7635,25
5,7636,205
5,7637,38
5,7638,121
5,7639,109
5,7640,198
5,7641,224
5,7642,115
5,7643,32
5,7644,153
5,7645,45
5,7646,89
5,7647,71
5,7648,45
5,7649,77
5,7650,141
5,7651,115
5,7652,256
5,7653,160
5,7654,109
5,7655,96
5,7656,64
5,7657,52
5,7658,89
5,7659,109
5,7660,77
5,7661,58
5,7662,391
5,7663,115
5,7664,154
5,7665,109
5,7666,160
5,7667,128
5,7668,186
5,7669,96
5,7670,179
5,7671,160
5,7672,121
5,7673,0
5,7674,128
5,7675,64
5,7676,154
5,7677,58
5,7678,96
5,7679,51
5,7680,76
5,7681,70
5,7682,122
5,7683,32
5,7684,122
5,7685,51
5,7686,122
5,7687,19
5,7688,218
5,7689,121
5,7690,218
5,7691,89
5,7692,141
5,7693,64
5,7694,167
5,7695,115
5,7696,115
5,7697,77
5,7698,96
5,7699,57
5,7700,160
5,7701,102
5,7702,148
5,7703,64
5,7704,-58
5,7705,96
5,7706,115
5,7707,166
5,7708,103
5,7709,51
5,7710,160
5,7711,70
5,7712,45
5,7713,39
5,7714,160
5,7715,109
5,7716,147
5,7717,84
5,7718,198
5,7719,108
5,7720,160
5,7721,51
5,7722,147
5,7723,83
5,7724,116
5,7725,51
5,7726,160
5,7727,141
5,7728,64
5,7729,70
5,7730,26
5,7731,52
5,7732,64
5,7733,51
5,7734,166
5,7735,198
5,7736,256
5,7737,103
5,7738,160
5,7739,103
5,7740,122
5,7741,45
5,7742,166
5,7743,108
5,7744,160
5,7745,77
5,7746,103
5,7747,70
5,7748,109
5,7749,58
5,7750,109
5,7751,38
5,7752,115
5,7753,45
5,7754,26
5,7755,77
5,7756,268
5,7757,115
5,7758,70
5,7759,-45
5,7760,128
5,7761,45
5,7762,135
5,7763,13
5,7764,102
5,7765,115
5,7766,25
5,7767,57
5,7768,32
5,7769,-26
5,7770,141
5,7771,32
5,7772,167
5,7773,71
5,7774,205
5,7775,64
5,7776,64
5,7777,147
5,7778,217
5,7779,109
5,7780,218
5,7781,102
5,7782,204
5,7783,122
5,7784,116
5,7785,51
5,7786,70
5,7787,115
5,7788,256
5,7789,45
5,7790,167
5,7791,45
5,7792,96
5,7793,108
5,7794,166
5,7795,-64
5,7796,160
5,7797,134
5,7798,128
5,7799,83
5,7800,173
5,7801,154
5,7802,115
5,7803,70
5,7804,845
5,7805,128
5,7806,90
5,7807,103
5,7808,148
5,7809,51
5,7810,-32
5,7811,109
5,7812,115
5,7813,64
5,7814,160
5,7815,26
5,7816,109
5,7817,173
5,7818,781
5,7819,115
5,7820,71
5,7821,122
5,7822,83
5,7823,89
5,7824,103
5,7825,96
5,7826,160
5,7827,26
5,7828,52
5,7829,89
5,7830,294
5,7831,-51
5,7832,45
5,7833,102
5,7834,70
5,7835,96
5,7836,301
5,7837,96
5,7838,172
5,7839,89
5,7840,103
5,7841,64
5,7842,115
5,7843,19
5,7844,25
5,7845,45
5,7846,51
5,7847,51
5,7848,90
5,7849,32
5,7850,205
5,7851,64
5,7852,83
5,7853,89
5,7854,122
5,7855,58
5,7856,109
5,7857,71
5,7858,103
5,7859,12
5,7860,51
5,7861,77
5,7862,103
5,7863,25
5,7864,96
5,7865,109
5,7866,108
5,7867,116
5,7868,70
5,7869,51
5,7870,121
5,7871,154
5,7872,-134
5,7873,396
5,7874,147
5,7875,25
5,7876,64
5,7877,71
5,7878,-198
5,7879,134
5,7880,103
5,7881,51
5,7882,96
5,7883,58
5,7884,77
5,7885,64
5,7886,173
5,7887,122
5,7888,134
5,7889,160
5,7890,192
5,7891,115
5,7892,70
5,7893,-45
5,7894,83
5,7895,121
5,7896,45
5,7897,25
5,7898,58
5,7899,160
5,7900,128
5,7901,58
5,7902,160
5,7903,109
5,7904,403
5,7905,96
5,7906,128
5,7907,167
5,7908,153
5,7909,84
5,7910,141
5,7911,64
5,7912,128
5,7913,71
5,7914,179
5,7915,269
5,7916,115
5,7917,58
5,7918,25
5,7919,64
5,7920,179
5,7921,96
5,7922,122
5,7923,160
5,7924,147
5,7925,76
5,7926,211
5,7927,102
5,7928,135
5,7929,32
5,7930,51
5,7931,231
5,7932,38
5,7933,64
5,7934,294
5,7935,64
5,7936,84
5,7937,313
5,7938,122
5,7939,58
5,7940,122
5,7941,166
5,7942,179
5,7943,185
5,7944,121
5,7945,147
5,7946,166
5,7947,58
5,7948,167
5,7949,167
5,7950,77
5,7951,154
5,7952,57
5,7953,45
5,7954,109
5,7955,26
5,7956,160
5,7957,58
5,7958,358
5,7959,96
5,7960,96
5,7961,64
5,7962,83
5,7963,359
5,7964,205
5,7965,45
5,7966,19
5,7967,-70
5,7968,128
5,7969,96
5,7970,160
5,7971,77
5,7972,282
5,7973,51
5,7974,141
5,7975,52
5,7976,153
5,7977,77
5,7978,160
5,7979,109
5,7980,103
5,7981,51
5,7982,205
5,7983,115
5,7984,51
5,7985,51
5,7986,51
5,7987,52
5,7988,173
5,7989,51
5,7990,58
5,7991,64
5,7992,32
5,7993,64
5,7994,256
5,7995,173
5,7996,109
5,7997,-25
5,7998,396
5,7999,134
5,8000,70
5,8001,-38
5,8002,180
5,8003,64
5,8004,26
5,8005,108
5,8006,25
5,8007,51
5,8008,64
5,8009,51
5,8010,57
5,8011,51
5,8012,103
5,8013,-38
5,8014,116
5,8015,45
5,8016,83
5,8017,77
5,8018,173
5,8019,102
5,8020,-51
5,8021,166
5,8022,96
5,8023,57
5,8024,-38
5,8025,103
5,8026,109
5,8027,102
5,8028,51
5,8029,57
5,8030,58
5,8031,58
5,8032,141
5,8033,109
5,8034,102
5,8035,167
5,8036,160
5,8037,26
5,8038,166
5,8039,103
5,8040,90
5,8041,19
5,8042,160
5,8043,115
5,8044,180
5,8045,52
5,8046,108
5,8047,109
5,8048,166
5,8049,39
5,8050,89
5,8051,108
5,8052,64
5,8053,38
5,8054,90
5,8055,103
5,8056,122
5,8057,64
5,8058,109
5,8059,102
5,8060,819
5,8061,102
5,8062,89
5,8063,64
5,8064,128
5,8065,64
5,8066,26
5,8067,19
5,8068,57
5,8069,32
5,8070,71
5,8071,64
5,8072,102
5,8073,800
5,8074,115
5,8075,768
5,8076,166
5,8077,39
5,8078,179
5,8079,115
5,8080,102
5,8081,52
5,8082,135
5,8083,25
5,8084,-58
5,8085,64
5,8086,96
5,8087,128
5,8088,116
5,8089,121
5,8090,103
5,8091,141
5,8092,102
5,8093,96
5,8094,-45
5,8095,128
5,8096,103
5,8097,58
5,8098,83
5,8099,20
5,8100,6
5,8101,45
5,8102,83
5,8103,71
5,8104,96
5,8105,288
5,8106,122
5,8107,26
5,8108,71
5,8109,116
5,8110,70
5,8111,83
5,8112,102
5,8113,45
5,8114,51
5,8115,51
5,8116,192
5,8117,51
5,8118,166
5,8119,64
5,8120,-45
5,8121,116
5,8122,121
5,8123,57
5,8124,64
5,8125,39
5,8126,243
5,8127,64
5,8128,64
5,8129,71
5,8130,102
5,8131,83
5,8132,153
5,8133,128
5,8134,121
5,8135,371
5,8136,108
5,8137,96
5,8138,115
5,8139,19
5,8140,64
5,8141,51
5,8142,115
5,8143,103
5,8144,96
5,8145,90
5,8146,179
5,8147,116
5,8148,154
5,8149,51
5,8150,173
5,8151,281
5,8152,121
5,8153,38
5,8154,116
5,8155,58
5,8156,102
5,8157,115
5,8158,58
5,8159,115
5,8160,70
5,8161,19
5,8162,128
5,8163,173
5,8164,199
5,8165,96
5,8166,166
5,8167,128
5,8168,160
5,8169,70
5,8170,39
5,8171,51
5,8172,115
5,8173,249
5,8174,166
5,8175,96
5,8176,70
5,8177,83
5,8178,167
5,8179,109
5,8180,134
5,8181,52
5,8182,371
5,8183,147
5,8184,134
5,8185,-64
5,8186,141
5,8187,45
5,8188,121
5,8189,64
5,8190,51
5,8191,45
5,8192,109
5,8193,64
5,8194,115
5,8195,64
5,8196,83
5,8197,102
5,8198,128
5,8199,96
5,8200,103
5,8201,58
5,8202,122
5,8203,64
5,8204,122
5,8205,57
5,8206,198
5,8207,45
5,8208,166
5,8209,51
5,8210,121
5,8211,57
5,8212,77
5,8213,64
5,8214,148
5,8215,122
5,8216,115
5,8217,51
5,8218,115
5,8219,122
5,8220,199
5,8221,58
5,8222,192
5,8223,38
5,8224,77
5,8225,25
5,8226,51
5,8227,51
5,8228,116
5,8229,140
5,8230,108
5,8231,26
5,8232,57
5,8233,154
5,8234,218
5,8235,122
5,8236,167
5,8237,173
5,8238,148
5,8239,70
5,8240,128
5,8241,64
5,8242,83
5,8243,32
5,8244,38
5,8245,64
5,8246,153
5,8247,147
5,8248,70
5,8249,58
5,8250,128
5,8251,102
5,8252,160
5,8253,-45
5,8254,71
5,8255,51
5,8256,109
5,8257,160
5,8258,160
5,8259,147
5,8260,166
5,8261,71
5,8262,153
5,8263,71
5,8264,51
5,8265,71
5,8266,64
5,8267,77
5,8268,77
5,8269,96
5,8270,32
5,8271,44
5,8272,103
5,8273,90
5,8274,134
5,8275,64
5,8276,103
5,8277,173
5,8278,122
5,8279,-166
5,8280,70
5,8281,58
5,8282,64
5,8283,64
5,8284,134
5,8285,90
5,8286,103
5,8287,76
5,8288,262
5,8289,122
5,8290,185
5,8291,128
5,8292,154
5,8293,115
5,8294,781
5,8295,51
5,8296,64
5,8297,44
5,8298,58
5,8299,70
5,8300,128
5,8301,51
5,8302,147
5,8303,115
5,8304,71
5,8305,70
5,8306,204
5,8307,115
5,8308,116
5,8309,109
5,8310,-38
5,8311,96
5,8312,77
5,8313,58
5,8314,166
5,8315,173
5,8316,807
5,8317,-26
5,8318,25
5,8319,26
5,8320,64
5,8321,64
5,8322,-26
5,8323,121
5,8324,122
5,8325,26
5,8326,-57
5,8327,134
5,8328,147
5,8329,108
5,8330,787
5,8331,128
5,8332,153
5,8333,122
5,8334,205
5,8335,102
5,8336,77
5,8337,51
5,8338,154
5,8339,26
5,8340,38
5,8341,51
5,8342,-51
5,8343,77
5,8344,109
5,8345,64
5,8346,199
5,8347,84
5,8348,-32
5,8349,199
5,8350,154
5,8351,135
5,8352,128
5,8353,51
5,8354,166
5,8355,96
5,8356,57
5,8357,115
5,8358,103
5,8359,58
5,8360,166
5,8361,58
5,8362,109
5,8363,121
5,8364,128
5,8365,102
5,8366,96
5,8367,115
5,8368,218
5,8369,602
5,8370,122
5,8371,64
5,8372,153
5,8373,57
5,8374,83
5,8375,147
5,8376,45
5,8377,153
5,8378,109
5,8379,96
5,8380,64
5,8381,135
5,8382,153
5,8383,339
5,8384,109
5,8385,-58
5,8386,115
5,8387,64
5,8388,89
5,8389,64
5,8390,166
5,8391,70
5,8392,122
5,8393,19
5,8394,83
5,8395,115
5,8396,134
5,8397,109
5,8398,70
5,8399,103
5,8400,205
5,8401,103
5,8402,122
5,8403,51
5,8404,167
5,8405,-58
5,8406,128
5,8407,96
5,8408,83
5,8409,45
5,8410,115
5,8411,64
5,8412,166
5,8413,38
5,8414,26
5,8415,320
5,8416,77
5,8417,147
5,8418,96
5,8419,154
5,8420,96
5,8421,154
5,8422,205
5,8423,32
5,8424,141
5,8425,51
5,8426,90
5,8427,13
5,8428,71
5,8429,57
5,8430,179
5,8431,89
5,8432,160
5,8433,84
5,8434,122
5,8435,173
5,8436,166
5,8437,109
5,8438,211
5,8439,96
5,8440,122
5,8441,-6
5,8442,102
5,8443,-45
5,8444,108
5,8445,45
5,8446,76
5,8447,76
5,8448,57
5,8449,103
5,8450,141
5,8451,96
5,8452,58
5,8453,64
5,8454,26
5,8455,64
5,8456,64
5,8457,198
5,8458,122
5,8459,166
5,8460,160
5,8461,70
5,8462,160
5,8463,90
5,8464,83
5,8465,121
5,8466,205
5,8467,45
5,8468,-38
5,8469,71
5,8470,109
5,8471,70
5,8472,160
5,8473,135
5,8474,-64
5,8475,154
5,8476,166
5,8477,109
5,8478,83
5,8479,90
5,8480,70
5,8481,64
5,8482,64
5,8483,64
5,8484,-44
5,8485,71
5,8486,173
5,8487,96
5,8488,38
5,8489,115
5,8490,64
5,8491,77
5,8492,173
5,8493,96
5,8494,166
5,8495,128
5,8496,153
5,8497,64
5,8498,160
5,8499,64
5,8500,77
5,8501,51
5,8502,217
5,8503,26
5,8504,103
5,8505,172
5,8506,141
5,8507,115
5,8508,198
5,8509,64
5,8510,179
5,8511,83
5,8512,51
5,8513,135
5,8514,154
5,8515,96
5,8516,71
5,8517,51
5,8518,64
5,8519,128
5,8520,45
5,8521,51
5,8522,109
5,8523,128
5,8524,173
5,8525,-39
5,8526,90
5,8527,76
5,8528,134
5,8529,128
5,8530,64
5,8531,109
5,8532,121
5,8533,64
5,8534,90
5,8535,70
5,8536,147
5,8537,-39
5,8538,64
5,8539,83
5,8540,70
5,8541,64
5,8542,96
5,8543,167
5,8544,77
5,8545,32
5,8546,70
5,8547,90
5,8548,140
5,8549,45
5,8550,135
5,8551,103
5,8552,160
5,8553,-32
5,8554,243
5,8555,116
5,8556,134
5,8557,58
5,8558,371
5,8559,108
5,8560,90
5,8561,89
5,8562,173
5,8563,13
5,8564,134
5,8565,64
5,8566,160
5,8567,71
5,8568,115
5,8569,186
5,8570,141
5,8571,83
5,8572,794
5,8573,140
5,8574,71
5,8575,77
5,8576,128
5,8577,45
5,8578,173
5,8579,77
5,8580,70
5,8581,83
5,8582,134
5,8583,109
5,8584,116
5,8585,806
5,8586,-64
5,8587,774
5,8588,128
5,8589,64
5,8590,128
5,8591,147
5,8592,96
5,8593,76
5,8594,115
5,8595,45
5,8596,134
5,8597,51
5,8598,77
5,8599,25
5,8600,71
5,8601,371
5,8602,70
5,8603,76
5,8604,57
5,8605,102
5,8606,135
5,8607,83
5,8608,38
5,8609,51
5,8610,141
5,8611,19
5,8612,102
5,8613,32
5,8614,218
5,8615,64
5,8616,64
5,8617,51
5,8618,109
5,8619,58
5,8620,128
5,8621,89
5,8622,179
5,8623,71
5,8624,102
5,8625,-32
5,8626,51
5,8627,70
5,8628,38
5,8629,58
5,8630,102
5,8631,128
5,8632,57
5,8633,51
5,8634,-38
5,8635,128
5,8636,102
5,8637,96
5,8638,32
5,8639,96
5,8640,64
5,8641,109
5,8642,64
5,8643,148
5,8644,109
5,8645,77
5,8646,128
5,8647,172
5,8648,96
5,8649,109
5,8650,115
5,8651,70
5,8652,32
5,8653,51
5,8654,96
5,8655,76
5,8656,77
5,8657,57
5,8658,128
5,8659,64
5,8660,-32
5,8661,96
5,8662,198
5,8663,173
5,8664,148
5,8665,32
5,8666,172
5,8667,58
5,8668,128
5,8669,57
5,8670,180
5,8671,121
5,8672,179
5,8673,153
5,8674,217
5,8675,173
5,8676,192
5,8677,109
5,8678,160
5,8679,154
5,8680,160
5,8681,-38
5,8682,108
5,8683,121
5,8684,64
5,8685,128
5,8686,160
5,8687,83
5,8688,38
5,8689,115
5,8690,249
5,8691,115
5,8692,167
5,8693,64
5,8694,179
5,8695,128
5,8696,71
5,8697,58
5,8698,122
5,8699,19
5,8700,58
5,8701,70
5,8702,115
5,8703,71
5,8704,115
5,8705,96
5,8706,64
5,8707,25
5,8708,-45
5,8709,70
5,8710,198
5,8711,51
5,8712,109
5,8713,70
5,8714,180
5,8715,64
5,8716,154
5,8717,-51
5,8718,230
5,8719,102
5,8720,128
5,8721,141
5,8722,109
5,8723,52
5,8724,64
5,8725,45
5,8726,115
5,8727,57
5,8728,179
5,8729,160
5,8730,134
5,8731,116
5,8732,173
5,8733,102
5,8734,199
5,8735,102
5,8736,51
5,8737,38
5,8738,64
5,8739,77
5,8740,173
5,8741,83
5,8742,96
5,8743,121
5,8744,109
5,8745,128
5,8746,134
5,8747,115
5,8748,122
5,8749,57
5,8750,115
5,8751,268
5,8752,140
5,8753,121
5,8754,134
5,8755,19
5,8756,38
5,8757,58
5,8758,77
5,8759,32
5,8760,32
5,8761,116
5,8762,167
5,8763,160
5,8764,64
5,8765,70
5,8766,179
5,8767,141
5,8768,96
5,8769,352
5,8770,103
5,8771,109
5,8772,115
5,8773,147
5,8774,70
5,8775,58
5,8776,70
5,8777,58
5,8778,199
5,8779,166
5,8780,128
5,8781,38
5,8782,166
5,8783,45
5,8784,314
5,8785,166
5,8786,141
5,8787,122
5,8788,122
5,8789,45
5,8790,244
5,8791,70
5,8792,134
5,8793,51
5,8794,160
5,8795,58
5,8796,109
5,8797,45
5,8798,58
5,8799,-250
5,8800,-13
5,8801,122
5,8802,166
5,8803,115
5,8804,58
5,8805,57
5,8806,-38
5,8807,71
5,8808,51
5,8809,134
5,8810,89
5,8811,77
5,8812,57
5,8813,71
5,8814,77
5,8815,64
5,8816,51
5,8817,109
5,8818,180
5,8819,90
5,8820,90
5,8821,77
5,8822,205
5,8823,96
5,8824,58
5,8825,102
5,8826,121
5,8827,115
5,8828,819
5,8829,140
5,8830,211
5,8831,115
5,8832,51
5,8833,58
5,8834,70
5,8835,109
5,8836,26
5,8837,77
5,8838,-38
5,8839,128
5,8840,121
5,8841,58
5,8842,768
5,8843,269
5,8844,-38
5,8845,122
5,8846,96
5,8847,84
5,8848,64
5,8849,44
5,8850,52
5,8851,19
5,8852,32
5,8853,32
5,8854,58
5,8855,25
5,8856,45
5,8857,109
5,8858,122
5,8859,-38
5,8860,70
5,8861,147
5,8862,179
5,8863,108
5,8864,70
5,8865,64
5,8866,173
5,8867,13
5,8868,58
5,8869,128
5,8870,141
5,8871,103
5,8872,26
5,8873,115
5,8874,211
5,8875,70
5,8876,-38
5,8877,103
5,8878,116
5,8879,122
5,8880,64
5,8881,52
5,8882,179
5,8883,25
5,8884,58
5,8885,51
5,8886,166
5,8887,71
5,8888,115
5,8889,58
5,8890,212
5,8891,121
5,8892,108
5,8893,64
5,8894,160
5,8895,128
5,8896,64
5,8897,-32
5,8898,147
5,8899,51
5,8900,51
5,8901,141
5,8902,64
5,8903,121
5,8904,115
5,8905,109
5,8906,269
5,8907,-70
5,8908,57
5,8909,84
5,8910,199
5,8911,-39
5,8912,83
5,8913,64
5,8914,51
5,8915,58
5,8916,70
5,8917,58
5,8918,71
5,8919,122
5,8920,83
5,8921,26
5,8922,115
5,8923,51
5,8924,26
5,8925,154
5,8926,51
5,8927,77
5,8928,83
5,8929,135
5,8930,64
5,8931,141
5,8932,52
5,8933,44
5,8934,121
5,8935,51
5,8936,64
5,8937,44
5,8938,172
5,8939,32
5,8940,64
5,8941,51
5,8942,172
5,8943,103
5,8944,108
5,8945,70
5,8946,179
5,8947,166
5,8948,371
5,8949,103
5,8950,224
5,8951,167
5,8952,83
5,8953,70
5,8954,108
5,8955,13
5,8956,57
5,8957,51
5,8958,115
5,8959,115
5,8960,115
5,8961,71
5,8962,64
5,8963,70
5,8964,57
5,8965,128
5,8966,160
5,8967,116
5,8968,109
5,8969,154
5,8970,122
5,8971,103
5,8972,122
5,8973,57
5,8974,205
5,8975,102
5,8976,96
5,8977,102
5,8978,154
5,8979,45
5,8980,45
5,8981,141
5,8982,57
5,8983,57
5,8984,57
5,8985,57
5,8986,192
5,8987,70
5,8988,108
5,8989,58
5,8990,154
5,8991,76
5,8992,57
5,8993,102
5,8994,153
5,8995,64
5,8996,71
5,8997,90
5,8998,167
5,8999,64
5,9000,64
5,9001,109
5,9002,211
5,9003,71
5,9004,90
5,9005,109
5,9006,115
5,9007,32
5,9008,45
5,9009,96
5,9010,128
5,9011,-32
5,9012,134
5,9013,115
5,9014,166
5,9015,57
5,9016,58
5,9017,115
5,9018,192
5,9019,102
5,9020,109
5,9021,77
5,9022,217
5,9023,89
5,9024,102
5,9025,19
5,9026,58
5,9027,-45
5,9028,134
5,9029,58
5,9030,166
5,9031,45
5,9032,359
5,9033,71
5,9034,179
5,9035,64
5,9036,77
5,9037,32
5,9038,243
5,9039,121
5,9040,109
5,9041,103
5,9042,160
5,9043,77
5,9044,32
5,9045,32
5,9046,58
5,9047,83
5,9048,109
5,9049,89
5,9050,192
5,9051,26
5,9052,-32
5,9053,102
5,9054,166
5,9055,70
5,9056,121
5,9057,102
5,9058,154
5,9059,109
5,9060,109
5,9061,51
5,9062,192
5,9063,70
5,9064,320
5,9065,96
5,9066,186
5,9067,122
5,9068,77
5,9069,58
5,9070,237
5,9071,121
5,9072,64
5,9073,76
5,9074,134
5,9075,51
5,9076,52
5,9077,77
5,9078,224
5,9079,64
5,9080,45
5,9081,128
5,9082,77
5,9083,121
5,9084,800
5,9085,57
5,9086,128
5,9087,115
5,9088,153
5,9089,57
5,9090,211
5,9091,26
5,9092,-51
5,9093,51
5,9094,109
5,9095,19
5,9096,109
5,9097,806
5,9098,173
5,9099,774
5,9100,135
5,9101,51
5,9102,249
5,9103,121
5,9104,77
5,9105,58
5,9106,134
5,9107,58
5,9108,77
5,9109,83
5,9110,179
5,9111,109
5,9112,57
5,9113,51
5,9114,173
5,9115,109
5,9116,154
5,9117,115
5,9118,198
5,9119,116
5,9120,64
5,9121,103
5,9122,326
5,9123,13
5,9124,45
5,9125,160
5,9126,166
5,9127,109
5,9128,64
5,9129,64
5,9130,166
5,9131,84
5,9132,90
5,9133,83
5,9134,89
5,9135,64
5,9136,109
5,9137,44
5,9138,64
5,9139,-26
5,9140,45
5,9141,51
5,9142,25
5,9143,-38
5,9144,115
5,9145,-51
5,9146,166
5,9147,173
5,9148,84
5,9149,109
5,9150,102
5,9151,70
5,9152,179
5,9153,103
5,9154,179
5,9155,109
5,9156,64
5,9157,147
5,9158,205
5,9159,128
5,9160,109
5,9161,64
5,9162,134
5,9163,64
5,9164,64
5,9165,103
5,9166,103
5,9167,102
5,9168,77
5,9169,83
5,9170,167
5,9171,115
5,9172,71
5,9173,134
5,9174,301
5,9175,-70
5,9176,96
5,9177,109
5,9178,154
5,9179,-20
5,9180,64
5,9181,45
5,9182,218
5,9183,115
5,9184,77
5,9185,71
5,9186,326
5,9187,89
5,9188,121
5,9189,58
5,9190,166
5,9191,96
5,9192,115
5,9193,51
5,9194,96
5,9195,51
5,9196,64
5,9197,499
5,9198,51
5,9199,26
5,9200,51
5,9201,51
5,9202,166
5,9203,58
5,9204,153
5,9205,103
5,9206,173
5,9207,90
5,9208,45
5,9209,83
5,9210,26
5,9211,57
5,9212,45
5,9213,32
5,9214,64
5,9215,19
5,9216,51
5,9217,57
5,9218,115
5,9219,32
5,9220,57
5,9221,19
5,9222,96
5,9223,70
5,9224,122
5,9225,108
5,9226,121
5,9227,166
5,9228,166
5,9229,122
5,9230,128
5,9231,64
5,9232,128
5,9233,352
5,9234,166
5,9235,58
5,9236,147
5,9237,19
5,9238,141
5,9239,128
5,9240,77
5,9241,57
5,9242,160
5,9243,122
5,9244,109
5,9245,89
5,9246,32
5,9247,122
5,9248,109
5,9249,26
5,9250,103
5,9251,64
5,9252,83
5,9253,109
5,9254,249
5,9255,103
5,9256,147
5,9257,198
5,9258,173
5,9259,166
5,9260,135
5,9261,58
5,9262,77
5,9263,58
5,9264,39
5,9265,109
5,9266,148
5,9267,77
5,9268,116
5,9269,148
5,9270,115
5,9271,45
5,9272,102
5,9273,128
5,9274,108
5,9275,102
5,9276,192
5,9277,39
5,9278,71
5,9279,52
5,9280,103
5,9281,57
5,9282,160
5,9283,109
5,9284,172
5,9285,-26
5,9286,166
5,9287,77
5,9288,167
5,9289,166
5,9290,153
5,9291,57
5,9292,77
5,9293,58
5,9294,52
5,9295,64
5,9296,-45
5,9297,-26
5,9298,230
5,9299,134
5,9300,166
5,9301,121
5,9302,134
5,9303,141
5,9304,192
5,9305,51
5,9306,32
5,9307,58
5,9308,173
5,9309,26
5,9310,192
5,9311,58
5,9312,20
5,9313,160
5,9314,77
5,9315,64
5,9316,122
5,9317,-135
5,9318,134
5,9319,141
5,9320,180
5,9321,84
5,9322,115
5,9323,64
5,9324,147
5,9325,32
5,9326,186
5,9327,32
5,9328,109
5,9329,-32
5,9330,-25
5,9331,160
5,9332,70
5,9333,64
5,9334,96
5,9335,77
5,9336,83
5,9337,57
5,9338,141
5,9339,32
5,9340,787
5,9341,51
5,9342,51
5,9343,103
5,9344,166
5,9345,52
5,9346,109
5,9347,64
5,9348,45
5,9349,45
5,9350,109
5,9351,64
5,9352,71
5,9353,51
5,9354,787
5,9355,147
5,9356,71
5,9357,109
5,9358,121
5,9359,109
5,9360,90
5,9361,26
5,9362,173
5,9363,71
5,9364,77
5,9365,32
5,9366,64
5,9367,102
5,9368,166
5,9369,51
5,9370,141
5,9371,83
5,9372,103
5,9373,102
5,9374,115
5,9375,211
5,9376,109
5,9377,141
5,9378,160
5,9379,39
5,9380,57
5,9381,109
5,9382,76
5,9383,102
5,9384,166
5,9385,192
5,9386,115
5,9387,103
5,9388,71
5,9389,108
5,9390,90
5,9391,141
5,9392,115
5,9393,64
5,9394,141
5,9395,32
5,9396,77
5,9397,96
5,9398,90
5,9399,141
5,9400,57
5,9401,180
5,9402,172
5,9403,134
5,9404,109
5,9405,358
5,9406,173
5,9407,51
5,9408,90
5,9409,71
5,9410,154
5,9411,51
5,9412,64
5,9413,96
5,9414,96
5,9415,51
5,9416,122
5,9417,58
5,9418,154
5,9419,26
5,9420,109
5,9421,64
5,9422,153
5,9423,-45
5,9424,186
5,9425,128
5,9426,192
5,9427,58
5,9428,71
5,9429,109
5,9430,205
5,9431,134
5,9432,108
5,9433,102
5,9434,58
5,9435,32
5,9436,6
5,9437,58
5,9438,77
5,9439,109
5,9440,109
5,9441,128
5,9442,160
5,9443,147
5,9444,121
5,9445,103
5,9446,166
5,9447,256
5,9448,166
5,9449,64
5,9450,-204
5,9451,25
5,9452,77
5,9453,51
5,9454,166
5,9455,77
5,9456,71
5,9457,64
5,9458,326
5,9459,128
5,9460,76
5,9461,57
5,9462,64
5,9463,147
5,9464,90
5,9465,77
5,9466,128
5,9467,96
5,9468,154
5,9469,102
5,9470,64
5,9471,109
5,9472,109
5,9473,70
5,9474,135
5,9475,-13
5,9476,51
5,9477,25
5,9478,-45
5,9479,96
5,9480,-58
5,9481,71
5,9482,121
5,9483,173
5,9484,128
5,9485,237
5,9486,180
5,9487,147
5,9488,70
5,9489,103
5,9490,77
5,9491,218
5,9492,70
5,9493,45
5,9494,25
5,9495,83
5,9496,160
5,9497,57
5,9498,122
5,9499,103
5,9500,134
5,9501,58
5,9502,89
5,9503,32
5,9504,96
5,9505,77
5,9506,52
5,9507,13
5,9508,26
5,9509,39
5,9510,103
5,9511,83
5,9512,83
5,9513,102
5,9514,148
5,9515,71
5,9516,173
5,9517,96
5,9518,102
5,9519,103
5,9520,70
5,9521,64
5,9522,147
5,9523,70
5,9524,96
5,9525,57
5,9526,77
5,9527,76
5,9528,77
5,9529,70
5,9530,166
5,9531,115
5,9532,77
5,9533,58
5,9534,109
5,9535,26
5,9536,96
5,9537,26
5,9538,64
5,9539,90
5,9540,198
5,9541,51
5,9542,-32
5,9543,64
5,9544,384
5,9545,58
5,9546,173
5,9547,128
5,9548,154
5,9549,147
5,9550,192
5,9551,121
5,9552,64
5,9553,96
5,9554,-25
5,9555,160
5,9556,64
5,9557,134
5,9558,45
5,9559,103
5,9560,166
5,9561,198
5,9562,83
5,9563,103
5,9564,102
5,9565,109
5,9566,64
5,9567,83
5,9568,64
5,9569,115
5,9570,134
5,9571,64
5,9572,358
5,9573,96
5,9574,77
5,9575,64
5,9576,58
5,9577,96
5,9578,154
5,9579,89
5,9580,57
5,9581,352
5,9582,173
5,9583,141
5,9584,186
5,9585,83
5,9586,102
5,9587,186
5,9588,109
5,9589,58
5,9590,-25
5,9591,51
5,9592,83
5,9593,102
5,9594,108
5,9595,141
5,9596,806
5,9597,211
5,9598,77
5,9599,96
5,9600,64
5,9601,83
5,9602,70
5,9603,32
5,9604,57
5,9605,198
5,9606,345
5,9607,128
5,9608,153
5,9609,839
5,9610,244
5,9611,762
5,9612,121
5,9613,96
5,9614,173
5,9615,64
5,9616,116
5,9617,38
5,9618,77
5,9619,70
5,9620,-26
5,9621,346
5,9622,83
5,9623,64
5,9624,96
5,9625,-26
5,9626,141
5,9627,109
5,9628,84
5,9629,128
5,9630,153
5,9631,64
5,9632,212
5,9633,300
5,9634,109
5,9635,-32
5,9636,45
5,9637,76
5,9638,-64
5,9639,70
5,9640,71
5,9641,58
5,9642,83
5,9643,115
5,9644,71
5,9645,71
5,9646,135
5,9647,70
5,9648,83
5,9649,102
5,9650,96
5,9651,102
5,9652,57
5,9653,109
5,9654,122
5,9655,121
5,9656,84
5,9657,-39
5,9658,71
5,9659,102
5,9660,108
5,9661,89
5,9662,173
5,9663,51
5,9664,160
5,9665,102
5,9666,-51
5,9667,96
5,9668,167
5,9669,83
5,9670,135
5,9671,71
5,9672,58
5,9673,102
5,9674,109
5,9675,45
5,9676,64
5,9677,90
5,9678,160
5,9679,237
5,9680,51
5,9681,83
5,9682,147
5,9683,121
5,9684,147
5,9685,103
5,9686,64
5,9687,141
5,9688,102
5,9689,89
5,9690,179
5,9691,83
5,9692,154
5,9693,26
5,9694,115
5,9695,352
5,9696,96
5,9697,89
5,9698,25
5,9699,109
5,9700,103
5,9701,153
5,9702,179
5,9703,103
5,9704,58
5,9705,96
5,9706,64
5,9707,70
5,9708,51
5,9709,19
5,9710,45
5,9711,148
5,9712,172
5,9713,77
5,9714,109
5,9715,141
5,9716,166
5,9717,57
5,9718,-25
5,9719,77
5,9720,102
5,9721,45
5,9722,103
5,9723,57
5,9724,122
5,9725,19
5,9726,109
5,9727,288
5,9728,109
5,9729,70
5,9730,134
5,9731,39
5,9732,122
5,9733,51
5,9734,173
5,9735,84
5,9736,122
5,9737,51
5,9738,64
5,9739,96
5,9740,115
5,9741,102
5,9742,121
5,9743,71
5,9744,90
5,9745,198
5,9746,84
5,9747,51
5,9748,44
5,9749,26
5,9750,160
5,9751,77
5,9752,90
5,9753,64
5,9754,109
5,9755,71
5,9756,103
5,9757,52
5,9758,115
5,9759,57
5,9760,-45
5,9761,70
5,9762,122
5,9763,57
5,9764,96
5,9765,38
5,9766,25
5,9767,109
5,9768,32
5,9769,108
5,9770,198
5,9771,102
5,9772,153
5,9773,71
5,9774,122
5,9775,-32
5,9776,84
5,9777,52
5,9778,148
5,9779,64
5,9780,76
5,9781,-51
5,9782,96
5,9783,32
5,9784,115
5,9785,76
5,9786,160
5,9787,109
5,9788,83
5,9789,64
5,9790,70
5,9791,44
5,9792,115
5,9793,115
5,9794,205
5,9795,96
5,9796,121
5,9797,57
5,9798,166
5,9799,102
5,9800,192
5,9801,358
5,9802,96
5,9803,121
5,9804,45
5,9805,51
5,9806,378
5,9807,-64
5,9808,154
5,9809,147
5,9810,128
5,9811,167
5,9812,71
5,9813,-38
5,9814,128
5,9815,147
5,9816,192
5,9817,32
5,9818,121
5,9819,109
5,9820,141
5,9821,58
5,9822,327
5,9823,26
5,9824,71
5,9825,-51
5,9826,173
5,9827,121
5,9828,224
5,9829,71
5,9830,77
5,9831,51
5,9832,103
5,9833,51
5,9834,154
5,9835,70
5,9836,154
5,9837,96
5,9838,173
5,9839,83
5,9840,83
5,9841,121
5,9842,71
5,9843,90
5,9844,102
5,9845,57
5,9846,173
5,9847,90
5,9848,173
5,9849,51
5,9850,173
5,9851,-58
5,9852,807
5,9853,83
5,9854,-52
5,9855,115
5,9856,70
5,9857,51
5,9858,205
5,9859,160
5,9860,-45
5,9861,39
5,9862,103
5,9863,116
5,9864,102
5,9865,167
5,9866,807
5,9867,160
5,9868,167
5,9869,205
5,9870,199
5,9871,70
5,9872,84
5,9873,90
5,9874,173
5,9875,103
5,9876,70
5,9877,51
5,9878,173
5,9879,83
5,9880,83
5,9881,153
5,9882,372
5,9883,122
5,9884,115
5,9885,83
5,9886,45
5,9887,102
5,9888,128
5,9889,45
5,9890,77
5,9891,109
5,9892,71
5,9893,58
5,9894,58
5,9895,19
5,9896,96
5,9897,58
5,9898,109
5,9899,89
5,9900,109
5,9901,77
5,9902,121
5,9903,64
5,9904,83
5,9905,25
5,9906,121
5,9907,77
5,9908,-26
5,9909,38
5,9910,71
5,9911,198
5,9912,121
5,9913,346
5,9914,172
5,9915,109
5,9916,121
5,9917,134
5,9918,173
5,9919,108
5,9920,58
5,9921,45
5,9922,313
5,9923,115
5,9924,89
5,9925,64
5,9926,211
5,9927,154
5,9928,115
5,9929,109
5,9930,359
5,9931,64
5,9932,108
5,9933,58
5,9934,134
5,9935,70
5,9936,109
5,9937,51
5,9938,186
5,9939,64
5,9940,45
5,9941,83
5,9942,115
5,9943,109
5,9944,77
5,9945,64
5,9946,141
5,9947,39
5,9948,45
5,9949,64
5,9950,179
5,9951,77
5,9952,64
5,9953,96
5,9954,173
5,9955,154
5,9956,167
5,9957,116
5,9958,192
5,9959,64
5,9960,199
5,9961,44
5,9962,115
5,9963,25
5,9964,153
5,9965,39
5,9966,134
5,9967,77
5,9968,90
5,9969,64
5,9970,269
5,9971,115
5,9972,96
5,9973,70
5,9974,199
5,9975,205
5,9976,-58
5,9977,96
5,9978,135
5,9979,64
5,9980,45
5,9981,77
5,9982,70
5,9983,96
5,9984,116
5,9985,70
5,9986,115
5,9987,96
5,9988,52
5,9989,71
5,9990,-45
5,9991,70
5,9992,173
5,9993,115
5,9994,173
5,9995,128
5,9996,109
5,9997,154
5,9998,204
5,9999,186
5,10000,58
5,10001,-7
5,10002,45
5,10003,57
5,10004,57
5,10005,115
5,10006,160
5,10007,77
5,10008,122
5,10009,179
5,10010,96
5,10011,102
5,10012,109
5,10013,77
5,10014,166
5,10015,108
5,10016,128
5,10017,51
5,10018,89
5,10019,57
5,10020,77
5,10021,115
5,10022,-39
5,10023,115
5,10024,122
5,10025,167
5,10026,109
5,10027,103
5,10028,109
5,10029,89
5,10030,58
5,10031,96
5,10032,70
5,10033,57
5,10034,77
5,10035,64
5,10036,160
5,10037,70
5,10038,26
5,10039,58
5,10040,166
5,10041,122
5,10042,115
5,10043,116
5,10044,365
5,10045,90
5,10046,121
5,10047,115
5,10048,51
5,10049,-6
5,10050,58
5,10051,57
5,10052,121
5,10053,96
5,10054,153
5,10055,70
5,10056,103
5,10057,83
5,10058,134
5,10059,115
5,10060,77
5,10061,160
5,10062,237
5,10063,-64
5,10064,173
5,10065,51
5,10066,70
5,10067,71
5,10068,70
5,10069,64
5,10070,83
5,10071,70
5,10072,269
5,10073,160
5,10074,64
5,10075,103
5,10076,45
5,10077,198
5,10078,64
5,10079,70
5,10080,76
5,10081,-6
5,10082,90
5,10083,121
5,10084,83
5,10085,71
5,10086,70
5,10087,70
5,10088,115
5,10089,96
5,10090,83
5,10091,103
5,10092,89
5,10093,102
5,10094,198
5,10095,109
5,10096,83
5,10097,51
5,10098,122
5,10099,102
5,10100,64
5,10101,96
5,10102,64
5,10103,57
5,10104,70
5,10105,58
5,10106,122
5,10107,64
5,10108,788
5,10109,109
5,10110,26
5,10111,64
5,10112,51
5,10113,70
5,10114,52
5,10115,58
5,10116,83
5,10117,268
5,10118,51
5,10119,64
5,10120,84
5,10121,787
5,10122,77
5,10123,755
5,10124,186
5,10125,243
5,10126,172
5,10127,108
5,10128,102
5,10129,102
5,10130,211
5,10131,64
5,10132,45
5,10133,160
5,10134,199
5,10135,57
5,10136,109
5,10137,102
5,10138,70
5,10139,217
5,10140,160
5,10141,147
5,10142,166
5,10143,160
5,10144,103
5,10145,26
5,10146,57
5,10147,51
5,10148,70
5,10149,20
5,10150,186
5,10151,135
5,10152,70
5,10153,45
5,10154,160
5,10155,102
5,10156,96
5,10157,140
5,10158,141
5,10159,128
5,10160,153
5,10161,45
5,10162,173
5,10163,45
5,10164,51
5,10165,102
5,10166,218
5,10167,77
5,10168,102
5,10169,199
5,10170,52
5,10171,122
5,10172,89
5,10173,102
5,10174,185
5,10175,128
5,10176,-44
5,10177,166
5,10178,198
5,10179,167
5,10180,64
5,10181,166
5,10182,39
5,10183,103
5,10184,64
5,10185,58
5,10186,148
5,10187,64
5,10188,109
5,10189,96
5,10190,166
5,10191,115
5,10192,128
5,10193,84
5,10194,115
5,10195,141
5,10196,128
5,10197,115
5,10198,109
5,10199,154
5,10200,109
5,10201,51
5,10202,365
5,10203,109
5,10204,-39
5,10205,51
5,10206,205
5,10207,71
5,10208,76
5,10209,148
5,10210,90
5,10211,140
5,10212,64
5,10213,115
5,10214,103
5,10215,109
5,10216,64
5,10217,64
5,10218,109
5,10219,141
5,10220,51
5,10221,64
5,10222,116
5,10223,-64
5,10224,45
5,10225,96
5,10226,71
5,10227,128
5,10228,167
5,10229,71
5,10230,103
5,10231,51
5,10232,122
5,10233,64
5,10234,52
5,10235,64
5,10236,109
5,10237,166
5,10238,77
5,10239,51
5,10240,64
5,10241,103
5,10242,83
5,10243,25
5,10244,58
5,10245,25
5,10246,58
5,10247,116
5,10248,77
5,10249,77
5,10250,134
5,10251,115
5,10252,77
5,10253,96
5,10254,166
5,10255,51
5,10256,103
5,10257,96
5,10258,83
5,10259,44
5,10260,147
5,10261,64
5,10262,103
5,10263,77
5,10264,77
5,10265,346
5,10266,147
5,10267,122
5,10268,115
5,10269,70
5,10270,83
5,10271,192
5,10272,51
5,10273,83
5,10274,102
5,10275,26
5,10276,32
5,10277,64
5,10278,83
5,10279,122
5,10280,51
5,10281,77
5,10282,109
5,10283,-64
5,10284,84
5,10285,147
5,10286,172
5,10287,96
5,10288,84
5,10289,58
5,10290,57
5,10291,276
5,10292,217
5,10293,64
5,10294,70
5,10295,32
5,10296,51
5,10297,122
5,10298,70
5,10299,154
5,10300,45
5,10301,64
5,10302,77
5,10303,-38
5,10304,83
5,10305,115
5,10306,115
5,10307,109
5,10308,115
5,10309,51
5,10310,71
5,10311,115
5,10312,365
5,10313,64
5,10314,115
5,10315,77
5,10316,13
5,10317,58
5,10318,57
5,10319,64
5,10320,83
5,10321,160
5,10322,122
5,10323,128
5,10324,358
5,10325,103
5,10326,51
5,10327,70
5,10328,121
5,10329,58
5,10330,128
5,10331,84
5,10332,102
5,10333,134
5,10334,-64
5,10335,44
5,10336,32
5,10337,103
5,10338,166
5,10339,141
5,10340,122
5,10341,51
5,10342,211
5,10343,83
5,10344,32
5,10345,160
5,10346,25
5,10347,51
5,10348,160
5,10349,160
5,10350,-32
5,10351,64
5,10352,115
5,10353,147
5,10354,179
5,10355,160
5,10356,-51
5,10357,84
5,10358,108
5,10359,64
5,10360,64
5,10361,121
5,10362,109
5,10363,58
5,10364,832
5,10365,70
5,10366,51
5,10367,52
5,10368,71
5,10369,32
5,10370,64
5,10371,96
5,10372,32
5,10373,70
5,10374,64
5,10375,25
5,10376,71
5,10377,403
5,10378,768
5,10379,186
5,10380,115
5,10381,263
5,10382,64
5,10383,71
5,10384,109
5,10385,45
5,10386,64
5,10387,70
5,10388,108
5,10389,64
5,10390,173
5,10391,58
5,10392,45
5,10393,160
5,10394,205
5,10395,115
5,10396,70
5,10397,154
5,10398,160
5,10399,141
5,10400,64
5,10401,32
5,10402,51
5,10403,256
5,10404,26
5,10405,51
5,10406,160
5,10407,64
5,10408,45
5,10409,211
5,10410,115
5,10411,57
5,10412,51
5,10413,64
5,10414,109
5,10415,103
5,10416,160
5,10417,160
5,10418,70
5,10419,122
5,10420,172
5,10421,57
5,10422,167
5,10423,51
5,10424,70
5,10425,45
5,10426,160
5,10427,44
5,10428,102
5,10429,173
5,10430,185
5,10431,64
5,10432,167
5,10433,90
5,10434,141
5,10435,64
5,10436,115
5,10437,102
5,10438,90
5,10439,84
5,10440,141
5,10441,19
5,10442,32
5,10443,57
5,10444,90
5,10445,128
5,10446,180
5,10447,58
5,10448,77
5,10449,102
5,10450,116
5,10451,115
5,10452,71
5,10453,108
5,10454,96
5,10455,71
5,10456,64
5,10457,134
5,10458,19
5,10459,-250
5,10460,32
5,10461,83
5,10462,83
5,10463,57
5,10464,76
5,10465,108
5,10466,192
5,10467,122
5,10468,147
5,10469,109
5,10470,204
5,10471,64
5,10472,102
5,10473,51
5,10474,70
5,10475,122
5,10476,44
5,10477,32
5,10478,71
5,10479,128
5,10480,64
5,10481,109
5,10482,173
5,10483,103
5,10484,116
5,10485,77
5,10486,192
5,10487,109
5,10488,64
5,10489,39
5,10490,134
5,10491,26
5,10492,44
5,10493,64
5,10494,166
5,10495,77
5,10496,231
5,10497,58
5,10498,371
5,10499,26
5,10500,57
5,10501,89
5,10502,77
5,10503,128
5,10504,64
5,10505,154
5,10506,173
5,10507,135
5,10508,115
5,10509,96
5,10510,160
5,10511,134
5,10512,166
5,10513,71
5,10514,77
5,10515,103
5,10516,51
5,10517,-19
5,10518,128
5,10519,64
5,10520,32
5,10521,51
5,10522,121
5,10523,147
5,10524,166
5,10525,57
5,10526,32
5,10527,57
5,10528,64
5,10529,25
5,10530,352
5,10531,115
5,10532,115
5,10533,141
5,10534,44
5,10535,103
5,10536,122
5,10537,147
5,10538,122
5,10539,102
5,10540,217
5,10541,70
5,10542,70
5,10543,71
5,10544,-13
5,10545,141
5,10546,57
5,10547,64
5,10548,64
5,10549,57
5,10550,71
5,10551,57
5,10552,64
5,10553,109
5,10554,186
5,10555,64
5,10556,-52
5,10557,128
5,10558,51
5,10559,64
5,10560,84
5,10561,57
5,10562,103
5,10563,64
5,10564,71
5,10565,77
5,10566,83
5,10567,26
5,10568,89
5,10569,128
5,10570,115
5,10571,52
5,10572,51
5,10573,90
5,10574,51
5,10575,160
5,10576,51
5,10577,-32
5,10578,121
5,10579,109
5,10580,64
5,10581,57
5,10582,531
5,10583,116
5,10584,102
5,10585,198
5,10586,-32
5,10587,128
5,10588,128
5,10589,45
5,10590,25
5,10591,89
5,10592,64
5,10593,83
5,10594,211
5,10595,70
5,10596,89
5,10597,467
5,10598,160
5,10599,57
5,10600,115
5,10601,96
5,10602,186
5,10603,71
5,10604,77
5,10605,96
5,10606,166
5,10607,-57
5,10608,134
5,10609,109
5,10610,77
5,10611,109
5,10612,102
5,10613,109
5,10614,179
5,10615,109
5,10616,77
5,10617,115
5,10618,84
5,10619,-45
5,10620,813
5,10621,77
5,10622,96
5,10623,26
5,10624,57
5,10625,51
5,10626,51
5,10627,70
5,10628,70
5,10629,-26
5,10630,-51
5,10631,64
5,10632,89
5,10633,800
5,10634,90
5,10635,806
5,10636,115
5,10637,154
5,10638,109
5,10639,109
5,10640,108
5,10641,51
5,10642,45
5,10643,58
5,10644,38
5,10645,57
5,10646,167
5,10647,115
5,10648,314
5,10649,51
5,10650,172
5,10651,122
5,10652,70
5,10653,141
5,10654,115
5,10655,205
5,10656,70
5,10657,-39
5,10658,89
5,10659,-26
5,10660,103
5,10661,64
5,10662,64
5,10663,45
5,10664,51
5,10665,102
5,10666,77
5,10667,83
5,10668,115
5,10669,359
5,10670,167
5,10671,84
5,10672,103
5,10673,45
5,10674,19
5,10675,25
5,10676,64
5,10677,102
5,10678,51
5,10679,19
5,10680,51
5,10681,102
5,10682,121
5,10683,102
5,10684,83
5,10685,77
5,10686,103
5,10687,115
5,10688,116
5,10689,70
5,10690,167
5,10691,115
5,10692,122
5,10693,141
5,10694,64
5,10695,109
5,10696,102
5,10697,58
5,10698,32
5,10699,19
5,10700,25
5,10701,45
5,10702,384
5,10703,70
5,10704,96
5,10705,77
5,10706,147
5,10707,57
5,10708,212
5,10709,179
5,10710,154
5,10711,109
5,10712,122
5,10713,89
5,10714,108
5,10715,115
5,10716,39
5,10717,90
5,10718,64
5,10719,102
5,10720,32
5,10721,64
5,10722,154
5,10723,102
5,10724,333
5,10725,192
5,10726,70
5,10727,134
5,10728,147
5,10729,109
5,10730,70
5,10731,134
5,10732,89
5,10733,64
5,10734,179
5,10735,122
5,10736,134
5,10737,83
5,10738,115
5,10739,108
5,10740,166
5,10741,77
5,10742,141
5,10743,109
5,10744,109
5,10745,76
5,10746,71
5,10747,102
5,10748,166
5,10749,186
5,10750,371
5,10751,32
5,10752,57
5,10753,45
5,10754,122
5,10755,64
5,10756,58
5,10757,96
5,10758,135
5,10759,70
5,10760,102
5,10761,109
5,10762,-51
5,10763,108
5,10764,103
5,10765,224
5,10766,32
5,10767,45
5,10768,57
5,10769,52
5,10770,32
5,10771,-25
5,10772,64
5,10773,109
5,10774,52
5,10775,26
5,10776,38
5,10777,141
5,10778,128
5,10779,128
5,10780,70
5,10781,141
5,10782,64
5,10783,109
5,10784,32
5,10785,57
5,10786,51
5,10787,45
5,10788,102
5,10789,45
5,10790,52
5,10791,44
5,10792,96
5,10793,108
5,10794,-32
5,10795,25
5,10796,115
5,10797,96
5,10798,102
5,10799,70
5,10800,116
5,10801,173
5,10802,115
5,10803,32
5,10804,102
5,10805,109
5,10806,44
5,10807,115
5,10808,121
5,10809,121
5,10810,109
5,10811,19
5,10812,96
5,10813,102
5,10814,38
5,10815,89
5,10816,70
5,10817,96
5,10818,109
5,10819,115
5,10820,77
5,10821,77
5,10822,179
5,10823,116
5,10824,58
5,10825,45
5,10826,70
5,10827,25
5,10828,84
5,10829,58
5,10830,-116
5,10831,83
5,10832,32
5,10833,90
5,10834,89
5,10835,249
5,10836,115
5,10837,147
5,10838,83
5,10839,89
5,10840,64
5,10841,154
5,10842,32
5,10843,115
5,10844,58
5,10845,58
5,10846,109
5,10847,154
5,10848,77
5,10849,64
5,10850,140
5,10851,173
5,10852,-44
5,10853,148
5,10854,147
5,10855,64
5,10856,44
5,10857,90
5,10858,109
5,10859,64
5,10860,154
5,10861,148
5,10862,141
5,10863,83
5,10864,122
5,10865,128
5,10866,128
5,10867,-39
5,10868,179
5,10869,205
5,10870,166
5,10871,64
5,10872,52
5,10873,134
5,10874,173
5,10875,77
5,10876,812
5,10877,51
5,10878,70
5,10879,64
5,10880,58
5,10881,109
5,10882,32
5,10883,134
5,10884,51
5,10885,51
5,10886,333
5,10887,89
5,10888,64
5,10889,25
5,10890,780
5,10891,102
5,10892,109
5,10893,116
5,10894,115
5,10895,83
5,10896,103
5,10897,160
5,10898,102
5,10899,26
5,10900,128
5,10901,102
5,10902,83
5,10903,90
5,10904,102
5,10905,128
5,10906,198
5,10907,116
5,10908,96
5,10909,-26
5,10910,192
5,10911,154
5,10912,13
5,10913,128
5,10914,-19
5,10915,122
5,10916,58
5,10917,134
5,10918,179
5,10919,26
5,10920,77
5,10921,109
5,10922,205
5,10923,115
5,10924,250
5,10925,108
5,10926,122
5,10927,115
5,10928,141
5,10929,25
5,10930,64
5,10931,64
5,10932,77
5,10933,64
5,10934,115
5,10935,134
5,10936,71
5,10937,109
5,10938,122
5,10939,115
5,10940,58
5,10941,102
5,10942,147
5,10943,160
5,10944,205
5,10945,103
5,10946,147
5,10947,-19
5,10948,96
5,10949,102
5,10950,108
5,10951,-32
5,10952,186
5,10953,52
5,10954,192
5,10955,19
5,10956,128
5,10957,102
5,10958,32
5,10959,109
5,10960,90
5,10961,160
5,10962,109
5,10963,58
5,10964,115
5,10965,57
5,10966,148
5,10967,102
5,10968,71
5,10969,51
5,10970,45
5,10971,-32
5,10972,45
5,10973,32
5,10974,180
5,10975,71
5,10976,122
5,10977,96
5,10978,-25
5,10979,83
5,10980,109
5,10981,224
5,10982,77
5,10983,167
5,10984,51
5,10985,32
5,10986,84
5,10987,148
5,10988,141
5,10989,45
5,10990,96
5,10991,64
5,10992,-128
5,10993,70
5,10994,115
5,10995,173
5,10996,154
5,10997,51
5,10998,109
5,10999,83
5,11000,115
5,11001,83
5,11002,103
5,11003,83
5,11004,96
5,11005,109
5,11006,26
5,11007,89
5,11008,45
5,11009,-39
5,11010,128
5,11011,51
5,11012,39
5,11013,154
5,11014,153
5,11015,45
5,11016,45
5,11017,64
5,11018,173
5,11019,128
5,11020,109
5,11021,141
5,11022,211
5,11023,154
5,11024,141
5,11025,109
5,11026,77
5,11027,71
5,11028,58
5,11029,38
5,11030,58
5,11031,121
5,11032,45
5,11033,64
5,11034,147
5,11035,115
5,11036,154
5,11037,90
5,11038,26
5,11039,96
5,11040,109
5,11041,115
5,11042,122
5,11043,64
5,11044,121
5,11045,243
5,11046,70
5,11047,96
5,11048,116
5,11049,96
5,11050,160
5,11051,71
5,11052,160
5,11053,166
5,11054,172
5,11055,89
5,11056,128
5,11057,-57
5,11058,70
5,11059,45
5,11060,70
5,11061,83
5,11062,71
5,11063,109
5,11064,38
5,11065,109
5,11066,122
5,11067,141
5,11068,167
5,11069,57
5,11070,166
5,11071,89
5,11072,116
5,11073,-38
5,11074,90
5,11075,32
5,11076,26
5,11077,64
5,11078,154
5,11079,77
5,11080,64
5,11081,90
5,11082,25
5,11083,128
5,11084,64
5,11085,108
5,11086,51
5,11087,76
5,11088,32
5,11089,147
5,11090,51
5,11091,64
5,11092,122
5,11093,346
5,11094,77
5,11095,77
5,11096,102
5,11097,71
5,11098,128
5,11099,84
5,11100,358
5,11101,147
5,11102,-32
5,11103,83
5,11104,45
5,11105,70
5,11106,83
5,11107,58
5,11108,135
5,11109,326
5,11110,26
5,11111,147
5,11112,51
5,11113,84
5,11114,160
5,11115,-45
5,11116,96
5,11117,108
5,11118,70
5,11119,70
5,11120,108
5,11121,352
5,11122,57
5,11123,89
5,11124,115
5,11125,45
5,11126,19
5,11127,77
5,11128,96
5,11129,51
5,11130,58
5,11131,64
5,11132,787
5,11133,128
5,11134,-64
5,11135,77
5,11136,57
5,11137,38
5,11138,71
5,11139,71
5,11140,58
5,11141,115
5,11142,109
5,11143,64
5,11144,102
5,11145,832
5,11146,128
5,11147,794
5,11148,102
5,11149,141
5,11150,160
5,11151,116
5,11152,109
5,11153,102
5,11154,32
5,11155,64
5,11156,51
5,11157,96
5,11158,52
5,11159,83
5,11160,83
5,11161,167
5,11162,115
5,11163,-45
5,11164,128
5,11165,192
5,11166,141
5,11167,70
5,11168,77
5,11169,39
5,11170,77
5,11171,26
5,11172,70
5,11173,64
5,11174,70
5,11175,19
5,11176,58
5,11177,141
5,11178,166
5,11179,71
5,11180,115
5,11181,211
5,11182,167
5,11183,64
5,11184,103
5,11185,122
5,11186,32
5,11187,148
5,11188,32
5,11189,109
5,11190,64
5,11191,96
5,11192,154
5,11193,128
5,11194,192
5,11195,25
5,11196,64
5,11197,45
5,11198,90
5,11199,115
5,11200,134
5,11201,109
5,11202,204
5,11203,103
5,11204,-58
5,11205,173
5,11206,108
5,11207,128
5,11208,58
5,11209,217
5,11210,51
5,11211,-25
5,11212,32
5,11213,103
5,11214,102
5,11215,77
5,11216,64
5,11217,102
5,11218,179
5,11219,44
5,11220,90
5,11221,90
5,11222,83
5,11223,121
5,11224,128
5,11225,108
5,11226,32
5,11227,51
5,11228,64
5,11229,58
5,11230,160
5,11231,71
5,11232,70
5,11233,148
5,11234,109
5,11235,147
5,11236,135
5,11237,167
5,11238,147
5,11239,160
5,11240,57
5,11241,96
5,11242,89
5,11243,77
5,11244,64
5,11245,64
5,11246,-51
5,11247,128
5,11248,122
5,11249,109
5,11250,166
5,11251,108
5,11252,-13
5,11253,90
5,11254,160
5,11255,116
5,11256,-51
5,11257,-32
5,11258,185
5,11259,19
5,11260,64
5,11261,45
5,11262,70
5,11263,115
5,11264,58
5,11265,44
5,11266,83
5,11267,26
5,11268,32
5,11269,51
5,11270,122
5,11271,39
5,11272,103
5,11273,-116
5,11274,77
5,11275,57
5,11276,128
5,11277,58
5,11278,-19
5,11279,52
5,11280,115
5,11281,122
5,11282,77
5,11283,32
5,11284,-25
5,11285,108
5,11286,121
5,11287,77
5,11288,96
5,11289,115
5,11290,115
5,11291,134
5,11292,121
5,11293,115
5,11294,32
5,11295,64
5,11296,58
5,11297,64
5,11298,83
5,11299,135
5,11300,128
5,11301,90
5,11302,103
5,11303,32
5,11304,109
5,11305,160
5,11306,96
5,11307,70
5,11308,128
5,11309,-52
5,11310,102
5,11311,102
5,11312,89
5,11313,32
5,11314,83
5,11315,51
5,11316,58
5,11317,160
5,11318,103
5,11319,320
5,11320,96
5,11321,148
5,11322,109
5,11323,89
5,11324,205
5,11325,71
5,11326,103
5,11327,115
5,11328,64
5,11329,70
5,11330,166
5,11331,71
5,11332,180
5,11333,45
5,11334,51
5,11335,-64
5,11336,186
5,11337,51
5,11338,-26
5,11339,64
5,11340,211
5,11341,32
5,11342,32
5,11343,109
5,11344,51
5,11345,90
5,11346,198
5,11347,384
5,11348,77
5,11349,135
5,11350,128
5,11351,57
5,11352,141
5,11353,64
5,11354,71
5,11355,32
5,11356,116
5,11357,70
5,11358,128
5,11359,71
5,11360,64
5,11361,141
5,11362,154
5,11363,64
5,11364,153
5,11365,64
5,11366,77
5,11367,70
5,11368,199
5,11369,96
5,11370,25
5,11371,45
5,11372,39
5,11373,-20
5,11374,77
5,11375,122
5,11376,45
5,11377,308
5,11378,148
5,11379,205
5,11380,-39
5,11381,70
5,11382,64
5,11383,108
5,11384,45
5,11385,71
5,11386,173
5,11387,108
5,11388,813
5,11389,38
5,11390,51
5,11391,51
5,11392,115
5,11393,25
5,11394,58
5,11395,25
5,11396,58
5,11397,57
5,11398,153
5,11399,-70
5,11400,90
5,11401,275
5,11402,813
5,11403,147
5,11404,205
5,11405,51
5,11406,204
5,11407,103
5,11408,109
5,11409,58
5,11410,147
5,11411,-45
5,11412,122
5,11413,160
5,11414,103
5,11415,64
5,11416,134
5,11417,198
5,11418,115
5,11419,71
5,11420,359
5,11421,147
5,11422,128
5,11423,256
5,11424,70
5,11425,346
5,11426,173
5,11427,-45
5,11428,160
5,11429,134
5,11430,204
5,11431,109
5,11432,89
5,11433,71
5,11434,115
5,11435,76
5,11436,141
5,11437,71
5,11438,192
5,11439,103
5,11440,32
5,11441,141
5,11442,26
5,11443,109
5,11444,96
5,11445,84
5,11446,179
5,11447,108
5,11448,39
5,11449,160
5,11450,166
5,11451,83
5,11452,103
5,11453,141
5,11454,147
5,11455,71
5,11456,122
5,11457,83
5,11458,90
5,11459,64
5,11460,199
5,11461,109
5,11462,275
5,11463,115
5,11464,154
5,11465,160
5,11466,70
5,11467,52
5,11468,26
5,11469,58
5,11470,154
5,11471,32
5,11472,71
5,11473,64
5,11474,205
5,11475,58
5,11476,102
5,11477,109
5,11478,57
5,11479,160
5,11480,122
5,11481,52
5,11482,89
5,11483,90
5,11484,185
5,11485,83
5,11486,166
5,11487,96
5,11488,185
5,11489,96
5,11490,115
5,11491,109
5,11492,90
5,11493,83
5,11494,192
5,11495,83
5,11496,57
5,11497,76
5,11498,19
5,11499,51
5,11500,57
5,11501,45
5,11502,76
5,11503,96
5,11504,167
5,11505,70
5,11506,13
5,11507,108
5,11508,134
5,11509,83
5,11510,167
5,11511,115
5,11512,45
5,11513,116
5,11514,51
5,11515,256
5,11516,71
5,11517,38
5,11518,154
5,11519,103
5,11520,77
5,11521,320
5,11522,26
5,11523,58
5,11524,32
5,11525,108
5,11526,141
5,11527,122
5,11528,134
5,11529,147
5,11530,121
5,11531,121
5,11532,109
5,11533,58
5,11534,-26
5,11535,275
5,11536,102
5,11537,64
5,11538,45
5,11539,26
5,11540,64
5,11541,96
5,11542,173
5,11543,26
5,11544,83
5,11545,64
5,11546,179
5,11547,109
5,11548,121
5,11549,64
5,11550,403
5,11551,70
5,11552,109
5,11553,58
5,11554,90
5,11555,71
5,11556,51
5,11557,64
5,11558,102
5,11559,121
5,11560,58
5,11561,122
5,11562,83
5,11563,358
5,11564,57
5,11565,45
5,11566,371
5,11567,51
5,11568,90
5,11569,19
5,11570,38
5,11571,57
5,11572,77
5,11573,64
5,11574,135
5,11575,109
5,11576,256
5,11577,294
5,11578,128
5,11579,128
5,11580,186
5,11581,58
5,11582,141
5,11583,96
5,11584,96
5,11585,64
5,11586,103
5,11587,83
5,11588,116
5,11589,64
5,11590,172
5,11591,103
5,11592,77
5,11593,70
5,11594,13
5,11595,96
5,11596,166
5,11597,102
5,11598,57
5,11599,52
5,11600,185
5,11601,135
5,11602,58
5,11603,19
5,11604,38
5,11605,345
5,11606,166
5,11607,70
5,11608,51
5,11609,-51
5,11610,109
5,11611,122
5,11612,153
5,11613,57
5,11614,173
5,11615,134
5,11616,218
5,11617,90
5,11618,166
5,11619,77
5,11620,122
5,11621,96
5,11622,83
5,11623,51
5,11624,154
5,11625,167
5,11626,160
5,11627,102
5,11628,147
5,11629,51
5,11630,551
5,11631,320
5,11632,51
5,11633,51
5,11634,57
5,11635,57
5,11636,115
5,11637,70
5,11638,64
5,11639,51
5,11640,166
5,11641,102
5,11642,122
5,11643,198
5,11644,794
5,11645,-57
5,11646,115
5,11647,64
5,11648,51
5,11649,57
5,11650,70
5,11651,44
5,11652,58
5,11653,96
5,11654,141
5,11655,51
5,11656,45
5,11657,800
5,11658,116
5,11659,768
5,11660,122
5,11661,102
5,11662,204
5,11663,102
5,11664,141
5,11665,32
5,11666,13
5,11667,70
5,11668,76
5,11669,83
5,11670,45
5,11671,64
5,11672,57
5,11673,108
5,11674,205
5,11675,77
5,11676,121
5,11677,345
5,11678,57
5,11679,58
5,11680,-19
5,11681,102
5,11682,64
5,11683,346
5,11684,58
5,11685,102
5,11686,108
5,11687,25
5,11688,205
5,11689,166
5,11690,-32
5,11691,77
5,11692,77
5,11693,58
5,11694,167
5,11695,64
5,11696,96
5,11697,45
5,11698,45
5,11699,205
5,11700,13
5,11701,122
5,11702,205
5,11703,64
5,11704,32
5,11705,134
5,11706,115
5,11707,108
5,11708,109
5,11709,211
5,11710,179
5,11711,115
5,11712,122
5,11713,90
5,11714,64
5,11715,77
5,11716,198
5,11717,128
5,11718,90
5,11719,102
5,11720,-45
5,11721,-115
5,11722,51
5,11723,109
5,11724,147
5,11725,121
5,11726,51
5,11727,77
5,11728,57
5,11729,108
5,11730,83
5,11731,102
5,11732,116
5,11733,147
5,11734,218
5,11735,103
5,11736,167
5,11737,-38
5,11738,134
5,11739,108
5,11740,64
5,11741,109
5,11742,167
5,11743,38
5,11744,160
5,11745,141
5,11746,71
5,11747,52
5,11748,128
5,11749,141
5,11750,71
5,11751,179
5,11752,186
5,11753,109
5,11754,71
5,11755,96
5,11756,71
5,11757,51
5,11758,25
5,11759,90
5,11760,153
5,11761,147
5,11762,147
5,11763,224
5,11764,116
5,11765,38
5,11766,179
5,11767,147
5,11768,83
5,11769,77
5,11770,122
5,11771,58
5,11772,57
5,11773,102
5,11774,160
5,11775,103
5,11776,64
5,11777,141
5,11778,192
5,11779,70
5,11780,96
5,11781,51
5,11782,64
5,11783,32
5,11784,141
5,11785,77
5,11786,115
5,11787,58
5,11788,122
5,11789,51
5,11790,115
5,11791,96
5,11792,102
5,11793,64
5,11794,109
5,11795,64
5,11796,173
5,11797,51
5,11798,51
5,11799,-44
5,11800,77
5,11801,-45
5,11802,109
5,11803,96
5,11804,90
5,11805,58
5,11806,115
5,11807,122
5,11808,96
5,11809,51
5,11810,51
5,11811,52
5,11812,64
5,11813,26
5,11814,70
5,11815,71
5,11816,134
5,11817,115
5,11818,115
5,11819,116
5,11820,122
5,11821,64
5,11822,77
5,11823,83
5,11824,140
5,11825,506
5,11826,51
5,11827,58
5,11828,45
5,11829,96
5,11830,147
5,11831,-32
5,11832,154
5,11833,64
5,11834,198
5,11835,45
5,11836,153
5,11837,141
5,11838,141
5,11839,84
5,11840,365
5,11841,96
5,11842,308
5,11843,70
5,11844,102
5,11845,83
5,11846,185
5,11847,115
5,11848,115
5,11849,32
5,11850,58
5,11851,109
5,11852,333
5,11853,64
5,11854,52
5,11855,32
5,11856,230
5,11857,154
5,11858,179
5,11859,122
5,11860,115
5,11861,121
5,11862,26
5,11863,122
5,11864,122
5,11865,77
5,11866,122
5,11867,45
5,11868,211
5,11869,153
5,11870,84
5,11871,71
5,11872,96
5,11873,109
5,11874,-45
5,11875,128
5,11876,154
5,11877,57
5,11878,160
5,11879,64
5,11880,153
5,11881,102
5,11882,96
5,11883,71
5,11884,70
5,11885,154
5,11886,147
5,11887,32
5,11888,38
5,11889,128
5,11890,115
5,11891,64
5,11892,116
5,11893,109
5,11894,96
5,11895,116
5,11896,128
5,11897,109
5,11898,45
5,11899,45
5,11900,794
5,11901,57
5,11902,52
5,11903,45
5,11904,269
5,11905,192
5,11906,160
5,11907,58
5,11908,96
5,11909,96
5,11910,32
5,11911,102
5,11912,167
5,11913,128
5,11914,794
5,11915,64
5,11916,121
5,11917,115
5,11918,102
5,11919,103
5,11920,-58
5,11921,38
5,11922,102
5,11923,-237
5,11924,39
5,11925,38
5,11926,83
5,11927,102
5,11928,102
5,11929,83
5,11930,64
5,11931,269
5,11932,147
5,11933,160
5,11934,218
5,11935,25
5,11936,-32
5,11937,32
5,11938,96
5,11939,19
5,11940,26
5,11941,51
5,11942,166
5,11943,57
5,11944,83
5,11945,70
5,11946,77
5,11947,275
5,11948,147
5,11949,147
5,11950,115
5,11951,109
5,11952,115
5,11953,76
5,11954,77
5,11955,58
5,11956,83
5,11957,90
5,11958,58
5,11959,71
5,11960,58
5,11961,140
5,11962,140
5,11963,96
5,11964,77
5,11965,109
5,11966,250
5,11967,71
5,11968,154
5,11969,96
5,11970,102
5,11971,70
5,11972,83
5,11973,147
5,11974,160
5,11975,147
5,11976,173
5,11977,90
5,11978,371
5,11979,-64
5,11980,64
5,11981,96
5,11982,160
5,11983,116
5,11984,-44
5,11985,141
5,11986,45
5,11987,57
5,11988,70
5,11989,135
5,11990,179
5,11991,64
5,11992,243
5,11993,102
5,11994,64
5,11995,19
5,11996,39
5,11997,51
5,11998,237
5,11999,45
5,12000,-45
5,12001,122
5,12002,211
5,12003,71
5,12004,115
5,12005,115
5,12006,122
5,12007,140
5,12008,135
5,12009,90
5,12010,44
5,12011,32
5,12012,71
5,12013,89
5,12014,83
5,12015,115
5,12016,122
5,12017,77
5,12018,83
5,12019,185
5,12020,58
5,12021,160
5,12022,128
5,12023,89
5,12024,166
5,12025,84
5,12026,173
5,12027,51
5,12028,115
5,12029,38
5,12030,109
5,12031,32
5,12032,109
5,12033,77
5,12034,115
5,12035,64
5,12036,71
5,12037,121
5,12038,128
5,12039,103
5,12040,115
5,12041,96
5,12042,-19
5,12043,224
5,12044,122
5,12045,64
5,12046,122
5,12047,96
5,12048,160
5,12049,115
5,12050,64
5,12051,70
5,12052,-38
5,12053,116
5,12054,128
5,12055,90
5,12056,359
5,12057,-141
5,12058,141
5,12059,45
5,12060,102
5,12061,25
5,12062,115
5,12063,96
5,12064,121
5,12065,96
5,12066,26
5,12067,121
5,12068,377
5,12069,57
5,12070,71
5,12071,51
5,12072,51
5,12073,-6
5,12074,122
5,12075,77
5,12076,96
5,12077,346
5,12078,148
5,12079,141
5,12080,58
5,12081,116
5,12082,109
5,12083,103
5,12084,64
5,12085,51
5,12086,109
5,12087,128
5,12088,185
5,12089,371
5,12090,173
5,12091,160
5,12092,141
5,12093,186
5,12094,160
5,12095,32
5,12096,109
5,12097,96
5,12098,77
5,12099,57
5,12100,71
5,12101,39
5,12102,58
5,12103,84
5,12104,135
5,12105,64
5,12106,57
5,12107,83
5,12108,52
5,12109,76
5,12110,109
5,12111,26
5,12112,160
5,12113,51
5,12114,-243
5,12115,77
5,12116,-51
5,12117,83
5,12118,122
5,12119,32
5,12120,115
5,12121,96
5,12122,122
5,12123,108
5,12124,108
5,12125,268
5,12126,172
5,12127,115
5,12128,109
5,12129,51
5,12130,154
5,12131,51
5,12132,103
5,12133,96
5,12134,115
5,12135,57
5,12136,147
5,12137,211
5,12138,160
5,12139,64
5,12140,116
5,12141,115
5,12142,160
5,12143,102
5,12144,186
5,12145,32
5,12146,57
5,12147,44
5,12148,103
5,12149,64
5,12150,160
5,12151,64
5,12152,58
5,12153,84
5,12154,58
5,12155,122
5,12156,800
5,12157,96
5,12158,76
5,12159,102
5,12160,70
5,12161,19
5,12162,128
5,12163,96
5,12164,109
5,12165,45
5,12166,109
5,12167,103
5,12168,32
5,12169,813
5,12170,26
5,12171,806
5,12172,57
5,12173,108
5,12174,58
5,12175,64
5,12176,77
5,12177,32
5,12178,26
5,12179,-52
5,12180,83
5,12181,51
5,12182,122
5,12183,89
5,12184,141
5,12185,64
5,12186,192
5,12187,45
5,12188,109
5,12189,-38
5,12190,128
5,12191,51
5,12192,109
5,12193,51
5,12194,58
5,12195,26
5,12196,153
5,12197,109
5,12198,122
5,12199,96
5,12200,64
5,12201,77
5,12202,96
5,12203,103
5,12204,83
5,12205,116
5,12206,57
5,12207,57
5,12208,121
5,12209,45
5,12210,70
5,12211,-109
5,12212,64
5,12213,19
5,12214,77
5,12215,76
5,12216,64
5,12217,76
5,12218,115
5,12219,154
5,12220,-231
5,12221,109
5,12222,109
5,12223,71
5,12224,52
5,12225,115
5,12226,282
5,12227,122
5,12228,83
5,12229,109
5,12230,77
5,12231,96
5,12232,141
5,12233,96
5,12234,115
5,12235,32
5,12236,32
5,12237,141
5,12238,96
5,12239,45
5,12240,96
5,12241,96
5,12242,116
5,12243,58
5,12244,154
5,12245,103
5,12246,64
5,12247,26
5,12248,-44
5,12249,115
5,12250,147
5,12251,19
5,12252,167
5,12253,45
5,12254,32
5,12255,20
5,12256,96
5,12257,108
5,12258,160
5,12259,154
5,12260,51
5,12261,64
5,12262,307
5,12263,77
5,12264,108
5,12265,76
5,12266,83
5,12267,103
5,12268,122
5,12269,102
5,12270,141
5,12271,32
5,12272,320
5,12273,359
5,12274,115
5,12275,128
5,12276,71
5,12277,128
5,12278,179
5,12279,70
5,12280,109
5,12281,32
5,12282,166
5,12283,51
5,12284,70
5,12285,109
5,12286,64
5,12287,96
5,12288,96
5,12289,205
5,12290,83
5,12291,51
5,12292,26
5,12293,51
5,12294,77
5,12295,103
5,12296,172
5,12297,121
5,12298,173
5,12299,109
5,12300,77
5,12301,103
5,12302,115
5,12303,32
5,12304,109
5,12305,96
5,12306,58
5,12307,58
5,12308,83
5,12309,39
5,12310,154
5,12311,102
5,12312,102
5,12313,-32
5,12314,115
5,12315,70
5,12316,64
5,12317,160
5,12318,109
5,12319,58
5,12320,122
5,12321,58
5,12322,25
5,12323,102
5,12324,76
5,12325,64
5,12326,102
5,12327,96
5,12328,115
5,12329,211
5,12330,141
5,12331,84
5,12332,141
5,12333,154
5,12334,109
5,12335,109
5,12336,108
5,12337,51
5,12338,32
5,12339,71
5,12340,122
5,12341,45
5,12342,371
5,12343,32
5,12344,167
5,12345,83
5,12346,122
5,12347,103
5,12348,38
5,12349,64
5,12350,109
5,12351,160
5,12352,116
5,12353,103
5,12354,160
5,12355,166
5,12356,140
5,12357,102
5,12358,275
5,12359,70
5,12360,83
5,12361,51
5,12362,128
5,12363,83
5,12364,166
5,12365,96
5,12366,109
5,12367,64
5,12368,76
5,12369,160
5,12370,179
5,12371,167
5,12372,135
5,12373,58
5,12374,109
5,12375,70
5,12376,64
5,12377,64
5,12378,103
5,12379,64
5,12380,51
5,12381,51
5,12382,115
5,12383,58
5,12384,64
5,12385,147
5,12386,121
5,12387,96
5,12388,115
5,12389,70
5,12390,77
5,12391,102
5,12392,103
5,12393,108
5,12394,115
5,12395,19
5,12396,-51
5,12397,84
5,12398,115
5,12399,70
5,12400,102
5,12401,121
5,12402,90
5,12403,166
5,12404,77
5,12405,-58
5,12406,135
5,12407,102
5,12408,77
5,12409,109
5,12410,90
5,12411,148
5,12412,806
5,12413,57
5,12414,58
5,12415,84
5,12416,32
5,12417,45
5,12418,64
5,12419,64
5,12420,38
5,12421,44
5,12422,58
5,12423,71
5,12424,128
5,12425,64
5,12426,800
5,12427,96
5,12428,128
5,12429,103
5,12430,116
5,12431,102
5,12432,103
5,12433,51
5,12434,45
5,12435,45
5,12436,84
5,12437,64
5,12438,90
5,12439,70
5,12440,109
5,12441,115
5,12442,352
5,12443,128
5,12444,160
5,12445,167
5,12446,108
5,12447,102
5,12448,-45
5,12449,77
5,12450,19
5,12451,116
5,12452,45
5,12453,115
5,12454,58
5,12455,70
5,12456,103
5,12457,115
5,12458,70
5,12459,71
5,12460,109
5,12461,51
5,12462,90
5,12463,-45
5,12464,147
5,12465,38
5,12466,109
5,12467,51
5,12468,96
5,12469,115
5,12470,32
5,12471,70
5,12472,51
5,12473,147
5,12474,128
5,12475,115
5,12476,70
5,12477,102
5,12478,364
5,12479,58
5,12480,115
5,12481,-6
5,12482,77
5,12483,64
5,12484,77
5,12485,39
5,12486,115
5,12487,109
5,12488,51
5,12489,211
5,12490,64
5,12491,64
5,12492,71
5,12493,147
5,12494,64
5,12495,51
5,12496,160
5,12497,211
5,12498,115
5,12499,32
5,12500,320
5,12501,160
5,12502,186
5,12503,115
5,12504,45
5,12505,90
5,12506,282
5,12507,44
5,12508,166
5,12509,70
5,12510,166
5,12511,70
5,12512,51
5,12513,134
5,12514,58
5,12515,128
5,12516,64
5,12517,166
5,12518,77
5,12519,96
5,12520,128
5,12521,404
5,12522,19
5,12523,-32
5,12524,77
5,12525,38
5,12526,57
5,12527,51
5,12528,141
5,12529,51
5,12530,96
5,12531,116
5,12532,45
5,12533,128
5,12534,179
5,12535,102
5,12536,121
5,12537,57
5,12538,57
5,12539,64
5,12540,64
5,12541,83
5,12542,160
5,12543,122
5,12544,51
5,12545,76
5,12546,90
5,12547,89
5,12548,102
5,12549,103
5,12550,109
5,12551,90
5,12552,102
5,12553,32
5,12554,153
5,12555,115
5,12556,116
5,12557,-38
5,12558,96
5,12559,147
5,12560,89
5,12561,58
5,12562,154
5,12563,-32
5,12564,397
5,12565,154
5,12566,160
5,12567,121
5,12568,-38
5,12569,-32
5,12570,333
5,12571,102
5,12572,166
5,12573,166
5,12574,198
5,12575,115
5,12576,64
5,12577,115
5,12578,64
5,12579,108
5,12580,64
5,12581,154
5,12582,45
5,12583,32
5,12584,90
5,12585,103
5,12586,205
5,12587,121
5,12588,77
5,12589,90
5,12590,109
5,12591,58
5,12592,77
5,12593,135
5,12594,64
5,12595,205
5,12596,256
5,12597,116
5,12598,84
5,12599,109
5,12600,103
5,12601,179
5,12602,122
5,12603,51
5,12604,96
5,12605,122
5,12606,58
5,12607,58
5,12608,70
5,12609,64
5,12610,122
5,12611,51
5,12612,122
5,12613,64
5,12614,198
5,12615,38
5,12616,121
5,12617,70
5,12618,77
5,12619,64
5,12620,103
5,12621,45
5,12622,96
5,12623,70
5,12624,154
5,12625,-250
5,12626,109
5,12627,32
5,12628,58
5,12629,89
5,12630,115
5,12631,102
5,12632,51
5,12633,102
5,12634,198
5,12635,122
5,12636,38
5,12637,64
5,12638,173
5,12639,116
5,12640,102
5,12641,134
5,12642,230
5,12643,103
5,12644,108
5,12645,102
5,12646,173
5,12647,115
5,12648,371
5,12649,89
5,12650,115
5,12651,122
5,12652,102
5,12653,83
5,12654,122
5,12655,64
5,12656,90
5,12657,205
5,12658,-32
5,12659,116
5,12660,57
5,12661,39
5,12662,160
5,12663,57
5,12664,116
5,12665,154
5,12666,147
5,12667,83
5,12668,813
5,12669,199
5,12670,122
5,12671,58
5,12672,64
5,12673,71
5,12674,307
5,12675,58
5,12676,147
5,12677,141
5,12678,128
5,12679,-51
5,12680,134
5,12681,813
5,12682,173
5,12683,768
5,12684,103
5,12685,109
5,12686,70
5,12687,51
5,12688,83
5,12689,64
5,12690,160
5,12691,-38
5,12692,51
5,12693,333
5,12694,167
5,12695,32
5,12696,51
5,12697,71
5,12698,89
5,12699,71
5,12700,77
5,12701,128
5,12702,109
5,12703,71
5,12704,57
5,12705,32
5,12706,70
5,12707,58
5,12708,102
5,12709,44
5,12710,70
5,12711,51
5,12712,77
5,12713,96
5,12714,160
5,12715,57
5,12716,89
5,12717,-38
5,12718,84
5,12719,90
5,12720,71
5,12721,-19
5,12722,64
5,12723,58
5,12724,32
5,12725,128
5,12726,58
5,12727,44
5,12728,108
5,12729,71
5,12730,-32
5,12731,109
5,12732,263
5,12733,160
5,12734,70
5,12735,122
5,12736,109
5,12737,45
5,12738,128
5,12739,103
5,12740,103
5,12741,109
5,12742,64
5,12743,70
5,12744,83
5,12745,77
5,12746,58
5,12747,102
5,12748,121
5,12749,96
5,12750,26
5,12751,64
5,12752,-45
5,12753,141
5,12754,64
5,12755,58
5,12756,122
5,12757,199
5,12758,-51
5,12759,64
5,12760,109
5,12761,57
5,12762,179
5,12763,77
5,12764,281
5,12765,102
5,12766,45
5,12767,45
5,12768,83
5,12769,205
5,12770,71
5,12771,96
5,12772,109
5,12773,345
5,12774,205
5,12775,96
5,12776,154
5,12777,51
5,12778,26
5,12779,109
5,12780,90
5,12781,96
5,12782,134
5,12783,71
5,12784,313
5,12785,185
5,12786,115
5,12787,83
5,12788,166
5,12789,122
5,12790,64
5,12791,192
5,12792,148
5,12793,52
5,12794,19
5,12795,32
5,12796,192
5,12797,45
5,12798,51
5,12799,84
5,12800,-51
5,12801,-32
5,12802,71
5,12803,89
5,12804,115
5,12805,167
5,12806,-19
5,12807,52
5,12808,90
5,12809,57
5,12810,160
5,12811,90
5,12812,167
5,12813,38
5,12814,128
5,12815,160
5,12816,121
5,12817,45
5,12818,64
5,12819,32
5,12820,115
5,12821,-52
5,12822,25
5,12823,64
5,12824,32
5,12825,109
5,12826,115
5,12827,122
5,12828,173
5,12829,89
5,12830,64
5,12831,135
5,12832,109
5,12833,38
5,12834,70
5,12835,6
5,12836,32
5,12837,128
5,12838,135
5,12839,77
5,12840,199
5,12841,122
5,12842,141
5,12843,83
5,12844,135
5,12845,211
5,12846,263
5,12847,224
5,12848,103
5,12849,116
5,12850,64
5,12851,103
5,12852,32
5,12853,58
5,12854,160
5,12855,83
5,12856,84
5,12857,192
5,12858,103
5,12859,128
5,12860,64
5,12861,166
5,12862,64
5,12863,109
5,12864,173
5,12865,154
5,12866,96
5,12867,128
5,12868,192
5,12869,275
5,12870,166
5,12871,77
5,12872,128
5,12873,141
5,12874,25
5,12875,51
5,12876,57
5,12877,70
5,12878,204
5,12879,377
5,12880,115
5,12881,211
5,12882,90
5,12883,148
5,12884,141
5,12885,58
5,12886,167
5,12887,83
5,12888,51
5,12889,160
5,12890,77
5,12891,51
5,12892,57
5,12893,64
5,12894,64
5,12895,-58
5,12896,58
5,12897,116
5,12898,179
5,12899,71
5,12900,58
5,12901,-25
5,12902,186
5,12903,108
5,12904,64
5,12905,64
5,12906,83
5,12907,70
5,12908,77
5,12909,115
5,12910,173
5,12911,51
5,12912,57
5,12913,77
5,12914,230
5,12915,64
5,12916,115
5,12917,199
5,12918,179
5,12919,102
5,12920,102
5,12921,83
5,12922,58
5,12923,76
5,12924,794
5,12925,51
5,12926,77
5,12927,45
5,12928,122
5,12929,134
5,12930,224
5,12931,192
5,12932,115
5,12933,45
5,12934,134
5,12935,70
5,12936,166
5,12937,58
5,12938,787
5,12939,109
5,12940,51
5,12941,51
5,12942,-39
5,12943,90
5,12944,116
5,12945,51
5,12946,32
5,12947,-32
5,12948,352
5,12949,51
5,12950,-25
5,12951,57
5,12952,109
5,12953,109
5,12954,352
5,12955,122
5,12956,115
5,12957,45
5,12958,45
5,12959,140
5,12960,102
5,12961,134
5,12962,51
5,12963,19
5,12964,154
5,12965,52
5,12966,58
5,12967,102
5,12968,57
5,12969,256
5,12970,109
5,12971,115
5,12972,116
5,12973,134
5,12974,-32
5,12975,84
5,12976,109
5,12977,45
5,12978,45
5,12979,109
5,12980,109
5,12981,103
5,12982,64
5,12983,57
5,12984,372
5,12985,45
5,12986,154
5,12987,26
5,12988,71
5,12989,64
5,12990,121
5,12991,64
5,12992,57
5,12993,58
5,12994,89
5,12995,19
5,12996,64
5,12997,128
5,12998,211
5,12999,167
5,13000,153
5,13001,51
5,13002,58
5,13003,115
5,13004,32
5,13005,352
5,13006,32
5,13007,52
5,13008,64
5,13009,116
5,13010,102
5,13011,71
5,13012,58
5,13013,96
5,13014,96
5,13015,128
5,13016,64
5,13017,51
5,13018,26
5,13019,77
5,13020,32
5,13021,167
5,13022,217
5,13023,45
5,13024,167
5,13025,64
5,13026,64
5,13027,115
5,13028,172
5,13029,89
5,13030,96
5,13031,122
5,13032,58
5,13033,45
5,13034,-32
5,13035,76
5,13036,45
5,13037,64
5,13038,32
5,13039,57
5,13040,83
5,13041,96
5,13042,-20
5,13043,154
5,13044,166
5,13045,109
5,13046,128
5,13047,384
5,13048,77
5,13049,96
5,13050,52
5,13051,32
5,13052,141
5,13053,32
5,13054,64
5,13055,90
5,13056,102
5,13057,103
5,13058,64
5,13059,90
5,13060,57
5,13061,102
5,13062,64
5,13063,116
5,13064,141
5,13065,115
5,13066,51
5,13067,166
5,13068,121
5,13069,134
5,13070,160
5,13071,19
5,13072,103
5,13073,26
5,13074,109
5,13075,64
5,13076,71
5,13077,51
5,13078,122
5,13079,45
5,13080,128
5,13081,70
5,13082,115
5,13083,70
5,13084,153
5,13085,109
5,13086,173
5,13087,128
5,13088,70
5,13089,58
5,13090,25
5,13091,64
5,13092,147
5,13093,167
5,13094,141
5,13095,71
5,13096,122
5,13097,103
5,13098,128
5,13099,147
5,13100,115
5,13101,160
5,13102,179
5,13103,83
5,13104,314
5,13105,25
5,13106,38
5,13107,58
5,13108,64
5,13109,166
5,13110,141
5,13111,51
5,13112,128
5,13113,103
5,13114,115
5,13115,160
5,13116,122
5,13117,58
5,13118,32
5,13119,51
5,13120,96
5,13121,96
5,13122,51
5,13123,-19
5,13124,121
5,13125,32
5,13126,77
5,13127,115
5,13128,38
5,13129,103
5,13130,102
5,13131,51
5,13132,64
5,13133,141
5,13134,102
5,13135,96
5,13136,77
5,13137,115
5,13138,160
5,13139,262
5,13140,51
5,13141,121
5,13142,172
5,13143,25
5,13144,38
5,13145,108
5,13146,71
5,13147,26
5,13148,77
5,13149,147
5,13150,218
5,13151,102
5,13152,83
5,13153,96
5,13154,77
5,13155,52
5,13156,90
5,13157,-32
5,13158,109
5,13159,38
5,13160,96
5,13161,147
5,13162,102
5,13163,102
5,13164,102
5,13165,57
5,13166,57
5,13167,51
5,13168,109
5,13169,89
5,13170,76
5,13171,64
5,13172,45
5,13173,58
5,13174,-32
5,13175,77
5,13176,109
5,13177,358
5,13178,121
5,13179,135
5,13180,781
5,13181,51
5,13182,140
5,13183,108
5,13184,44
5,13185,52
5,13186,467
5,13187,19
5,13188,115
5,13189,58
5,13190,89
5,13191,45
5,13192,160
5,13193,947
5,13194,96
5,13195,768
5,13196,96
5,13197,147
5,13198,57
5,13199,58
5,13200,58
5,13201,51
5,13202,-19
5,13203,32
5,13204,32
5,13205,135
5,13206,307
5,13207,58
5,13208,147
5,13209,77
5,13210,160
5,13211,115
5,13212,115
5,13213,84
5,13214,115
5,13215,64
5,13216,83
5,13217,58
5,13218,19
5,13219,13
5,13220,77
5,13221,58
5,13222,96
5,13223,57
5,13224,83
5,13225,64
5,13226,58
5,13227,26
5,13228,96
5,13229,45
5,13230,76
5,13231,109
5,13232,166
5,13233,39
5,13234,57
5,13235,84
5,13236,58
5,13237,282
5,13238,109
5,13239,211
5,13240,154
5,13241,96
5,13242,121
5,13243,115
5,13244,121
5,13245,89
5,13246,83
5,13247,186
5,13248,64
5,13249,-71
5,13250,45
5,13251,211
5,13252,122
5,13253,109
5,13254,83
5,13255,128
5,13256,154
5,13257,96
5,13258,58
5,13259,77
5,13260,57
5,13261,96
5,13262,51
5,13263,64
5,13264,32
5,13265,116
5,13266,103
5,13267,77
5,13268,115
5,13269,64
5,13270,115
5,13271,109
5,13272,83
5,13273,32
5,13274,122
5,13275,186
5,13276,102
5,13277,58
5,13278,205
5,13279,-26
5,13280,231
5,13281,134
5,13282,64
5,13283,115
5,13284,115
5,13285,103
5,13286,64
5,13287,108
5,13288,90
5,13289,51
5,13290,70
5,13291,58
5,13292,32
5,13293,64
5,13294,160
5,13295,57
5,13296,211
5,13297,205
5,13298,167
5,13299,218
5,13300,115
5,13301,250
5,13302,64
5,13303,71
5,13304,58
5,13305,52
5,13306,19
5,13307,76
5,13308,96
5,13309,64
5,13310,51
5,13311,64
5,13312,45
5,13313,70
5,13314,-51
5,13315,-19
5,13316,122
5,13317,64
5,13318,109
5,13319,96
5,13320,256
5,13321,64
5,13322,89
5,13323,199
5,13324,116
5,13325,52
5,13326,121
5,13327,96
5,13328,205
5,13329,102
5,13330,147
5,13331,32
5,13332,38
5,13333,57
5,13334,51
5,13335,58
5,13336,32
5,13337,135
5,13338,250
5,13339,109
5,13340,96
5,13341,116
5,13342,38
5,13343,109
5,13344,109
5,13345,70
5,13346,83
5,13347,77
5,13348,77
5,13349,166
5,13350,102
5,13351,58
5,13352,77
5,13353,116
5,13354,115
5,13355,346
5,13356,115
5,13357,57
5,13358,217
5,13359,-45
5,13360,51
5,13361,58
5,13362,57
5,13363,32
5,13364,25
5,13365,58
5,13366,64
5,13367,19
5,13368,51
5,13369,109
5,13370,32
5,13371,64
5,13372,109
5,13373,345
5,13374,64
5,13375,103
5,13376,103
5,13377,153
5,13378,147
5,13379,70
5,13380,103
5,13381,96
5,13382,64
5,13383,64
5,13384,128
5,13385,71
5,13386,89
5,13387,116
5,13388,108
5,13389,45
5,13390,103
5,13391,109
5,13392,39
5,13393,134
5,13394,64
5,13395,115
5,13396,147
5,13397,38
5,13398,90
5,13399,109
5,13400,134
5,13401,51
5,13402,262
5,13403,38
5,13404,83
5,13405,45
5,13406,19
5,13407,32
5,13408,45
5,13409,-38
5,13410,205
5,13411,140
5,13412,71
5,13413,83
5,13414,167
5,13415,96
5,13416,160
5,13417,83
5,13418,173
5,13419,109
5,13420,116
5,13421,365
5,13422,160
5,13423,51
5,13424,96
5,13425,109
5,13426,57
5,13427,96
5,13428,115
5,13429,166
5,13430,102
5,13431,71
5,13432,64
5,13433,365
5,13434,103
5,13435,32
5,13436,800
5,13437,172
5,13438,32
5,13439,57
5,13440,58
5,13441,70
5,13442,64
5,13443,25
5,13444,211
5,13445,160
5,13446,160
5,13447,64
5,13448,128
5,13449,102
5,13450,819
5,13451,192
5,13452,166
5,13453,141
5,13454,173
5,13455,96
5,13456,77
5,13457,39
5,13458,160
5,13459,32
5,13460,77
5,13461,58
5,13462,83
5,13463,89
5,13464,263
5,13465,166
5,13466,109
5,13467,128
5,13468,102
5,13469,64
5,13470,102
5,13471,115
5,13472,51
5,13473,64
5,13474,57
5,13475,77
5,13476,71
5,13477,51
5,13478,109
5,13479,32
5,13480,25
5,13481,160
5,13482,148
5,13483,51
5,13484,51
5,13485,96
5,13486,71
5,13487,121
5,13488,134
5,13489,115
5,13490,96
5,13491,109
5,13492,-45
5,13493,38
5,13494,205
5,13495,51
5,13496,64
5,13497,122
5,13498,115
5,13499,160
5,13500,102
5,13501,134
5,13502,121
5,13503,77
5,13504,102
5,13505,45
5,13506,205
5,13507,32
5,13508,96
5,13509,89
5,13510,90
5,13511,141
5,13512,25
5,13513,115
5,13514,26
5,13515,32
5,13516,102
5,13517,141
5,13518,-26
5,13519,76
5,13520,64
5,13521,205
5,13522,71
5,13523,102
5,13524,64
5,13525,147
5,13526,269
5,13527,77
5,13528,122
5,13529,45
5,13530,-39
5,13531,51
5,13532,64
5,13533,102
5,13534,160
5,13535,83
5,13536,166
5,13537,77
5,13538,198
5,13539,115
5,13540,90
5,13541,109
5,13542,179
5,13543,64
5,13544,83
5,13545,-39
5,13546,166
5,13547,32
5,13548,64
5,13549,90
5,13550,26
5,13551,26
5,13552,205
5,13553,128
5,13554,-26
5,13555,116
5,13556,96
5,13557,58
5,13558,109
5,13559,102
5,13560,103
5,13561,32
5,13562,25
5,13563,26
5,13564,13
5,13565,96
5,13566,58
5,13567,32
5,13568,64
5,13569,96
5,13570,-51
5,13571,39
5,13572,58
5,13573,52
5,13574,140
5,13575,116
5,13576,64
5,13577,102
5,13578,71
5,13579,122
5,13580,89
5,13581,109
5,13582,212
5,13583,70
5,13584,160
5,13585,58
5,13586,96
5,13587,51
5,13588,64
5,13589,45
5,13590,64
5,13591,70
5,13592,103
5,13593,57
5,13594,90
5,13595,116
5,13596,109
5,13597,103
5,13598,90
5,13599,64
5,13600,89
5,13601,44
5,13602,90
5,13603,58
5,13604,96
5,13605,96
5,13606,-45
5,13607,160
5,13608,115
5,13609,147
5,13610,173
5,13611,96
5,13612,96
5,13613,96
5,13614,64
5,13615,83
5,13616,58
5,13617,51
5,13618,-141
5,13619,64
5,13620,58
5,13621,77
5,13622,403
5,13623,64
5,13624,115
5,13625,128
5,13626,115
5,13627,102
5,13628,198
5,13629,103
5,13630,96
5,13631,103
5,13632,96
5,13633,38
5,13634,64
5,13635,64
5,13636,103
5,13637,84
5,13638,64
5,13639,70
5,13640,32
5,13641,115
5,13642,192
5,13643,89
5,13644,218
5,13645,109
5,13646,64
5,13647,102
5,13648,147
5,13649,57
5,13650,44
5,13651,83
5,13652,109
5,13653,90
5,13654,160
5,13655,64
5,13656,89
5,13657,96
5,13658,45
5,13659,141
5,13660,141
5,13661,128
5,13662,198
5,13663,84
5,13664,167
5,13665,19
5,13666,141
5,13667,76
5,13668,135
5,13669,141
5,13670,51
5,13671,13
5,13672,96
5,13673,96
5,13674,77
5,13675,89
5,13676,154
5,13677,160
5,13678,160
5,13679,58
5,13680,180
5,13681,83
5,13682,166
5,13683,102
5,13684,109
5,13685,71
5,13686,205
5,13687,134
5,13688,90
5,13689,166
5,13690,26
5,13691,90
5,13692,793
5,13693,121
5,13694,109
5,13695,116
5,13696,160
5,13697,64
5,13698,64
5,13699,32
5,13700,38
5,13701,70
5,13702,45
5,13703,89
5,13704,84
5,13705,806
5,13706,167
5,13707,755
5,13708,122
5,13709,121
5,13710,115
5,13711,70
5,13712,147
5,13713,90
5,13714,115
5,13715,45
5,13716,64
5,13717,128
5,13718,173
5,13719,70
5,13720,51
5,13721,84
5,13722,102
5,13723,108
5,13724,26
5,13725,109
5,13726,192
5,13727,116
5,13728,141
5,13729,90
5,13730,172
5,13731,26
5,13732,96
5,13733,51
5,13734,186
5,13735,58
5,13736,102
5,13737,57
5,13738,135
5,13739,64
5,13740,64
5,13741,44
5,13742,134
5,13743,70
5,13744,96
5,13745,365
5,13746,70
5,13747,58
5,13748,96
5,13749,77
5,13750,32
5,13751,58
5,13752,102
5,13753,179
5,13754,237
5,13755,115
5,13756,84
5,13757,103
5,13758,51
5,13759,83
5,13760,58
5,13761,160
5,13762,205
5,13763,64
5,13764,64
5,13765,-32
5,13766,45
5,13767,115
5,13768,166
5,13769,58
5,13770,51
5,13771,64
5,13772,71
5,13773,64
5,13774,77
5,13775,102
5,13776,44
5,13777,205
5,13778,102
5,13779,45
5,13780,109
5,13781,89
5,13782,102
5,13783,96
5,13784,134
5,13785,45
5,13786,90
5,13787,115
5,13788,-26
5,13789,167
5,13790,39
5,13791,70
5,13792,64
5,13793,64
5,13794,89
5,13795,153
5,13796,122
5,13797,109
5,13798,134
5,13799,109
5,13800,230
5,13801,71
5,13802,198
5,13803,115
5,13804,-38
5,13805,64
5,13806,64
5,13807,102
5,13808,32
5,13809,58
5,13810,70
5,13811,116
5,13812,192
5,13813,160
5,13814,147
5,13815,103
5,13816,96
5,13817,58
5,13818,70
5,13819,-44
5,13820,141
5,13821,121
5,13822,212
5,13823,64
5,13824,103
5,13825,51
5,13826,115
5,13827,109
5,13828,70
5,13829,58
5,13830,64
5,13831,51
5,13832,71
5,13833,83
5,13834,-64
5,13835,89
5,13836,96
5,13837,52
5,13838,205
5,13839,32
5,13840,115
5,13841,64
5,13842,153
5,13843,64
5,13844,154
5,13845,64
5,13846,51
5,13847,96
5,13848,109
5,13849,205
5,13850,166
5,13851,115
5,13852,122
5,13853,115
5,13854,115
5,13855,109
5,13856,115
5,13857,70
5,13858,57
5,13859,58
5,13860,64
5,13861,70
5,13862,39
5,13863,147
5,13864,320
5,13865,122
5,13866,167
5,13867,121
5,13868,173
5,13869,44
5,13870,109
5,13871,76
5,13872,140
5,13873,96
5,13874,77
5,13875,77
5,13876,358
5,13877,77
5,13878,166
5,13879,64
5,13880,128
5,13881,153
5,13882,-45
5,13883,134
5,13884,83
5,13885,102
5,13886,121
5,13887,13
5,13888,32
5,13889,96
5,13890,122
5,13891,153
5,13892,115
5,13893,141
5,13894,128
5,13895,326
5,13896,147
5,13897,64
5,13898,121
5,13899,71
5,13900,52
5,13901,64
5,13902,116
5,13903,147
5,13904,38
5,13905,205
5,13906,140
5,13907,192
5,13908,148
5,13909,83
5,13910,32
5,13911,339
5,13912,173
5,13913,70
5,13914,115
5,13915,77
5,13916,64
5,13917,-52
5,13918,71
5,13919,51
5,13920,26
5,13921,109
5,13922,109
5,13923,371
5,13924,64
5,13925,71
5,13926,83
5,13927,83
5,13928,90
5,13929,358
5,13930,141
5,13931,64
5,13932,64
5,13933,122
5,13934,51
5,13935,89
5,13936,102
5,13937,128
5,13938,109
5,13939,77
5,13940,96
5,13941,160
5,13942,192
5,13943,96
5,13944,76
5,13945,90
5,13946,103
5,13947,77
5,13948,806
5,13949,96
5,13950,148
5,13951,135
5,13952,96
5,13953,58
5,13954,77
5,13955,25
5,13956,83
5,13957,102
5,13958,71
5,13959,115
5,13960,166
5,13961,160
5,13962,806
5,13963,96
5,13964,148
5,13965,192
5,13966,90
5,13967,64
5,13968,-218
5,13969,141
5,13970,70
5,13971,83
5,13972,71
5,13973,58
5,13974,128
5,13975,77
5,13976,-45
5,13977,116
5,13978,64
5,13979,122
5,13980,38
5,13981,102
5,13982,166
5,13983,71
5,13984,71
5,13985,58
5,13986,32
5,13987,-51
5,13988,-51
5,13989,122
5,13990,307
5,13991,-52
5,13992,58
5,13993,121
5,13994,76
5,13995,96
5,13996,70
5,13997,166
5,13998,179
5,13999,128
5,14000,64
5,14001,83
5,14002,57
5,14003,51
5,14004,64
5,14005,26
5,14006,365
5,14007,70
5,14008,-45
5,14009,121
5,14010,115
5,14011,128
5,14012,180
5,14013,83
5,14014,128
5,14015,121
5,14016,122
5,14017,45
5,14018,147
5,14019,45
5,14020,26
5,14021,109
5,14022,256
5,14023,71
5,14024,173
5,14025,57
5,14026,116
5,14027,70
5,14028,64
5,14029,103
5,14030,167
5,14031,141
5,14032,128
5,14033,96
5,14034,76
5,14035,-32
5,14036,58
5,14037,71
5,14038,154
5,14039,83
5,14040,116
5,14041,38
5,14042,64
5,14043,51
5,14044,115
5,14045,103
5,14046,77
5,14047,25
5,14048,141
5,14049,96
5,14050,71
5,14051,128
5,14052,64
5,14053,122
5,14054,77
5,14055,77
5,14056,70
5,14057,109
5,14058,64
5,14059,26
5,14060,57
5,14061,76
5,14062,64
5,14063,64
5,14064,51
5,14065,39
5,14066,147
5,14067,102
5,14068,102
5,14069,160
5,14070,167
5,14071,-51
5,14072,64
5,14073,51
5,14074,26
5,14075,84
5,14076,45
5,14077,83
5,14078,26
5,14079,140
5,14080,64
5,14081,135
5,14082,-51
5,14083,109
5,14084,39
5,14085,-38
5,14086,76
5,14087,122
5,14088,122
5,14089,57
5,14090,121
5,14091,109
5,14092,109
5,14093,108
5,14094,173
5,14095,90
5,14096,-39
5,14097,51
5,14098,64
5,14099,58
5,14100,64
5,14101,32
5,14102,90
5,14103,89
5,14104,52
5,14105,96
5,14106,26
5,14107,51
5,14108,167
5,14109,64
5,14110,102
5,14111,115
5,14112,390
5,14113,103
5,14114,140
5,14115,32
5,14116,57
5,14117,108
5,14118,173
5,14119,45
5,14120,77
5,14121,128
5,14122,89
5,14123,71
5,14124,-13
5,14125,96
5,14126,71
5,14127,109
5,14128,64
5,14129,358
5,14130,64
5,14131,167
5,14132,71
5,14133,327
5,14134,218
5,14135,64
5,14136,77
5,14137,153
5,14138,71
5,14139,-26
5,14140,-39
5,14141,51
5,14142,160
5,14143,122
5,14144,64
5,14145,70
5,14146,19
5,14147,70
5,14148,128
5,14149,-25
5,14150,122
5,14151,57
5,14152,102
5,14153,115
5,14154,115
5,14155,89
5,14156,166
5,14157,83
5,14158,-51
5,14159,32
5,14160,58
5,14161,160
5,14162,160
5,14163,153
5,14164,153
5,14165,109
5,14166,179
5,14167,147
5,14168,166
5,14169,122
5,14170,147
5,14171,70
5,14172,58
5,14173,77
5,14174,179
5,14175,83
5,14176,115
5,14177,57
5,14178,391
5,14179,89
5,14180,154
5,14181,64
5,14182,71
5,14183,122
5,14184,154
5,14185,103
5,14186,90
5,14187,64
5,14188,384
5,14189,141
5,14190,109
5,14191,52
5,14192,83
5,14193,365
5,14194,57
5,14195,96
5,14196,96
5,14197,365
5,14198,121
5,14199,115
5,14200,45
5,14201,83
5,14202,96
5,14203,52
5,14204,807
5,14205,121
5,14206,166
5,14207,218
5,14208,108
5,14209,51
5,14210,147
5,14211,77
5,14212,45
5,14213,109
5,14214,160
5,14215,109
5,14216,141
5,14217,807
5,14218,403
5,14219,1050
5,14220,-58
5,14221,185
5,14222,211
5,14223,371
5,14224,-26
5,14225,51
5,14226,83
5,14227,25
5,14228,58
5,14229,83
5,14230,173
5,14231,45
5,14232,64
5,14233,102
5,14234,64
5,14235,58
5,14236,-102
5,14237,121
5,14238,134
5,14239,102
5,14240,96
5,14241,103
5,14242,90
5,14243,-44
5,14244,76
5,14245,70
5,14246,141
5,14247,51
5,14248,96
5,14249,89
5,14250,103
5,14251,71
5,14252,122
5,14253,115
5,14254,121
5,14255,-51
5,14256,103
5,14257,32
5,14258,58
5,14259,26
5,14260,147
5,14261,90
5,14262,160
5,14263,128
5,14264,102
5,14265,70
5,14266,371
5,14267,77
5,14268,70
5,14269,77
5,14270,160
5,14271,115
5,14272,71
5,14273,147
5,14274,116
5,14275,83
5,14276,96
5,14277,134
5,14278,109
5,14279,83
5,14280,153
5,14281,134
5,14282,26
5,14283,64
5,14284,12
5,14285,44
5,14286,404
5,14287,26
5,14288,71
5,14289,64
5,14290,122
5,14291,102
5,14292,96
5,14293,173
5,14294,173
5,14295,96
5,14296,231
5,14297,89
5,14298,160
5,14299,51
5,14300,64
5,14301,25
5,14302,179
5,14303,102
5,14304,141
5,14305,96
5,14306,109
5,14307,116
5,14308,32
5,14309,122
5,14310,64
5,14311,115
5,14312,102
5,14313,39
5,14314,57
5,14315,122
5,14316,32
5,14317,115
5,14318,128
5,14319,64
5,14320,153
5,14321,-26
5,14322,70
5,14323,83
5,14324,269
5,14325,96
5,14326,180
5,14327,115
5,14328,77
5,14329,51
5,14330,70
5,14331,45
5,14332,102
5,14333,64
5,14334,147
5,14335,25
5,14336,70
5,14337,19
5,14338,26
5,14339,64
5,14340,116
5,14341,70
5,14342,121
5,14343,64
5,14344,134
5,14345,102
5,14346,-25
5,14347,83
5,14348,90
5,14349,96
5,14350,154
5,14351,64
5,14352,70
5,14353,-26
5,14354,115
5,14355,90
5,14356,52
5,14357,96
5,14358,70
5,14359,64
5,14360,-45
5,14361,179
5,14362,115
5,14363,109
5,14364,160
5,14365,19
5,14366,230
5,14367,71
5,14368,45
5,14369,51
5,14370,64
5,14371,102
5,14372,83
5,14373,52
5,14374,83
5,14375,90
5,14376,166
5,14377,115
5,14378,141
5,14379,108
5,14380,64
5,14381,64
5,14382,51
5,14383,57
5,14384,154
5,14385,57
5,14386,57
5,14387,243
5,14388,96
5,14389,109
5,14390,147
5,14391,20
5,14392,64
5,14393,109
5,14394,172
5,14395,89
5,14396,96
5,14397,122
5,14398,32
5,14399,115
5,14400,45
5,14401,64
5,14402,32
5,14403,122
5,14404,77
5,14405,115
5,14406,25
5,14407,307
5,14408,64
5,14409,25
5,14410,64
5,14411,141
5,14412,96
5,14413,179
5,14414,64
5,14415,45
5,14416,160
5,14417,167
5,14418,32
5,14419,-179
5,14420,128
5,14421,90
5,14422,71
5,14423,90
5,14424,166
5,14425,52
5,14426,83
5,14427,26
5,14428,51
5,14429,26
5,14430,64
5,14431,-13
5,14432,77
5,14433,64
5,14434,333
5,14435,70
5,14436,77
5,14437,96
5,14438,109
5,14439,224
5,14440,108
5,14441,77
5,14442,20
5,14443,77
5,14444,186
5,14445,109
5,14446,160
5,14447,116
5,14448,44
5,14449,71
5,14450,135
5,14451,90
5,14452,102
5,14453,154
5,14454,70
5,14455,77
5,14456,58
5,14457,44
5,14458,121
5,14459,58
5,14460,812
5,14461,-51
5,14462,58
5,14463,83
5,14464,90
5,14465,103
5,14466,358
5,14467,-45
5,14468,76
5,14469,96
5,14470,301
5,14471,51
5,14472,83
5,14473,19
5,14474,800
5,14475,122
5,14476,96
5,14477,102
5,14478,76
5,14479,70
5,14480,128
5,14481,51
5,14482,71
5,14483,77
5,14484,96
5,14485,64
5,14486,32
5,14487,148
5,14488,90
5,14489,103
5,14490,116
5,14491,128
5,14492,96
5,14493,-26
5,14494,70
5,14495,83
5,14496,122
5,14497,52
5,14498,211
5,14499,19
5,14500,25
5,14501,25
5,14502,115
5,14503,57
5,14504,76
5,14505,64
5,14506,77
5,14507,103
5,14508,237
5,14509,115
5,14510,57
5,14511,154
5,14512,115
5,14513,96
5,14514,108
5,14515,64
5,14516,-19
5,14517,38
5,14518,52
5,14519,19
5,14520,109
5,14521,148
5,14522,70
5,14523,83
5,14524,70
5,14525,166
5,14526,45
5,14527,58
5,14528,77
5,14529,160
5,14530,77
5,14531,-45
5,14532,116
5,14533,128
5,14534,-71
5,14535,148
5,14536,96
5,14537,115
5,14538,51
5,14539,19
5,14540,326
5,14541,141
5,14542,173
5,14543,115
5,14544,160
5,14545,102
5,14546,71
5,14547,57
5,14548,166
5,14549,108
5,14550,211
5,14551,77
5,14552,102
5,14553,102
5,14554,38
5,14555,25
5,14556,39
5,14557,70
5,14558,57
5,14559,89
5,14560,199
5,14561,-20
5,14562,109
5,14563,70
5,14564,90
5,14565,115
5,14566,83
5,14567,84
5,14568,57
5,14569,58
5,14570,51
5,14571,64
5,14572,153
5,14573,19
5,14574,26
5,14575,96
5,14576,115
5,14577,45
5,14578,57
5,14579,96
5,14580,64
5,14581,84
5,14582,154
5,14583,115
5,14584,153
5,14585,32
5,14586,32
5,14587,83
5,14588,90
5,14589,70
5,14590,70
5,14591,70
5,14592,122
5,14593,-51
5,14594,109
5,14595,58
5,14596,89
5,14597,115
5,14598,122
5,14599,51
5,14600,38
5,14601,64
5,14602,58
5,14603,-64
5,14604,134
5,14605,58
5,14606,71
5,14607,-25
5,14608,77
5,14609,51
5,14610,83
5,14611,51
5,14612,51
5,14613,102
5,14614,346
5,14615,57
5,14616,160
5,14617,58
5,14618,70
5,14619,205
5,14620,160
5,14621,109
5,14622,237
5,14623,70
5,14624,115
5,14625,58
5,14626,96
5,14627,83
5,14628,32
5,14629,64
5,14630,-25
5,14631,102
5,14632,51
5,14633,141
5,14634,57
5,14635,-45
5,14636,44
5,14637,96
5,14638,346
5,14639,26
5,14640,128
5,14641,371
5,14642,57
5,14643,19
5,14644,70
5,14645,52
5,14646,173
5,14647,115
5,14648,128
5,14649,128
5,14650,122
5,14651,-58
5,14652,128
5,14653,51
5,14654,301
5,14655,135
5,14656,115
5,14657,275
5,14658,103
5,14659,64
5,14660,70
5,14661,32
5,14662,90
5,14663,26
5,14664,90
5,14665,89
5,14666,32
5,14667,115
5,14668,70
5,14669,109
5,14670,96
5,14671,102
5,14672,128
5,14673,70
5,14674,109
5,14675,128
5,14676,83
5,14677,102
5,14678,64
5,14679,76
5,14680,58
5,14681,115
5,14682,140
5,14683,231
5,14684,90
5,14685,102
5,14686,179
5,14687,153
5,14688,96
5,14689,122
5,14690,135
5,14691,160
5,14692,89
5,14693,371
5,14694,141
5,14695,70
5,14696,45
5,14697,89
5,14698,76
5,14699,71
5,14700,116
5,14701,128
5,14702,198
5,14703,109
5,14704,128
5,14705,294
5,14706,115
5,14707,32
5,14708,115
5,14709,109
5,14710,77
5,14711,115
5,14712,122
5,14713,134
5,14714,-51
5,14715,134
5,14716,813
5,14717,141
5,14718,77
5,14719,70
5,14720,108
5,14721,25
5,14722,103
5,14723,-13
5,14724,45
5,14725,45
5,14726,64
5,14727,83
5,14728,103
5,14729,788
5,14730,288
5,14731,768
5,14732,76
5,14733,96
5,14734,102
5,14735,58
5,14736,83
5,14737,52
5,14738,19
5,14739,64
5,14740,160
5,14741,-32
5,14742,180
5,14743,83
5,14744,76
5,14745,58
5,14746,109
5,14747,26
5,14748,71
5,14749,179
5,14750,173
5,14751,102
5,14752,109
5,14753,25
5,14754,134
5,14755,64
5,14756,77
5,14757,52
5,14758,64
5,14759,20
5,14760,64
5,14761,83
5,14762,109
5,14763,58
5,14764,71
5,14765,288
5,14766,166
5,14767,64
5,14768,103
5,14769,70
5,14770,70
5,14771,109
5,14772,70
5,14773,103
5,14774,166
5,14775,115
5,14776,64
5,14777,153
5,14778,77
5,14779,26
5,14780,109
5,14781,179
5,14782,166
5,14783,134
5,14784,70
5,14785,115
5,14786,96
5,14787,64
5,14788,128
5,14789,154
5,14790,166
5,14791,83
5,14792,64
5,14793,58
5,14794,128
5,14795,89
5,14796,115
5,14797,217
5,14798,121
5,14799,84
5,14800,71
5,14801,204
5,14802,64
5,14803,116
5,14804,122
5,14805,154
5,14806,205
5,14807,89
5,14808,153
5,14809,45
5,14810,121
5,14811,70
5,14812,26
5,14813,83
5,14814,160
5,14815,57
5,14816,116
5,14817,128
5,14818,160
5,14819,140
5,14820,-38
5,14821,198
5,14822,198
5,14823,109
5,14824,-51
5,14825,115
5,14826,19
5,14827,58
5,14828,58
5,14829,32
5,14830,236
5,14831,45
5,14832,6
5,14833,26
5,14834,128
5,14835,115
5,14836,-45
5,14837,115
5,14838,102
5,14839,121
5,14840,70
5,14841,204
5,14842,25
5,14843,141
5,14844,108
5,14845,58
5,14846,160
5,14847,115
5,14848,96
5,14849,76
5,14850,96
5,14851,19
5,14852,83
5,14853,58
5,14854,77
5,14855,45
5,14856,115
5,14857,173
5,14858,179
5,14859,128
5,14860,102
5,14861,109
5,14862,83
5,14863,70
5,14864,122
5,14865,103
5,14866,51
5,14867,77
5,14868,57
5,14869,52
5,14870,51
5,14871,-51
5,14872,57
5,14873,96
5,14874,96
5,14875,121
5,14876,135
5,14877,115
5,14878,121
5,14879,109
5,14880,51
5,14881,45
5,14882,96
5,14883,71
5,14884,64
5,14885,58
5,14886,135
5,14887,64
5,14888,70
5,14889,-32
5,14890,83
5,14891,64
5,14892,90
5,14893,-38
5,14894,121
5,14895,51
5,14896,64
5,14897,51
5,14898,32
5,14899,147
5,14900,-45
5,14901,39
5,14902,103
5,14903,307
5,14904,90
5,14905,198
5,14906,103
5,14907,115
5,14908,70
5,14909,147
5,14910,19
5,14911,102
5,14912,45
5,14913,102
5,14914,128
5,14915,90
5,14916,122
5,14917,38
5,14918,185
5,14919,109
5,14920,39
5,14921,96
5,14922,76
5,14923,179
5,14924,166
5,14925,121
5,14926,134
5,14927,198
5,14928,52
5,14929,122
5,14930,128
5,14931,128
5,14932,211
5,14933,90
5,14934,160
5,14935,115
5,14936,134
5,14937,44
5,14938,51
5,14939,102
5,14940,77
5,14941,52
5,14942,141
5,14943,64
5,14944,52
5,14945,263
5,14946,109
5,14947,160
5,14948,128
5,14949,77
5,14950,102
5,14951,96
5,14952,45
5,14953,115
5,14954,166
5,14955,58
5,14956,26
5,14957,166
5,14958,102
5,14959,224
5,14960,109
5,14961,115
5,14962,378
5,14963,128
5,14964,128
5,14965,109
5,14966,179
5,14967,134
5,14968,89
5,14969,141
5,14970,147
5,14971,51
5,14972,813
5,14973,115
5,14974,70
5,14975,109
5,14976,263
5,14977,64
5,14978,103
5,14979,64
5,14980,32
5,14981,358
5,14982,25
5,14983,71
5,14984,64
5,14985,103
5,14986,806
5,14987,102
5,14988,128
5,14989,96
5,14990,179
5,14991,160
5,14992,-45
5,14993,147
5,14994,160
5,14995,-45
5,14996,83
5,14997,115
5,14998,89
5,14999,32
5,15000,121
5,15001,102
5,15002,96
5,15003,90
5,15004,109
5,15005,160
5,15006,186
5,15007,45
5,15008,115
5,15009,154
5,15010,365
5,15011,-26
5,15012,51
5,15013,256
5,15014,192
5,15015,109
5,15016,57
5,15017,76
5,15018,102
5,15019,90
5,15020,128
5,15021,57
5,15022,70
5,15023,147
5,15024,115
5,15025,44
5,15026,52
5,15027,45
5,15028,70
5,15029,102
5,15030,128
5,15031,58
5,15032,64
5,15033,77
5,15034,96
5,15035,116
5,15036,397
5,15037,160
5,15038,198
5,15039,364
5,15040,135
5,15041,26
5,15042,102
5,15043,121
5,15044,115
5,15045,199
5,15046,205
5,15047,147
5,15048,83
5,15049,154
5,15050,64
5,15051,70
5,15052,51
5,15053,115
5,15054,147
5,15055,90
5,15056,70
5,15057,205
5,15058,205
5,15059,58
5,15060,102
5,15061,147
5,15062,167
5,15063,115
5,15064,83
5,15065,115
5,15066,71
5,15067,32
5,15068,32
5,15069,102
5,15070,205
5,15071,102
5,15072,70
5,15073,166
5,15074,154
5,15075,109
5,15076,64
5,15077,180
5,15078,211
5,15079,116
5,15080,90
5,15081,153
5,15082,70
5,15083,51
5,15084,58
5,15085,173
5,15086,83
5,15087,390
5,15088,45
5,15089,116
5,15090,154
5,15091,154
5,15092,115
5,15093,185
5,15094,51
5,15095,160
5,15096,109
5,15097,57
5,15098,166
5,15099,51
5,15100,51
5,15101,51
5,15102,70
5,15103,26
5,15104,76
5,15105,147
5,15106,192
5,15107,115
5,15108,122
5,15109,166
5,15110,96
5,15111,57
5,15112,77
5,15113,121
5,15114,211
5,15115,-52
5,15116,77
5,15117,198
5,15118,160
5,15119,218
5,15120,167
5,15121,64
5,15122,166
5,15123,20
5,15124,77
5,15125,64
5,15126,192
5,15127,32
5,15128,231
5,15129,134
5,15130,122
5,15131,364
5,15132,71
5,15133,179
5,15134,-26
5,15135,121
5,15136,109
5,15137,96
5,15138,160
5,15139,115
5,15140,71
5,15141,57
5,15142,167
5,15143,64
5,15144,52
5,15145,122
5,15146,179
5,15147,103
5,15148,103
5,15149,64
5,15150,90
5,15151,51
5,15152,122
5,15153,51
5,15154,154
5,15155,32
5,15156,116
5,15157,141
5,15158,121
5,15159,51
5,15160,-45
5,15161,128
5,15162,160
5,15163,160
5,15164,103
5,15165,32
5,15166,103
5,15167,32
5,15168,71
5,15169,26
5,15170,71
5,15171,70
5,15172,-57
5,15173,57
5,15174,64
5,15175,102
5,15176,-45
5,15177,102
5,15178,122
5,15179,64
5,15180,96
5,15181,45
5,15182,96
5,15183,346
5,15184,102
5,15185,45
5,15186,64
5,15187,77
5,15188,58
5,15189,160
5,15190,51
5,15191,109
5,15192,51
5,15193,160
5,15194,122
5,15195,121
5,15196,64
5,15197,108
5,15198,205
5,15199,147
5,15200,109
5,15201,166
5,15202,160
5,15203,77
5,15204,141
5,15205,135
5,15206,147
5,15207,96
5,15208,122
5,15209,160
5,15210,166
5,15211,77
5,15212,115
5,15213,-32
5,15214,205
5,15215,378
5,15216,71
5,15217,115
5,15218,70
5,15219,70
5,15220,-32
5,15221,173
5,15222,96
5,15223,109
5,15224,51
5,15225,57
5,15226,70
5,15227,45
5,15228,800
5,15229,71
5,15230,141
5,15231,57
5,15232,64
5,15233,51
5,15234,134
5,15235,83
5,15236,71
5,15237,64
5,15238,173
5,15239,52
5,15240,102
5,15241,812
5,15242,109
5,15243,755
5,15244,64
5,15245,154
5,15246,141
5,15247,77
5,15248,77
5,15249,154
5,15250,64
5,15251,51
5,15252,57
5,15253,96
5,15254,153
5,15255,134
5,15256,122
5,15257,301
5,15258,167
5,15259,26
5,15260,140
5,15261,256
5,15262,166
5,15263,77
5,15264,102
5,15265,71
5,15266,77
5,15267,51
5,15268,154
5,15269,204
5,15270,166
5,15271,52
5,15272,372
5,15273,90
5,15274,179
5,15275,89
5,15276,64
5,15277,180
5,15278,179
5,15279,26
5,15280,83
5,15281,64
5,15282,115
5,15283,51
5,15284,58
5,15285,122
5,15286,109
5,15287,58
5,15288,51
5,15289,51
5,15290,102
5,15291,122
5,15292,141
5,15293,332
5,15294,103
5,15295,192
5,15296,166
5,15297,128
5,15298,166
5,15299,51
5,15300,71
5,15301,102
5,15302,154
5,15303,109
5,15304,237
5,15305,153
5,15306,83
5,15307,96
5,15308,51
5,15309,64
5,15310,70
5,15311,70
5,15312,166
5,15313,116
5,15314,115
5,15315,115
5,15316,109
5,15317,211
5,15318,192
5,15319,70
5,15320,70
5,15321,58
5,15322,128
5,15323,26
5,15324,135
5,15325,153
5,15326,160
5,15327,89
5,15328,90
5,15329,128
5,15330,211
5,15331,89
5,15332,109
5,15333,57
5,15334,352
5,15335,109
5,15336,102
5,15337,58
5,15338,39
5,15339,96
5,15340,58
5,15341,70
5,15342,96
5,15343,96
5,15344,19
5,15345,71
5,15346,121
5,15347,96
5,15348,90
5,15349,102
5,15350,211
5,15351,77
5,15352,-32
5,15353,102
5,15354,109
5,15355,51
5,15356,58
5,15357,147
5,15358,51
5,15359,26
5,15360,122
5,15361,102
5,15362,115
5,15363,25
5,15364,83
5,15365,83
5,15366,167
5,15367,71
5,15368,172
5,15369,102
5,15370,84
5,15371,134
5,15372,122
5,15373,102
5,15374,96
5,15375,70
5,15376,71
5,15377,160
5,15378,32
5,15379,25
5,15380,89
5,15381,64
5,15382,-32
5,15383,185
5,15384,64
5,15385,192
5,15386,166
5,15387,135
5,15388,173
5,15389,147
5,15390,205
5,15391,166
5,15392,90
5,15393,51
5,15394,153
5,15395,153
5,15396,64
5,15397,121
5,15398,179
5,15399,52
5,15400,90
5,15401,134
5,15402,77
5,15403,57
5,15404,141
5,15405,64
5,15406,160
5,15407,115
5,15408,154
5,15409,57
5,15410,32
5,15411,26
5,15412,64
5,15413,52
5,15414,109
5,15415,57
5,15416,89
5,15417,128
5,15418,192
5,15419,90
5,15420,58
5,15421,-6
5,15422,25
5,15423,103
5,15424,364
5,15425,109
5,15426,179
5,15427,96
5,15428,83
5,15429,96
5,15430,409
5,15431,102
5,15432,116
5,15433,83
5,15434,147
5,15435,122
5,15436,64
5,15437,57
5,15438,192
5,15439,70
5,15440,26
5,15441,109
5,15442,76
5,15443,83
5,15444,83
5,15445,51
5,15446,51
5,15447,121
5,15448,77
5,15449,38
5,15450,70
5,15451,116
5,15452,352
5,15453,58
5,15454,77
5,15455,64
5,15456,83
5,15457,102
5,15458,128
5,15459,108
5,15460,77
5,15461,58
5,15462,147
5,15463,45
5,15464,198
5,15465,192
5,15466,76
5,15467,108
5,15468,96
5,15469,52
5,15470,64
5,15471,205
5,15472,64
5,15473,250
5,15474,141
5,15475,115
5,15476,192
5,15477,365
5,15478,109
5,15479,96
5,15480,45
5,15481,102
5,15482,211
5,15483,52
5,15484,640
5,15485,64
5,15486,64
5,15487,109
5,15488,51
5,15489,58
5,15490,26
5,15491,64
5,15492,83
5,15493,52
5,15494,96
5,15495,84
5,15496,71
5,15497,160
5,15498,800
5,15499,103
5,15500,115
5,15501,102
5,15502,64
5,15503,58
5,15504,115
5,15505,96
5,15506,108
5,15507,115
5,15508,38
5,15509,83
5,15510,25
5,15511,121
5,15512,115
5,15513,77
5,15514,103
5,15515,64
5,15516,64
5,15517,109
5,15518,128
5,15519,154
5,15520,121
5,15521,83
5,15522,64
5,15523,90
5,15524,32
5,15525,26
5,15526,166
5,15527,13
5,15528,64
5,15529,96
5,15530,103
5,15531,160
5,15532,109
5,15533,115
5,15534,217
5,15535,192
5,15536,122
5,15537,109
5,15538,140
5,15539,89
5,15540,64
5,15541,71
5,15542,-45
5,15543,173
5,15544,51
5,15545,166
5,15546,121
5,15547,268
5,15548,71
5,15549,121
5,15550,57
5,15551,90
5,15552,153
5,15553,51
5,15554,128
5,15555,51
5,15556,268
5,15557,134
5,15558,77
5,15559,96
5,15560,115
5,15561,64
5,15562,20
5,15563,64
5,15564,57
5,15565,108
5,15566,276
5,15567,64
5,15568,115
5,15569,128
5,15570,84
5,15571,102
5,15572,64
5,15573,141
5,15574,116
5,15575,70
5,15576,90
5,15577,64
5,15578,262
5,15579,20
5,15580,70
5,15581,89
5,15582,64
5,15583,51
5,15584,90
5,15585,102
5,15586,70
5,15587,70
5,15588,77
5,15589,57
5,15590,166
5,15591,58
5,15592,115
5,15593,38
5,15594,20
5,15595,365
5,15596,51
5,15597,51
5,15598,-45
5,15599,134
5,15600,57
5,15601,52
5,15602,102
5,15603,71
5,15604,64
5,15605,96
5,15606,154
5,15607,64
5,15608,128
5,15609,20
5,15610,115
5,15611,45
5,15612,51
5,15613,58
5,15614,70
5,15615,-45
5,15616,76
5,15617,64
5,15618,173
5,15619,45
5,15620,115
5,15621,51
5,15622,64
5,15623,83
5,15624,378
5,15625,102
5,15626,166
5,15627,77
5,15628,205
5,15629,57
5,15630,96
5,15631,199
5,15632,83
5,15633,89
5,15634,102
5,15635,51
5,15636,-19
5,15637,167
5,15638,102
5,15639,70
5,15640,148
5,15641,116
5,15642,218
5,15643,103
5,15644,122
5,15645,-57
5,15646,199
5,15647,71
5,15648,77
5,15649,96
5,15650,32
5,15651,64
5,15652,45
5,15653,51
5,15654,108
5,15655,58
5,15656,282
5,15657,147
5,15658,128
5,15659,109
5,15660,128
5,15661,103
5,15662,71
5,15663,103
5,15664,70
5,15665,32
5,15666,64
5,15667,32
5,15668,115
5,15669,26
5,15670,70
5,15671,71
5,15672,-38
5,15673,199
5,15674,147
5,15675,115
5,15676,103
5,15677,51
5,15678,102
5,15679,121
5,15680,45
5,15681,26
5,15682,70
5,15683,58
5,15684,96
5,15685,-6
5,15686,128
5,15687,134
5,15688,96
5,15689,115
5,15690,327
5,15691,57
5,15692,153
5,15693,141
5,15694,64
5,15695,102
5,15696,109
5,15697,51
5,15698,58
5,15699,83
5,15700,32
5,15701,25
5,15702,70
5,15703,109
5,15704,153
5,15705,89
5,15706,70
5,15707,70
5,15708,154
5,15709,115
5,15710,141
5,15711,160
5,15712,116
5,15713,109
5,15714,192
5,15715,71
5,15716,128
5,15717,52
5,15718,179
5,15719,71
5,15720,102
5,15721,96
5,15722,77
5,15723,141
5,15724,77
5,15725,64
5,15726,179
5,15727,51
5,15728,115
5,15729,70
5,15730,58
5,15731,-39
5,15732,96
5,15733,116
5,15734,96
5,15735,102
5,15736,128
5,15737,83
5,15738,64
5,15739,96
5,15740,806
5,15741,108
5,15742,64
5,15743,134
5,15744,26
5,15745,83
5,15746,58
5,15747,19
5,15748,109
5,15749,115
5,15750,51
5,15751,268
5,15752,148
5,15753,793
5,15754,-45
5,15755,794
5,15756,32
5,15757,77
5,15758,154
5,15759,96
5,15760,57
5,15761,70
5,15762,90
5,15763,51
5,15764,77
5,15765,115
5,15766,121
5,15767,96
5,15768,64
5,15769,-6
5,15770,90
5,15771,70
5,15772,115
5,15773,160
5,15774,71
5,15775,77
5,15776,205
5,15777,32
5,15778,116
5,15779,-25
5,15780,71
5,15781,77
5,15782,172
5,15783,115
5,15784,-58
5,15785,128
5,15786,109
5,15787,45
5,15788,166
5,15789,122
5,15790,90
5,15791,103
5,15792,134
5,15793,32
5,15794,19
5,15795,64
5,15796,45
5,15797,115
5,15798,211
5,15799,108
5,15800,96
5,15801,153
5,15802,173
5,15803,70
5,15804,180
5,15805,109
5,15806,173
5,15807,116
5,15808,77
5,15809,148
5,15810,122
5,15811,64
5,15812,141
5,15813,122
5,15814,314
5,15815,77
5,15816,166
5,15817,90
5,15818,83
5,15819,96
5,15820,128
5,15821,-32
5,15822,180
5,15823,83
5,15824,25
5,15825,89
5,15826,147
5,15827,122
5,15828,121
5,15829,128
5,15830,134
5,15831,198
5,15832,116
5,15833,-38
5,15834,83
5,15835,115
5,15836,134
5,15837,83
5,15838,218
5,15839,58
5,15840,64
5,15841,109
5,15842,102
5,15843,90
5,15844,121
5,15845,89
5,15846,179
5,15847,269
5,15848,77
5,15849,64
5,15850,51
5,15851,141
5,15852,103
5,15853,122
5,15854,115
5,15855,32
5,15856,115
5,15857,160
5,15858,199
5,15859,83
5,15860,57
5,15861,76
5,15862,167
5,15863,-45
5,15864,128
5,15865,51
5,15866,103
5,15867,58
5,15868,64
5,15869,96
5,15870,64
5,15871,166
5,15872,64
5,15873,148
5,15874,26
5,15875,51
5,15876,70
5,15877,96
5,15878,77
5,15879,109
5,15880,109
5,15881,115
5,15882,121
5,15883,77
5,15884,141
5,15885,102
5,15886,84
5,15887,58
5,15888,128
5,15889,109
5,15890,57
5,15891,96
5,15892,115
5,15893,71
5,15894,57
5,15895,70
5,15896,77
5,15897,71
5,15898,77
5,15899,103
5,15900,115
5,15901,116
5,15902,167
5,15903,109
5,15904,96
5,15905,160
5,15906,70
5,15907,25
5,15908,173
5,15909,96
5,15910,128
5,15911,64
5,15912,83
5,15913,135
5,15914,90
5,15915,96
5,15916,115
5,15917,58
5,15918,39
5,15919,122
5,15920,57
5,15921,102
5,15922,-51
5,15923,90
5,15924,83
5,15925,371
5,15926,32
5,15927,32
5,15928,141
5,15929,83
5,15930,160
5,15931,64
5,15932,90
5,15933,70
5,15934,121
5,15935,64
5,15936,109
5,15937,-32
5,15938,71
5,15939,301
5,15940,64
5,15941,70
5,15942,115
5,15943,115
5,15944,122
5,15945,128
5,15946,70
5,15947,199
5,15948,115
5,15949,45
5,15950,160
5,15951,364
5,15952,102
5,15953,-70
5,15954,122
5,15955,96
5,15956,122
5,15957,77
5,15958,-44
5,15959,115
5,15960,84
5,15961,32
5,15962,102
5,15963,26
5,15964,121
5,15965,51
5,15966,26
5,15967,70
5,15968,51
5,15969,77
5,15970,96
5,15971,166
5,15972,128
5,15973,96
5,15974,211
5,15975,58
5,15976,103
5,15977,160
5,15978,64
5,15979,71
5,15980,179
5,15981,64
5,15982,45
5,15983,76
5,15984,44
5,15985,96
5,15986,115
5,15987,122
5,15988,115
5,15989,121
5,15990,102
5,15991,83
5,15992,192
5,15993,90
5,15994,198
5,15995,115
5,15996,928
5,15997,64
5,15998,154
5,15999,122
5,16000,13
5,16001,51
5,16002,128
5,16003,-25
5,16004,64
5,16005,77
5,16006,109
5,16007,103
5,16008,57
5,16009,167
5,16010,775
5,16011,-32
5,16012,83
5,16013,109
5,16014,217
5,16015,52
5,16016,96
5,16017,89
5,16018,115
5,16019,32
5,16020,103
5,16021,96
5,16022,160
5,16023,205
5,16024,70
5,16025,32
5,16026,102
5,16027,-38
5,16028,109
5,16029,115
5,16030,160
5,16031,77
5,16032,-57
5,16033,-32
5,16034,122
5,16035,64
5,16036,64
5,16037,102
5,16038,77
5,16039,115
5,16040,179
5,16041,64
5,16042,108
5,16043,64
5,16044,115
5,16045,109
5,16046,64
5,16047,102
5,16048,166
5,16049,58
5,16050,64
5,16051,90
5,16052,102
5,16053,45
5,16054,173
5,16055,103
5,16056,148
5,16057,134
5,16058,96
5,16059,-45
5,16060,148
5,16061,51
5,16062,58
5,16063,102
5,16064,116
5,16065,96
5,16066,160
5,16067,26
5,16068,148
5,16069,96
5,16070,70
5,16071,109
5,16072,204
5,16073,346
5,16074,26
5,16075,19
5,16076,58
5,16077,96
5,16078,58
5,16079,51
5,16080,83
5,16081,58
5,16082,122
5,16083,109
5,16084,135
5,16085,57
5,16086,90
5,16087,121
5,16088,179
5,16089,346
5,16090,26
5,16091,51
5,16092,45
5,16093,77
5,16094,327
5,16095,64
5,16096,51
5,16097,32
5,16098,51
5,16099,64
5,16100,307
5,16101,160
5,16102,179
5,16103,64
5,16104,77
5,16105,192
5,16106,32
5,16107,122
5,16108,77
5,16109,109
5,16110,51
5,16111,51
5,16112,102
5,16113,45
5,16114,64
5,16115,115
5,16116,122
5,16117,198
5,16118,109
5,16119,109
5,16120,64
5,16121,217
5,16122,173
5,16123,64
5,16124,77
5,16125,109
5,16126,51
5,16127,115
5,16128,122
5,16129,51
5,16130,180
5,16131,32
5,16132,371
5,16133,128
5,16134,32
5,16135,19
5,16136,57
5,16137,192
5,16138,64
5,16139,128
5,16140,116
5,16141,116
5,16142,179
5,16143,64
5,16144,167
5,16145,90
5,16146,90
5,16147,32
5,16148,301
5,16149,103
5,16150,128
5,16151,71
5,16152,115
5,16153,102
5,16154,109
5,16155,116
5,16156,128
5,16157,70
5,16158,102
5,16159,115
5,16160,115
5,16161,32
5,16162,224
5,16163,-26
5,16164,179
5,16165,96
5,16166,109
5,16167,-26
5,16168,58
5,16169,121
5,16170,115
5,16171,109
5,16172,173
5,16173,153
5,16174,70
5,16175,70
5,16176,167
5,16177,58
5,16178,96
5,16179,64
5,16180,26
5,16181,140
5,16182,115
5,16183,263
5,16184,116
5,16185,211
5,16186,173
5,16187,70
5,16188,83
5,16189,58
5,16190,167
5,16191,52
5,16192,109
5,16193,32
5,16194,116
5,16195,96
5,16196,0
5,16197,109
5,16198,179
5,16199,-51
5,16200,76
5,16201,108
5,16202,116
5,16203,109
5,16204,167
5,16205,58
5,16206,359
5,16207,77
5,16208,115
5,16209,141
5,16210,135
5,16211,70
5,16212,71
5,16213,89
5,16214,160
5,16215,71
5,16216,96
5,16217,147
5,16218,160
5,16219,76
5,16220,147
5,16221,377
5,16222,167
5,16223,122
5,16224,64
5,16225,108
5,16226,167
5,16227,109
5,16228,122
5,16229,166
5,16230,25
5,16231,26
5,16232,102
5,16233,58
5,16234,160
5,16235,58
5,16236,141
5,16237,45
5,16238,109
5,16239,51
5,16240,64
5,16241,116
5,16242,-45
5,16243,45
5,16244,58
5,16245,147
5,16246,141
5,16247,45
5,16248,64
5,16249,70
5,16250,108
5,16251,77
5,16252,826
5,16253,160
5,16254,108
5,16255,64
5,16256,52
5,16257,64
5,16258,364
5,16259,-25
5,16260,51
5,16261,153
5,16262,108
5,16263,115
5,16264,64
5,16265,820
5,16266,115
5,16267,781
5,16268,90
5,16269,83
5,16270,64
5,16271,109
5,16272,102
5,16273,45
5,16274,314
5,16275,70
5,16276,26
5,16277,64
5,16278,167
5,16279,77
5,16280,57
5,16281,108
5,16282,96
5,16283,103
5,16284,77
5,16285,70
5,16286,185
5,16287,205
5,16288,122
5,16289,96
5,16290,19
5,16291,77
5,16292,57
5,16293,77
5,16294,160
5,16295,-45
5,16296,102
5,16297,115
5,16298,128
5,16299,70
5,16300,141
5,16301,103
5,16302,45
5,16303,122
5,16304,141
5,16305,20
5,16306,346
5,16307,32
5,16308,64
5,16309,102
5,16310,84
5,16311,70
5,16312,103
5,16313,70
5,16314,64
5,16315,90
5,16316,308
5,16317,109
5,16318,135
5,16319,64
5,16320,115
5,16321,109
5,16322,173
5,16323,77
5,16324,115
5,16325,109
5,16326,109
5,16327,-64
5,16328,141
5,16329,109
5,16330,57
5,16331,121
5,16332,102
5,16333,115
5,16334,128
5,16335,26
5,16336,122
5,16337,364
5,16338,115
5,16339,122
5,16340,109
5,16341,198
5,16342,192
5,16343,166
5,16344,134
5,16345,51
5,16346,166
5,16347,57
5,16348,83
5,16349,134
5,16350,140
5,16351,96
5,16352,96
5,16353,359
5,16354,128
5,16355,115
5,16356,122
5,16357,147
5,16358,198
5,16359,108
5,16360,89
5,16361,192
5,16362,32
5,16363,314
5,16364,121
5,16365,90
5,16366,147
5,16367,51
5,16368,32
5,16369,-38
5,16370,179
5,16371,45
5,16372,217
5,16373,147
5,16374,147
5,16375,115
5,16376,109
5,16377,32
5,16378,115
5,16379,64
5,16380,70
5,16381,44
5,16382,32
5,16383,71
5,16384,32
5,16385,288
5,16386,166
5,16387,45
5,16388,32
5,16389,122
5,16390,51
5,16391,70
5,16392,64
5,16393,115
5,16394,116
5,16395,128
5,16396,134
5,16397,51
5,16398,167
5,16399,198
5,16400,83
5,16401,185
5,16402,58
5,16403,26
5,16404,128
5,16405,90
5,16406,71
5,16407,102
5,16408,32
5,16409,122
5,16410,122
5,16411,115
5,16412,90
5,16413,52
5,16414,102
5,16415,147
5,16416,154
5,16417,83
5,16418,192
5,16419,96
5,16420,109
5,16421,70
5,16422,38
5,16423,38
5,16424,141
5,16425,103
5,16426,135
5,16427,64
5,16428,45
5,16429,96
5,16430,96
5,16431,64
5,16432,83
5,16433,84
5,16434,19
5,16435,96
5,16436,83
5,16437,160
5,16438,160
5,16439,70
5,16440,115
5,16441,58
5,16442,301
5,16443,90
5,16444,153
5,16445,154
5,16446,51
5,16447,51
5,16448,-39
5,16449,141
5,16450,147
5,16451,173
5,16452,77
5,16453,135
5,16454,173
5,16455,192
5,16456,160
5,16457,180
5,16458,115
5,16459,64
5,16460,109
5,16461,160
5,16462,167
5,16463,-45
5,16464,77
5,16465,83
5,16466,102
5,16467,52
5,16468,109
5,16469,96
5,16470,147
5,16471,115
5,16472,192
5,16473,32
5,16474,102
5,16475,58
5,16476,102
5,16477,154
5,16478,192
5,16479,70
5,16480,58
5,16481,109
5,16482,96
5,16483,147
5,16484,71
5,16485,77
5,16486,192
5,16487,64
5,16488,77
5,16489,185
5,16490,64
5,16491,108
5,16492,128
5,16493,166
5,16494,64
5,16495,57
5,16496,51
5,16497,102
5,16498,263
5,16499,96
5,16500,84
5,16501,166
5,16502,128
5,16503,128
5,16504,352
5,16505,128
5,16506,160
5,16507,-38
5,16508,1069
5,16509,64
5,16510,51
5,16511,26
5,16512,64
5,16513,-52
5,16514,115
5,16515,19
5,16516,64
5,16517,32
5,16518,160
5,16519,70
5,16520,90
5,16521,218
5,16522,832
5,16523,109
5,16524,103
5,16525,83
5,16526,218
5,16527,121
5,16528,44
5,16529,19
5,16530,77
5,16531,20
5,16532,90
5,16533,64
5,16534,108
5,16535,25
5,16536,166
5,16537,160
5,16538,70
5,16539,128
5,16540,167
5,16541,327
5,16542,160
5,16543,64
5,16544,147
5,16545,26
5,16546,121
5,16547,51
5,16548,64
5,16549,115
5,16550,51
5,16551,19
5,16552,121
5,16553,89
5,16554,115
5,16555,70
5,16556,166
5,16557,122
5,16558,134
5,16559,153
5,16560,115
5,16561,71
5,16562,77
5,16563,96
5,16564,13
5,16565,45
5,16566,192
5,16567,90
5,16568,39
5,16569,64
5,16570,76
5,16571,128
5,16572,122
5,16573,45
5,16574,-45
5,16575,121
5,16576,128
5,16577,64
5,16578,51
5,16579,26
5,16580,45
5,16581,58
5,16582,64
5,16583,76
5,16584,147
5,16585,352
5,16586,32
5,16587,26
5,16588,103
5,16589,160
5,16590,198
5,16591,90
5,16592,90
5,16593,128
5,16594,160
5,16595,167
5,16596,71
5,16597,179
5,16598,160
5,16599,96
5,16600,154
5,16601,64
5,16602,45
5,16603,32
5,16604,51
5,16605,58
5,16606,89
5,16607,96
5,16608,83
5,16609,83
5,16610,90
5,16611,71
5,16612,32
5,16613,134
5,16614,218
5,16615,76
5,16616,-26
5,16617,160
5,16618,141
5,16619,71
5,16620,64
5,16621,109
5,16622,25
5,16623,45
5,16624,135
5,16625,166
5,16626,192
5,16627,115
5,16628,141
5,16629,64
5,16630,90
5,16631,115
5,16632,282
5,16633,122
5,16634,52
5,16635,51
5,16636,160
5,16637,58
5,16638,-26
5,16639,141
5,16640,115
5,16641,58
5,16642,102
5,16643,103
5,16644,192
5,16645,166
5,16646,109
5,16647,372
5,16648,96
5,16649,71
5,16650,167
5,16651,109
5,16652,90
5,16653,128
5,16654,166
5,16655,32
5,16656,122
5,16657,128
5,16658,166
5,16659,19
5,16660,52
5,16661,147
5,16662,77
5,16663,19
5,16664,57
5,16665,154
5,16666,186
5,16667,96
5,16668,109
5,16669,51
5,16670,70
5,16671,51
5,16672,109
5,16673,70
5,16674,122
5,16675,-45
5,16676,77
5,16677,140
5,16678,-38
5,16679,352
5,16680,320
5,16681,199
5,16682,153
5,16683,77
5,16684,77
5,16685,115
5,16686,153
5,16687,122
5,16688,64
5,16689,51
5,16690,-51
5,16691,128
5,16692,103
5,16693,77
5,16694,173
5,16695,71
5,16696,154
5,16697,64
5,16698,122
5,16699,32
5,16700,172
5,16701,160
5,16702,205
5,16703,77
5,16704,38
5,16705,51
5,16706,64
5,16707,109
5,16708,116
5,16709,52
5,16710,102
5,16711,404
5,16712,153
5,16713,147
5,16714,115
5,16715,96
5,16716,205
5,16717,115
5,16718,70
5,16719,64
5,16720,166
5,16721,96
5,16722,77
5,16723,77
5,16724,90
5,16725,102
5,16726,199
5,16727,90
5,16728,89
5,16729,359
5,16730,122
5,16731,116
5,16732,71
5,16733,173
5,16734,172
5,16735,115
5,16736,147
5,16737,89
5,16738,70
5,16739,116
5,16740,147
5,16741,115
5,16742,192
5,16743,109
5,16744,134
5,16745,172
5,16746,32
5,16747,83
5,16748,153
5,16749,109
5,16750,77
5,16751,141
5,16752,115
5,16753,160
5,16754,160
5,16755,83
5,16756,44
5,16757,192
5,16758,153
5,16759,134
5,16760,122
5,16761,96
5,16762,122
5,16763,109
5,16764,429
5,16765,96
5,16766,173
5,16767,102
5,16768,57
5,16769,44
5,16770,128
5,16771,26
5,16772,44
5,16773,71
5,16774,77
5,16775,26
5,16776,64
5,16777,787
5,16778,134
5,16779,807
5,16780,115
5,16781,147
5,16782,108
5,16783,115
5,16784,109
5,16785,38
5,16786,-51
5,16787,45
5,16788,71
5,16789,64
5,16790,96
5,16791,26
5,16792,154
5,16793,128
5,16794,64
5,16795,64
5,16796,141
5,16797,147
5,16798,249
5,16799,115
5,16800,160
5,16801,90
5,16802,160
5,16803,26
5,16804,51
5,16805,141
5,16806,365
5,16807,58
5,16808,103
5,16809,96
5,16810,179
5,16811,84
5,16812,167
5,16813,121
5,16814,172
5,16815,108
5,16816,147
5,16817,45
5,16818,-64
5,16819,32
5,16820,45
5,16821,44
5,16822,103
5,16823,58
5,16824,64
5,16825,96
5,16826,109
5,16827,115
5,16828,64
5,16829,160
5,16830,160
5,16831,71
5,16832,77
5,16833,-39
5,16834,77
5,16835,71
5,16836,57
5,16837,109
5,16838,90
5,16839,89
5,16840,76
5,16841,51
5,16842,77
5,16843,32
5,16844,64
5,16845,64
5,16846,160
5,16847,115
5,16848,167
5,16849,205
5,16850,-45
5,16851,128
5,16852,109
5,16853,192
5,16854,115
5,16855,160
5,16856,180
5,16857,51
5,16858,102
5,16859,396
5,16860,77
5,16861,166
5,16862,186
5,16863,102
5,16864,51
5,16865,128
5,16866,153
5,16867,192
5,16868,102
5,16869,173
5,16870,198
5,16871,102
5,16872,173
5,16873,185
5,16874,13
5,16875,109
5,16876,128
5,16877,154
5,16878,90
5,16879,-64
5,16880,103
5,16881,-26
5,16882,218
5,16883,122
5,16884,211
5,16885,218
5,16886,237
5,16887,70
5,16888,109
5,16889,109
5,16890,84
5,16891,70
5,16892,-45
5,16893,179
5,16894,160
5,16895,122
5,16896,121
5,16897,64
5,16898,64
5,16899,25
5,16900,103
5,16901,-26
5,16902,198
5,16903,64
5,16904,45
5,16905,186
5,16906,122
5,16907,103
5,16908,166
5,16909,90
5,16910,205
5,16911,45
5,16912,57
5,16913,115
5,16914,160
5,16915,96
5,16916,109
5,16917,96
5,16918,102
5,16919,52
5,16920,45
5,16921,-186
5,16922,320
5,16923,70
5,16924,96
5,16925,70
5,16926,180
5,16927,77
5,16928,109
5,16929,45
5,16930,102
5,16931,19
5,16932,51
5,16933,52
5,16934,172
5,16935,25
5,16936,102
5,16937,115
5,16938,103
5,16939,70
5,16940,173
5,16941,77
5,16942,77
5,16943,77
5,16944,173
5,16945,-39
5,16946,-25
5,16947,-236
5,16948,64
5,16949,192
5,16950,167
5,16951,51
5,16952,90
5,16953,166
5,16954,58
5,16955,160
5,16956,115
5,16957,192
5,16958,64
5,16959,96
5,16960,45
5,16961,52
5,16962,108
5,16963,166
5,16964,70
5,16965,70
5,16966,70
5,16967,76
5,16968,186
5,16969,71
5,16970,115
5,16971,77
5,16972,192
5,16973,102
5,16974,160
5,16975,58
5,16976,64
5,16977,96
5,16978,96
5,16979,102
5,16980,109
5,16981,57
5,16982,115
5,16983,307
5,16984,96
5,16985,38
5,16986,256
5,16987,26
5,16988,109
5,16989,147
5,16990,160
5,16991,64
5,16992,96
5,16993,-38
5,16994,186
5,16995,218
5,16996,217
5,16997,116
5,16998,64
5,16999,70
5,17000,116
5,17001,230
5,17002,71
5,17003,70
5,17004,71
5,17005,25
5,17006,89
5,17007,64
5,17008,57
5,17009,115
5,17010,96
5,17011,147
5,17012,122
5,17013,109
5,17014,173
5,17015,154
5,17016,103
5,17017,96
5,17018,115
5,17019,109
5,17020,813
5,17021,77
5,17022,160
5,17023,58
5,17024,70
5,17025,90
5,17026,83
5,17027,102
5,17028,122
5,17029,109
5,17030,154
5,17031,64
5,17032,83
5,17033,102
5,17034,813
5,17035,58
5,17036,109
5,17037,371
5,17038,76
5,17039,83
5,17040,64
5,17041,96
5,17042,26
5,17043,89
5,17044,371
5,17045,90
5,17046,19
5,17047,89
5,17048,358
5,17049,166
5,17050,71
5,17051,134
5,17052,141
5,17053,122
5,17054,57
5,17055,77
5,17056,96
5,17057,70
5,17058,57
5,17059,25
5,17060,397
5,17061,154
5,17062,64
5,17063,269
5,17064,148
5,17065,64
5,17066,122
5,17067,58
5,17068,89
5,17069,96
5,17070,198
5,17071,45
5,17072,180
5,17073,32
5,17074,44
5,17075,32
5,17076,51
5,17077,57
5,17078,58
5,17079,140
5,17080,32
5,17081,160
5,17082,83
5,17083,109
5,17084,83
5,17085,51
5,17086,57
5,17087,147
5,17088,115
5,17089,109
5,17090,134
5,17091,26
5,17092,148
5,17093,109
5,17094,26
5,17095,154
5,17096,173
5,17097,64
5,17098,45
5,17099,25
5,17100,51
5,17101,134
5,17102,-45
5,17103,38
5,17104,90
5,17105,135
5,17106,115
5,17107,103
5,17108,96
5,17109,96
5,17110,115
5,17111,115
5,17112,115
5,17113,38
5,17114,26
5,17115,13
5,17116,76
5,17117,-26
5,17118,77
5,17119,83
5,17120,135
5,17121,51
5,17122,154
5,17123,-57
5,17124,135
5,17125,77
5,17126,96
5,17127,102
5,17128,64
5,17129,45
5,17130,51
5,17131,51
5,17132,108
5,17133,115
5,17134,-19
5,17135,71
5,17136,199
5,17137,70
5,17138,103
5,17139,154
5,17140,167
5,17141,122
5,17142,192
5,17143,372
5,17144,109
5,17145,64
5,17146,64
5,17147,71
5,17148,26
5,17149,25
5,17150,76
5,17151,128
5,17152,185
5,17153,83
5,17154,83
5,17155,25
5,17156,83
5,17157,51
5,17158,166
5,17159,166
5,17160,109
5,17161,108
5,17162,83
5,17163,109
5,17164,128
5,17165,122
5,17166,166
5,17167,154
5,17168,71
5,17169,64
5,17170,320
5,17171,77
5,17172,109
5,17173,96
5,17174,64
5,17175,70
5,17176,84
5,17177,122
5,17178,172
5,17179,96
5,17180,249
5,17181,96
5,17182,77
5,17183,58
5,17184,-45
5,17185,237
5,17186,-38
5,17187,103
5,17188,153
5,17189,199
5,17190,160
5,17191,26
5,17192,147
5,17193,109
5,17194,218
5,17195,51
5,17196,128
5,17197,102
5,17198,108
5,17199,339
5,17200,-44
5,17201,147
5,17202,115
5,17203,115
5,17204,128
5,17205,-25
5,17206,167
5,17207,122
5,17208,38
5,17209,128
5,17210,122
5,17211,70
5,17212,77
5,17213,45
5,17214,205
5,17215,116
5,17216,51
5,17217,116
5,17218,57
5,17219,64
5,17220,-19
5,17221,148
5,17222,64
5,17223,51
5,17224,109
5,17225,103
5,17226,58
5,17227,109
5,17228,115
5,17229,58
5,17230,44
5,17231,167
5,17232,64
5,17233,102
5,17234,153
5,17235,102
5,17236,51
5,17237,-70
5,17238,45
5,17239,70
5,17240,141
5,17241,58
5,17242,70
5,17243,-51
5,17244,38
5,17245,77
5,17246,173
5,17247,103
5,17248,-51
5,17249,116
5,17250,122
5,17251,160
5,17252,173
5,17253,70
5,17254,77
5,17255,70
5,17256,141
5,17257,122
5,17258,198
5,17259,71
5,17260,116
5,17261,102
5,17262,109
5,17263,109
5,17264,115
5,17265,160
5,17266,192
5,17267,20
5,17268,109
5,17269,108
5,17270,179
5,17271,96
5,17272,58
5,17273,160
5,17274,115
5,17275,70
5,17276,794
5,17277,122
5,17278,185
5,17279,103
5,17280,-13
5,17281,32
5,17282,103
5,17283,58
5,17284,109
5,17285,153
5,17286,166
5,17287,76
5,17288,71
5,17289,793
5,17290,116
5,17291,806
5,17292,70
5,17293,160
5,17294,167
5,17295,96
5,17296,128
5,17297,51
5,17298,71
5,17299,57
5,17300,89
5,17301,64
5,17302,102
5,17303,51
5,17304,116
5,17305,51
5,17306,128
5,17307,268
5,17308,103
5,17309,186
5,17310,185
5,17311,384
5,17312,45
5,17313,-38
5,17314,70
5,17315,77
5,17316,109
5,17317,64
5,17318,172
5,17319,58
5,17320,83
5,17321,109
5,17322,172
5,17323,109
5,17324,96
5,17325,64
5,17326,89
5,17327,70
5,17328,52
5,17329,-57
5,17330,20
5,17331,57
5,17332,64
5,17333,64
5,17334,57
5,17335,51
5,17336,58
5,17337,51
5,17338,77
5,17339,96
5,17340,160
5,17341,109
5,17342,58
5,17343,128
5,17344,57
5,17345,64
5,17346,77
5,17347,77
5,17348,89
5,17349,70
5,17350,179
5,17351,90
5,17352,153
5,17353,141
5,17354,51
5,17355,103
5,17356,89
5,17357,64
5,17358,45
5,17359,51
5,17360,58
5,17361,115
5,17362,77
5,17363,77
5,17364,71
5,17365,89
5,17366,173
5,17367,115
5,17368,109
5,17369,58
5,17370,77
5,17371,-52
5,17372,128
5,17373,44
5,17374,275
5,17375,115
5,17376,90
5,17377,115
5,17378,116
5,17379,141
5,17380,77
5,17381,64
5,17382,90
5,17383,140
5,17384,128
5,17385,70
5,17386,128
5,17387,103
5,17388,57
5,17389,115
5,17390,-25
5,17391,-51
5,17392,109
5,17393,116
5,17394,70
5,17395,103
5,17396,160
5,17397,70
5,17398,90
5,17399,115
5,17400,268
5,17401,44
5,17402,358
5,17403,51
5,17404,52
5,17405,103
5,17406,-39
5,17407,57
5,17408,102
5,17409,90
5,17410,57
5,17411,39
5,17412,77
5,17413,90
5,17414,205
5,17415,70
5,17416,314
5,17417,160
5,17418,205
5,17419,70
5,17420,166
5,17421,390
5,17422,166
5,17423,76
5,17424,103
5,17425,108
5,17426,19
5,17427,115
5,17428,192
5,17429,147
5,17430,160
5,17431,116
5,17432,179
5,17433,199
5,17434,115
5,17435,140
5,17436,179
5,17437,71
5,17438,224
5,17439,-64
5,17440,135
5,17441,90
5,17442,64
5,17443,45
5,17444,-45
5,17445,109
5,17446,102
5,17447,102
5,17448,108
5,17449,211
5,17450,115
5,17451,128
5,17452,109
5,17453,57
5,17454,160
5,17455,77
5,17456,76
5,17457,-19
5,17458,77
5,17459,109
5,17460,57
5,17461,103
5,17462,128
5,17463,77
5,17464,102
5,17465,102
5,17466,64
5,17467,83
5,17468,122
5,17469,365
5,17470,83
5,17471,103
5,17472,115
5,17473,57
5,17474,96
5,17475,167
5,17476,32
5,17477,52
5,17478,90
5,17479,121
5,17480,121
5,17481,51
5,17482,109
5,17483,96
5,17484,173
5,17485,58
5,17486,-51
5,17487,102
5,17488,64
5,17489,166
5,17490,160
5,17491,160
5,17492,77
5,17493,122
5,17494,115
5,17495,153
5,17496,205
5,17497,64
5,17498,70
5,17499,102
5,17500,115
5,17501,45
5,17502,45
5,17503,76
5,17504,103
5,17505,103
5,17506,128
5,17507,89
5,17508,218
5,17509,115
5,17510,109
5,17511,77
5,17512,64
5,17513,135
5,17514,90
5,17515,32
5,17516,71
5,17517,51
5,17518,173
5,17519,70
5,17520,167
5,17521,77
5,17522,134
5,17523,122
5,17524,115
5,17525,109
5,17526,211
5,17527,371
5,17528,102
5,17529,70
5,17530,51
5,17531,103
5,17532,825
5,17533,173
5,17534,64
5,17535,32
5,17536,32
5,17537,58
5,17538,172
5,17539,377
5,17540,57
5,17541,96
5,17542,115
5,17543,102
5,17544,109
5,17545,64
5,17546,793
5,17547,115
5,17548,192
5,17549,153
5,17550,115
5,17551,96
5,17552,185
5,17553,122
5,17554,166
5,17555,160
5,17556,38
5,17557,64
5,17558,70
5,17559,231
5,17560,102
5,17561,76
5,17562,115
5,17563,147
5,17564,199
5,17565,198
5,17566,172
5,17567,108
5,17568,115
5,17569,39
5,17570,108
5,17571,51
5,17572,51
5,17573,77
5,17574,141
5,17575,57
5,17576,141
5,17577,115
5,17578,160
5,17579,71
5,17580,192
5,17581,-38
5,17582,140
5,17583,109
5,17584,122
5,17585,102
5,17586,116
5,17587,90
5,17588,70
5,17589,90
5,17590,89
5,17591,102
5,17592,77
5,17593,192
5,17594,77
5,17595,83
5,17596,102
5,17597,135
5,17598,70
5,17599,102
5,17600,121
5,17601,160
5,17602,71
5,17603,32
5,17604,173
5,17605,103
5,17606,70
5,17607,83
5,17608,128
5,17609,102
5,17610,51
5,17611,96
5,17612,109
5,17613,-26
5,17614,32
5,17615,70
5,17616,154
5,17617,116
5,17618,102
5,17619,-51
5,17620,51
5,17621,96
5,17622,384
5,17623,115
5,17624,64
5,17625,52
5,17626,51
5,17627,19
5,17628,218
5,17629,58
5,17630,173
5,17631,122
5,17632,96
5,17633,103
5,17634,77
5,17635,160
5,17636,96
5,17637,96
5,17638,32
5,17639,-64
5,17640,115
5,17641,141
5,17642,51
5,17643,70
5,17644,116
5,17645,51
5,17646,-32
5,17647,64
5,17648,167
5,17649,198
5,17650,160
5,17651,115
5,17652,70
5,17653,102
5,17654,352
5,17655,109
5,17656,64
5,17657,134
5,17658,25
5,17659,20
5,17660,64
5,17661,96
5,17662,32
5,17663,115
5,17664,64
5,17665,83
5,17666,154
5,17667,115
5,17668,70
5,17669,39
5,17670,134
5,17671,51
5,17672,51
5,17673,154
5,17674,109
5,17675,128
5,17676,-45
5,17677,128
5,17678,199
5,17679,96
5,17680,115
5,17681,83
5,17682,102
5,17683,122
5,17684,128
5,17685,96
5,17686,147
5,17687,32
5,17688,102
5,17689,84
5,17690,121
5,17691,122
5,17692,148
5,17693,109
5,17694,77
5,17695,26
5,17696,57
5,17697,19
5,17698,58
5,17699,32
5,17700,51
5,17701,108
5,17702,38
5,17703,77
5,17704,83
5,17705,211
5,17706,96
5,17707,71
5,17708,109
5,17709,71
5,17710,77
5,17711,364
5,17712,121
5,17713,109
5,17714,71
5,17715,19
5,17716,96
5,17717,103
5,17718,32
5,17719,83
5,17720,90
5,17721,140
5,17722,76
5,17723,365
5,17724,64
5,17725,64
5,17726,19
5,17727,-45
5,17728,160
5,17729,19
5,17730,77
5,17731,45
5,17732,102
5,17733,-38
5,17734,135
5,17735,84
5,17736,122
5,17737,70
5,17738,115
5,17739,64
5,17740,70
5,17741,128
5,17742,179
5,17743,64
5,17744,115
5,17745,38
5,17746,166
5,17747,96
5,17748,90
5,17749,70
5,17750,51
5,17751,103
5,17752,109
5,17753,83
5,17754,-435
5,17755,121
5,17756,173
5,17757,109
5,17758,64
5,17759,-51
5,17760,122
5,17761,96
5,17762,192
5,17763,25
5,17764,128
5,17765,166
5,17766,141
5,17767,102
5,17768,83
5,17769,96
5,17770,185
5,17771,115
5,17772,153
5,17773,109
5,17774,211
5,17775,108
5,17776,122
5,17777,365
5,17778,122
5,17779,115
5,17780,102
5,17781,103
5,17782,173
5,17783,134
5,17784,147
5,17785,173
5,17786,122
5,17787,140
5,17788,845
5,17789,167
5,17790,64
5,17791,77
5,17792,121
5,17793,32
5,17794,172
5,17795,64
5,17796,96
5,17797,58
5,17798,147
5,17799,128
5,17800,64
5,17801,806
5,17802,167
5,17803,787
5,17804,96
5,17805,58
5,17806,70
5,17807,96
5,17808,115
5,17809,64
5,17810,-26
5,17811,71
5,17812,52
5,17813,128
5,17814,121
5,17815,96
5,17816,25
5,17817,212
5,17818,186
5,17819,77
5,17820,64
5,17821,109
5,17822,96
5,17823,-32
5,17824,103
5,17825,52
5,17826,58
5,17827,19
5,17828,77
5,17829,58
5,17830,217
5,17831,64
5,17832,71
5,17833,71
5,17834,359
5,17835,96
5,17836,186
5,17837,102
5,17838,179
5,17839,76
5,17840,96
5,17841,32
5,17842,51
5,17843,103
5,17844,58
5,17845,89
5,17846,45
5,17847,64
5,17848,71
5,17849,83
5,17850,122
5,17851,128
5,17852,71
5,17853,160
5,17854,96
5,17855,-32
5,17856,51
5,17857,64
5,17858,64
5,17859,90
5,17860,128
5,17861,77
5,17862,77
5,17863,122
5,17864,13
5,17865,115
5,17866,25
5,17867,-32
5,17868,39
5,17869,102
5,17870,90
5,17871,71
5,17872,64
5,17873,147
5,17874,90
5,17875,115
5,17876,160
5,17877,128
5,17878,154
5,17879,102
5,17880,77
5,17881,44
5,17882,58
5,17883,52
5,17884,116
5,17885,135
5,17886,45
5,17887,32
5,17888,96
5,17889,109
5,17890,70
5,17891,160
5,17892,153
5,17893,77
5,17894,108
5,17895,108
5,17896,115
5,17897,115
5,17898,-32
5,17899,83
5,17900,96
5,17901,19
5,17902,-25
5,17903,122
5,17904,96
5,17905,103
5,17906,57
5,17907,102
5,17908,116
5,17909,103
5,17910,77
5,17911,103
5,17912,173
5,17913,83
5,17914,90
5,17915,70
5,17916,102
5,17917,115
5,17918,64
5,17919,128
5,17920,32
5,17921,38
5,17922,90
5,17923,352
5,17924,-38
5,17925,45
5,17926,102
5,17927,64
5,17928,77
5,17929,58
5,17930,77
5,17931,96
5,17932,71
5,17933,173
5,17934,102
5,17935,70
5,17936,77
5,17937,134
5,17938,96
5,17939,70
5,17940,38
5,17941,192
5,17942,71
5,17943,70
5,17944,13
5,17945,90
5,17946,166
5,17947,64
5,17948,109
5,17949,396
5,17950,211
5,17951,77
5,17952,58
5,17953,58
5,17954,192
5,17955,32
5,17956,-38
5,17957,102
5,17958,185
5,17959,109
5,17960,160
5,17961,-32
5,17962,243
5,17963,109
5,17964,205
5,17965,70
5,17966,64
5,17967,108
5,17968,44
5,17969,58
5,17970,121
5,17971,45
5,17972,90
5,17973,135
5,17974,115
5,17975,57
5,17976,58
5,17977,230
5,17978,211
5,17979,26
5,17980,122
5,17981,192
5,17982,173
5,17983,96
5,17984,128
5,17985,96
5,17986,122
5,17987,122
5,17988,-51
5,17989,128
5,17990,89
5,17991,108
5,17992,108
5,17993,57
5,17994,128
5,17995,103
5,17996,52
5,17997,160
5,17998,128
5,17999,32
5,18000,45
5,18001,192
5,18002,217
5,18003,173
5,18004,122
5,18005,38
5,18006,70
5,18007,83
5,18008,109
5,18009,77
5,18010,128
5,18011,116
5,18012,77
5,18013,147
5,18014,147
5,18015,102
5,18016,52
5,18017,96
5,18018,147
5,18019,89
5,18020,76
5,18021,84
5,18022,134
5,18023,83
5,18024,76
5,18025,166
5,18026,115
5,18027,115
5,18028,64
5,18029,64
5,18030,-13
5,18031,179
5,18032,116
5,18033,109
5,18034,333
5,18035,160
5,18036,128
5,18037,160
5,18038,102
5,18039,-58
5,18040,45
5,18041,51
5,18042,173
5,18043,-256
5,18044,806
5,18045,58
5,18046,64
5,18047,25
5,18048,32
5,18049,44
5,18050,103
5,18051,39
5,18052,51
5,18053,77
5,18054,58
5,18055,71
5,18056,109
5,18057,103
5,18058,794
5,18059,90
5,18060,115
5,18061,102
5,18062,166
5,18063,121
5,18064,96
5,18065,51
5,18066,109
5,18067,77
5,18068,116
5,18069,64
5,18070,71
5,18071,102
5,18072,38
5,18073,83
5,18074,115
5,18075,134
5,18076,115
5,18077,160
5,18078,109
5,18079,115
5,18080,96
5,18081,64
5,18082,166
5,18083,-64
5,18084,109
5,18085,115
5,18086,249
5,18087,64
5,18088,51
5,18089,70
5,18090,83
5,18091,173
5,18092,51
5,18093,192
5,18094,58
5,18095,128
5,18096,96
5,18097,64
5,18098,57
5,18099,44
5,18100,70
5,18101,103
5,18102,84
5,18103,19
5,18104,96
5,18105,147
5,18106,109
5,18107,51
5,18108,237
5,18109,108
5,18110,115
5,18111,122
5,18112,121
5,18113,167
5,18114,140
5,18115,26
5,18116,71
5,18117,96
5,18118,166
5,18119,115
5,18120,109
5,18121,32
5,18122,45
5,18123,58
5,18124,84
5,18125,108
5,18126,51
5,18127,64
5,18128,115
5,18129,77
5,18130,180
5,18131,58
5,18132,71
5,18133,-39
5,18134,51
5,18135,64
5,18136,109
5,18137,51
5,18138,160
5,18139,32
5,18140,39
5,18141,64
5,18142,179
5,18143,77
5,18144,-39
5,18145,-51
5,18146,77
5,18147,128
5,18148,140
5,18149,109
5,18150,218
5,18151,108
5,18152,84
5,18153,51
5,18154,52
5,18155,25
5,18156,13
5,18157,45
5,18158,71
5,18159,109
5,18160,115
5,18161,141
5,18162,32
5,18163,102
5,18164,102
5,18165,71
5,18166,96
5,18167,147
5,18168,102
5,18169,102
5,18170,57
5,18171,51
5,18172,96
5,18173,141
5,18174,102
5,18175,371
5,18176,90
5,18177,-32
5,18178,26
5,18179,115
5,18180,51
5,18181,70
5,18182,154
5,18183,64
5,18184,77
5,18185,96
5,18186,166
5,18187,109
5,18188,166
5,18189,116
5,18190,90
5,18191,154
5,18192,166
5,18193,45
5,18194,89
5,18195,51
5,18196,147
5,18197,103
5,18198,77
5,18199,51
5,18200,116
5,18201,51
5,18202,64
5,18203,96
5,18204,115
5,18205,89
5,18206,115
5,18207,365
5,18208,58
5,18209,45
5,18210,51
5,18211,71
5,18212,64
5,18213,83
5,18214,70
5,18215,109
5,18216,102
5,18217,45
5,18218,141
5,18219,128
5,18220,90
5,18221,128
5,18222,96
5,18223,153
5,18224,167
5,18225,154
5,18226,135
5,18227,205
5,18228,115
5,18229,108
5,18230,179
5,18231,25
5,18232,77
5,18233,122
5,18234,90
5,18235,90
5,18236,167
5,18237,38
5,18238,64
5,18239,70
5,18240,102
5,18241,64
5,18242,25
5,18243,58
5,18244,58
5,18245,115
5,18246,96
5,18247,256
5,18248,109
5,18249,71
5,18250,166
5,18251,115
5,18252,108
5,18253,108
5,18254,179
5,18255,179
5,18256,122
5,18257,96
5,18258,160
5,18259,154
5,18260,102
5,18261,96
5,18262,148
5,18263,77
5,18264,122
5,18265,-39
5,18266,179
5,18267,147
5,18268,109
5,18269,64
5,18270,544
5,18271,102
5,18272,71
5,18273,179
5,18274,96
5,18275,115
5,18276,103
5,18277,64
5,18278,160
5,18279,102
5,18280,51
5,18281,71
5,18282,172
5,18283,58
5,18284,103
5,18285,39
5,18286,116
5,18287,77
5,18288,160
5,18289,167
5,18290,199
5,18291,115
5,18292,-32
5,18293,109
5,18294,71
5,18295,109
5,18296,58
5,18297,166
5,18298,172
5,18299,109
5,18300,800
5,18301,140
5,18302,179
5,18303,103
5,18304,51
5,18305,71
5,18306,154
5,18307,44
5,18308,102
5,18309,160
5,18310,172
5,18311,58
5,18312,115
5,18313,794
5,18314,115
5,18315,441
5,18316,141
5,18317,64
5,18318,180
5,18319,64
5,18320,77
5,18321,38
5,18322,51
5,18323,19
5,18324,58
5,18325,147
5,18326,52
5,18327,83
5,18328,147
5,18329,166
5,18330,109
5,18331,77
5,18332,109
5,18333,102
5,18334,64
5,18335,141
5,18336,26
5,18337,51
5,18338,64
5,18339,20
5,18340,76
5,18341,71
5,18342,109
5,18343,70
5,18344,141
5,18345,115
5,18346,160
5,18347,102
5,18348,109
5,18349,102
5,18350,57
5,18351,64
5,18352,147
5,18353,64
5,18354,32
5,18355,26
5,18356,51
5,18357,70
5,18358,58
5,18359,147
5,18360,77
5,18361,160
5,18362,186
5,18363,147
5,18364,115
5,18365,64
5,18366,199
5,18367,116
5,18368,103
5,18369,45
5,18370,179
5,18371,115
5,18372,115
5,18373,121
5,18374,115
5,18375,76
5,18376,71
5,18377,45
5,18378,103
5,18379,25
5,18380,70
5,18381,371
5,18382,365
5,18383,32
5,18384,38
5,18385,71
5,18386,108
5,18387,115
5,18388,128
5,18389,103
5,18390,115
5,18391,90
5,18392,372
5,18393,64
5,18394,180
5,18395,32
5,18396,38
5,18397,147
5,18398,83
5,18399,89
5,18400,77
5,18401,77
5,18402,103
5,18403,198
5,18404,102
5,18405,77
5,18406,121
5,18407,96
5,18408,-38
5,18409,-19
5,18410,109
5,18411,71
5,18412,38
5,18413,26
5,18414,12
5,18415,64
5,18416,45
5,18417,90
5,18418,83
5,18419,128
5,18420,-45
5,18421,70
5,18422,108
5,18423,70
5,18424,64
5,18425,-39
5,18426,160
5,18427,26
5,18428,135
5,18429,109
5,18430,153
5,18431,70
5,18432,64
5,18433,51
5,18434,90
5,18435,64
5,18436,26
5,18437,154
5,18438,153
5,18439,26
5,18440,96
5,18441,108
5,18442,160
5,18443,115
5,18444,64
5,18445,-262
5,18446,64
5,18447,64
5,18448,70
5,18449,64
5,18450,121
5,18451,365
5,18452,19
5,18453,64
5,18454,364
5,18455,70
5,18456,192
5,18457,70
5,18458,147
5,18459,173
5,18460,121
5,18461,160
5,18462,122
5,18463,90
5,18464,109
5,18465,52
5,18466,51
5,18467,51
5,18468,109
5,18469,160
5,18470,109
5,18471,77
5,18472,77
5,18473,-38
5,18474,185
5,18475,90
5,18476,122
5,18477,51
5,18478,83
5,18479,70
5,18480,77
5,18481,141
5,18482,64
5,18483,51
5,18484,83
5,18485,89
5,18486,26
5,18487,32
5,18488,77
5,18489,153
5,18490,116
5,18491,116
5,18492,58
5,18493,70
5,18494,122
5,18495,64
5,18496,71
5,18497,128
5,18498,333
5,18499,135
5,18500,115
5,18501,109
5,18502,-51
5,18503,166
5,18504,166
5,18505,128
5,18506,57
5,18507,122
5,18508,327
5,18509,96
5,18510,109
5,18511,38
5,18512,83
5,18513,64
5,18514,-32
5,18515,77
5,18516,121
5,18517,77
5,18518,83
5,18519,71
5,18520,83
5,18521,122
5,18522,128
5,18523,64
5,18524,64
5,18525,25
5,18526,64
5,18527,109
5,18528,58
5,18529,103
5,18530,122
5,18531,109
5,18532,115
5,18533,64
5,18534,179
5,18535,58
5,18536,58
5,18537,76
5,18538,109
5,18539,115
5,18540,71
5,18541,166
5,18542,160
5,18543,45
5,18544,134
5,18545,172
5,18546,173
5,18547,64
5,18548,109
5,18549,358
5,18550,109
5,18551,121
5,18552,89
5,18553,-39
5,18554,115
5,18555,57
5,18556,800
5,18557,103
5,18558,192
5,18559,71
5,18560,121
5,18561,122
5,18562,32
5,18563,115
5,18564,154
5,18565,102
5,18566,147
5,18567,160
5,18568,121
5,18569,122
5,18570,781
5,18571,116
5,18572,160
5,18573,192
5,18574,218
5,18575,90
5,18576,71
5,18577,84
5,18578,70
5,18579,96
5,18580,109
5,18581,109
5,18582,141
5,18583,103
5,18584,44
5,18585,166
5,18586,153
5,18587,167
5,18588,140
5,18589,115
5,18590,198
5,18591,83
5,18592,77
5,18593,51
5,18594,57
5,18595,77
5,18596,64
5,18597,102
5,18598,179
5,18599,64
5,18600,128
5,18601,90
5,18602,231
5,18603,352
5,18604,384
5,18605,77
5,18606,109
5,18607,148
5,18608,333
5,18609,45
5,18610,109
5,18611,96
5,18612,77
5,18613,205
5,18614,83
5,18615,39
5,18616,57
5,18617,122
5,18618,160
5,18619,32
5,18620,115
5,18621,160
5,18622,224
5,18623,77
5,18624,109
5,18625,90
5,18626,179
5,18627,64
5,18628,115
5,18629,365
5,18630,211
5,18631,77
5,18632,134
5,18633,185
5,18634,-13
5,18635,83
5,18636,51
5,18637,166
5,18638,115
5,18639,352
5,18640,57
5,18641,365
5,18642,179
5,18643,57
5,18644,70
5,18645,109
5,18646,102
5,18647,96
5,18648,115
5,18649,77
5,18650,359
5,18651,102
5,18652,160
5,18653,71
5,18654,205
5,18655,167
5,18656,58
5,18657,89
5,18658,141
5,18659,109
5,18660,89
5,18661,147
5,18662,-32
5,18663,70
5,18664,160
5,18665,186
5,18666,147
5,18667,102
5,18668,-51
5,18669,32
5,18670,128
5,18671,180
5,18672,39
5,18673,115
5,18674,57
5,18675,115
5,18676,160
5,18677,45
5,18678,122
5,18679,32
5,18680,90
5,18681,57
5,18682,154
5,18683,38
5,18684,58
5,18685,115
5,18686,147
5,18687,64
5,18688,77
5,18689,64
5,18690,128
5,18691,122
5,18692,38
5,18693,51
5,18694,13
5,18695,109
5,18696,64
5,18697,115
5,18698,154
5,18699,115
5,18700,83
5,18701,71
5,18702,77
5,18703,371
5,18704,90
5,18705,26
5,18706,166
5,18707,25
5,18708,51
5,18709,-26
5,18710,173
5,18711,32
5,18712,64
5,18713,71
5,18714,282
5,18715,77
5,18716,217
5,18717,185
5,18718,89
5,18719,25
5,18720,96
5,18721,96
5,18722,51
5,18723,64
5,18724,51
5,18725,96
5,18726,57
5,18727,26
5,18728,109
5,18729,102
5,18730,25
5,18731,115
5,18732,115
5,18733,109
5,18734,32
5,18735,121
5,18736,83
5,18737,51
5,18738,90
5,18739,64
5,18740,64
5,18741,90
5,18742,153
5,18743,71
5,18744,71
5,18745,115
5,18746,-45
5,18747,32
5,18748,70
5,18749,96
5,18750,90
5,18751,58
5,18752,70
5,18753,141
5,18754,77
5,18755,70
5,18756,-45
5,18757,64
5,18758,58
5,18759,71
5,18760,51
5,18761,147
5,18762,116
5,18763,371
5,18764,52
5,18765,141
5,18766,102
5,18767,115
5,18768,141
5,18769,96
5,18770,160
5,18771,108
5,18772,140
5,18773,84
5,18774,160
5,18775,57
5,18776,-51
5,18777,76
5,18778,128
5,18779,122
5,18780,89
5,18781,109
5,18782,116
5,18783,96
5,18784,57
5,18785,365
5,18786,102
5,18787,89
5,18788,64
5,18789,173
5,18790,198
5,18791,109
5,18792,134
5,18793,109
5,18794,166
5,18795,147
5,18796,128
5,18797,77
5,18798,160
5,18799,122
5,18800,166
5,18801,192
5,18802,172
5,18803,25
5,18804,64
5,18805,109
5,18806,102
5,18807,64
5,18808,70
5,18809,212
5,18810,166
5,18811,288
5,18812,883
5,18813,57
5,18814,166
5,18815,372
5,18816,38
5,18817,90
5,18818,83
5,18819,45
5,18820,83
5,18821,83
5,18822,70
5,18823,115
5,18824,71
5,18825,787
5,18826,115
5,18827,780
5,18828,147
5,18829,122
5,18830,26
5,18831,64
5,18832,179
5,18833,51
5,18834,96
5,18835,70
5,18836,64
5,18837,102
5,18838,109
5,18839,77
5,18840,141
5,18841,199
5,18842,135
5,18843,160
5,18844,116
5,18845,166
5,18846,172
5,18847,109
5,18848,58
5,18849,51
5,18850,89
5,18851,-13
5,18852,96
5,18853,109
5,18854,167
5,18855,32
5,18856,57
5,18857,167
5,18858,122
5,18859,58
5,18860,108
5,18861,96
5,18862,204
5,18863,-45
5,18864,135
5,18865,38
5,18866,109
5,18867,26
5,18868,45
5,18869,166
5,18870,141
5,18871,32
5,18872,84
5,18873,167
5,18874,76
5,18875,115
5,18876,64
5,18877,147
5,18878,116
5,18879,128
5,18880,116
5,18881,141
5,18882,397
5,18883,-52
5,18884,128
5,18885,109
5,18886,96
5,18887,109
5,18888,102
5,18889,141
5,18890,39
5,18891,102
5,18892,148
5,18893,211
5,18894,70
5,18895,96
5,18896,167
5,18897,83
5,18898,109
5,18899,77
5,18900,154
5,18901,160
5,18902,231
5,18903,121
5,18904,-25
5,18905,135
5,18906,71
5,18907,45
5,18908,89
5,18909,109
5,18910,76
5,18911,115
5,18912,45
5,18913,109
5,18914,109
5,18915,135
5,18916,45
5,18917,160
5,18918,205
5,18919,-45
5,18920,64
5,18921,64
5,18922,70
5,18923,147
5,18924,64
5,18925,179
5,18926,64
5,18927,57
5,18928,52
5,18929,109
5,18930,198
5,18931,76
5,18932,173
5,18933,332
5,18934,128
5,18935,108
5,18936,122
5,18937,71
5,18938,115
5,18939,19
5,18940,115
5,18941,122
5,18942,25
5,18943,57
5,18944,84
5,18945,77
5,18946,96
5,18947,115
5,18948,58
5,18949,39
5,18950,192
5,18951,32
5,18952,153
5,18953,58
5,18954,109
5,18955,77
5,18956,90
5,18957,45
5,18958,77
5,18959,64
5,18960,160
5,18961,26
5,18962,25
5,18963,-13
5,18964,77
5,18965,52
5,18966,77
5,18967,64
5,18968,64
5,18969,140
5,18970,71
5,18971,160
5,18972,166
5,18973,147
5,18974,102
5,18975,134
5,18976,64
5,18977,51
5,18978,96
5,18979,77
5,18980,90
5,18981,103
5,18982,96
5,18983,64
5,18984,109
5,18985,96
5,18986,90
5,18987,90
5,18988,70
5,18989,32
5,18990,128
5,18991,76
5,18992,378
5,18993,96
5,18994,70
5,18995,102
5,18996,96
5,18997,109
5,18998,237
5,18999,84
5,19000,109
5,19001,115
5,19002,77
5,19003,115
5,19004,371
5,19005,211
5,19006,173
5,19007,64
5,19008,128
5,19009,51
5,19010,211
5,19011,102
5,19012,128
5,19013,128
5,19014,71
5,19015,64
5,19016,109
5,19017,109
5,19018,70
5,19019,121
5,19020,102
5,19021,109
5,19022,89
5,19023,102
5,19024,96
5,19025,64
5,19026,173
5,19027,122
5,19028,205
5,19029,173
5,19030,-288
5,19031,76
5,19032,108
5,19033,76
5,19034,71
5,19035,45
5,19036,51
5,19037,128
5,19038,26
5,19039,51
5,19040,102
5,19041,128
5,19042,103
5,19043,172
5,19044,83
5,19045,83
5,19046,19
5,19047,115
5,19048,148
5,19049,122
5,19050,102
5,19051,71
5,19052,128
5,19053,51
5,19054,167
5,19055,314
5,19056,122
5,19057,109
5,19058,160
5,19059,173
5,19060,166
5,19061,352
5,19062,172
5,19063,103
5,19064,109
5,19065,71
5,19066,102
5,19067,115
5,19068,794
5,19069,83
5,19070,198
5,19071,103
5,19072,192
5,19073,-26
5,19074,64
5,19075,76
5,19076,58
5,19077,64
5,19078,128
5,19079,25
5,19080,109
5,19081,109
5,19082,807
5,19083,102
5,19084,154
5,19085,141
5,19086,51
5,19087,231
5,19088,121
5,19089,90
5,19090,-45
5,19091,83
5,19092,64
5,19093,-32
5,19094,57
5,19095,26
5,19096,135
5,19097,83
5,19098,166
5,19099,128
5,19100,115
5,19101,109
5,19102,128
5,19103,121
5,19104,122
5,19105,19
5,19106,71
5,19107,52
5,19108,64
5,19109,84
5,19110,77
5,19111,64
5,19112,83
5,19113,135
5,19114,128
5,19115,365
5,19116,128
5,19117,173
5,19118,128
5,19119,236
5,19120,141
5,19121,26
5,19122,96
5,19123,115
5,19124,77
5,19125,70
5,19126,128
5,19127,58
5,19128,83
5,19129,115
5,19130,70
5,19131,141
5,19132,179
5,19133,134
5,19134,115
5,19135,57
5,19136,109
5,19137,64
5,19138,160
5,19139,121
5,19140,166
5,19141,244
5,19142,205
5,19143,141
5,19144,148
5,19145,58
5,19146,372
5,19147,371
5,19148,32
5,19149,89
5,19150,77
5,19151,102
5,19152,-45
5,19153,198
5,19154,121
5,19155,64
5,19156,115
5,19157,64
5,19158,115
5,19159,52
5,19160,345
5,19161,39
5,19162,64
5,19163,109
5,19164,122
5,19165,134
5,19166,135
5,19167,77
5,19168,96
5,19169,102
5,19170,109
5,19171,109
5,19172,121
5,19173,160
5,19174,166
5,19175,103
5,19176,89
5,19177,134
5,19178,32
5,19179,-45
5,19180,-185
5,19181,76
5,19182,172
5,19183,96
5,19184,83
5,19185,109
5,19186,76
5,19187,115
5,19188,115
5,19189,115
5,19190,116
5,19191,141
5,19192,167
5,19193,57
5,19194,134
5,19195,102
5,19196,64
5,19197,103
5,19198,141
5,19199,-32
5,19200,173
5,19201,115
5,19202,173
5,19203,102
5,19204,-26
5,19205,160
5,19206,173
5,19207,167
5,19208,224
5,19209,141
5,19210,167
5,19211,102
5,19212,173
5,19213,90
5,19214,307
5,19215,121
5,19216,58
5,19217,166
5,19218,128
5,19219,71
5,19220,199
5,19221,57
5,19222,115
5,19223,281
5,19224,51
5,19225,332
5,19226,166
5,19227,83
5,19228,192
5,19229,186
5,19230,134
5,19231,71
5,19232,58
5,19233,89
5,19234,154
5,19235,51
5,19236,108
5,19237,102
5,19238,128
5,19239,45
5,19240,45
5,19241,128
5,19242,102
5,19243,90
5,19244,64
5,19245,90
5,19246,173
5,19247,167
5,19248,70
5,19249,51
5,19250,166
5,19251,153
5,19252,96
5,19253,83
5,19254,135
5,19255,32
5,19256,160
5,19257,96
5,19258,57
5,19259,64
5,19260,115
5,19261,-64
5,19262,64
5,19263,109
5,19264,135
5,19265,-44
5,19266,102
5,19267,109
5,19268,102
5,19269,51
5,19270,109
5,19271,160
5,19272,160
5,19273,96
5,19274,199
5,19275,320
5,19276,154
5,19277,102
5,19278,70
5,19279,102
5,19280,154
5,19281,96
5,19282,90
5,19283,115
5,19284,115
5,19285,154
5,19286,141
5,19287,58
5,19288,109
5,19289,90
5,19290,204
5,19291,108
5,19292,45
5,19293,77
5,19294,51
5,19295,109
5,19296,115
5,19297,25
5,19298,102
5,19299,51
5,19300,64
5,19301,70
5,19302,122
5,19303,134
5,19304,128
5,19305,70
5,19306,89
5,19307,64
5,19308,102
5,19309,109
5,19310,64
5,19311,64
5,19312,128
5,19313,109
5,19314,-32
5,19315,70
5,19316,102
5,19317,77
5,19318,51
5,19319,281
5,19320,70
5,19321,-19
5,19322,148
5,19323,71
5,19324,820
5,19325,96
5,19326,116
5,19327,147
5,19328,154
5,19329,51
5,19330,166
5,19331,25
5,19332,77
5,19333,173
5,19334,378
5,19335,134
5,19336,205
5,19337,819
5,19338,186
5,19339,788
5,19340,128
5,19341,154
5,19342,205
5,19343,115
5,19344,115
5,19345,103
5,19346,115
5,19347,108
5,19348,52
5,19349,192
5,19350,141
5,19351,-32
5,19352,154
5,19353,173
5,19354,135
5,19355,90
5,19356,116
5,19357,45
5,19358,140
5,19359,128
5,19360,70
5,19361,25
5,19362,58
5,19363,51
5,19364,58
5,19365,58
5,19366,384
5,19367,26
5,19368,-39
5,19369,121
5,19370,77
5,19371,122
5,19372,84
5,19373,108
5,19374,103
5,19375,64
5,19376,109
5,19377,70
5,19378,51
5,19379,32
5,19380,64
5,19381,90
5,19382,192
5,19383,116
5,19384,96
5,19385,122
5,19386,122
5,19387,108
5,19388,160
5,19389,122
5,19390,122
5,19391,160
5,19392,89
5,19393,64
5,19394,96
5,19395,128
5,19396,211
5,19397,109
5,19398,147
5,19399,115
5,19400,154
5,19401,147
5,19402,160
5,19403,57
5,19404,70
5,19405,199
5,19406,160
5,19407,71
5,19408,263
5,19409,205
5,19410,166
5,19411,77
5,19412,173
5,19413,115
5,19414,198
5,19415,-45
5,19416,96
5,19417,148
5,19418,160
5,19419,77
5,19420,108
5,19421,96
5,19422,70
5,19423,58
5,19424,122
5,19425,141
5,19426,166
5,19427,115
5,19428,109
5,19429,147
5,19430,83
5,19431,102
5,19432,83
5,19433,52
5,19434,115
5,19435,70
5,19436,32
5,19437,64
5,19438,25
5,19439,96
5,19440,58
5,19441,358
5,19442,141
5,19443,108
5,19444,128
5,19445,109
5,19446,116
5,19447,90
5,19448,172
5,19449,45
5,19450,102
5,19451,58
5,19452,109
5,19453,57
5,19454,57
5,19455,153
5,19456,179
5,19457,58
5,19458,45
5,19459,-12
5,19460,115
5,19461,115
5,19462,198
5,19463,122
5,19464,64
5,19465,109
5,19466,160
5,19467,160
5,19468,128
5,19469,128
5,19470,122
5,19471,96
5,19472,128
5,19473,115
5,19474,96
5,19475,96
5,19476,51
5,19477,294
5,19478,-32
5,19479,166
5,19480,64
5,19481,180
5,19482,199
5,19483,167
5,19484,147
5,19485,83
5,19486,147
5,19487,51
5,19488,365
5,19489,102
5,19490,372
5,19491,108
5,19492,185
5,19493,186
5,19494,166
5,19495,70
5,19496,109
5,19497,57
5,19498,51
5,19499,128
5,19500,211
5,19501,64
5,19502,64
5,19503,51
5,19504,64
5,19505,77
5,19506,26
5,19507,25
5,19508,64
5,19509,90
5,19510,-51
5,19511,77
5,19512,147
5,19513,153
5,19514,103
5,19515,102
5,19516,51
5,19517,51
5,19518,378
5,19519,128
5,19520,83
5,19521,39
5,19522,109
5,19523,128
5,19524,103
5,19525,192
5,19526,218
5,19527,70
5,19528,166
5,19529,128
5,19530,128
5,19531,71
5,19532,57
5,19533,71
5,19534,153
5,19535,51
5,19536,70
5,19537,51
5,19538,128
5,19539,102
5,19540,109
5,19541,89
5,19542,-19
5,19543,109
5,19544,154
5,19545,154
5,19546,90
5,19547,-38
5,19548,57
5,19549,154
5,19550,173
5,19551,275
5,19552,-51
5,19553,166
5,19554,198
5,19555,64
5,19556,128
5,19557,160
5,19558,160
5,19559,25
5,19560,83
5,19561,205
5,19562,154
5,19563,96
5,19564,153
5,19565,128
5,19566,70
5,19567,115
5,19568,89
5,19569,160
5,19570,115
5,19571,89
5,19572,71
5,19573,166
5,19574,83
5,19575,51
5,19576,167
5,19577,108
5,19578,90
5,19579,64
5,19580,684
5,19581,38
5,19582,32
5,19583,96
5,19584,45
5,19585,-32
5,19586,77
5,19587,44
5,19588,64
5,19589,134
5,19590,160
5,19591,25
5,19592,128
5,19593,77
5,19594,780
5,19595,109
5,19596,13
5,19597,115
5,19598,212
5,19599,25
5,19600,154
5,19601,96
5,19602,32
5,19603,32
5,19604,51
5,19605,44
5,19606,51
5,19607,26
5,19608,141
5,19609,58
5,19610,173
5,19611,128
5,19612,160
5,19613,122
5,19614,51
5,19615,102
5,19616,141
5,19617,90
5,19618,70
5,19619,102
5,19620,128
5,19621,45
5,19622,89
5,19623,83
5,19624,115
5,19625,160
5,19626,76
5,19627,121
5,19628,166
5,19629,160
5,19630,109
5,19631,-38
5,19632,166
5,19633,128
5,19634,108
5,19635,64
5,19636,70
5,19637,90
5,19638,70
5,19639,58
5,19640,307
5,19641,115
5,19642,147
5,19643,147
5,19644,64
5,19645,108
5,19646,205
5,19647,141
5,19648,147
5,19649,26
5,19650,58
5,19651,26
5,19652,102
5,19653,115
5,19654,83
5,19655,64
5,19656,134
5,19657,58
5,19658,96
5,19659,26
5,19660,64
5,19661,160
5,19662,64
5,19663,173
5,19664,45
5,19665,90
5,19666,154
5,19667,121
5,19668,109
5,19669,122
5,19670,58
5,19671,199
5,19672,64
5,19673,51
5,19674,141
5,19675,26
5,19676,32
5,19677,64
5,19678,-32
5,19679,-51
5,19680,-39
5,19681,109
5,19682,64
5,19683,365
5,19684,346
5,19685,83
5,19686,179
5,19687,77
5,19688,77
5,19689,26
5,19690,26
5,19691,77
5,19692,25
5,19693,103
5,19694,153
5,19695,147
5,19696,141
5,19697,275
5,19698,109
5,19699,102
5,19700,128
5,19701,96
5,19702,166
5,19703,108
5,19704,115
5,19705,64
5,19706,89
5,19707,44
5,19708,70
5,19709,90
5,19710,90
5,19711,70
5,19712,90
5,19713,115
5,19714,64
5,19715,320
5,19716,64
5,19717,70
5,19718,154
5,19719,70
5,19720,51
5,19721,167
5,19722,173
5,19723,102
5,19724,179
5,19725,308
5,19726,90
5,19727,77
5,19728,77
5,19729,38
5,19730,70
5,19731,51
5,19732,58
5,19733,109
5,19734,96
5,19735,26
5,19736,58
5,19737,32
5,19738,58
5,19739,102
5,19740,70
5,19741,57
5,19742,172
5,19743,83
5,19744,141
5,19745,77
5,19746,122
5,19747,83
5,19748,70
5,19749,64
5,19750,64
5,19751,84
5,19752,109
5,19753,186
5,19754,121
5,19755,109
5,19756,76
5,19757,128
5,19758,77
5,19759,115
5,19760,83
5,19761,58
5,19762,141
5,19763,64
5,19764,109
5,19765,64
5,19766,167
5,19767,51
5,19768,77
5,19769,109
5,19770,167
5,19771,84
5,19772,58
5,19773,115
5,19774,186
5,19775,121
5,19776,90
5,19777,-26
5,19778,211
5,19779,147
5,19780,96
5,19781,205
5,19782,166
5,19783,-45
5,19784,179
5,19785,269
5,19786,365
5,19787,103
5,19788,109
5,19789,378
5,19790,198
5,19791,71
5,19792,109
5,19793,141
5,19794,83
5,19795,70
5,19796,39
5,19797,38
5,19798,205
5,19799,96
5,19800,122
5,19801,205
5,19802,173
5,19803,116
5,19804,192
5,19805,160
5,19806,179
5,19807,77
5,19808,102
5,19809,103
5,19810,102
5,19811,116
5,19812,275
5,19813,-147
5,19814,57
5,19815,115
5,19816,121
5,19817,77
5,19818,70
5,19819,153
5,19820,122
5,19821,70
5,19822,89
5,19823,115
5,19824,198
5,19825,64
5,19826,51
5,19827,365
5,19828,102
5,19829,135
5,19830,51
5,19831,301
5,19832,115
5,19833,147
5,19834,103
5,19835,237
5,19836,806
5,19837,96
5,19838,77
5,19839,51
5,19840,116
5,19841,109
5,19842,103
5,19843,25
5,19844,45
5,19845,32
5,19846,116
5,19847,45
5,19848,109
5,19849,807
5,19850,173
5,19851,793
5,19852,64
5,19853,160
5,19854,160
5,19855,96
5,19856,154
5,19857,58
5,19858,76
5,19859,51
5,19860,45
5,19861,-19
5,19862,58
5,19863,64
5,19864,96
5,19865,109
5,19866,90
5,19867,122
5,19868,160
5,19869,96
5,19870,108
5,19871,19
5,19872,64
5,19873,90
5,19874,64
5,19875,25
5,19876,134
5,19877,141
5,19878,51
5,19879,70
5,19880,83
5,19881,76
5,19882,185
5,19883,103
5,19884,64
5,19885,147
5,19886,70
5,19887,128
5,19888,108
5,19889,243
5,19890,307
5,19891,26
5,19892,64
5,19893,77
5,19894,19
5,19895,51
5,19896,186
5,19897,109
5,19898,167
5,19899,90
5,19900,256
5,19901,58
5,19902,160
5,19903,70
5,19904,70
5,19905,52
5,19906,147
5,19907,115
5,19908,77
5,19909,198
5,19910,211
5,19911,-51
5,19912,205
5,19913,134
5,19914,167
5,19915,77
5,19916,115
5,19917,160
5,19918,115
5,19919,51
5,19920,167
5,19921,147
5,19922,122
5,19923,90
5,19924,141
5,19925,83
5,19926,166
5,19927,58
5,19928,64
5,19929,179
5,19930,166
5,19931,32
5,19932,122
5,19933,-51
5,19934,205
5,19935,51
5,19936,102
5,19937,141
5,19938,116
5,19939,154
5,19940,96
5,19941,167
5,19942,77
5,19943,96
5,19944,154
5,19945,64
5,19946,109
5,19947,77
5,19948,96
5,19949,90
5,19950,83
5,19951,115
5,19952,122
5,19953,109
5,19954,217
5,19955,160
5,19956,76
5,19957,160
5,19958,173
5,19959,76
5,19960,122
5,19961,103
5,19962,160
5,19963,83
5,19964,96
5,19965,89
5,19966,64
5,19967,96
5,19968,76
5,19969,51
5,19970,51
5,19971,57
5,19972,84
5,19973,64
5,19974,115
5,19975,96
5,19976,109
5,19977,96
5,19978,103
5,19979,365
5,19980,173
5,19981,45
5,19982,192
5,19983,64
5,19984,70
5,19985,320
5,19986,51
5,19987,64
5,19988,154
5,19989,64
5,19990,64
5,19991,64
5,19992,71
5,19993,102
5,19994,96
5,19995,167
5,19996,109
5,19997,179
5,19998,154
5,19999,371
5,20000,57
6,1,-218
6,2,25
6,3,115
6,4,121
6,5,32
6,6,154
6,7,71
6,8,51
6,9,96
6,10,70
6,11,116
6,12,45
6,13,45
6,14,64
6,15,109
6,16,96
6,17,51
6,18,51
6,19,140
6,20,45
6,21,64
6,22,51
6,23,108
6,24,51
6,25,122
6,26,32
6,27,71
6,28,-44
6,29,64
6,30,71
6,31,70
6,32,-45
6,33,160
6,34,57
6,35,281
6,36,128
6,37,109
6,38,51
6,39,77
6,40,58
6,41,44
6,42,346
6,43,58
6,44,57
6,45,57
6,46,25
6,47,64
6,48,38
6,49,64
6,50,96
6,51,76
6,52,135
6,53,57
6,54,70
6,55,77
6,56,115
6,57,70
6,58,121
6,59,71
6,60,115
6,61,-38
6,62,365
6,63,58
6,64,83
6,65,115
6,66,-192
6,67,179
6,68,154
6,69,96
6,70,51
6,71,52
6,72,115
6,73,109
6,74,205
6,75,-134
6,76,32
6,77,32
6,78,25
6,79,205
6,80,44
6,81,64
6,82,58
6,83,102
6,84,83
6,85,147
6,86,115
6,87,58
6,88,179
6,89,38
6,90,45
6,91,-45
6,92,838
6,93,52
6,94,192
6,95,32
6,96,77
6,97,70
6,98,58
6,99,70
6,100,76
6,101,102
6,102,89
6,103,20
6,104,84
6,105,71
6,106,800
6,107,89
6,108,77
6,109,83
6,110,-45
6,111,77
6,112,32
6,113,96
6,114,26
6,115,32
6,116,179
6,117,166
6,118,58
6,119,70
6,120,109
6,121,38
6,122,57
6,123,58
6,124,109
6,125,64
6,126,64
6,127,77
6,128,109
6,129,-57
6,130,26
6,131,25
6,132,51
6,133,90
6,134,51
6,135,64
6,136,326
6,137,128
6,138,32
6,139,141
6,140,109
6,141,102
6,142,-45
6,143,102
6,144,64
6,145,45
6,146,-231
6,147,52
6,148,-45
6,149,51
6,150,51
6,151,51
6,152,32
6,153,57
6,154,76
6,155,141
6,156,57
6,157,51
6,158,109
6,159,147
6,160,102
6,161,96
6,162,39
6,163,64
6,164,64
6,165,39
6,166,39
6,167,32
6,168,-185
6,169,-51
6,170,-32
6,171,45
6,172,51
6,173,250
6,174,-45
6,175,192
6,176,83
6,177,109
6,178,26
6,179,58
6,180,96
6,181,64
6,182,89
6,183,102
6,184,-45
6,185,51
6,186,-19
6,187,32
6,188,25
6,189,64
6,190,57
6,191,26
6,192,77
6,193,102
6,194,-205
6,195,128
6,196,-45
6,197,109
6,198,83
6,199,108
6,200,64
6,201,-6
6,202,25
6,203,25
6,204,32
6,205,57
6,206,89
6,207,115
6,208,70
6,209,96
6,210,58
6,211,102
6,212,147
6,213,281
6,214,179
6,215,295
6,216,205
6,217,109
6,218,128
6,219,186
6,220,109
6,221,-51
6,222,173
6,223,77
6,224,64
6,225,32
6,226,19
6,227,205
6,228,64
6,229,51
6,230,-276
6,231,77
6,232,90
6,233,108
6,234,71
6,235,160
6,236,83
6,237,77
6,238,109
6,239,121
6,240,64
6,241,51
6,242,-244
6,243,32
6,244,51
6,245,83
6,246,70
6,247,83
6,248,64
6,249,51
6,250,76
6,251,96
6,252,128
6,253,45
6,254,19
6,255,58
6,256,58
6,257,26
6,258,-32
6,259,84
6,260,58
6,261,45
6,262,320
6,263,83
6,264,64
6,265,205
6,266,83
6,267,160
6,268,212
6,269,96
6,270,186
6,271,224
6,272,77
6,273,26
6,274,122
6,275,172
6,276,173
6,277,346
6,278,25
6,279,44
6,280,71
6,281,96
6,282,58
6,283,109
6,284,307
6,285,121
6,286,83
6,287,-237
6,288,115
6,289,102
6,290,-25
6,291,25
6,292,70
6,293,128
6,294,-64
6,295,128
6,296,83
6,297,185
6,298,25
6,299,-237
6,300,76
6,301,70
6,302,84
6,303,58
6,304,45
6,305,-147
6,306,32
6,307,109
6,308,64
6,309,58
6,310,19
6,311,71
6,312,96
6,313,51
6,314,38
6,315,13
6,316,166
6,317,256
6,318,218
6,319,237
6,320,173
6,321,102
6,322,134
6,323,70
6,324,83
6,325,-51
6,326,-13
6,327,103
6,328,103
6,329,38
6,330,-173
6,331,77
6,332,90
6,333,57
6,334,89
6,335,70
6,336,115
6,337,51
6,338,32
6,339,25
6,340,7
6,341,45
6,342,25
6,343,32
6,344,45
6,345,45
6,346,77
6,347,-301
6,348,806
6,349,218
6,350,141
6,351,185
6,352,26
6,353,364
6,354,51
6,355,58
6,356,51
6,357,218
6,358,26
6,359,84
6,360,109
6,361,800
6,362,32
6,363,800
6,364,103
6,365,51
6,366,51
6,367,64
6,368,-51
6,369,-38
6,370,-77
6,371,45
6,372,32
6,373,32
6,374,-268
6,375,83
6,376,39
6,377,32
6,378,45
6,379,83
6,380,102
6,381,122
6,382,96
6,383,83
6,384,-51
6,385,38
6,386,45
6,387,-64
6,388,45
6,389,32
6,390,57
6,391,51
6,392,64
6,393,179
6,394,102
6,395,77
6,396,38
6,397,-224
6,398,77
6,399,96
6,400,70
6,401,294
6,402,32
6,403,32
6,404,-26
6,405,39
6,406,26
6,407,45
6,408,64
6,409,58
6,410,71
6,411,102
6,412,57
6,413,90
6,414,44
6,415,70
6,416,51
6,417,45
6,418,58
6,419,153
6,420,64
6,421,77
6,422,51
6,423,71
6,424,32
6,425,32
6,426,51
6,427,44
6,428,-243
6,429,205
6,430,77
6,431,198
6,432,45
6,433,109
6,434,115
6,435,64
6,436,102
6,437,51
6,438,25
6,439,128
6,440,70
6,441,38
6,442,39
6,443,64
6,444,6
6,445,32
6,446,89
6,447,57
6,448,64
6,449,57
6,450,77
6,451,102
6,452,45
6,453,167
6,454,70
6,455,51
6,456,58
6,457,77
6,458,25
6,459,32
6,460,96
6,461,198
6,462,20
6,463,-141
6,464,76
6,465,173
6,466,70
6,467,109
6,468,103
6,469,186
6,470,77
6,471,71
6,472,84
6,473,44
6,474,26
6,475,96
6,476,51
6,477,76
6,478,58
6,479,52
6,480,64
6,481,58
6,482,185
6,483,64
6,484,167
6,485,45
6,486,109
6,487,64
6,488,102
6,489,71
6,490,243
6,491,102
6,492,121
6,493,77
6,494,204
6,495,58
6,496,122
6,497,64
6,498,26
6,499,64
6,500,51
6,501,19
6,502,19
6,503,77
6,504,57
6,505,57
6,506,84
6,507,115
6,508,96
6,509,76
6,510,115
6,511,109
6,512,102
6,513,26
6,514,26
6,515,57
6,516,122
6,517,51
6,518,57
6,519,77
6,520,186
6,521,76
6,522,58
6,523,115
6,524,89
6,525,19
6,526,57
6,527,51
6,528,116
6,529,57
6,530,51
6,531,57
6,532,19
6,533,58
6,534,58
6,535,32
6,536,45
6,537,70
6,538,71
6,539,154
6,540,64
6,541,358
6,542,70
6,543,-237
6,544,44
6,545,45
6,546,140
6,547,179
6,548,282
6,549,128
6,550,51
6,551,121
6,552,57
6,553,51
6,554,51
6,555,147
6,556,148
6,557,103
6,558,90
6,559,96
6,560,71
6,561,109
6,562,103
6,563,275
6,564,365
6,565,-19
6,566,134
6,567,115
6,568,51
6,569,64
6,570,57
6,571,32
6,572,154
6,573,102
6,574,96
6,575,103
6,576,57
6,577,109
6,578,148
6,579,224
6,580,154
6,581,192
6,582,102
6,583,51
6,584,-134
6,585,409
6,586,128
6,587,122
6,588,26
6,589,71
6,590,57
6,591,154
6,592,83
6,593,320
6,594,89
6,595,128
6,596,186
6,597,134
6,598,32
6,599,109
6,600,109
6,601,147
6,602,70
6,603,77
6,604,793
6,605,26
6,606,-32
6,607,128
6,608,109
6,609,76
6,610,25
6,611,64
6,612,230
6,613,51
6,614,70
6,615,121
6,616,154
6,617,186
6,618,851
6,619,160
6,620,166
6,621,109
6,622,128
6,623,115
6,624,103
6,625,71
6,626,32
6,627,64
6,628,102
6,629,19
6,630,58
6,631,154
6,632,38
6,633,64
6,634,109
6,635,121
6,636,83
6,637,64
6,638,83
6,639,70
6,640,84
6,641,102
6,642,102
6,643,90
6,644,326
6,645,147
6,646,160
6,647,109
6,648,-38
6,649,141
6,650,57
6,651,192
6,652,122
6,653,256
6,654,109
6,655,96
6,656,109
6,657,45
6,658,58
6,659,-39
6,660,84
6,661,51
6,662,64
6,663,134
6,664,102
6,665,96
6,666,134
6,667,147
6,668,154
6,669,-25
6,670,70
6,671,128
6,672,108
6,673,154
6,674,64
6,675,25
6,676,109
6,677,57
6,678,172
6,679,166
6,680,77
6,681,32
6,682,103
6,683,109
6,684,-26
6,685,160
6,686,77
6,687,102
6,688,103
6,689,77
6,690,109
6,691,25
6,692,-38
6,693,70
6,694,102
6,695,-32
6,696,115
6,697,-154
6,698,20
6,699,32
6,700,134
6,701,-39
6,702,77
6,703,58
6,704,70
6,705,90
6,706,96
6,707,160
6,708,115
6,709,205
6,710,70
6,711,58
6,712,45
6,713,58
6,714,19
6,715,77
6,716,44
6,717,70
6,718,64
6,719,180
6,720,115
6,721,51
6,722,83
6,723,135
6,724,115
6,725,89
6,726,204
6,727,71
6,728,141
6,729,96
6,730,19
6,731,-32
6,732,71
6,733,-7
6,734,109
6,735,77
6,736,64
6,737,-26
6,738,108
6,739,160
6,740,128
6,741,39
6,742,52
6,743,103
6,744,26
6,745,44
6,746,90
6,747,160
6,748,314
6,749,109
6,750,26
6,751,185
6,752,122
6,753,84
6,754,51
6,755,58
6,756,45
6,757,109
6,758,-134
6,759,103
6,760,116
6,761,121
6,762,116
6,763,128
6,764,115
6,765,70
6,766,160
6,767,70
6,768,122
6,769,-6
6,770,25
6,771,44
6,772,96
6,773,116
6,774,230
6,775,115
6,776,103
6,777,109
6,778,372
6,779,192
6,780,198
6,781,172
6,782,58
6,783,96
6,784,64
6,785,44
6,786,57
6,787,70
6,788,38
6,789,26
6,790,103
6,791,102
6,792,44
6,793,71
6,794,84
6,795,102
6,796,-44
6,797,25
6,798,166
6,799,-26
6,800,-45
6,801,-32
6,802,58
6,803,58
6,804,76
6,805,96
6,806,32
6,807,58
6,808,64
6,809,147
6,810,26
6,811,96
6,812,70
6,813,96
6,814,57
6,815,115
6,816,167
6,817,70
6,818,109
6,819,167
6,820,108
6,821,83
6,822,160
6,823,108
6,824,90
6,825,198
6,826,70
6,827,76
6,828,89
6,829,134
6,830,57
6,831,71
6,832,167
6,833,96
6,834,71
6,835,64
6,836,58
6,837,-26
6,838,320
6,839,134
6,840,64
6,841,90
6,842,96
6,843,135
6,844,64
6,845,51
6,846,89
6,847,-128
6,848,116
6,849,301
6,850,19
6,851,147
6,852,64
6,853,26
6,854,26
6,855,186
6,856,32
6,857,52
6,858,45
6,859,160
6,860,794
6,861,109
6,862,64
6,863,84
6,864,64
6,865,89
6,866,32
6,867,84
6,868,39
6,869,51
6,870,70
6,871,64
6,872,96
6,873,813
6,874,19
6,875,794
6,876,96
6,877,70
6,878,154
6,879,173
6,880,390
6,881,-32
6,882,45
6,883,121
6,884,25
6,885,-38
6,886,83
6,887,64
6,888,212
6,889,128
6,890,26
6,891,313
6,892,77
6,893,71
6,894,64
6,895,128
6,896,64
6,897,-26
6,898,26
6,899,83
6,900,13
6,901,58
6,902,58
6,903,51
6,904,90
6,905,102
6,906,121
6,907,64
6,908,96
6,909,211
6,910,230
6,911,70
6,912,26
6,913,51
6,914,32
6,915,58
6,916,32
6,917,51
6,918,25
6,919,83
6,920,57
6,921,89
6,922,51
6,923,128
6,924,64
6,925,102
6,926,58
6,927,147
6,928,64
6,929,115
6,930,205
6,931,51
6,932,64
6,933,76
6,934,-64
6,935,141
6,936,198
6,937,102
6,938,20
6,939,51
6,940,96
6,941,51
6,942,71
6,943,-64
6,944,57
6,945,90
6,946,83
6,947,141
6,948,77
6,949,57
6,950,128
6,951,154
6,952,166
6,953,77
6,954,135
6,955,64
6,956,96
6,957,90
6,958,26
6,959,128
6,960,51
6,961,108
6,962,45
6,963,76
6,964,64
6,965,51
6,966,64
6,967,51
6,968,77
6,969,115
6,970,25
6,971,71
6,972,51
6,973,39
6,974,-26
6,975,250
6,976,64
6,977,192
6,978,148
6,979,153
6,980,115
6,981,83
6,982,186
6,983,122
6,984,89
6,985,96
6,986,282
6,987,32
6,988,70
6,989,320
6,990,372
6,991,58
6,992,38
6,993,32
6,994,71
6,995,13
6,996,32
6,997,58
6,998,58
6,999,147
6,1000,83
6,1001,51
6,1002,64
6,1003,172
6,1004,116
6,1005,224
6,1006,192
6,1007,32
6,1008,77
6,1009,70
6,1010,179
6,1011,32
6,1012,262
6,1013,57
6,1014,172
6,1015,109
6,1016,90
6,1017,198
6,1018,134
6,1019,166
6,1020,90
6,1021,109
6,1022,153
6,1023,109
6,1024,122
6,1025,52
6,1026,71
6,1027,-32
6,1028,122
6,1029,26
6,1030,70
6,1031,141
6,1032,70
6,1033,45
6,1034,167
6,1035,109
6,1036,-1472
6,1037,96
6,1038,32
6,1039,58
6,1040,96
6,1041,128
6,1042,109
6,1043,51
6,1044,90
6,1045,51
6,1046,71
6,1047,103
6,1048,32
6,1049,64
6,1050,64
6,1051,148
6,1052,58
6,1053,77
6,1054,-345
6,1055,109
6,1056,154
6,1057,116
6,1058,166
6,1059,77
6,1060,64
6,1061,71
6,1062,58
6,1063,115
6,1064,141
6,1065,83
6,1066,25
6,1067,128
6,1068,45
6,1069,346
6,1070,103
6,1071,32
6,1072,70
6,1073,77
6,1074,71
6,1075,141
6,1076,121
6,1077,64
6,1078,154
6,1079,109
6,1080,115
6,1081,64
6,1082,90
6,1083,186
6,1084,64
6,1085,71
6,1086,198
6,1087,32
6,1088,51
6,1089,102
6,1090,147
6,1091,173
6,1092,217
6,1093,115
6,1094,167
6,1095,19
6,1096,115
6,1097,25
6,1098,64
6,1099,77
6,1100,121
6,1101,-32
6,1102,122
6,1103,147
6,1104,167
6,1105,83
6,1106,166
6,1107,396
6,1108,173
6,1109,102
6,1110,70
6,1111,58
6,1112,64
6,1113,51
6,1114,83
6,1115,51
6,1116,832
6,1117,32
6,1118,160
6,1119,26
6,1120,128
6,1121,-19
6,1122,167
6,1123,26
6,1124,64
6,1125,19
6,1126,64
6,1127,64
6,1128,108
6,1129,57
6,1130,429
6,1131,173
6,1132,121
6,1133,83
6,1134,147
6,1135,52
6,1136,103
6,1137,-26
6,1138,135
6,1139,153
6,1140,77
6,1141,45
6,1142,51
6,1143,103
6,1144,57
6,1145,109
6,1146,102
6,1147,90
6,1148,115
6,1149,90
6,1150,116
6,1151,70
6,1152,77
6,1153,58
6,1154,64
6,1155,371
6,1156,64
6,1157,45
6,1158,371
6,1159,64
6,1160,51
6,1161,71
6,1162,115
6,1163,90
6,1164,83
6,1165,71
6,1166,154
6,1167,115
6,1168,89
6,1169,109
6,1170,70
6,1171,102
6,1172,58
6,1173,26
6,1174,102
6,1175,90
6,1176,121
6,1177,70
6,1178,134
6,1179,115
6,1180,121
6,1181,77
6,1182,160
6,1183,77
6,1184,121
6,1185,89
6,1186,141
6,1187,96
6,1188,103
6,1189,96
6,1190,102
6,1191,-32
6,1192,186
6,1193,51
6,1194,147
6,1195,58
6,1196,-32
6,1197,179
6,1198,90
6,1199,45
6,1200,314
6,1201,109
6,1202,-26
6,1203,121
6,1204,89
6,1205,147
6,1206,32
6,1207,128
6,1208,109
6,1209,38
6,1210,25
6,1211,51
6,1212,83
6,1213,58
6,1214,70
6,1215,109
6,1216,115
6,1217,58
6,1218,26
6,1219,147
6,1220,167
6,1221,115
6,1222,121
6,1223,77
6,1224,77
6,1225,103
6,1226,135
6,1227,135
6,1228,45
6,1229,52
6,1230,128
6,1231,58
6,1232,103
6,1233,205
6,1234,19
6,1235,122
6,1236,70
6,1237,51
6,1238,224
6,1239,115
6,1240,211
6,1241,147
6,1242,128
6,1243,26
6,1244,32
6,1245,44
6,1246,153
6,1247,70
6,1248,64
6,1249,32
6,1250,160
6,1251,83
6,1252,89
6,1253,166
6,1254,148
6,1255,84
6,1256,102
6,1257,58
6,1258,115
6,1259,173
6,1260,-44
6,1261,115
6,1262,115
6,1263,83
6,1264,96
6,1265,160
6,1266,115
6,1267,20
6,1268,38
6,1269,64
6,1270,58
6,1271,64
6,1272,121
6,1273,45
6,1274,160
6,1275,128
6,1276,121
6,1277,51
6,1278,115
6,1279,77
6,1280,115
6,1281,-51
6,1282,160
6,1283,96
6,1284,39
6,1285,102
6,1286,160
6,1287,122
6,1288,115
6,1289,116
6,1290,141
6,1291,121
6,1292,167
6,1293,102
6,1294,128
6,1295,199
6,1296,115
6,1297,51
6,1298,180
6,1299,250
6,1300,166
6,1301,198
6,1302,115
6,1303,44
6,1304,52
6,1305,147
6,1306,224
6,1307,20
6,1308,64
6,1309,51
6,1310,204
6,1311,115
6,1312,108
6,1313,19
6,1314,102
6,1315,102
6,1316,58
6,1317,288
6,1318,64
6,1319,70
6,1320,57
6,1321,51
6,1322,122
6,1323,64
6,1324,58
6,1325,96
6,1326,-32
6,1327,70
6,1328,128
6,1329,352
6,1330,128
6,1331,64
6,1332,96
6,1333,192
6,1334,167
6,1335,103
6,1336,115
6,1337,70
6,1338,166
6,1339,122
6,1340,64
6,1341,83
6,1342,83
6,1343,160
6,1344,282
6,1345,57
6,1346,115
6,1347,64
6,1348,51
6,1349,38
6,1350,186
6,1351,44
6,1352,103
6,1353,45
6,1354,172
6,1355,70
6,1356,32
6,1357,167
6,1358,204
6,1359,141
6,1360,250
6,1361,128
6,1362,192
6,1363,71
6,1364,32
6,1365,148
6,1366,166
6,1367,45
6,1368,109
6,1369,57
6,1370,154
6,1371,268
6,1372,800
6,1373,71
6,1374,602
6,1375,64
6,1376,147
6,1377,52
6,1378,154
6,1379,70
6,1380,51
6,1381,39
6,1382,192
6,1383,108
6,1384,166
6,1385,794
6,1386,217
6,1387,780
6,1388,109
6,1389,45
6,1390,103
6,1391,-32
6,1392,180
6,1393,-45
6,1394,116
6,1395,51
6,1396,371
6,1397,64
6,1398,179
6,1399,122
6,1400,58
6,1401,77
6,1402,185
6,1403,122
6,1404,89
6,1405,167
6,1406,141
6,1407,64
6,1408,103
6,1409,-39
6,1410,102
6,1411,32
6,1412,269
6,1413,51
6,1414,122
6,1415,45
6,1416,83
6,1417,51
6,1418,51
6,1419,109
6,1420,64
6,1421,185
6,1422,64
6,1423,147
6,1424,64
6,1425,32
6,1426,-13
6,1427,141
6,1428,102
6,1429,96
6,1430,58
6,1431,32
6,1432,51
6,1433,96
6,1434,192
6,1435,-45
6,1436,64
6,1437,58
6,1438,160
6,1439,154
6,1440,83
6,1441,57
6,1442,135
6,1443,160
6,1444,103
6,1445,135
6,1446,186
6,1447,192
6,1448,64
6,1449,96
6,1450,77
6,1451,128
6,1452,115
6,1453,57
6,1454,32
6,1455,103
6,1456,70
6,1457,160
6,1458,128
6,1459,58
6,1460,147
6,1461,51
6,1462,70
6,1463,32
6,1464,38
6,1465,51
6,1466,102
6,1467,45
6,1468,32
6,1469,45
6,1470,179
6,1471,51
6,1472,57
6,1473,102
6,1474,102
6,1475,140
6,1476,-45
6,1477,121
6,1478,166
6,1479,140
6,1480,115
6,1481,51
6,1482,32
6,1483,96
6,1484,77
6,1485,57
6,1486,77
6,1487,71
6,1488,77
6,1489,58
6,1490,26
6,1491,70
6,1492,52
6,1493,51
6,1494,160
6,1495,109
6,1496,57
6,1497,-26
6,1498,167
6,1499,70
6,1500,109
6,1501,167
6,1502,179
6,1503,32
6,1504,64
6,1505,45
6,1506,153
6,1507,45
6,1508,102
6,1509,64
6,1510,70
6,1511,57
6,1512,83
6,1513,83
6,1514,166
6,1515,115
6,1516,167
6,1517,96
6,1518,-26
6,1519,115
6,1520,122
6,1521,58
6,1522,76
6,1523,57
6,1524,83
6,1525,89
6,1526,115
6,1527,89
6,1528,103
6,1529,64
6,1530,147
6,1531,89
6,1532,205
6,1533,89
6,1534,154
6,1535,71
6,1536,83
6,1537,57
6,1538,51
6,1539,25
6,1540,45
6,1541,32
6,1542,173
6,1543,64
6,1544,64
6,1545,154
6,1546,154
6,1547,147
6,1548,58
6,1549,26
6,1550,147
6,1551,115
6,1552,70
6,1553,64
6,1554,211
6,1555,128
6,1556,51
6,1557,58
6,1558,166
6,1559,218
6,1560,64
6,1561,166
6,1562,135
6,1563,77
6,1564,45
6,1565,39
6,1566,173
6,1567,173
6,1568,147
6,1569,134
6,1570,364
6,1571,-51
6,1572,103
6,1573,51
6,1574,167
6,1575,102
6,1576,70
6,1577,32
6,1578,115
6,1579,109
6,1580,51
6,1581,109
6,1582,121
6,1583,19
6,1584,64
6,1585,102
6,1586,173
6,1587,-64
6,1588,179
6,1589,128
6,1590,26
6,1591,83
6,1592,109
6,1593,58
6,1594,51
6,1595,77
6,1596,116
6,1597,58
6,1598,121
6,1599,102
6,1600,51
6,1601,96
6,1602,141
6,1603,70
6,1604,211
6,1605,57
6,1606,160
6,1607,26
6,1608,116
6,1609,64
6,1610,198
6,1611,96
6,1612,77
6,1613,77
6,1614,153
6,1615,76
6,1616,64
6,1617,103
6,1618,115
6,1619,45
6,1620,96
6,1621,217
6,1622,-32
6,1623,180
6,1624,102
6,1625,57
6,1626,179
6,1627,89
6,1628,832
6,1629,109
6,1630,185
6,1631,96
6,1632,64
6,1633,57
6,1634,19
6,1635,102
6,1636,32
6,1637,70
6,1638,71
6,1639,64
6,1640,76
6,1641,70
6,1642,813
6,1643,77
6,1644,160
6,1645,140
6,1646,198
6,1647,115
6,1648,121
6,1649,-6
6,1650,122
6,1651,-39
6,1652,83
6,1653,32
6,1654,77
6,1655,83
6,1656,109
6,1657,64
6,1658,64
6,1659,83
6,1660,333
6,1661,70
6,1662,211
6,1663,70
6,1664,109
6,1665,116
6,1666,109
6,1667,102
6,1668,64
6,1669,64
6,1670,70
6,1671,96
6,1672,51
6,1673,122
6,1674,211
6,1675,83
6,1676,116
6,1677,51
6,1678,102
6,1679,115
6,1680,115
6,1681,51
6,1682,83
6,1683,64
6,1684,51
6,1685,64
6,1686,103
6,1687,90
6,1688,32
6,1689,83
6,1690,198
6,1691,90
6,1692,121
6,1693,102
6,1694,32
6,1695,116
6,1696,358
6,1697,198
6,1698,109
6,1699,51
6,1700,83
6,1701,38
6,1702,-19
6,1703,70
6,1704,45
6,1705,51
6,1706,160
6,1707,64
6,1708,32
6,1709,77
6,1710,198
6,1711,51
6,1712,89
6,1713,57
6,1714,166
6,1715,70
6,1716,198
6,1717,96
6,1718,173
6,1719,103
6,1720,122
6,1721,-25
6,1722,77
6,1723,64
6,1724,51
6,1725,38
6,1726,109
6,1727,58
6,1728,64
6,1729,58
6,1730,115
6,1731,141
6,1732,160
6,1733,45
6,1734,109
6,1735,32
6,1736,141
6,1737,26
6,1738,115
6,1739,211
6,1740,231
6,1741,89
6,1742,166
6,1743,25
6,1744,-39
6,1745,52
6,1746,102
6,1747,115
6,1748,147
6,1749,128
6,1750,224
6,1751,109
6,1752,166
6,1753,52
6,1754,77
6,1755,275
6,1756,44
6,1757,90
6,1758,166
6,1759,96
6,1760,121
6,1761,115
6,1762,122
6,1763,70
6,1764,64
6,1765,58
6,1766,38
6,1767,109
6,1768,70
6,1769,45
6,1770,179
6,1771,90
6,1772,121
6,1773,147
6,1774,185
6,1775,198
6,1776,90
6,1777,64
6,1778,141
6,1779,71
6,1780,89
6,1781,83
6,1782,160
6,1783,128
6,1784,77
6,1785,57
6,1786,134
6,1787,115
6,1788,77
6,1789,51
6,1790,179
6,1791,51
6,1792,172
6,1793,32
6,1794,122
6,1795,83
6,1796,51
6,1797,45
6,1798,83
6,1799,83
6,1800,57
6,1801,160
6,1802,173
6,1803,154
6,1804,83
6,1805,83
6,1806,32
6,1807,167
6,1808,26
6,1809,57
6,1810,83
6,1811,128
6,1812,217
6,1813,160
6,1814,128
6,1815,109
6,1816,57
6,1817,109
6,1818,-45
6,1819,32
6,1820,71
6,1821,26
6,1822,51
6,1823,115
6,1824,121
6,1825,39
6,1826,128
6,1827,32
6,1828,45
6,1829,45
6,1830,64
6,1831,96
6,1832,58
6,1833,64
6,1834,122
6,1835,83
6,1836,64
6,1837,96
6,1838,103
6,1839,276
6,1840,141
6,1841,141
6,1842,128
6,1843,77
6,1844,-39
6,1845,141
6,1846,122
6,1847,64
6,1848,122
6,1849,96
6,1850,180
6,1851,147
6,1852,70
6,1853,147
6,1854,128
6,1855,102
6,1856,115
6,1857,52
6,1858,166
6,1859,70
6,1860,109
6,1861,58
6,1862,205
6,1863,64
6,1864,96
6,1865,89
6,1866,205
6,1867,365
6,1868,83
6,1869,90
6,1870,166
6,1871,64
6,1872,64
6,1873,58
6,1874,77
6,1875,70
6,1876,166
6,1877,58
6,1878,135
6,1879,77
6,1880,77
6,1881,64
6,1882,45
6,1883,77
6,1884,780
6,1885,83
6,1886,128
6,1887,102
6,1888,71
6,1889,32
6,1890,108
6,1891,51
6,1892,103
6,1893,52
6,1894,76
6,1895,64
6,1896,84
6,1897,800
6,1898,199
6,1899,794
6,1900,102
6,1901,58
6,1902,205
6,1903,103
6,1904,32
6,1905,51
6,1906,58
6,1907,77
6,1908,45
6,1909,32
6,1910,448
6,1911,70
6,1912,83
6,1913,44
6,1914,-32
6,1915,77
6,1916,51
6,1917,45
6,1918,64
6,1919,115
6,1920,115
6,1921,109
6,1922,109
6,1923,365
6,1924,32
6,1925,32
6,1926,109
6,1927,109
6,1928,57
6,1929,365
6,1930,166
6,1931,77
6,1932,122
6,1933,115
6,1934,167
6,1935,128
6,1936,109
6,1937,58
6,1938,103
6,1939,51
6,1940,32
6,1941,83
6,1942,103
6,1943,147
6,1944,109
6,1945,160
6,1946,122
6,1947,128
6,1948,64
6,1949,57
6,1950,148
6,1951,90
6,1952,71
6,1953,153
6,1954,186
6,1955,52
6,1956,64
6,1957,147
6,1958,154
6,1959,128
6,1960,121
6,1961,-51
6,1962,185
6,1963,64
6,1964,147
6,1965,70
6,1966,57
6,1967,128
6,1968,180
6,1969,77
6,1970,154
6,1971,89
6,1972,45
6,1973,115
6,1974,358
6,1975,71
6,1976,70
6,1977,51
6,1978,71
6,1979,64
6,1980,52
6,1981,51
6,1982,212
6,1983,103
6,1984,64
6,1985,121
6,1986,167
6,1987,230
6,1988,256
6,1989,179
6,1990,230
6,1991,122
6,1992,122
6,1993,71
6,1994,179
6,1995,32
6,1996,102
6,1997,154
6,1998,51
6,1999,58
6,2000,109
6,2001,64
6,2002,153
6,2003,128
6,2004,198
6,2005,96
6,2006,211
6,2007,57
6,2008,70
6,2009,-39
6,2010,135
6,2011,64
6,2012,108
6,2013,32
6,2014,173
6,2015,32
6,2016,84
6,2017,51
6,2018,237
6,2019,26
6,2020,103
6,2021,70
6,2022,180
6,2023,51
6,2024,70
6,2025,83
6,2026,147
6,2027,89
6,2028,96
6,2029,460
6,2030,103
6,2031,70
6,2032,90
6,2033,90
6,2034,70
6,2035,115
6,2036,58
6,2037,58
6,2038,179
6,2039,-64
6,2040,64
6,2041,96
6,2042,115
6,2043,160
6,2044,121
6,2045,38
6,2046,160
6,2047,57
6,2048,77
6,2049,57
6,2050,115
6,2051,58
6,2052,71
6,2053,45
6,2054,154
6,2055,25
6,2056,179
6,2057,51
6,2058,140
6,2059,147
6,2060,122
6,2061,102
6,2062,109
6,2063,32
6,2064,115
6,2065,51
6,2066,128
6,2067,-57
6,2068,115
6,2069,58
6,2070,224
6,2071,57
6,2072,109
6,2073,58
6,2074,205
6,2075,64
6,2076,134
6,2077,51
6,2078,57
6,2079,96
6,2080,211
6,2081,160
6,2082,71
6,2083,-70
6,2084,204
6,2085,90
6,2086,166
6,2087,109
6,2088,116
6,2089,-51
6,2090,218
6,2091,45
6,2092,154
6,2093,58
6,2094,140
6,2095,45
6,2096,102
6,2097,70
6,2098,153
6,2099,64
6,2100,128
6,2101,109
6,2102,365
6,2103,-39
6,2104,179
6,2105,64
6,2106,148
6,2107,51
6,2108,102
6,2109,51
6,2110,71
6,2111,134
6,2112,122
6,2113,140
6,2114,122
6,2115,115
6,2116,122
6,2117,109
6,2118,160
6,2119,58
6,2120,122
6,2121,96
6,2122,179
6,2123,70
6,2124,71
6,2125,45
6,2126,192
6,2127,64
6,2128,135
6,2129,192
6,2130,198
6,2131,115
6,2132,185
6,2133,70
6,2134,51
6,2135,83
6,2136,26
6,2137,160
6,2138,205
6,2139,64
6,2140,781
6,2141,70
6,2142,115
6,2143,90
6,2144,64
6,2145,51
6,2146,115
6,2147,77
6,2148,96
6,2149,25
6,2150,166
6,2151,57
6,2152,173
6,2153,109
6,2154,858
6,2155,115
6,2156,263
6,2157,141
6,2158,198
6,2159,148
6,2160,19
6,2161,45
6,2162,167
6,2163,103
6,2164,45
6,2165,96
6,2166,121
6,2167,20
6,2168,186
6,2169,58
6,2170,192
6,2171,89
6,2172,115
6,2173,154
6,2174,179
6,2175,70
6,2176,-57
6,2177,-32
6,2178,128
6,2179,70
6,2180,58
6,2181,51
6,2182,141
6,2183,19
6,2184,96
6,2185,109
6,2186,109
6,2187,83
6,2188,102
6,2189,64
6,2190,173
6,2191,148
6,2192,-199
6,2193,90
6,2194,77
6,2195,96
6,2196,64
6,2197,51
6,2198,-70
6,2199,141
6,2200,154
6,2201,102
6,2202,237
6,2203,154
6,2204,25
6,2205,141
6,2206,243
6,2207,134
6,2208,83
6,2209,108
6,2210,140
6,2211,57
6,2212,141
6,2213,77
6,2214,115
6,2215,122
6,2216,89
6,2217,52
6,2218,77
6,2219,102
6,2220,51
6,2221,52
6,2222,102
6,2223,25
6,2224,116
6,2225,-38
6,2226,205
6,2227,45
6,2228,135
6,2229,109
6,2230,218
6,2231,140
6,2232,70
6,2233,52
6,2234,263
6,2235,19
6,2236,45
6,2237,58
6,2238,109
6,2239,-45
6,2240,90
6,2241,51
6,2242,89
6,2243,77
6,2244,109
6,2245,90
6,2246,115
6,2247,57
6,2248,147
6,2249,52
6,2250,71
6,2251,102
6,2252,64
6,2253,77
6,2254,160
6,2255,102
6,2256,103
6,2257,64
6,2258,243
6,2259,115
6,2260,153
6,2261,166
6,2262,179
6,2263,32
6,2264,108
6,2265,96
6,2266,32
6,2267,-39
6,2268,58
6,2269,332
6,2270,192
6,2271,96
6,2272,57
6,2273,103
6,2274,115
6,2275,122
6,2276,71
6,2277,84
6,2278,102
6,2279,77
6,2280,77
6,2281,122
6,2282,115
6,2283,-38
6,2284,237
6,2285,205
6,2286,160
6,2287,224
6,2288,64
6,2289,51
6,2290,179
6,2291,64
6,2292,-38
6,2293,102
6,2294,173
6,2295,51
6,2296,205
6,2297,89
6,2298,116
6,2299,122
6,2300,109
6,2301,122
6,2302,108
6,2303,58
6,2304,122
6,2305,45
6,2306,83
6,2307,71
6,2308,231
6,2309,58
6,2310,71
6,2311,109
6,2312,154
6,2313,108
6,2314,172
6,2315,108
6,2316,122
6,2317,179
6,2318,141
6,2319,154
6,2320,148
6,2321,38
6,2322,-19
6,2323,-32
6,2324,102
6,2325,32
6,2326,70
6,2327,52
6,2328,51
6,2329,313
6,2330,96
6,2331,26
6,2332,141
6,2333,109
6,2334,115
6,2335,58
6,2336,96
6,2337,58
6,2338,109
6,2339,109
6,2340,154
6,2341,90
6,2342,140
6,2343,115
6,2344,141
6,2345,25
6,2346,128
6,2347,352
6,2348,83
6,2349,71
6,2350,198
6,2351,64
6,2352,211
6,2353,96
6,2354,140
6,2355,108
6,2356,147
6,2357,76
6,2358,179
6,2359,122
6,2360,147
6,2361,39
6,2362,51
6,2363,102
6,2364,90
6,2365,89
6,2366,-141
6,2367,115
6,2368,38
6,2369,122
6,2370,70
6,2371,77
6,2372,154
6,2373,58
6,2374,160
6,2375,96
6,2376,263
6,2377,173
6,2378,109
6,2379,134
6,2380,211
6,2381,77
6,2382,153
6,2383,45
6,2384,179
6,2385,32
6,2386,70
6,2387,51
6,2388,64
6,2389,64
6,2390,166
6,2391,45
6,2392,83
6,2393,58
6,2394,218
6,2395,109
6,2396,781
6,2397,109
6,2398,64
6,2399,224
6,2400,275
6,2401,83
6,2402,51
6,2403,352
6,2404,108
6,2405,51
6,2406,134
6,2407,64
6,2408,-45
6,2409,800
6,2410,96
6,2411,774
6,2412,71
6,2413,58
6,2414,166
6,2415,108
6,2416,102
6,2417,51
6,2418,19
6,2419,-58
6,2420,83
6,2421,173
6,2422,186
6,2423,102
6,2424,96
6,2425,154
6,2426,77
6,2427,102
6,2428,102
6,2429,77
6,2430,-64
6,2431,128
6,2432,141
6,2433,32
6,2434,70
6,2435,58
6,2436,58
6,2437,57
6,2438,77
6,2439,166
6,2440,76
6,2441,77
6,2442,115
6,2443,90
6,2444,167
6,2445,64
6,2446,211
6,2447,77
6,2448,166
6,2449,51
6,2450,153
6,2451,51
6,2452,90
6,2453,64
6,2454,153
6,2455,76
6,2456,166
6,2457,58
6,2458,71
6,2459,89
6,2460,122
6,2461,-45
6,2462,173
6,2463,77
6,2464,58
6,2465,76
6,2466,96
6,2467,109
6,2468,83
6,2469,64
6,2470,167
6,2471,109
6,2472,109
6,2473,-32
6,2474,179
6,2475,102
6,2476,160
6,2477,51
6,2478,64
6,2479,25
6,2480,45
6,2481,89
6,2482,167
6,2483,166
6,2484,154
6,2485,70
6,2486,109
6,2487,-52
6,2488,141
6,2489,52
6,2490,160
6,2491,64
6,2492,141
6,2493,45
6,2494,25
6,2495,45
6,2496,26
6,2497,108
6,2498,58
6,2499,-44
6,2500,109
6,2501,-32
6,2502,45
6,2503,122
6,2504,57
6,2505,102
6,2506,212
6,2507,160
6,2508,224
6,2509,32
6,2510,179
6,2511,58
6,2512,250
6,2513,371
6,2514,198
6,2515,205
6,2516,147
6,2517,51
6,2518,70
6,2519,-64
6,2520,83
6,2521,58
6,2522,109
6,2523,45
6,2524,102
6,2525,58
6,2526,166
6,2527,52
6,2528,109
6,2529,102
6,2530,218
6,2531,32
6,2532,70
6,2533,58
6,2534,154
6,2535,-51
6,2536,134
6,2537,39
6,2538,115
6,2539,70
6,2540,70
6,2541,103
6,2542,71
6,2543,71
6,2544,166
6,2545,58
6,2546,166
6,2547,19
6,2548,102
6,2549,96
6,2550,64
6,2551,51
6,2552,141
6,2553,115
6,2554,160
6,2555,115
6,2556,172
6,2557,51
6,2558,58
6,2559,26
6,2560,32
6,2561,38
6,2562,71
6,2563,32
6,2564,90
6,2565,230
6,2566,121
6,2567,19
6,2568,58
6,2569,102
6,2570,167
6,2571,192
6,2572,282
6,2573,58
6,2574,58
6,2575,199
6,2576,275
6,2577,51
6,2578,51
6,2579,-25
6,2580,115
6,2581,128
6,2582,45
6,2583,58
6,2584,45
6,2585,64
6,2586,76
6,2587,109
6,2588,128
6,2589,109
6,2590,109
6,2591,71
6,2592,231
6,2593,64
6,2594,44
6,2595,167
6,2596,102
6,2597,-19
6,2598,122
6,2599,64
6,2600,160
6,2601,64
6,2602,102
6,2603,263
6,2604,198
6,2605,83
6,2606,160
6,2607,250
6,2608,96
6,2609,71
6,2610,154
6,2611,147
6,2612,83
6,2613,45
6,2614,115
6,2615,83
6,2616,64
6,2617,64
6,2618,64
6,2619,121
6,2620,96
6,2621,77
6,2622,32
6,2623,32
6,2624,51
6,2625,147
6,2626,-26
6,2627,141
6,2628,83
6,2629,51
6,2630,148
6,2631,58
6,2632,44
6,2633,58
6,2634,109
6,2635,26
6,2636,-25
6,2637,39
6,2638,45
6,2639,64
6,2640,70
6,2641,-26
6,2642,192
6,2643,71
6,2644,115
6,2645,70
6,2646,45
6,2647,134
6,2648,57
6,2649,58
6,2650,167
6,2651,96
6,2652,794
6,2653,32
6,2654,45
6,2655,192
6,2656,134
6,2657,70
6,2658,121
6,2659,185
6,2660,51
6,2661,32
6,2662,58
6,2663,64
6,2664,64
6,2665,64
6,2666,838
6,2667,44
6,2668,76
6,2669,83
6,2670,212
6,2671,-32
6,2672,-20
6,2673,58
6,2674,20
6,2675,26
6,2676,103
6,2677,128
6,2678,71
6,2679,32
6,2680,77
6,2681,26
6,2682,115
6,2683,-26
6,2684,83
6,2685,51
6,2686,212
6,2687,77
6,2688,166
6,2689,64
6,2690,38
6,2691,25
6,2692,83
6,2693,58
6,2694,45
6,2695,26
6,2696,108
6,2697,70
6,2698,134
6,2699,83
6,2700,71
6,2701,57
6,2702,109
6,2703,70
6,2704,58
6,2705,122
6,2706,205
6,2707,26
6,2708,96
6,2709,166
6,2710,141
6,2711,58
6,2712,64
6,2713,217
6,2714,109
6,2715,71
6,2716,103
6,2717,90
6,2718,192
6,2719,77
6,2720,116
6,2721,64
6,2722,167
6,2723,32
6,2724,64
6,2725,51
6,2726,141
6,2727,102
6,2728,64
6,2729,45
6,2730,38
6,2731,-13
6,2732,45
6,2733,57
6,2734,122
6,2735,51
6,2736,115
6,2737,186
6,2738,166
6,2739,90
6,2740,64
6,2741,70
6,2742,70
6,2743,70
6,2744,192
6,2745,-32
6,2746,25
6,2747,-58
6,2748,71
6,2749,39
6,2750,26
6,2751,116
6,2752,83
6,2753,45
6,2754,198
6,2755,58
6,2756,115
6,2757,26
6,2758,147
6,2759,-282
6,2760,147
6,2761,-26
6,2762,172
6,2763,45
6,2764,51
6,2765,70
6,2766,-569
6,2767,90
6,2768,70
6,2769,-38
6,2770,115
6,2771,115
6,2772,122
6,2773,64
6,2774,160
6,2775,64
6,2776,115
6,2777,26
6,2778,64
6,2779,32
6,2780,51
6,2781,83
6,2782,102
6,2783,-19
6,2784,128
6,2785,237
6,2786,122
6,2787,-13
6,2788,76
6,2789,32
6,2790,20
6,2791,52
6,2792,314
6,2793,58
6,2794,102
6,2795,77
6,2796,116
6,2797,-51
6,2798,102
6,2799,70
6,2800,116
6,2801,51
6,2802,102
6,2803,70
6,2804,51
6,2805,64
6,2806,77
6,2807,64
6,2808,64
6,2809,141
6,2810,83
6,2811,64
6,2812,135
6,2813,32
6,2814,103
6,2815,64
6,2816,64
6,2817,58
6,2818,32
6,2819,57
6,2820,64
6,2821,51
6,2822,45
6,2823,32
6,2824,320
6,2825,153
6,2826,109
6,2827,64
6,2828,83
6,2829,-26
6,2830,147
6,2831,64
6,2832,83
6,2833,19
6,2834,51
6,2835,-51
6,2836,122
6,2837,179
6,2838,70
6,2839,115
6,2840,-45
6,2841,224
6,2842,167
6,2843,166
6,2844,64
6,2845,90
6,2846,96
6,2847,71
6,2848,70
6,2849,71
6,2850,58
6,2851,96
6,2852,288
6,2853,89
6,2854,179
6,2855,166
6,2856,45
6,2857,45
6,2858,64
6,2859,71
6,2860,57
6,2861,135
6,2862,134
6,2863,77
6,2864,90
6,2865,70
6,2866,71
6,2867,64
6,2868,217
6,2869,39
6,2870,103
6,2871,122
6,2872,128
6,2873,76
6,2874,32
6,2875,148
6,2876,38
6,2877,301
6,2878,116
6,2879,282
6,2880,51
6,2881,103
6,2882,199
6,2883,19
6,2884,179
6,2885,51
6,2886,-237
6,2887,-20
6,2888,-192
6,2889,51
6,2890,90
6,2891,109
6,2892,64
6,2893,45
6,2894,96
6,2895,32
6,2896,121
6,2897,64
6,2898,32
6,2899,103
6,2900,121
6,2901,122
6,2902,32
6,2903,19
6,2904,173
6,2905,89
6,2906,51
6,2907,198
6,2908,794
6,2909,96
6,2910,135
6,2911,51
6,2912,25
6,2913,19
6,2914,51
6,2915,166
6,2916,115
6,2917,45
6,2918,256
6,2919,166
6,2920,167
6,2921,787
6,2922,90
6,2923,780
6,2924,70
6,2925,39
6,2926,166
6,2927,6
6,2928,167
6,2929,51
6,2930,103
6,2931,-32
6,2932,115
6,2933,57
6,2934,57
6,2935,64
6,2936,-45
6,2937,122
6,2938,160
6,2939,58
6,2940,32
6,2941,51
6,2942,77
6,2943,45
6,2944,96
6,2945,218
6,2946,83
6,2947,51
6,2948,64
6,2949,96
6,2950,103
6,2951,77
6,2952,115
6,2953,51
6,2954,122
6,2955,25
6,2956,71
6,2957,-32
6,2958,70
6,2959,32
6,2960,384
6,2961,44
6,2962,38
6,2963,51
6,2964,32
6,2965,64
6,2966,83
6,2967,173
6,2968,179
6,2969,211
6,2970,262
6,2971,77
6,2972,314
6,2973,39
6,2974,211
6,2975,167
6,2976,103
6,2977,179
6,2978,51
6,2979,70
6,2980,71
6,2981,109
6,2982,77
6,2983,109
6,2984,108
6,2985,45
6,2986,160
6,2987,12
6,2988,134
6,2989,51
6,2990,70
6,2991,32
6,2992,51
6,2993,364
6,2994,173
6,2995,70
6,2996,71
6,2997,38
6,2998,64
6,2999,-45
6,3000,186
6,3001,26
6,3002,58
6,3003,32
6,3004,32
6,3005,32
6,3006,109
6,3007,44
6,3008,70
6,3009,122
6,3010,115
6,3011,102
6,3012,38
6,3013,38
6,3014,179
6,3015,173
6,3016,115
6,3017,51
6,3018,51
6,3019,51
6,3020,51
6,3021,51
6,3022,166
6,3023,64
6,3024,153
6,3025,-26
6,3026,173
6,3027,102
6,3028,121
6,3029,51
6,3030,134
6,3031,90
6,3032,71
6,3033,26
6,3034,71
6,3035,19
6,3036,173
6,3037,-6
6,3038,128
6,3039,26
6,3040,-45
6,3041,26
6,3042,115
6,3043,57
6,3044,51
6,3045,38
6,3046,116
6,3047,51
6,3048,64
6,3049,51
6,3050,102
6,3051,71
6,3052,167
6,3053,83
6,3054,121
6,3055,122
6,3056,96
6,3057,102
6,3058,71
6,3059,70
6,3060,121
6,3061,51
6,3062,-461
6,3063,77
6,3064,64
6,3065,109
6,3066,314
6,3067,77
6,3068,90
6,3069,64
6,3070,218
6,3071,64
6,3072,58
6,3073,64
6,3074,76
6,3075,58
6,3076,51
6,3077,51
6,3078,134
6,3079,83
6,3080,39
6,3081,167
6,3082,-192
6,3083,90
6,3084,96
6,3085,57
6,3086,218
6,3087,-64
6,3088,-38
6,3089,38
6,3090,32
6,3091,64
6,3092,58
6,3093,19
6,3094,77
6,3095,45
6,3096,38
6,3097,19
6,3098,185
6,3099,371
6,3100,83
6,3101,76
6,3102,487
6,3103,103
6,3104,90
6,3105,103
6,3106,77
6,3107,294
6,3108,115
6,3109,-38
6,3110,128
6,3111,102
6,3112,51
6,3113,38
6,3114,51
6,3115,96
6,3116,70
6,3117,51
6,3118,115
6,3119,179
6,3120,108
6,3121,109
6,3122,115
6,3123,71
6,3124,116
6,3125,-26
6,3126,135
6,3127,90
6,3128,51
6,3129,58
6,3130,-237
6,3131,-26
6,3132,77
6,3133,51
6,3134,103
6,3135,70
6,3136,58
6,3137,109
6,3138,32
6,3139,128
6,3140,70
6,3141,77
6,3142,135
6,3143,147
6,3144,38
6,3145,90
6,3146,128
6,3147,249
6,3148,128
6,3149,32
6,3150,358
6,3151,57
6,3152,-57
6,3153,44
6,3154,192
6,3155,218
6,3156,134
6,3157,83
6,3158,198
6,3159,70
6,3160,64
6,3161,71
6,3162,64
6,3163,70
6,3164,429
6,3165,70
6,3166,83
6,3167,109
6,3168,167
6,3169,64
6,3170,77
6,3171,20
6,3172,51
6,3173,44
6,3174,180
6,3175,32
6,3176,64
6,3177,198
6,3178,794
6,3179,115
6,3180,115
6,3181,57
6,3182,147
6,3183,58
6,3184,83
6,3185,26
6,3186,57
6,3187,26
6,3188,102
6,3189,38
6,3190,71
6,3191,64
6,3192,128
6,3193,307
6,3194,141
6,3195,58
6,3196,71
6,3197,116
6,3198,122
6,3199,135
6,3200,121
6,3201,90
6,3202,122
6,3203,32
6,3204,71
6,3205,45
6,3206,128
6,3207,44
6,3208,83
6,3209,64
6,3210,154
6,3211,-38
6,3212,192
6,3213,57
6,3214,160
6,3215,103
6,3216,173
6,3217,45
6,3218,160
6,3219,167
6,3220,64
6,3221,71
6,3222,109
6,3223,122
6,3224,204
6,3225,147
6,3226,-51
6,3227,179
6,3228,173
6,3229,148
6,3230,160
6,3231,57
6,3232,179
6,3233,109
6,3234,294
6,3235,109
6,3236,192
6,3237,103
6,3238,70
6,3239,160
6,3240,109
6,3241,294
6,3242,103
6,3243,77
6,3244,115
6,3245,64
6,3246,122
6,3247,58
6,3248,71
6,3249,167
6,3250,218
6,3251,32
6,3252,109
6,3253,115
6,3254,211
6,3255,121
6,3256,38
6,3257,51
6,3258,-32
6,3259,90
6,3260,109
6,3261,96
6,3262,64
6,3263,64
6,3264,115
6,3265,122
6,3266,121
6,3267,346
6,3268,70
6,3269,84
6,3270,121
6,3271,128
6,3272,83
6,3273,109
6,3274,64
6,3275,57
6,3276,32
6,3277,64
6,3278,64
6,3279,57
6,3280,96
6,3281,45
6,3282,147
6,3283,77
6,3284,308
6,3285,71
6,3286,77
6,3287,83
6,3288,70
6,3289,45
6,3290,122
6,3291,32
6,3292,58
6,3293,19
6,3294,140
6,3295,122
6,3296,115
6,3297,58
6,3298,172
6,3299,-64
6,3300,64
6,3301,25
6,3302,224
6,3303,70
6,3304,122
6,3305,96
6,3306,167
6,3307,109
6,3308,148
6,3309,64
6,3310,76
6,3311,70
6,3312,173
6,3313,71
6,3314,64
6,3315,96
6,3316,77
6,3317,51
6,3318,109
6,3319,-45
6,3320,77
6,3321,102
6,3322,109
6,3323,70
6,3324,153
6,3325,52
6,3326,102
6,3327,102
6,3328,58
6,3329,58
6,3330,109
6,3331,-45
6,3332,45
6,3333,83
6,3334,-39
6,3335,147
6,3336,77
6,3337,109
6,3338,57
6,3339,154
6,3340,115
6,3341,58
6,3342,90
6,3343,70
6,3344,64
6,3345,26
6,3346,121
6,3347,32
6,3348,51
6,3349,71
6,3350,19
6,3351,57
6,3352,109
6,3353,57
6,3354,179
6,3355,96
6,3356,115
6,3357,71
6,3358,64
6,3359,116
6,3360,122
6,3361,57
6,3362,140
6,3363,115
6,3364,166
6,3365,52
6,3366,154
6,3367,70
6,3368,154
6,3369,122
6,3370,109
6,3371,109
6,3372,205
6,3373,359
6,3374,192
6,3375,51
6,3376,166
6,3377,102
6,3378,64
6,3379,166
6,3380,102
6,3381,134
6,3382,269
6,3383,160
6,3384,64
6,3385,211
6,3386,153
6,3387,122
6,3388,58
6,3389,102
6,3390,166
6,3391,115
6,3392,83
6,3393,109
6,3394,32
6,3395,103
6,3396,90
6,3397,19
6,3398,-26
6,3399,25
6,3400,77
6,3401,154
6,3402,115
6,3403,134
6,3404,166
6,3405,38
6,3406,179
6,3407,96
6,3408,147
6,3409,64
6,3410,70
6,3411,326
6,3412,89
6,3413,64
6,3414,-32
6,3415,140
6,3416,116
6,3417,70
6,3418,192
6,3419,217
6,3420,793
6,3421,153
6,3422,121
6,3423,109
6,3424,115
6,3425,51
6,3426,108
6,3427,-38
6,3428,77
6,3429,58
6,3430,109
6,3431,102
6,3432,51
6,3433,442
6,3434,167
6,3435,768
6,3436,134
6,3437,90
6,3438,147
6,3439,57
6,3440,128
6,3441,96
6,3442,147
6,3443,116
6,3444,77
6,3445,57
6,3446,160
6,3447,-58
6,3448,128
6,3449,77
6,3450,160
6,3451,64
6,3452,96
6,3453,109
6,3454,179
6,3455,51
6,3456,166
6,3457,45
6,3458,83
6,3459,-19
6,3460,141
6,3461,51
6,3462,116
6,3463,102
6,3464,115
6,3465,64
6,3466,109
6,3467,64
6,3468,83
6,3469,102
6,3470,148
6,3471,102
6,3472,352
6,3473,71
6,3474,64
6,3475,115
6,3476,32
6,3477,70
6,3478,205
6,3479,64
6,3480,115
6,3481,45
6,3482,109
6,3483,141
6,3484,134
6,3485,44
6,3486,173
6,3487,116
6,3488,327
6,3489,96
6,3490,358
6,3491,58
6,3492,128
6,3493,147
6,3494,116
6,3495,-39
6,3496,83
6,3497,96
6,3498,96
6,3499,64
6,3500,268
6,3501,26
6,3502,32
6,3503,64
6,3504,-51
6,3505,140
6,3506,115
6,3507,109
6,3508,122
6,3509,70
6,3510,256
6,3511,109
6,3512,167
6,3513,26
6,3514,179
6,3515,19
6,3516,32
6,3517,57
6,3518,160
6,3519,333
6,3520,128
6,3521,390
6,3522,96
6,3523,115
6,3524,51
6,3525,-38
6,3526,186
6,3527,115
6,3528,166
6,3529,-32
6,3530,128
6,3531,121
6,3532,57
6,3533,52
6,3534,256
6,3535,77
6,3536,-51
6,3537,115
6,3538,160
6,3539,64
6,3540,173
6,3541,58
6,3542,205
6,3543,115
6,3544,147
6,3545,52
6,3546,32
6,3547,57
6,3548,-57
6,3549,70
6,3550,172
6,3551,76
6,3552,102
6,3553,-32
6,3554,89
6,3555,26
6,3556,102
6,3557,57
6,3558,160
6,3559,51
6,3560,128
6,3561,160
6,3562,90
6,3563,371
6,3564,173
6,3565,57
6,3566,377
6,3567,115
6,3568,122
6,3569,-38
6,3570,186
6,3571,26
6,3572,115
6,3573,128
6,3574,90
6,3575,103
6,3576,128
6,3577,96
6,3578,108
6,3579,84
6,3580,391
6,3581,64
6,3582,102
6,3583,26
6,3584,-38
6,3585,45
6,3586,71
6,3587,76
6,3588,89
6,3589,224
6,3590,116
6,3591,64
6,3592,64
6,3593,58
6,3594,365
6,3595,70
6,3596,166
6,3597,96
6,3598,160
6,3599,-64
6,3600,186
6,3601,-26
6,3602,179
6,3603,76
6,3604,160
6,3605,-45
6,3606,160
6,3607,58
6,3608,128
6,3609,25
6,3610,128
6,3611,141
6,3612,115
6,3613,51
6,3614,77
6,3615,71
6,3616,-45
6,3617,70
6,3618,115
6,3619,153
6,3620,153
6,3621,57
6,3622,134
6,3623,116
6,3624,116
6,3625,71
6,3626,109
6,3627,19
6,3628,-38
6,3629,32
6,3630,89
6,3631,44
6,3632,121
6,3633,77
6,3634,179
6,3635,115
6,3636,77
6,3637,58
6,3638,217
6,3639,26
6,3640,352
6,3641,51
6,3642,58
6,3643,-45
6,3644,140
6,3645,26
6,3646,102
6,3647,115
6,3648,83
6,3649,70
6,3650,205
6,3651,122
6,3652,256
6,3653,109
6,3654,173
6,3655,77
6,3656,58
6,3657,90
6,3658,102
6,3659,109
6,3660,167
6,3661,199
6,3662,320
6,3663,-52
6,3664,154
6,3665,96
6,3666,179
6,3667,121
6,3668,134
6,3669,115
6,3670,192
6,3671,154
6,3672,397
6,3673,83
6,3674,96
6,3675,90
6,3676,838
6,3677,83
6,3678,160
6,3679,58
6,3680,32
6,3681,57
6,3682,141
6,3683,77
6,3684,96
6,3685,51
6,3686,179
6,3687,109
6,3688,128
6,3689,160
6,3690,787
6,3691,141
6,3692,166
6,3693,122
6,3694,160
6,3695,76
6,3696,115
6,3697,102
6,3698,64
6,3699,64
6,3700,115
6,3701,115
6,3702,58
6,3703,64
6,3704,153
6,3705,51
6,3706,109
6,3707,64
6,3708,115
6,3709,128
6,3710,76
6,3711,122
6,3712,167
6,3713,141
6,3714,121
6,3715,134
6,3716,147
6,3717,45
6,3718,58
6,3719,51
6,3720,64
6,3721,141
6,3722,141
6,3723,77
6,3724,70
6,3725,198
6,3726,109
6,3727,103
6,3728,140
6,3729,45
6,3730,115
6,3731,71
6,3732,-442
6,3733,38
6,3734,96
6,3735,26
6,3736,116
6,3737,70
6,3738,58
6,3739,154
6,3740,135
6,3741,77
6,3742,160
6,3743,128
6,3744,115
6,3745,160
6,3746,115
6,3747,185
6,3748,167
6,3749,57
6,3750,109
6,3751,64
6,3752,141
6,3753,44
6,3754,90
6,3755,83
6,3756,58
6,3757,96
6,3758,-64
6,3759,128
6,3760,83
6,3761,109
6,3762,199
6,3763,64
6,3764,-45
6,3765,96
6,3766,211
6,3767,122
6,3768,166
6,3769,45
6,3770,77
6,3771,19
6,3772,70
6,3773,64
6,3774,89
6,3775,77
6,3776,57
6,3777,77
6,3778,90
6,3779,90
6,3780,83
6,3781,84
6,3782,166
6,3783,115
6,3784,96
6,3785,58
6,3786,96
6,3787,45
6,3788,115
6,3789,58
6,3790,160
6,3791,108
6,3792,38
6,3793,57
6,3794,109
6,3795,109
6,3796,192
6,3797,64
6,3798,84
6,3799,83
6,3800,141
6,3801,51
6,3802,96
6,3803,102
6,3804,154
6,3805,-6
6,3806,64
6,3807,76
6,3808,102
6,3809,58
6,3810,147
6,3811,115
6,3812,26
6,3813,32
6,3814,-45
6,3815,89
6,3816,116
6,3817,51
6,3818,122
6,3819,90
6,3820,83
6,3821,44
6,3822,109
6,3823,147
6,3824,116
6,3825,89
6,3826,103
6,3827,52
6,3828,141
6,3829,45
6,3830,96
6,3831,96
6,3832,45
6,3833,76
6,3834,147
6,3835,121
6,3836,153
6,3837,64
6,3838,83
6,3839,96
6,3840,122
6,3841,256
6,3842,199
6,3843,64
6,3844,70
6,3845,96
6,3846,77
6,3847,102
6,3848,102
6,3849,58
6,3850,128
6,3851,134
6,3852,115
6,3853,64
6,3854,89
6,3855,77
6,3856,76
6,3857,52
6,3858,134
6,3859,45
6,3860,57
6,3861,103
6,3862,154
6,3863,52
6,3864,89
6,3865,-32
6,3866,198
6,3867,84
6,3868,281
6,3869,57
6,3870,166
6,3871,103
6,3872,51
6,3873,96
6,3874,32
6,3875,346
6,3876,64
6,3877,25
6,3878,115
6,3879,115
6,3880,77
6,3881,45
6,3882,109
6,3883,83
6,3884,-45
6,3885,109
6,3886,211
6,3887,64
6,3888,102
6,3889,141
6,3890,115
6,3891,58
6,3892,77
6,3893,84
6,3894,89
6,3895,122
6,3896,121
6,3897,122
6,3898,83
6,3899,109
6,3900,84
6,3901,96
6,3902,199
6,3903,70
6,3904,173
6,3905,83
6,3906,109
6,3907,102
6,3908,77
6,3909,-128
6,3910,160
6,3911,173
6,3912,141
6,3913,71
6,3914,77
6,3915,109
6,3916,179
6,3917,77
6,3918,77
6,3919,140
6,3920,166
6,3921,25
6,3922,58
6,3923,70
6,3924,103
6,3925,57
6,3926,77
6,3927,64
6,3928,153
6,3929,70
6,3930,173
6,3931,25
6,3932,819
6,3933,109
6,3934,115
6,3935,64
6,3936,115
6,3937,19
6,3938,70
6,3939,51
6,3940,51
6,3941,-26
6,3942,211
6,3943,109
6,3944,45
6,3945,774
6,3946,121
6,3947,787
6,3948,166
6,3949,64
6,3950,115
6,3951,384
6,3952,205
6,3953,58
6,3954,58
6,3955,58
6,3956,109
6,3957,90
6,3958,70
6,3959,135
6,3960,153
6,3961,-25
6,3962,96
6,3963,64
6,3964,147
6,3965,122
6,3966,211
6,3967,90
6,3968,103
6,3969,90
6,3970,77
6,3971,32
6,3972,52
6,3973,148
6,3974,25
6,3975,109
6,3976,32
6,3977,58
6,3978,135
6,3979,314
6,3980,96
6,3981,96
6,3982,160
6,3983,96
6,3984,167
6,3985,45
6,3986,115
6,3987,83
6,3988,51
6,3989,154
6,3990,122
6,3991,77
6,3992,167
6,3993,103
6,3994,135
6,3995,109
6,3996,70
6,3997,64
6,3998,172
6,3999,83
6,4000,109
6,4001,-19
6,4002,128
6,4003,76
6,4004,167
6,4005,128
6,4006,205
6,4007,64
6,4008,70
6,4009,96
6,4010,173
6,4011,224
6,4012,71
6,4013,77
6,4014,64
6,4015,45
6,4016,76
6,4017,89
6,4018,198
6,4019,141
6,4020,128
6,4021,76
6,4022,134
6,4023,167
6,4024,192
6,4025,115
6,4026,109
6,4027,52
6,4028,64
6,4029,96
6,4030,358
6,4031,147
6,4032,103
6,4033,-32
6,4034,198
6,4035,166
6,4036,268
6,4037,96
6,4038,173
6,4039,116
6,4040,128
6,4041,64
6,4042,167
6,4043,52
6,4044,77
6,4045,90
6,4046,57
6,4047,89
6,4048,160
6,4049,45
6,4050,186
6,4051,-186
6,4052,77
6,4053,58
6,4054,211
6,4055,116
6,4056,90
6,4057,51
6,4058,58
6,4059,64
6,4060,96
6,4061,32
6,4062,237
6,4063,-57
6,4064,52
6,4065,44
6,4066,167
6,4067,96
6,4068,51
6,4069,32
6,4070,140
6,4071,64
6,4072,102
6,4073,115
6,4074,185
6,4075,77
6,4076,108
6,4077,71
6,4078,32
6,4079,109
6,4080,109
6,4081,51
6,4082,102
6,4083,102
6,4084,57
6,4085,38
6,4086,121
6,4087,45
6,4088,58
6,4089,83
6,4090,58
6,4091,102
6,4092,115
6,4093,83
6,4094,20
6,4095,-51
6,4096,83
6,4097,45
6,4098,71
6,4099,64
6,4100,122
6,4101,96
6,4102,160
6,4103,64
6,4104,147
6,4105,58
6,4106,90
6,4107,71
6,4108,128
6,4109,77
6,4110,320
6,4111,166
6,4112,211
6,4113,160
6,4114,25
6,4115,45
6,4116,77
6,4117,96
6,4118,102
6,4119,102
6,4120,51
6,4121,26
6,4122,-45
6,4123,57
6,4124,115
6,4125,57
6,4126,115
6,4127,122
6,4128,109
6,4129,160
6,4130,218
6,4131,173
6,4132,102
6,4133,44
6,4134,172
6,4135,51
6,4136,167
6,4137,58
6,4138,160
6,4139,64
6,4140,122
6,4141,57
6,4142,122
6,4143,102
6,4144,77
6,4145,64
6,4146,64
6,4147,115
6,4148,135
6,4149,96
6,4150,115
6,4151,275
6,4152,71
6,4153,44
6,4154,102
6,4155,77
6,4156,71
6,4157,128
6,4158,166
6,4159,32
6,4160,58
6,4161,166
6,4162,141
6,4163,403
6,4164,153
6,4165,96
6,4166,115
6,4167,64
6,4168,45
6,4169,90
6,4170,134
6,4171,96
6,4172,115
6,4173,154
6,4174,84
6,4175,58
6,4176,166
6,4177,76
6,4178,231
6,4179,122
6,4180,116
6,4181,58
6,4182,64
6,4183,103
6,4184,-38
6,4185,71
6,4186,103
6,4187,96
6,4188,787
6,4189,51
6,4190,109
6,4191,19
6,4192,148
6,4193,-6
6,4194,141
6,4195,25
6,4196,-25
6,4197,77
6,4198,70
6,4199,26
6,4200,89
6,4201,32
6,4202,448
6,4203,141
6,4204,96
6,4205,96
6,4206,160
6,4207,115
6,4208,135
6,4209,89
6,4210,135
6,4211,45
6,4212,153
6,4213,96
6,4214,109
6,4215,26
6,4216,96
6,4217,301
6,4218,70
6,4219,96
6,4220,109
6,4221,102
6,4222,109
6,4223,103
6,4224,121
6,4225,51
6,4226,115
6,4227,102
6,4228,96
6,4229,45
6,4230,141
6,4231,45
6,4232,77
6,4233,141
6,4234,122
6,4235,51
6,4236,166
6,4237,-19
6,4238,147
6,4239,128
6,4240,147
6,4241,-12
6,4242,134
6,4243,76
6,4244,57
6,4245,103
6,4246,211
6,4247,96
6,4248,167
6,4249,115
6,4250,288
6,4251,153
6,4252,179
6,4253,64
6,4254,218
6,4255,205
6,4256,115
6,4257,121
6,4258,378
6,4259,172
6,4260,115
6,4261,109
6,4262,173
6,4263,365
6,4264,205
6,4265,45
6,4266,90
6,4267,19
6,4268,71
6,4269,115
6,4270,115
6,4271,153
6,4272,90
6,4273,128
6,4274,186
6,4275,102
6,4276,90
6,4277,109
6,4278,71
6,4279,141
6,4280,109
6,4281,44
6,4282,51
6,4283,57
6,4284,96
6,4285,103
6,4286,90
6,4287,135
6,4288,109
6,4289,141
6,4290,71
6,4291,71
6,4292,121
6,4293,160
6,4294,198
6,4295,103
6,4296,-58
6,4297,38
6,4298,26
6,4299,19
6,4300,51
6,4301,64
6,4302,122
6,4303,64
6,4304,71
6,4305,186
6,4306,71
6,4307,51
6,4308,179
6,4309,103
6,4310,-32
6,4311,141
6,4312,198
6,4313,45
6,4314,71
6,4315,64
6,4316,45
6,4317,51
6,4318,115
6,4319,64
6,4320,128
6,4321,-38
6,4322,147
6,4323,96
6,4324,122
6,4325,71
6,4326,147
6,4327,90
6,4328,71
6,4329,122
6,4330,141
6,4331,166
6,4332,52
6,4333,70
6,4334,173
6,4335,32
6,4336,-45
6,4337,77
6,4338,116
6,4339,51
6,4340,96
6,4341,51
6,4342,116
6,4343,58
6,4344,109
6,4345,96
6,4346,116
6,4347,89
6,4348,147
6,4349,38
6,4350,167
6,4351,141
6,4352,141
6,4353,109
6,4354,77
6,4355,147
6,4356,64
6,4357,102
6,4358,160
6,4359,77
6,4360,115
6,4361,102
6,4362,70
6,4363,307
6,4364,403
6,4365,96
6,4366,167
6,4367,77
6,4368,39
6,4369,45
6,4370,19
6,4371,26
6,4372,70
6,4373,32
6,4374,-13
6,4375,70
6,4376,109
6,4377,83
6,4378,141
6,4379,122
6,4380,83
6,4381,0
6,4382,186
6,4383,109
6,4384,77
6,4385,-6
6,4386,172
6,4387,64
6,4388,121
6,4389,307
6,4390,217
6,4391,64
6,4392,109
6,4393,71
6,4394,185
6,4395,71
6,4396,102
6,4397,51
6,4398,173
6,4399,-52
6,4400,134
6,4401,-32
6,4402,102
6,4403,45
6,4404,141
6,4405,58
6,4406,243
6,4407,57
6,4408,115
6,4409,84
6,4410,122
6,4411,89
6,4412,154
6,4413,64
6,4414,70
6,4415,39
6,4416,57
6,4417,51
6,4418,102
6,4419,83
6,4420,115
6,4421,96
6,4422,115
6,4423,77
6,4424,160
6,4425,51
6,4426,109
6,4427,109
6,4428,-38
6,4429,77
6,4430,199
6,4431,140
6,4432,39
6,4433,58
6,4434,71
6,4435,109
6,4436,109
6,4437,102
6,4438,115
6,4439,70
6,4440,71
6,4441,51
6,4442,90
6,4443,115
6,4444,787
6,4445,64
6,4446,51
6,4447,51
6,4448,186
6,4449,51
6,4450,116
6,4451,45
6,4452,77
6,4453,-32
6,4454,167
6,4455,166
6,4456,167
6,4457,793
6,4458,103
6,4459,832
6,4460,90
6,4461,109
6,4462,84
6,4463,51
6,4464,102
6,4465,51
6,4466,109
6,4467,26
6,4468,57
6,4469,102
6,4470,115
6,4471,90
6,4472,115
6,4473,51
6,4474,205
6,4475,115
6,4476,77
6,4477,102
6,4478,199
6,4479,128
6,4480,71
6,4481,64
6,4482,109
6,4483,45
6,4484,108
6,4485,115
6,4486,115
6,4487,77
6,4488,45
6,4489,102
6,4490,141
6,4491,89
6,4492,64
6,4493,102
6,4494,109
6,4495,89
6,4496,121
6,4497,70
6,4498,102
6,4499,76
6,4500,51
6,4501,71
6,4502,115
6,4503,51
6,4504,147
6,4505,45
6,4506,64
6,4507,141
6,4508,64
6,4509,96
6,4510,192
6,4511,-45
6,4512,135
6,4513,102
6,4514,262
6,4515,103
6,4516,83
6,4517,90
6,4518,205
6,4519,64
6,4520,102
6,4521,89
6,4522,160
6,4523,38
6,4524,51
6,4525,160
6,4526,64
6,4527,-384
6,4528,122
6,4529,83
6,4530,218
6,4531,70
6,4532,416
6,4533,64
6,4534,205
6,4535,109
6,4536,122
6,4537,64
6,4538,148
6,4539,25
6,4540,-25
6,4541,64
6,4542,103
6,4543,89
6,4544,76
6,4545,64
6,4546,166
6,4547,102
6,4548,166
6,4549,237
6,4550,192
6,4551,102
6,4552,109
6,4553,58
6,4554,96
6,4555,96
6,4556,83
6,4557,58
6,4558,192
6,4559,45
6,4560,147
6,4561,64
6,4562,167
6,4563,172
6,4564,410
6,4565,57
6,4566,103
6,4567,128
6,4568,192
6,4569,26
6,4570,-121
6,4571,58
6,4572,64
6,4573,160
6,4574,160
6,4575,141
6,4576,57
6,4577,52
6,4578,160
6,4579,51
6,4580,32
6,4581,-25
6,4582,122
6,4583,52
6,4584,108
6,4585,64
6,4586,160
6,4587,-64
6,4588,147
6,4589,115
6,4590,115
6,4591,116
6,4592,83
6,4593,64
6,4594,90
6,4595,32
6,4596,154
6,4597,96
6,4598,116
6,4599,121
6,4600,166
6,4601,57
6,4602,205
6,4603,116
6,4604,198
6,4605,109
6,4606,115
6,4607,96
6,4608,64
6,4609,25
6,4610,173
6,4611,52
6,4612,64
6,4613,45
6,4614,109
6,4615,153
6,4616,70
6,4617,96
6,4618,102
6,4619,122
6,4620,109
6,4621,71
6,4622,109
6,4623,71
6,4624,109
6,4625,26
6,4626,115
6,4627,45
6,4628,89
6,4629,96
6,4630,102
6,4631,44
6,4632,134
6,4633,199
6,4634,198
6,4635,115
6,4636,90
6,4637,90
6,4638,-32
6,4639,173
6,4640,153
6,4641,115
6,4642,167
6,4643,57
6,4644,70
6,4645,51
6,4646,128
6,4647,211
6,4648,154
6,4649,57
6,4650,115
6,4651,96
6,4652,134
6,4653,25
6,4654,115
6,4655,96
6,4656,173
6,4657,109
6,4658,186
6,4659,185
6,4660,70
6,4661,64
6,4662,167
6,4663,115
6,4664,103
6,4665,32
6,4666,154
6,4667,147
6,4668,45
6,4669,-32
6,4670,185
6,4671,64
6,4672,122
6,4673,103
6,4674,179
6,4675,115
6,4676,115
6,4677,77
6,4678,173
6,4679,250
6,4680,51
6,4681,-32
6,4682,51
6,4683,32
6,4684,58
6,4685,39
6,4686,64
6,4687,25
6,4688,320
6,4689,121
6,4690,84
6,4691,378
6,4692,128
6,4693,51
6,4694,-288
6,4695,83
6,4696,109
6,4697,84
6,4698,32
6,4699,32
6,4700,807
6,4701,57
6,4702,121
6,4703,70
6,4704,51
6,4705,76
6,4706,25
6,4707,64
6,4708,32
6,4709,51
6,4710,294
6,4711,109
6,4712,109
6,4713,64
6,4714,787
6,4715,83
6,4716,154
6,4717,122
6,4718,128
6,4719,89
6,4720,103
6,4721,64
6,4722,115
6,4723,83
6,4724,96
6,4725,96
6,4726,83
6,4727,52
6,4728,89
6,4729,51
6,4730,121
6,4731,70
6,4732,141
6,4733,84
6,4734,160
6,4735,96
6,4736,96
6,4737,90
6,4738,134
6,4739,128
6,4740,109
6,4741,58
6,4742,153
6,4743,51
6,4744,160
6,4745,39
6,4746,71
6,4747,109
6,4748,121
6,4749,70
6,4750,121
6,4751,147
6,4752,167
6,4753,70
6,4754,115
6,4755,26
6,4756,83
6,4757,64
6,4758,70
6,4759,154
6,4760,58
6,4761,-39
6,4762,121
6,4763,109
6,4764,148
6,4765,64
6,4766,77
6,4767,109
6,4768,64
6,4769,96
6,4770,250
6,4771,109
6,4772,102
6,4773,70
6,4774,51
6,4775,167
6,4776,153
6,4777,57
6,4778,96
6,4779,71
6,4780,51
6,4781,90
6,4782,211
6,4783,64
6,4784,121
6,4785,64
6,4786,167
6,4787,84
6,4788,51
6,4789,70
6,4790,167
6,4791,70
6,4792,109
6,4793,32
6,4794,70
6,4795,109
6,4796,64
6,4797,64
6,4798,199
6,4799,103
6,4800,64
6,4801,96
6,4802,19
6,4803,115
6,4804,64
6,4805,301
6,4806,135
6,4807,32
6,4808,57
6,4809,-32
6,4810,45
6,4811,19
6,4812,32
6,4813,51
6,4814,205
6,4815,77
6,4816,109
6,4817,51
6,4818,89
6,4819,83
6,4820,128
6,4821,64
6,4822,160
6,4823,122
6,4824,109
6,4825,26
6,4826,32
6,4827,32
6,4828,51
6,4829,51
6,4830,90
6,4831,314
6,4832,128
6,4833,84
6,4834,57
6,4835,64
6,4836,70
6,4837,90
6,4838,58
6,4839,83
6,4840,71
6,4841,96
6,4842,103
6,4843,70
6,4844,96
6,4845,103
6,4846,166
6,4847,51
6,4848,396
6,4849,58
6,4850,160
6,4851,102
6,4852,141
6,4853,70
6,4854,160
6,4855,32
6,4856,83
6,4857,102
6,4858,83
6,4859,26
6,4860,134
6,4861,45
6,4862,134
6,4863,205
6,4864,64
6,4865,96
6,4866,84
6,4867,64
6,4868,70
6,4869,64
6,4870,147
6,4871,102
6,4872,122
6,4873,122
6,4874,77
6,4875,116
6,4876,180
6,4877,115
6,4878,122
6,4879,-45
6,4880,45
6,4881,58
6,4882,115
6,4883,71
6,4884,26
6,4885,58
6,4886,173
6,4887,70
6,4888,83
6,4889,89
6,4890,115
6,4891,32
6,4892,122
6,4893,45
6,4894,205
6,4895,77
6,4896,102
6,4897,32
6,4898,102
6,4899,26
6,4900,102
6,4901,64
6,4902,77
6,4903,77
6,4904,103
6,4905,64
6,4906,122
6,4907,32
6,4908,77
6,4909,103
6,4910,141
6,4911,128
6,4912,256
6,4913,128
6,4914,153
6,4915,147
6,4916,58
6,4917,58
6,4918,249
6,4919,70
6,4920,84
6,4921,90
6,4922,109
6,4923,108
6,4924,64
6,4925,58
6,4926,90
6,4927,83
6,4928,70
6,4929,84
6,4930,115
6,4931,96
6,4932,64
6,4933,51
6,4934,89
6,4935,51
6,4936,76
6,4937,57
6,4938,96
6,4939,-45
6,4940,128
6,4941,51
6,4942,-26
6,4943,64
6,4944,109
6,4945,51
6,4946,64
6,4947,77
6,4948,89
6,4949,103
6,4950,147
6,4951,89
6,4952,108
6,4953,108
6,4954,154
6,4955,51
6,4956,806
6,4957,128
6,4958,166
6,4959,71
6,4960,71
6,4961,-20
6,4962,83
6,4963,64
6,4964,116
6,4965,26
6,4966,57
6,4967,122
6,4968,64
6,4969,787
6,4970,141
6,4971,806
6,4972,71
6,4973,45
6,4974,135
6,4975,64
6,4976,108
6,4977,32
6,4978,71
6,4979,57
6,4980,64
6,4981,51
6,4982,58
6,4983,64
6,4984,243
6,4985,51
6,4986,96
6,4987,-64
6,4988,134
6,4989,371
6,4990,83
6,4991,76
6,4992,96
6,4993,70
6,4994,103
6,4995,64
6,4996,51
6,4997,44
6,4998,64
6,4999,57
6,5000,115
6,5001,173
6,5002,26
6,5003,128
6,5004,166
6,5005,64
6,5006,160
6,5007,109
6,5008,109
6,5009,96
6,5010,167
6,5011,64
6,5012,58
6,5013,57
6,5014,83
6,5015,154
6,5016,115
6,5017,89
6,5018,103
6,5019,109
6,5020,147
6,5021,128
6,5022,103
6,5023,89
6,5024,128
6,5025,141
6,5026,173
6,5027,90
6,5028,154
6,5029,192
6,5030,173
6,5031,51
6,5032,128
6,5033,122
6,5034,-13
6,5035,26
6,5036,57
6,5037,83
6,5038,109
6,5039,103
6,5040,153
6,5041,109
6,5042,167
6,5043,84
6,5044,172
6,5045,71
6,5046,173
6,5047,70
6,5048,32
6,5049,-25
6,5050,122
6,5051,32
6,5052,32
6,5053,32
6,5054,90
6,5055,166
6,5056,108
6,5057,77
6,5058,103
6,5059,-403
6,5060,-51
6,5061,64
6,5062,237
6,5063,108
6,5064,179
6,5065,70
6,5066,185
6,5067,77
6,5068,58
6,5069,-26
6,5070,179
6,5071,64
6,5072,135
6,5073,-339
6,5074,173
6,5075,71
6,5076,-51
6,5077,51
6,5078,77
6,5079,109
6,5080,102
6,5081,45
6,5082,19
6,5083,64
6,5084,121
6,5085,58
6,5086,-51
6,5087,70
6,5088,77
6,5089,64
6,5090,333
6,5091,64
6,5092,58
6,5093,45
6,5094,45
6,5095,64
6,5096,38
6,5097,64
6,5098,-173
6,5099,64
6,5100,128
6,5101,70
6,5102,173
6,5103,70
6,5104,115
6,5105,64
6,5106,180
6,5107,83
6,5108,-45
6,5109,71
6,5110,57
6,5111,365
6,5112,102
6,5113,77
6,5114,76
6,5115,167
6,5116,378
6,5117,115
6,5118,-26
6,5119,154
6,5120,58
6,5121,116
6,5122,64
6,5123,25
6,5124,51
6,5125,116
6,5126,192
6,5127,70
6,5128,57
6,5129,237
6,5130,-64
6,5131,71
6,5132,71
6,5133,64
6,5134,109
6,5135,166
6,5136,109
6,5137,58
6,5138,58
6,5139,83
6,5140,-32
6,5141,173
6,5142,115
6,5143,26
6,5144,19
6,5145,-51
6,5146,199
6,5147,51
6,5148,103
6,5149,147
6,5150,134
6,5151,135
6,5152,153
6,5153,109
6,5154,211
6,5155,103
6,5156,96
6,5157,58
6,5158,160
6,5159,-64
6,5160,115
6,5161,58
6,5162,102
6,5163,109
6,5164,217
6,5165,32
6,5166,121
6,5167,57
6,5168,96
6,5169,64
6,5170,179
6,5171,84
6,5172,77
6,5173,115
6,5174,83
6,5175,122
6,5176,115
6,5177,57
6,5178,64
6,5179,102
6,5180,58
6,5181,51
6,5182,109
6,5183,64
6,5184,57
6,5185,77
6,5186,166
6,5187,115
6,5188,115
6,5189,109
6,5190,77
6,5191,77
6,5192,109
6,5193,51
6,5194,135
6,5195,109
6,5196,96
6,5197,-52
6,5198,83
6,5199,52
6,5200,51
6,5201,102
6,5202,352
6,5203,128
6,5204,148
6,5205,90
6,5206,179
6,5207,83
6,5208,109
6,5209,57
6,5210,179
6,5211,83
6,5212,851
6,5213,32
6,5214,102
6,5215,19
6,5216,38
6,5217,32
6,5218,64
6,5219,25
6,5220,109
6,5221,218
6,5222,32
6,5223,96
6,5224,51
6,5225,109
6,5226,838
6,5227,51
6,5228,141
6,5229,32
6,5230,103
6,5231,109
6,5232,346
6,5233,58
6,5234,154
6,5235,51
6,5236,45
6,5237,32
6,5238,26
6,5239,26
6,5240,64
6,5241,83
6,5242,192
6,5243,102
6,5244,115
6,5245,83
6,5246,89
6,5247,64
6,5248,64
6,5249,345
6,5250,377
6,5251,64
6,5252,64
6,5253,57
6,5254,128
6,5255,103
6,5256,64
6,5257,64
6,5258,128
6,5259,90
6,5260,198
6,5261,77
6,5262,211
6,5263,109
6,5264,38
6,5265,64
6,5266,116
6,5267,115
6,5268,121
6,5269,57
6,5270,186
6,5271,115
6,5272,154
6,5273,115
6,5274,172
6,5275,211
6,5276,77
6,5277,90
6,5278,102
6,5279,83
6,5280,96
6,5281,77
6,5282,185
6,5283,352
6,5284,51
6,5285,461
6,5286,116
6,5287,109
6,5288,38
6,5289,45
6,5290,102
6,5291,89
6,5292,70
6,5293,115
6,5294,153
6,5295,83
6,5296,135
6,5297,384
6,5298,-64
6,5299,121
6,5300,128
6,5301,77
6,5302,160
6,5303,77
6,5304,102
6,5305,32
6,5306,147
6,5307,358
6,5308,51
6,5309,83
6,5310,77
6,5311,32
6,5312,70
6,5313,-38
6,5314,89
6,5315,141
6,5316,167
6,5317,77
6,5318,58
6,5319,122
6,5320,160
6,5321,83
6,5322,89
6,5323,25
6,5324,147
6,5325,64
6,5326,70
6,5327,244
6,5328,-38
6,5329,-25
6,5330,237
6,5331,115
6,5332,108
6,5333,103
6,5334,173
6,5335,147
6,5336,148
6,5337,135
6,5338,90
6,5339,58
6,5340,102
6,5341,77
6,5342,179
6,5343,71
6,5344,180
6,5345,333
6,5346,25
6,5347,122
6,5348,147
6,5349,83
6,5350,115
6,5351,128
6,5352,96
6,5353,122
6,5354,211
6,5355,109
6,5356,166
6,5357,115
6,5358,275
6,5359,154
6,5360,64
6,5361,89
6,5362,70
6,5363,58
6,5364,26
6,5365,90
6,5366,122
6,5367,51
6,5368,64
6,5369,45
6,5370,153
6,5371,121
6,5372,109
6,5373,45
6,5374,160
6,5375,96
6,5376,116
6,5377,32
6,5378,121
6,5379,122
6,5380,64
6,5381,134
6,5382,160
6,5383,135
6,5384,-45
6,5385,173
6,5386,180
6,5387,64
6,5388,38
6,5389,52
6,5390,64
6,5391,77
6,5392,32
6,5393,39
6,5394,90
6,5395,109
6,5396,71
6,5397,160
6,5398,160
6,5399,64
6,5400,64
6,5401,77
6,5402,-45
6,5403,90
6,5404,173
6,5405,83
6,5406,64
6,5407,58
6,5408,148
6,5409,109
6,5410,128
6,5411,128
6,5412,-45
6,5413,89
6,5414,141
6,5415,64
6,5416,109
6,5417,39
6,5418,122
6,5419,77
6,5420,237
6,5421,77
6,5422,276
6,5423,314
6,5424,153
6,5425,51
6,5426,173
6,5427,52
6,5428,70
6,5429,96
6,5430,109
6,5431,96
6,5432,122
6,5433,-20
6,5434,128
6,5435,185
6,5436,90
6,5437,51
6,5438,108
6,5439,58
6,5440,115
6,5441,64
6,5442,167
6,5443,89
6,5444,-45
6,5445,83
6,5446,77
6,5447,122
6,5448,45
6,5449,83
6,5450,70
6,5451,102
6,5452,58
6,5453,89
6,5454,160
6,5455,71
6,5456,128
6,5457,64
6,5458,147
6,5459,102
6,5460,109
6,5461,26
6,5462,153
6,5463,76
6,5464,147
6,5465,-58
6,5466,179
6,5467,103
6,5468,806
6,5469,57
6,5470,346
6,5471,76
6,5472,71
6,5473,51
6,5474,121
6,5475,19
6,5476,313
6,5477,39
6,5478,147
6,5479,64
6,5480,84
6,5481,775
6,5482,90
6,5483,774
6,5484,77
6,5485,-365
6,5486,160
6,5487,77
6,5488,64
6,5489,45
6,5490,51
6,5491,358
6,5492,51
6,5493,90
6,5494,58
6,5495,109
6,5496,115
6,5497,64
6,5498,166
6,5499,116
6,5500,77
6,5501,384
6,5502,77
6,5503,71
6,5504,115
6,5505,103
6,5506,122
6,5507,352
6,5508,64
6,5509,52
6,5510,128
6,5511,70
6,5512,71
6,5513,134
6,5514,218
6,5515,44
6,5516,115
6,5517,96
6,5518,128
6,5519,77
6,5520,167
6,5521,45
6,5522,154
6,5523,19
6,5524,115
6,5525,57
6,5526,44
6,5527,108
6,5528,96
6,5529,96
6,5530,57
6,5531,64
6,5532,102
6,5533,326
6,5534,192
6,5535,102
6,5536,64
6,5537,134
6,5538,262
6,5539,390
6,5540,83
6,5541,192
6,5542,282
6,5543,256
6,5544,77
6,5545,364
6,5546,116
6,5547,64
6,5548,-13
6,5549,45
6,5550,141
6,5551,57
6,5552,154
6,5553,58
6,5554,205
6,5555,109
6,5556,109
6,5557,51
6,5558,160
6,5559,320
6,5560,51
6,5561,83
6,5562,52
6,5563,7
6,5564,25
6,5565,58
6,5566,160
6,5567,51
6,5568,89
6,5569,96
6,5570,160
6,5571,108
6,5572,166
6,5573,128
6,5574,141
6,5575,-230
6,5576,115
6,5577,-140
6,5578,121
6,5579,26
6,5580,108
6,5581,-25
6,5582,102
6,5583,71
6,5584,76
6,5585,160
6,5586,135
6,5587,147
6,5588,103
6,5589,96
6,5590,268
6,5591,70
6,5592,167
6,5593,-32
6,5594,83
6,5595,84
6,5596,64
6,5597,26
6,5598,160
6,5599,71
6,5600,96
6,5601,58
6,5602,83
6,5603,83
6,5604,103
6,5605,167
6,5606,211
6,5607,57
6,5608,128
6,5609,64
6,5610,218
6,5611,128
6,5612,109
6,5613,109
6,5614,173
6,5615,58
6,5616,115
6,5617,58
6,5618,135
6,5619,-51
6,5620,77
6,5621,64
6,5622,198
6,5623,52
6,5624,135
6,5625,-32
6,5626,205
6,5627,115
6,5628,115
6,5629,57
6,5630,173
6,5631,109
6,5632,71
6,5633,-6
6,5634,89
6,5635,26
6,5636,32
6,5637,51
6,5638,186
6,5639,19
6,5640,64
6,5641,140
6,5642,148
6,5643,70
6,5644,115
6,5645,52
6,5646,128
6,5647,141
6,5648,116
6,5649,51
6,5650,51
6,5651,58
6,5652,109
6,5653,57
6,5654,256
6,5655,160
6,5656,-359
6,5657,109
6,5658,115
6,5659,64
6,5660,115
6,5661,128
6,5662,116
6,5663,141
6,5664,121
6,5665,147
6,5666,365
6,5667,58
6,5668,160
6,5669,288
6,5670,108
6,5671,121
6,5672,122
6,5673,38
6,5674,32
6,5675,96
6,5676,121
6,5677,45
6,5678,173
6,5679,115
6,5680,51
6,5681,96
6,5682,339
6,5683,109
6,5684,122
6,5685,249
6,5686,103
6,5687,-45
6,5688,140
6,5689,38
6,5690,115
6,5691,58
6,5692,154
6,5693,58
6,5694,166
6,5695,71
6,5696,57
6,5697,64
6,5698,173
6,5699,-57
6,5700,276
6,5701,237
6,5702,179
6,5703,52
6,5704,90
6,5705,51
6,5706,160
6,5707,19
6,5708,109
6,5709,58
6,5710,160
6,5711,89
6,5712,109
6,5713,116
6,5714,179
6,5715,128
6,5716,128
6,5717,64
6,5718,109
6,5719,122
6,5720,64
6,5721,58
6,5722,153
6,5723,45
6,5724,800
6,5725,52
6,5726,57
6,5727,45
6,5728,-51
6,5729,52
6,5730,179
6,5731,51
6,5732,166
6,5733,64
6,5734,115
6,5735,19
6,5736,109
6,5737,64
6,5738,774
6,5739,121
6,5740,153
6,5741,-358
6,5742,217
6,5743,25
6,5744,186
6,5745,39
6,5746,-32
6,5747,58
6,5748,89
6,5749,-32
6,5750,116
6,5751,64
6,5752,76
6,5753,51
6,5754,38
6,5755,160
6,5756,109
6,5757,211
6,5758,185
6,5759,275
6,5760,90
6,5761,71
6,5762,128
6,5763,19
6,5764,64
6,5765,45
6,5766,64
6,5767,26
6,5768,58
6,5769,64
6,5770,96
6,5771,70
6,5772,103
6,5773,51
6,5774,64
6,5775,141
6,5776,128
6,5777,25
6,5778,57
6,5779,90
6,5780,166
6,5781,96
6,5782,115
6,5783,102
6,5784,160
6,5785,57
6,5786,70
6,5787,211
6,5788,109
6,5789,108
6,5790,185
6,5791,377
6,5792,128
6,5793,-26
6,5794,148
6,5795,212
6,5796,115
6,5797,64
6,5798,147
6,5799,160
6,5800,160
6,5801,38
6,5802,326
6,5803,77
6,5804,64
6,5805,109
6,5806,308
6,5807,103
6,5808,71
6,5809,-32
6,5810,211
6,5811,103
6,5812,89
6,5813,109
6,5814,70
6,5815,116
6,5816,141
6,5817,313
6,5818,45
6,5819,-122
6,5820,58
6,5821,109
6,5822,109
6,5823,51
6,5824,64
6,5825,32
6,5826,102
6,5827,64
6,5828,96
6,5829,58
6,5830,166
6,5831,96
6,5832,64
6,5833,128
6,5834,231
6,5835,26
6,5836,-45
6,5837,89
6,5838,173
6,5839,-13
6,5840,147
6,5841,77
6,5842,192
6,5843,140
6,5844,147
6,5845,89
6,5846,122
6,5847,115
6,5848,64
6,5849,51
6,5850,115
6,5851,26
6,5852,38
6,5853,26
6,5854,109
6,5855,96
6,5856,153
6,5857,71
6,5858,198
6,5859,71
6,5860,84
6,5861,32
6,5862,96
6,5863,84
6,5864,-38
6,5865,128
6,5866,109
6,5867,115
6,5868,147
6,5869,96
6,5870,115
6,5871,45
6,5872,96
6,5873,26
6,5874,160
6,5875,19
6,5876,45
6,5877,51
6,5878,173
6,5879,58
6,5880,77
6,5881,58
6,5882,153
6,5883,70
6,5884,154
6,5885,-26
6,5886,180
6,5887,109
6,5888,109
6,5889,96
6,5890,83
6,5891,115
6,5892,-45
6,5893,102
6,5894,108
6,5895,64
6,5896,122
6,5897,212
6,5898,45
6,5899,153
6,5900,167
6,5901,90
6,5902,64
6,5903,103
6,5904,167
6,5905,51
6,5906,109
6,5907,89
6,5908,166
6,5909,44
6,5910,160
6,5911,7
6,5912,44
6,5913,115
6,5914,173
6,5915,115
6,5916,211
6,5917,-39
6,5918,51
6,5919,58
6,5920,160
6,5921,38
6,5922,25
6,5923,109
6,5924,140
6,5925,52
6,5926,167
6,5927,58
6,5928,121
6,5929,39
6,5930,115
6,5931,122
6,5932,102
6,5933,140
6,5934,173
6,5935,160
6,5936,109
6,5937,135
6,5938,122
6,5939,76
6,5940,160
6,5941,109
6,5942,122
6,5943,141
6,5944,115
6,5945,77
6,5946,166
6,5947,121
6,5948,172
6,5949,51
6,5950,57
6,5951,58
6,5952,70
6,5953,109
6,5954,77
6,5955,71
6,5956,122
6,5957,96
6,5958,186
6,5959,115
6,5960,320
6,5961,58
6,5962,160
6,5963,160
6,5964,77
6,5965,58
6,5966,186
6,5967,70
6,5968,166
6,5969,51
6,5970,70
6,5971,26
6,5972,116
6,5973,58
6,5974,121
6,5975,51
6,5976,327
6,5977,77
6,5978,77
6,5979,102
6,5980,775
6,5981,109
6,5982,128
6,5983,128
6,5984,128
6,5985,26
6,5986,25
6,5987,64
6,5988,51
6,5989,64
6,5990,154
6,5991,38
6,5992,70
6,5993,806
6,5994,166
6,5995,781
6,5996,-397
6,5997,109
6,5998,115
6,5999,70
6,6000,211
6,6001,44
6,6002,384
6,6003,70
6,6004,-13
6,6005,45
6,6006,26
6,6007,83
6,6008,32
6,6009,-58
6,6010,76
6,6011,64
6,6012,108
6,6013,57
6,6014,83
6,6015,57
6,6016,173
6,6017,51
6,6018,115
6,6019,-19
6,6020,-38
6,6021,70
6,6022,147
6,6023,13
6,6024,71
6,6025,154
6,6026,147
6,6027,90
6,6028,64
6,6029,96
6,6030,-45
6,6031,64
6,6032,172
6,6033,51
6,6034,128
6,6035,58
6,6036,-45
6,6037,115
6,6038,64
6,6039,102
6,6040,64
6,6041,38
6,6042,102
6,6043,108
6,6044,109
6,6045,57
6,6046,198
6,6047,77
6,6048,51
6,6049,71
6,6050,167
6,6051,179
6,6052,167
6,6053,96
6,6054,115
6,6055,77
6,6056,121
6,6057,96
6,6058,122
6,6059,102
6,6060,64
6,6061,51
6,6062,135
6,6063,26
6,6064,147
6,6065,58
6,6066,103
6,6067,64
6,6068,109
6,6069,96
6,6070,198
6,6071,140
6,6072,147
6,6073,32
6,6074,116
6,6075,70
6,6076,115
6,6077,51
6,6078,179
6,6079,51
6,6080,115
6,6081,121
6,6082,148
6,6083,-64
6,6084,186
6,6085,51
6,6086,199
6,6087,147
6,6088,96
6,6089,115
6,6090,173
6,6091,84
6,6092,192
6,6093,51
6,6094,218
6,6095,32
6,6096,128
6,6097,211
6,6098,166
6,6099,71
6,6100,134
6,6101,109
6,6102,179
6,6103,103
6,6104,160
6,6105,45
6,6106,140
6,6107,64
6,6108,153
6,6109,64
6,6110,173
6,6111,109
6,6112,320
6,6113,77
6,6114,57
6,6115,45
6,6116,32
6,6117,71
6,6118,121
6,6119,103
6,6120,122
6,6121,90
6,6122,172
6,6123,108
6,6124,134
6,6125,109
6,6126,128
6,6127,19
6,6128,122
6,6129,71
6,6130,90
6,6131,89
6,6132,58
6,6133,77
6,6134,83
6,6135,-25
6,6136,122
6,6137,90
6,6138,90
6,6139,121
6,6140,167
6,6141,70
6,6142,83
6,6143,64
6,6144,256
6,6145,51
6,6146,365
6,6147,26
6,6148,52
6,6149,51
6,6150,134
6,6151,108
6,6152,51
6,6153,115
6,6154,141
6,6155,103
6,6156,135
6,6157,121
6,6158,141
6,6159,103
6,6160,96
6,6161,64
6,6162,122
6,6163,58
6,6164,153
6,6165,25
6,6166,134
6,6167,-39
6,6168,218
6,6169,84
6,6170,185
6,6171,102
6,6172,128
6,6173,57
6,6174,180
6,6175,102
6,6176,179
6,6177,147
6,6178,180
6,6179,70
6,6180,71
6,6181,32
6,6182,70
6,6183,122
6,6184,109
6,6185,71
6,6186,160
6,6187,339
6,6188,128
6,6189,26
6,6190,70
6,6191,89
6,6192,103
6,6193,64
6,6194,185
6,6195,153
6,6196,141
6,6197,70
6,6198,77
6,6199,128
6,6200,83
6,6201,44
6,6202,96
6,6203,51
6,6204,83
6,6205,51
6,6206,134
6,6207,218
6,6208,109
6,6209,116
6,6210,13
6,6211,84
6,6212,198
6,6213,83
6,6214,173
6,6215,64
6,6216,108
6,6217,96
6,6218,173
6,6219,32
6,6220,58
6,6221,77
6,6222,83
6,6223,58
6,6224,115
6,6225,160
6,6226,160
6,6227,153
6,6228,122
6,6229,89
6,6230,102
6,6231,134
6,6232,64
6,6233,64
6,6234,108
6,6235,45
6,6236,774
6,6237,76
6,6238,128
6,6239,313
6,6240,147
6,6241,-32
6,6242,154
6,6243,32
6,6244,71
6,6245,58
6,6246,179
6,6247,32
6,6248,108
6,6249,58
6,6250,775
6,6251,153
6,6252,-90
6,6253,96
6,6254,160
6,6255,307
6,6256,121
6,6257,-7
6,6258,71
6,6259,57
6,6260,103
6,6261,32
6,6262,122
6,6263,57
6,6264,58
6,6265,45
6,6266,122
6,6267,64
6,6268,224
6,6269,115
6,6270,186
6,6271,57
6,6272,32
6,6273,52
6,6274,141
6,6275,20
6,6276,39
6,6277,166
6,6278,25
6,6279,173
6,6280,96
6,6281,77
6,6282,166
6,6283,102
6,6284,122
6,6285,71
6,6286,84
6,6287,147
6,6288,108
6,6289,25
6,6290,167
6,6291,109
6,6292,102
6,6293,109
6,6294,173
6,6295,83
6,6296,64
6,6297,58
6,6298,122
6,6299,-38
6,6300,70
6,6301,64
6,6302,166
6,6303,96
6,6304,122
6,6305,-32
6,6306,141
6,6307,57
6,6308,96
6,6309,25
6,6310,96
6,6311,51
6,6312,109
6,6313,64
6,6314,103
6,6315,51
6,6316,103
6,6317,58
6,6318,109
6,6319,51
6,6320,51
6,6321,103
6,6322,115
6,6323,122
6,6324,103
6,6325,71
6,6326,90
6,6327,64
6,6328,102
6,6329,52
6,6330,96
6,6331,-19
6,6332,70
6,6333,38
6,6334,230
6,6335,90
6,6336,57
6,6337,83
6,6338,71
6,6339,115
6,6340,173
6,6341,109
6,6342,128
6,6343,64
6,6344,153
6,6345,45
6,6346,83
6,6347,-20
6,6348,147
6,6349,90
6,6350,57
6,6351,167
6,6352,166
6,6353,192
6,6354,160
6,6355,128
6,6356,166
6,6357,154
6,6358,115
6,6359,109
6,6360,135
6,6361,115
6,6362,64
6,6363,26
6,6364,64
6,6365,25
6,6366,134
6,6367,70
6,6368,57
6,6369,116
6,6370,135
6,6371,26
6,6372,70
6,6373,45
6,6374,32
6,6375,64
6,6376,58
6,6377,122
6,6378,108
6,6379,115
6,6380,122
6,6381,102
6,6382,186
6,6383,102
6,6384,198
6,6385,51
6,6386,109
6,6387,25
6,6388,160
6,6389,26
6,6390,102
6,6391,269
6,6392,-45
6,6393,179
6,6394,160
6,6395,135
6,6396,115
6,6397,346
6,6398,147
6,6399,44
6,6400,64
6,6401,19
6,6402,179
6,6403,45
6,6404,70
6,6405,32
6,6406,173
6,6407,-64
6,6408,167
6,6409,160
6,6410,166
6,6411,76
6,6412,153
6,6413,58
6,6414,122
6,6415,109
6,6416,103
6,6417,51
6,6418,166
6,6419,276
6,6420,109
6,6421,51
6,6422,167
6,6423,-19
6,6424,141
6,6425,77
6,6426,122
6,6427,71
6,6428,108
6,6429,51
6,6430,160
6,6431,103
6,6432,89
6,6433,134
6,6434,89
6,6435,64
6,6436,102
6,6437,109
6,6438,84
6,6439,83
6,6440,205
6,6441,109
6,6442,352
6,6443,83
6,6444,83
6,6445,135
6,6446,135
6,6447,109
6,6448,179
6,6449,51
6,6450,147
6,6451,51
6,6452,121
6,6453,26
6,6454,179
6,6455,51
6,6456,109
6,6457,45
6,6458,135
6,6459,109
6,6460,96
6,6461,103
6,6462,70
6,6463,167
6,6464,102
6,6465,32
6,6466,32
6,6467,64
6,6468,141
6,6469,116
6,6470,173
6,6471,83
6,6472,365
6,6473,83
6,6474,102
6,6475,64
6,6476,109
6,6477,51
6,6478,205
6,6479,58
6,6480,64
6,6481,32
6,6482,179
6,6483,51
6,6484,70
6,6485,96
6,6486,96
6,6487,116
6,6488,83
6,6489,57
6,6490,83
6,6491,70
6,6492,819
6,6493,326
6,6494,109
6,6495,64
6,6496,109
6,6497,51
6,6498,314
6,6499,70
6,6500,64
6,6501,51
6,6502,134
6,6503,51
6,6504,109
6,6505,800
6,6506,153
6,6507,813
6,6508,77
6,6509,83
6,6510,204
6,6511,96
6,6512,179
6,6513,51
6,6514,154
6,6515,58
6,6516,32
6,6517,365
6,6518,198
6,6519,-39
6,6520,13
6,6521,96
6,6522,109
6,6523,102
6,6524,83
6,6525,128
6,6526,179
6,6527,96
6,6528,76
6,6529,51
6,6530,103
6,6531,19
6,6532,45
6,6533,51
6,6534,122
6,6535,57
6,6536,51
6,6537,58
6,6538,173
6,6539,121
6,6540,141
6,6541,70
6,6542,154
6,6543,122
6,6544,128
6,6545,96
6,6546,307
6,6547,-58
6,6548,71
6,6549,103
6,6550,70
6,6551,58
6,6552,96
6,6553,45
6,6554,96
6,6555,89
6,6556,128
6,6557,64
6,6558,167
6,6559,96
6,6560,141
6,6561,51
6,6562,288
6,6563,109
6,6564,77
6,6565,96
6,6566,102
6,6567,122
6,6568,103
6,6569,71
6,6570,83
6,6571,116
6,6572,128
6,6573,96
6,6574,70
6,6575,51
6,6576,250
6,6577,96
6,6578,167
6,6579,64
6,6580,-58
6,6581,57
6,6582,109
6,6583,96
6,6584,115
6,6585,90
6,6586,115
6,6587,26
6,6588,-38
6,6589,70
6,6590,77
6,6591,19
6,6592,70
6,6593,-1139
6,6594,19
6,6595,128
6,6596,166
6,6597,70
6,6598,109
6,6599,102
6,6600,115
6,6601,51
6,6602,160
6,6603,179
6,6604,39
6,6605,64
6,6606,77
6,6607,90
6,6608,122
6,6609,109
6,6610,160
6,6611,102
6,6612,166
6,6613,96
6,6614,160
6,6615,148
6,6616,122
6,6617,57
6,6618,64
6,6619,32
6,6620,410
6,6621,44
6,6622,109
6,6623,109
6,6624,-32
6,6625,128
6,6626,135
6,6627,26
6,6628,128
6,6629,102
6,6630,160
6,6631,121
6,6632,64
6,6633,103
6,6634,121
6,6635,141
6,6636,-58
6,6637,122
6,6638,212
6,6639,102
6,6640,-32
6,6641,-32
6,6642,83
6,6643,96
6,6644,77
6,6645,26
6,6646,173
6,6647,122
6,6648,109
6,6649,71
6,6650,263
6,6651,102
6,6652,90
6,6653,52
6,6654,52
6,6655,96
6,6656,70
6,6657,-32
6,6658,141
6,6659,51
6,6660,45
6,6661,64
6,6662,160
6,6663,58
6,6664,64
6,6665,115
6,6666,90
6,6667,231
6,6668,186
6,6669,32
6,6670,115
6,6671,89
6,6672,76
6,6673,167
6,6674,134
6,6675,96
6,6676,109
6,6677,45
6,6678,45
6,6679,90
6,6680,96
6,6681,102
6,6682,160
6,6683,64
6,6684,192
6,6685,122
6,6686,39
6,6687,77
6,6688,96
6,6689,160
6,6690,167
6,6691,166
6,6692,135
6,6693,51
6,6694,167
6,6695,115
6,6696,109
6,6697,26
6,6698,180
6,6699,198
6,6700,173
6,6701,39
6,6702,154
6,6703,115
6,6704,51
6,6705,140
6,6706,109
6,6707,116
6,6708,211
6,6709,-32
6,6710,160
6,6711,115
6,6712,141
6,6713,64
6,6714,186
6,6715,102
6,6716,102
6,6717,64
6,6718,57
6,6719,52
6,6720,96
6,6721,115
6,6722,180
6,6723,160
6,6724,172
6,6725,102
6,6726,154
6,6727,102
6,6728,83
6,6729,32
6,6730,198
6,6731,90
6,6732,147
6,6733,26
6,6734,108
6,6735,-134
6,6736,116
6,6737,116
6,6738,122
6,6739,77
6,6740,211
6,6741,71
6,6742,160
6,6743,76
6,6744,52
6,6745,96
6,6746,115
6,6747,52
6,6748,800
6,6749,57
6,6750,64
6,6751,96
6,6752,77
6,6753,76
6,6754,128
6,6755,96
6,6756,140
6,6757,96
6,6758,160
6,6759,25
6,6760,154
6,6761,108
6,6762,851
6,6763,89
6,6764,-262
6,6765,154
6,6766,409
6,6767,115
6,6768,122
6,6769,71
6,6770,64
6,6771,211
6,6772,173
6,6773,45
6,6774,64
6,6775,19
6,6776,102
6,6777,166
6,6778,179
6,6779,134
6,6780,217
6,6781,179
6,6782,218
6,6783,-64
6,6784,166
6,6785,57
6,6786,90
6,6787,71
6,6788,90
6,6789,51
6,6790,-269
6,6791,192
6,6792,140
6,6793,96
6,6794,108
6,6795,102
6,6796,51
6,6797,109
6,6798,84
6,6799,96
6,6800,121
6,6801,32
6,6802,90
6,6803,77
6,6804,115
6,6805,38
6,6806,122
6,6807,77
6,6808,115
6,6809,160
6,6810,384
6,6811,115
6,6812,204
6,6813,52
6,6814,25
6,6815,134
6,6816,103
6,6817,128
6,6818,115
6,6819,217
6,6820,103
6,6821,64
6,6822,141
6,6823,64
6,6824,115
6,6825,198
6,6826,64
6,6827,26
6,6828,89
6,6829,90
6,6830,173
6,6831,128
6,6832,115
6,6833,121
6,6834,103
6,6835,51
6,6836,96
6,6837,70
6,6838,198
6,6839,70
6,6840,166
6,6841,45
6,6842,51
6,6843,45
6,6844,70
6,6845,71
6,6846,173
6,6847,90
6,6848,109
6,6849,-288
6,6850,83
6,6851,122
6,6852,90
6,6853,102
6,6854,180
6,6855,57
6,6856,102
6,6857,141
6,6858,121
6,6859,19
6,6860,57
6,6861,39
6,6862,166
6,6863,134
6,6864,76
6,6865,45
6,6866,115
6,6867,108
6,6868,192
6,6869,103
6,6870,109
6,6871,58
6,6872,211
6,6873,-19
6,6874,38
6,6875,-26
6,6876,-32
6,6877,58
6,6878,90
6,6879,64
6,6880,96
6,6881,-32
6,6882,141
6,6883,26
6,6884,58
6,6885,-26
6,6886,166
6,6887,77
6,6888,103
6,6889,-58
6,6890,102
6,6891,89
6,6892,102
6,6893,32
6,6894,269
6,6895,224
6,6896,44
6,6897,76
6,6898,121
6,6899,44
6,6900,122
6,6901,77
6,6902,218
6,6903,64
6,6904,128
6,6905,38
6,6906,52
6,6907,64
6,6908,141
6,6909,64
6,6910,64
6,6911,77
6,6912,57
6,6913,51
6,6914,26
6,6915,103
6,6916,64
6,6917,38
6,6918,102
6,6919,102
6,6920,38
6,6921,76
6,6922,147
6,6923,102
6,6924,147
6,6925,51
6,6926,77
6,6927,76
6,6928,96
6,6929,32
6,6930,115
6,6931,51
6,6932,115
6,6933,140
6,6934,231
6,6935,64
6,6936,70
6,6937,70
6,6938,160
6,6939,57
6,6940,109
6,6941,45
6,6942,172
6,6943,83
6,6944,89
6,6945,70
6,6946,89
6,6947,102
6,6948,115
6,6949,83
6,6950,211
6,6951,109
6,6952,83
6,6953,140
6,6954,135
6,6955,147
6,6956,90
6,6957,179
6,6958,141
6,6959,147
6,6960,-32
6,6961,160
6,6962,115
6,6963,102
6,6964,96
6,6965,76
6,6966,-19
6,6967,224
6,6968,365
6,6969,275
6,6970,263
6,6971,84
6,6972,167
6,6973,371
6,6974,108
6,6975,135
6,6976,135
6,6977,83
6,6978,-44
6,6979,84
6,6980,64
6,6981,25
6,6982,307
6,6983,57
6,6984,121
6,6985,32
6,6986,76
6,6987,71
6,6988,122
6,6989,64
6,6990,199
6,6991,103
6,6992,96
6,6993,32
6,6994,122
6,6995,32
6,6996,172
6,6997,51
6,6998,122
6,6999,32
6,7000,121
6,7001,96
6,7002,102
6,7003,160
6,7004,800
6,7005,58
6,7006,173
6,7007,115
6,7008,102
6,7009,-19
6,7010,268
6,7011,19
6,7012,39
6,7013,32
6,7014,-25
6,7015,77
6,7016,71
6,7017,800
6,7018,160
6,7019,812
6,7020,109
6,7021,64
6,7022,333
6,7023,103
6,7024,89
6,7025,307
6,7026,64
6,7027,45
6,7028,102
6,7029,102
6,7030,64
6,7031,32
6,7032,64
6,7033,116
6,7034,115
6,7035,64
6,7036,218
6,7037,122
6,7038,64
6,7039,115
6,7040,64
6,7041,20
6,7042,167
6,7043,19
6,7044,58
6,7045,57
6,7046,109
6,7047,38
6,7048,109
6,7049,51
6,7050,166
6,7051,71
6,7052,346
6,7053,109
6,7054,185
6,7055,96
6,7056,140
6,7057,64
6,7058,-32
6,7059,84
6,7060,128
6,7061,-39
6,7062,186
6,7063,45
6,7064,198
6,7065,102
6,7066,179
6,7067,84
6,7068,128
6,7069,115
6,7070,205
6,7071,84
6,7072,332
6,7073,45
6,7074,166
6,7075,38
6,7076,173
6,7077,83
6,7078,141
6,7079,71
6,7080,96
6,7081,64
6,7082,26
6,7083,70
6,7084,71
6,7085,19
6,7086,64
6,7087,71
6,7088,45
6,7089,58
6,7090,217
6,7091,25
6,7092,173
6,7093,57
6,7094,128
6,7095,64
6,7096,102
6,7097,96
6,7098,77
6,7099,-64
6,7100,192
6,7101,90
6,7102,64
6,7103,19
6,7104,32
6,7105,96
6,7106,192
6,7107,128
6,7108,51
6,7109,102
6,7110,77
6,7111,186
6,7112,180
6,7113,57
6,7114,102
6,7115,140
6,7116,51
6,7117,109
6,7118,141
6,7119,51
6,7120,70
6,7121,38
6,7122,115
6,7123,102
6,7124,90
6,7125,122
6,7126,115
6,7127,115
6,7128,52
6,7129,57
6,7130,96
6,7131,64
6,7132,-44
6,7133,58
6,7134,26
6,7135,58
6,7136,102
6,7137,32
6,7138,103
6,7139,13
6,7140,32
6,7141,-7
6,7142,25
6,7143,64
6,7144,51
6,7145,57
6,7146,128
6,7147,167
6,7148,83
6,7149,26
6,7150,205
6,7151,102
6,7152,198
6,7153,45
6,7154,116
6,7155,57
6,7156,70
6,7157,103
6,7158,128
6,7159,102
6,7160,64
6,7161,96
6,7162,135
6,7163,109
6,7164,109
6,7165,70
6,7166,51
6,7167,153
6,7168,141
6,7169,45
6,7170,32
6,7171,71
6,7172,64
6,7173,45
6,7174,128
6,7175,26
6,7176,167
6,7177,102
6,7178,192
6,7179,96
6,7180,410
6,7181,77
6,7182,218
6,7183,-45
6,7184,141
6,7185,64
6,7186,77
6,7187,77
6,7188,122
6,7189,32
6,7190,70
6,7191,90
6,7192,52
6,7193,134
6,7194,211
6,7195,109
6,7196,186
6,7197,108
6,7198,103
6,7199,154
6,7200,115
6,7201,64
6,7202,116
6,7203,153
6,7204,102
6,7205,26
6,7206,192
6,7207,96
6,7208,122
6,7209,128
6,7210,116
6,7211,83
6,7212,103
6,7213,58
6,7214,186
6,7215,51
6,7216,116
6,7217,147
6,7218,180
6,7219,160
6,7220,115
6,7221,122
6,7222,64
6,7223,115
6,7224,64
6,7225,83
6,7226,224
6,7227,115
6,7228,121
6,7229,51
6,7230,212
6,7231,90
6,7232,109
6,7233,115
6,7234,154
6,7235,313
6,7236,256
6,7237,153
6,7238,128
6,7239,77
6,7240,154
6,7241,51
6,7242,32
6,7243,77
6,7244,77
6,7245,365
6,7246,26
6,7247,84
6,7248,134
6,7249,89
6,7250,172
6,7251,89
6,7252,-186
6,7253,51
6,7254,121
6,7255,109
6,7256,32
6,7257,70
6,7258,77
6,7259,45
6,7260,819
6,7261,52
6,7262,147
6,7263,38
6,7264,38
6,7265,45
6,7266,173
6,7267,19
6,7268,51
6,7269,25
6,7270,64
6,7271,115
6,7272,64
6,7273,103
6,7274,793
6,7275,64
6,7276,167
6,7277,102
6,7278,186
6,7279,76
6,7280,205
6,7281,32
6,7282,58
6,7283,250
6,7284,116
6,7285,90
6,7286,58
6,7287,77
6,7288,359
6,7289,403
6,7290,83
6,7291,147
6,7292,134
6,7293,90
6,7294,172
6,7295,71
6,7296,71
6,7297,64
6,7298,96
6,7299,70
6,7300,83
6,7301,58
6,7302,141
6,7303,64
6,7304,71
6,7305,51
6,7306,64
6,7307,-45
6,7308,141
6,7309,358
6,7310,90
6,7311,76
6,7312,109
6,7313,58
6,7314,135
6,7315,249
6,7316,-45
6,7317,121
6,7318,205
6,7319,64
6,7320,64
6,7321,96
6,7322,116
6,7323,134
6,7324,83
6,7325,51
6,7326,192
6,7327,148
6,7328,122
6,7329,90
6,7330,108
6,7331,179
6,7332,-39
6,7333,77
6,7334,179
6,7335,102
6,7336,96
6,7337,-25
6,7338,83
6,7339,57
6,7340,115
6,7341,58
6,7342,186
6,7343,76
6,7344,84
6,7345,109
6,7346,128
6,7347,83
6,7348,-51
6,7349,90
6,7350,160
6,7351,90
6,7352,-32
6,7353,-38
6,7354,128
6,7355,25
6,7356,77
6,7357,83
6,7358,64
6,7359,58
6,7360,70
6,7361,70
6,7362,116
6,7363,26
6,7364,115
6,7365,57
6,7366,134
6,7367,160
6,7368,77
6,7369,-116
6,7370,153
6,7371,57
6,7372,122
6,7373,96
6,7374,32
6,7375,51
6,7376,166
6,7377,135
6,7378,128
6,7379,109
6,7380,205
6,7381,96
6,7382,166
6,7383,32
6,7384,121
6,7385,52
6,7386,109
6,7387,51
6,7388,64
6,7389,103
6,7390,160
6,7391,19
6,7392,147
6,7393,26
6,7394,-38
6,7395,26
6,7396,77
6,7397,77
6,7398,153
6,7399,25
6,7400,70
6,7401,179
6,7402,205
6,7403,122
6,7404,154
6,7405,116
6,7406,103
6,7407,64
6,7408,58
6,7409,51
6,7410,205
6,7411,32
6,7412,51
6,7413,32
6,7414,122
6,7415,64
6,7416,64
6,7417,96
6,7418,166
6,7419,121
6,7420,83
6,7421,71
6,7422,198
6,7423,45
6,7424,64
6,7425,57
6,7426,109
6,7427,64
6,7428,77
6,7429,96
6,7430,160
6,7431,19
6,7432,115
6,7433,96
6,7434,115
6,7435,122
6,7436,211
6,7437,39
6,7438,109
6,7439,96
6,7440,109
6,7441,45
6,7442,70
6,7443,167
6,7444,166
6,7445,128
6,7446,204
6,7447,134
6,7448,167
6,7449,96
6,7450,192
6,7451,134
6,7452,77
6,7453,64
6,7454,173
6,7455,58
6,7456,52
6,7457,64
6,7458,115
6,7459,109
6,7460,58
6,7461,44
6,7462,38
6,7463,102
6,7464,134
6,7465,102
6,7466,108
6,7467,70
6,7468,109
6,7469,89
6,7470,199
6,7471,58
6,7472,128
6,7473,108
6,7474,102
6,7475,115
6,7476,128
6,7477,103
6,7478,160
6,7479,70
6,7480,64
6,7481,102
6,7482,116
6,7483,115
6,7484,96
6,7485,51
6,7486,173
6,7487,32
6,7488,96
6,7489,-6
6,7490,109
6,7491,58
6,7492,115
6,7493,58
6,7494,121
6,7495,96
6,7496,64
6,7497,51
6,7498,166
6,7499,109
6,7500,51
6,7501,57
6,7502,83
6,7503,96
6,7504,77
6,7505,39
6,7506,90
6,7507,19
6,7508,70
6,7509,77
6,7510,160
6,7511,70
6,7512,64
6,7513,147
6,7514,172
6,7515,83
6,7516,807
6,7517,51
6,7518,-20
6,7519,121
6,7520,134
6,7521,19
6,7522,172
6,7523,32
6,7524,45
6,7525,179
6,7526,211
6,7527,77
6,7528,115
6,7529,826
6,7530,154
6,7531,806
6,7532,64
6,7533,-6
6,7534,198
6,7535,76
6,7536,121
6,7537,-26
6,7538,108
6,7539,45
6,7540,51
6,7541,84
6,7542,166
6,7543,96
6,7544,153
6,7545,57
6,7546,121
6,7547,102
6,7548,51
6,7549,96
6,7550,83
6,7551,269
6,7552,115
6,7553,26
6,7554,-45
6,7555,26
6,7556,103
6,7557,71
6,7558,115
6,7559,19
6,7560,64
6,7561,96
6,7562,135
6,7563,70
6,7564,134
6,7565,84
6,7566,180
6,7567,102
6,7568,90
6,7569,57
6,7570,102
6,7571,116
6,7572,26
6,7573,51
6,7574,147
6,7575,77
6,7576,77
6,7577,109
6,7578,96
6,7579,89
6,7580,102
6,7581,51
6,7582,167
6,7583,154
6,7584,96
6,7585,-44
6,7586,141
6,7587,64
6,7588,199
6,7589,103
6,7590,-51
6,7591,192
6,7592,154
6,7593,102
6,7594,109
6,7595,38
6,7596,64
6,7597,70
6,7598,109
6,7599,-19
6,7600,83
6,7601,70
6,7602,186
6,7603,64
6,7604,134
6,7605,116
6,7606,243
6,7607,64
6,7608,116
6,7609,44
6,7610,109
6,7611,115
6,7612,64
6,7613,70
6,7614,372
6,7615,70
6,7616,-90
6,7617,90
6,7618,83
6,7619,32
6,7620,121
6,7621,160
6,7622,249
6,7623,96
6,7624,134
6,7625,77
6,7626,121
6,7627,96
6,7628,38
6,7629,51
6,7630,45
6,7631,26
6,7632,96
6,7633,109
6,7634,192
6,7635,109
6,7636,179
6,7637,-51
6,7638,83
6,7639,71
6,7640,263
6,7641,44
6,7642,135
6,7643,70
6,7644,83
6,7645,89
6,7646,25
6,7647,45
6,7648,52
6,7649,39
6,7650,109
6,7651,64
6,7652,364
6,7653,51
6,7654,115
6,7655,64
6,7656,58
6,7657,58
6,7658,64
6,7659,90
6,7660,58
6,7661,64
6,7662,173
6,7663,109
6,7664,166
6,7665,70
6,7666,109
6,7667,96
6,7668,276
6,7669,76
6,7670,19
6,7671,147
6,7672,108
6,7673,102
6,7674,115
6,7675,58
6,7676,147
6,7677,58
6,7678,71
6,7679,58
6,7680,57
6,7681,38
6,7682,109
6,7683,25
6,7684,173
6,7685,26
6,7686,173
6,7687,83
6,7688,122
6,7689,76
6,7690,237
6,7691,96
6,7692,140
6,7693,83
6,7694,-128
6,7695,77
6,7696,77
6,7697,-6
6,7698,58
6,7699,57
6,7700,153
6,7701,19
6,7702,90
6,7703,70
6,7704,45
6,7705,90
6,7706,128
6,7707,122
6,7708,122
6,7709,103
6,7710,179
6,7711,25
6,7712,58
6,7713,102
6,7714,282
6,7715,128
6,7716,167
6,7717,57
6,7718,173
6,7719,64
6,7720,-51
6,7721,32
6,7722,122
6,7723,108
6,7724,109
6,7725,71
6,7726,173
6,7727,96
6,7728,57
6,7729,128
6,7730,122
6,7731,58
6,7732,122
6,7733,51
6,7734,70
6,7735,358
6,7736,128
6,7737,70
6,7738,109
6,7739,141
6,7740,76
6,7741,32
6,7742,90
6,7743,58
6,7744,109
6,7745,89
6,7746,179
6,7747,71
6,7748,-26
6,7749,122
6,7750,160
6,7751,115
6,7752,154
6,7753,38
6,7754,83
6,7755,25
6,7756,173
6,7757,25
6,7758,167
6,7759,70
6,7760,64
6,7761,51
6,7762,70
6,7763,108
6,7764,128
6,7765,77
6,7766,173
6,7767,83
6,7768,166
6,7769,89
6,7770,77
6,7771,70
6,7772,812
6,7773,70
6,7774,109
6,7775,64
6,7776,45
6,7777,44
6,7778,115
6,7779,-52
6,7780,423
6,7781,83
6,7782,365
6,7783,147
6,7784,198
6,7785,51
6,7786,794
6,7787,25
6,7788,154
6,7789,160
6,7790,141
6,7791,141
6,7792,121
6,7793,64
6,7794,121
6,7795,45
6,7796,109
6,7797,147
6,7798,64
6,7799,115
6,7800,-45
6,7801,-26
6,7802,134
6,7803,172
6,7804,166
6,7805,166
6,7806,121
6,7807,32
6,7808,116
6,7809,83
6,7810,141
6,7811,339
6,7812,102
6,7813,147
6,7814,121
6,7815,26
6,7816,147
6,7817,58
6,7818,76
6,7819,77
6,7820,166
6,7821,109
6,7822,199
6,7823,109
6,7824,77
6,7825,58
6,7826,122
6,7827,58
6,7828,71
6,7829,109
6,7830,32
6,7831,102
6,7832,83
6,7833,134
6,7834,198
6,7835,90
6,7836,102
6,7837,90
6,7838,58
6,7839,128
6,7840,167
6,7841,109
6,7842,167
6,7843,173
6,7844,141
6,7845,64
6,7846,211
6,7847,70
6,7848,76
6,7849,26
6,7850,52
6,7851,70
6,7852,32
6,7853,71
6,7854,218
6,7855,64
6,7856,250
6,7857,109
6,7858,77
6,7859,77
6,7860,115
6,7861,109
6,7862,76
6,7863,103
6,7864,44
6,7865,-7
6,7866,70
6,7867,52
6,7868,115
6,7869,96
6,7870,116
6,7871,77
6,7872,38
6,7873,109
6,7874,352
6,7875,102
6,7876,109
6,7877,122
6,7878,77
6,7879,115
6,7880,83
6,7881,19
6,7882,58
6,7883,90
6,7884,13
6,7885,115
6,7886,57
6,7887,64
6,7888,70
6,7889,108
6,7890,122
6,7891,-19
6,7892,147
6,7893,52
6,7894,128
6,7895,103
6,7896,45
6,7897,45
6,7898,70
6,7899,-13
6,7900,51
6,7901,25
6,7902,153
6,7903,32
6,7904,128
6,7905,45
6,7906,128
6,7907,84
6,7908,77
6,7909,32
6,7910,141
6,7911,51
6,7912,64
6,7913,64
6,7914,166
6,7915,108
6,7916,83
6,7917,109
6,7918,122
6,7919,102
6,7920,90
6,7921,-39
6,7922,58
6,7923,44
6,7924,122
6,7925,51
6,7926,25
6,7927,51
6,7928,135
6,7929,64
6,7930,154
6,7931,70
6,7932,282
6,7933,135
6,7934,19
6,7935,25
6,7936,77
6,7937,-39
6,7938,186
6,7939,32
6,7940,57
6,7941,-7
6,7942,51
6,7943,70
6,7944,52
6,7945,70
6,7946,121
6,7947,128
6,7948,108
6,7949,70
6,7950,76
6,7951,71
6,7952,-38
6,7953,-45
6,7954,135
6,7955,198
6,7956,218
6,7957,134
6,7958,109
6,7959,108
6,7960,71
6,7961,51
6,7962,115
6,7963,365
6,7964,115
6,7965,51
6,7966,96
6,7967,64
6,7968,45
6,7969,103
6,7970,64
6,7971,71
6,7972,77
6,7973,-26
6,7974,185
6,7975,90
6,7976,96
6,7977,38
6,7978,121
6,7979,109
6,7980,115
6,7981,57
6,7982,-45
6,7983,121
6,7984,70
6,7985,38
6,7986,102
6,7987,83
6,7988,167
6,7989,51
6,7990,115
6,7991,71
6,7992,70
6,7993,44
6,7994,167
6,7995,84
6,7996,70
6,7997,70
6,7998,58
6,7999,115
6,8000,102
6,8001,70
6,8002,371
6,8003,70
6,8004,121
6,8005,70
6,8006,71
6,8007,109
6,8008,51
6,8009,83
6,8010,173
6,8011,108
6,8012,-45
6,8013,96
6,8014,160
6,8015,108
6,8016,115
6,8017,84
6,8018,64
6,8019,108
6,8020,64
6,8021,160
6,8022,38
6,8023,25
6,8024,96
6,8025,58
6,8026,153
6,8027,103
6,8028,794
6,8029,76
6,8030,64
6,8031,102
6,8032,83
6,8033,39
6,8034,64
6,8035,64
6,8036,57
6,8037,109
6,8038,147
6,8039,134
6,8040,109
6,8041,781
6,8042,64
6,8043,903
6,8044,90
6,8045,116
6,8046,224
6,8047,108
6,8048,109
6,8049,32
6,8050,128
6,8051,58
6,8052,51
6,8053,51
6,8054,109
6,8055,115
6,8056,115
6,8057,115
6,8058,90
6,8059,102
6,8060,102
6,8061,77
6,8062,250
6,8063,90
6,8064,121
6,8065,51
6,8066,77
6,8067,-25
6,8068,244
6,8069,38
6,8070,147
6,8071,147
6,8072,64
6,8073,141
6,8074,147
6,8075,109
6,8076,70
6,8077,109
6,8078,122
6,8079,115
6,8080,128
6,8081,26
6,8082,173
6,8083,45
6,8084,64
6,8085,64
6,8086,173
6,8087,70
6,8088,96
6,8089,116
6,8090,199
6,8091,115
6,8092,70
6,8093,128
6,8094,179
6,8095,192
6,8096,70
6,8097,172
6,8098,224
6,8099,96
6,8100,115
6,8101,96
6,8102,103
6,8103,134
6,8104,45
6,8105,-7
6,8106,378
6,8107,32
6,8108,122
6,8109,77
6,8110,64
6,8111,26
6,8112,51
6,8113,52
6,8114,141
6,8115,108
6,8116,153
6,8117,96
6,8118,128
6,8119,109
6,8120,102
6,8121,51
6,8122,160
6,8123,51
6,8124,51
6,8125,38
6,8126,180
6,8127,-64
6,8128,-13
6,8129,83
6,8130,167
6,8131,84
6,8132,76
6,8133,64
6,8134,185
6,8135,154
6,8136,109
6,8137,58
6,8138,134
6,8139,103
6,8140,115
6,8141,295
6,8142,122
6,8143,26
6,8144,51
6,8145,51
6,8146,160
6,8147,115
6,8148,141
6,8149,103
6,8150,116
6,8151,134
6,8152,109
6,8153,83
6,8154,25
6,8155,64
6,8156,128
6,8157,-32
6,8158,26
6,8159,19
6,8160,64
6,8161,25
6,8162,90
6,8163,64
6,8164,52
6,8165,20
6,8166,128
6,8167,90
6,8168,352
6,8169,45
6,8170,134
6,8171,76
6,8172,147
6,8173,77
6,8174,166
6,8175,90
6,8176,147
6,8177,83
6,8178,115
6,8179,58
6,8180,58
6,8181,90
6,8182,90
6,8183,103
6,8184,32
6,8185,90
6,8186,128
6,8187,108
6,8188,108
6,8189,102
6,8190,64
6,8191,115
6,8192,102
6,8193,39
6,8194,77
6,8195,307
6,8196,58
6,8197,39
6,8198,115
6,8199,77
6,8200,90
6,8201,64
6,8202,83
6,8203,154
6,8204,166
6,8205,167
6,8206,166
6,8207,57
6,8208,70
6,8209,45
6,8210,109
6,8211,326
6,8212,64
6,8213,-422
6,8214,121
6,8215,64
6,8216,51
6,8217,186
6,8218,160
6,8219,154
6,8220,134
6,8221,167
6,8222,70
6,8223,121
6,8224,32
6,8225,109
6,8226,160
6,8227,192
6,8228,-52
6,8229,64
6,8230,179
6,8231,173
6,8232,109
6,8233,45
6,8234,166
6,8235,71
6,8236,64
6,8237,83
6,8238,166
6,8239,71
6,8240,83
6,8241,71
6,8242,179
6,8243,115
6,8244,167
6,8245,96
6,8246,147
6,8247,103
6,8248,70
6,8249,57
6,8250,141
6,8251,26
6,8252,121
6,8253,64
6,8254,167
6,8255,19
6,8256,115
6,8257,153
6,8258,218
6,8259,70
6,8260,70
6,8261,77
6,8262,128
6,8263,109
6,8264,76
6,8265,57
6,8266,179
6,8267,52
6,8268,179
6,8269,38
6,8270,179
6,8271,64
6,8272,102
6,8273,115
6,8274,211
6,8275,-51
6,8276,166
6,8277,77
6,8278,167
6,8279,45
6,8280,147
6,8281,103
6,8282,134
6,8283,83
6,8284,794
6,8285,70
6,8286,166
6,8287,121
6,8288,32
6,8289,-32
6,8290,109
6,8291,-70
6,8292,45
6,8293,70
6,8294,122
6,8295,51
6,8296,76
6,8297,52
6,8298,192
6,8299,109
6,8300,185
6,8301,198
6,8302,51
6,8303,84
6,8304,115
6,8305,57
6,8306,128
6,8307,51
6,8308,71
6,8309,32
6,8310,71
6,8311,26
6,8312,134
6,8313,57
6,8314,224
6,8315,121
6,8316,173
6,8317,103
6,8318,108
6,8319,102
6,8320,96
6,8321,45
6,8322,51
6,8323,64
6,8324,90
6,8325,76
6,8326,166
6,8327,58
6,8328,45
6,8329,70
6,8330,192
6,8331,109
6,8332,134
6,8333,96
6,8334,212
6,8335,115
6,8336,211
6,8337,64
6,8338,58
6,8339,121
6,8340,173
6,8341,122
6,8342,96
6,8343,-64
6,8344,-51
6,8345,160
6,8346,108
6,8347,57
6,8348,199
6,8349,38
6,8350,77
6,8351,103
6,8352,167
6,8353,115
6,8354,83
6,8355,-51
6,8356,84
6,8357,58
6,8358,115
6,8359,76
6,8360,71
6,8361,51
6,8362,64
6,8363,26
6,8364,-58
6,8365,115
6,8366,122
6,8367,89
6,8368,96
6,8369,109
6,8370,122
6,8371,77
6,8372,135
6,8373,83
6,8374,121
6,8375,32
6,8376,115
6,8377,32
6,8378,45
6,8379,109
6,8380,275
6,8381,64
6,8382,96
6,8383,109
6,8384,109
6,8385,96
6,8386,121
6,8387,122
6,8388,179
6,8389,243
6,8390,179
6,8391,77
6,8392,115
6,8393,148
6,8394,64
6,8395,13
6,8396,70
6,8397,90
6,8398,160
6,8399,134
6,8400,134
6,8401,71
6,8402,121
6,8403,186
6,8404,160
6,8405,102
6,8406,-32
6,8407,89
6,8408,167
6,8409,32
6,8410,32
6,8411,103
6,8412,-44
6,8413,58
6,8414,147
6,8415,186
6,8416,128
6,8417,52
6,8418,51
6,8419,83
6,8420,-13
6,8421,166
6,8422,166
6,8423,90
6,8424,71
6,8425,76
6,8426,160
6,8427,26
6,8428,128
6,8429,128
6,8430,71
6,8431,-64
6,8432,121
6,8433,64
6,8434,70
6,8435,76
6,8436,205
6,8437,25
6,8438,134
6,8439,26
6,8440,57
6,8441,115
6,8442,115
6,8443,128
6,8444,115
6,8445,96
6,8446,160
6,8447,109
6,8448,116
6,8449,45
6,8450,64
6,8451,115
6,8452,115
6,8453,77
6,8454,128
6,8455,141
6,8456,70
6,8457,71
6,8458,64
6,8459,64
6,8460,90
6,8461,64
6,8462,167
6,8463,64
6,8464,57
6,8465,64
6,8466,102
6,8467,64
6,8468,58
6,8469,-44
6,8470,186
6,8471,64
6,8472,102
6,8473,90
6,8474,153
6,8475,153
6,8476,147
6,8477,89
6,8478,128
6,8479,70
6,8480,64
6,8481,-25
6,8482,84
6,8483,64
6,8484,45
6,8485,90
6,8486,76
6,8487,25
6,8488,58
6,8489,90
6,8490,96
6,8491,109
6,8492,153
6,8493,64
6,8494,186
6,8495,64
6,8496,115
6,8497,83
6,8498,25
6,8499,115
6,8500,70
6,8501,90
6,8502,26
6,8503,64
6,8504,58
6,8505,45
6,8506,77
6,8507,84
6,8508,154
6,8509,64
6,8510,64
6,8511,320
6,8512,51
6,8513,64
6,8514,128
6,8515,58
6,8516,108
6,8517,365
6,8518,115
6,8519,103
6,8520,77
6,8521,38
6,8522,96
6,8523,57
6,8524,173
6,8525,51
6,8526,-45
6,8527,109
6,8528,205
6,8529,103
6,8530,140
6,8531,109
6,8532,167
6,8533,89
6,8534,167
6,8535,122
6,8536,71
6,8537,116
6,8538,76
6,8539,134
6,8540,794
6,8541,83
6,8542,102
6,8543,128
6,8544,90
6,8545,102
6,8546,64
6,8547,102
6,8548,377
6,8549,58
6,8550,64
6,8551,25
6,8552,77
6,8553,794
6,8554,26
6,8555,794
6,8556,-45
6,8557,128
6,8558,70
6,8559,122
6,8560,90
6,8561,102
6,8562,70
6,8563,58
6,8564,70
6,8565,64
6,8566,102
6,8567,64
6,8568,58
6,8569,121
6,8570,372
6,8571,-45
6,8572,121
6,8573,70
6,8574,77
6,8575,109
6,8576,64
6,8577,19
6,8578,179
6,8579,39
6,8580,173
6,8581,64
6,8582,83
6,8583,71
6,8584,147
6,8585,70
6,8586,-45
6,8587,128
6,8588,115
6,8589,390
6,8590,121
6,8591,141
6,8592,102
6,8593,57
6,8594,70
6,8595,51
6,8596,64
6,8597,102
6,8598,115
6,8599,90
6,8600,166
6,8601,51
6,8602,173
6,8603,51
6,8604,237
6,8605,109
6,8606,167
6,8607,90
6,8608,115
6,8609,26
6,8610,128
6,8611,102
6,8612,173
6,8613,70
6,8614,115
6,8615,153
6,8616,121
6,8617,90
6,8618,71
6,8619,25
6,8620,108
6,8621,96
6,8622,-64
6,8623,77
6,8624,109
6,8625,89
6,8626,128
6,8627,25
6,8628,76
6,8629,52
6,8630,192
6,8631,64
6,8632,128
6,8633,26
6,8634,122
6,8635,-19
6,8636,57
6,8637,45
6,8638,166
6,8639,108
6,8640,51
6,8641,25
6,8642,154
6,8643,115
6,8644,64
6,8645,109
6,8646,90
6,8647,64
6,8648,64
6,8649,96
6,8650,64
6,8651,64
6,8652,70
6,8653,-32
6,8654,83
6,8655,96
6,8656,102
6,8657,103
6,8658,147
6,8659,135
6,8660,198
6,8661,102
6,8662,224
6,8663,32
6,8664,166
6,8665,32
6,8666,-13
6,8667,25
6,8668,70
6,8669,326
6,8670,147
6,8671,122
6,8672,64
6,8673,58
6,8674,166
6,8675,70
6,8676,71
6,8677,89
6,8678,89
6,8679,71
6,8680,333
6,8681,153
6,8682,211
6,8683,77
6,8684,103
6,8685,102
6,8686,180
6,8687,51
6,8688,71
6,8689,64
6,8690,199
6,8691,77
6,8692,-32
6,8693,96
6,8694,147
6,8695,51
6,8696,135
6,8697,103
6,8698,115
6,8699,147
6,8700,-186
6,8701,116
6,8702,32
6,8703,58
6,8704,64
6,8705,57
6,8706,64
6,8707,64
6,8708,64
6,8709,58
6,8710,147
6,8711,51
6,8712,102
6,8713,108
6,8714,121
6,8715,103
6,8716,64
6,8717,45
6,8718,58
6,8719,109
6,8720,89
6,8721,51
6,8722,109
6,8723,148
6,8724,64
6,8725,26
6,8726,25
6,8727,58
6,8728,45
6,8729,103
6,8730,108
6,8731,64
6,8732,108
6,8733,-39
6,8734,109
6,8735,70
6,8736,109
6,8737,96
6,8738,77
6,8739,-57
6,8740,122
6,8741,58
6,8742,160
6,8743,70
6,8744,96
6,8745,51
6,8746,154
6,8747,89
6,8748,45
6,8749,109
6,8750,128
6,8751,51
6,8752,103
6,8753,102
6,8754,301
6,8755,64
6,8756,96
6,8757,90
6,8758,167
6,8759,121
6,8760,160
6,8761,58
6,8762,115
6,8763,19
6,8764,102
6,8765,58
6,8766,160
6,8767,89
6,8768,109
6,8769,77
6,8770,173
6,8771,128
6,8772,-51
6,8773,76
6,8774,153
6,8775,-39
6,8776,122
6,8777,51
6,8778,121
6,8779,109
6,8780,103
6,8781,38
6,8782,103
6,8783,103
6,8784,102
6,8785,115
6,8786,320
6,8787,-45
6,8788,173
6,8789,166
6,8790,44
6,8791,51
6,8792,103
6,8793,19
6,8794,160
6,8795,-25
6,8796,813
6,8797,109
6,8798,109
6,8799,45
6,8800,58
6,8801,224
6,8802,102
6,8803,103
6,8804,83
6,8805,134
6,8806,147
6,8807,-32
6,8808,179
6,8809,39
6,8810,1177
6,8811,167
6,8812,115
6,8813,198
6,8814,77
6,8815,103
6,8816,256
6,8817,51
6,8818,83
6,8819,26
6,8820,109
6,8821,32
6,8822,173
6,8823,51
6,8824,115
6,8825,167
6,8826,115
6,8827,108
6,8828,102
6,8829,64
6,8830,173
6,8831,102
6,8832,108
6,8833,64
6,8834,135
6,8835,71
6,8836,185
6,8837,205
6,8838,153
6,8839,38
6,8840,77
6,8841,109
6,8842,115
6,8843,109
6,8844,128
6,8845,70
6,8846,103
6,8847,121
6,8848,275
6,8849,307
6,8850,96
6,8851,58
6,8852,109
6,8853,45
6,8854,147
6,8855,109
6,8856,64
6,8857,70
6,8858,212
6,8859,135
6,8860,71
6,8861,57
6,8862,109
6,8863,147
6,8864,173
6,8865,57
6,8866,166
6,8867,211
6,8868,141
6,8869,160
6,8870,19
6,8871,199
6,8872,153
6,8873,32
6,8874,64
6,8875,51
6,8876,-45
6,8877,134
6,8878,115
6,8879,71
6,8880,109
6,8881,109
6,8882,166
6,8883,115
6,8884,83
6,8885,115
6,8886,211
6,8887,90
6,8888,96
6,8889,-26
6,8890,96
6,8891,84
6,8892,51
6,8893,-6
6,8894,77
6,8895,26
6,8896,-45
6,8897,122
6,8898,116
6,8899,205
6,8900,71
6,8901,103
6,8902,-45
6,8903,134
6,8904,115
6,8905,44
6,8906,83
6,8907,83
6,8908,39
6,8909,51
6,8910,237
6,8911,32
6,8912,147
6,8913,32
6,8914,77
6,8915,58
6,8916,71
6,8917,51
6,8918,204
6,8919,76
6,8920,109
6,8921,102
6,8922,122
6,8923,32
6,8924,32
6,8925,71
6,8926,205
6,8927,109
6,8928,-45
6,8929,76
6,8930,153
6,8931,64
6,8932,83
6,8933,38
6,8934,96
6,8935,103
6,8936,51
6,8937,109
6,8938,122
6,8939,-64
6,8940,128
6,8941,70
6,8942,198
6,8943,115
6,8944,76
6,8945,45
6,8946,83
6,8947,58
6,8948,57
6,8949,64
6,8950,172
6,8951,77
6,8952,109
6,8953,167
6,8954,224
6,8955,89
6,8956,108
6,8957,-32
6,8958,186
6,8959,147
6,8960,154
6,8961,64
6,8962,141
6,8963,122
6,8964,212
6,8965,58
6,8966,205
6,8967,51
6,8968,26
6,8969,109
6,8970,83
6,8971,135
6,8972,83
6,8973,103
6,8974,186
6,8975,109
6,8976,52
6,8977,25
6,8978,45
6,8979,70
6,8980,58
6,8981,128
6,8982,96
6,8983,70
6,8984,32
6,8985,83
6,8986,173
6,8987,115
6,8988,71
6,8989,58
6,8990,103
6,8991,58
6,8992,70
6,8993,135
6,8994,160
6,8995,51
6,8996,58
6,8997,38
6,8998,173
6,8999,96
6,9000,116
6,9001,122
6,9002,179
6,9003,64
6,9004,109
6,9005,103
6,9006,205
6,9007,121
6,9008,148
6,9009,64
6,9010,173
6,9011,140
6,9012,32
6,9013,166
6,9014,115
6,9015,115
6,9016,-39
6,9017,64
6,9018,166
6,9019,76
6,9020,115
6,9021,51
6,9022,77
6,9023,109
6,9024,58
6,9025,45
6,9026,76
6,9027,140
6,9028,102
6,9029,102
6,9030,71
6,9031,96
6,9032,58
6,9033,45
6,9034,154
6,9035,128
6,9036,89
6,9037,57
6,9038,52
6,9039,115
6,9040,64
6,9041,96
6,9042,58
6,9043,51
6,9044,58
6,9045,84
6,9046,141
6,9047,51
6,9048,-45
6,9049,121
6,9050,160
6,9051,-192
6,9052,794
6,9053,51
6,9054,51
6,9055,51
6,9056,70
6,9057,57
6,9058,64
6,9059,58
6,9060,301
6,9061,58
6,9062,58
6,9063,64
6,9064,109
6,9065,787
6,9066,134
6,9067,768
6,9068,83
6,9069,64
6,9070,89
6,9071,134
6,9072,122
6,9073,38
6,9074,160
6,9075,70
6,9076,-57
6,9077,141
6,9078,167
6,9079,102
6,9080,51
6,9081,102
6,9082,-32
6,9083,141
6,9084,102
6,9085,-25
6,9086,148
6,9087,70
6,9088,58
6,9089,96
6,9090,109
6,9091,70
6,9092,64
6,9093,64
6,9094,167
6,9095,269
6,9096,109
6,9097,57
6,9098,160
6,9099,116
6,9100,90
6,9101,134
6,9102,102
6,9103,160
6,9104,135
6,9105,96
6,9106,51
6,9107,26
6,9108,32
6,9109,58
6,9110,147
6,9111,282
6,9112,320
6,9113,173
6,9114,-45
6,9115,103
6,9116,103
6,9117,115
6,9118,211
6,9119,154
6,9120,70
6,9121,154
6,9122,237
6,9123,211
6,9124,90
6,9125,128
6,9126,109
6,9127,122
6,9128,64
6,9129,96
6,9130,64
6,9131,71
6,9132,57
6,9133,-51
6,9134,218
6,9135,90
6,9136,71
6,9137,109
6,9138,147
6,9139,122
6,9140,186
6,9141,77
6,9142,121
6,9143,153
6,9144,109
6,9145,83
6,9146,166
6,9147,77
6,9148,58
6,9149,128
6,9150,-26
6,9151,89
6,9152,173
6,9153,140
6,9154,77
6,9155,116
6,9156,76
6,9157,102
6,9158,58
6,9159,122
6,9160,102
6,9161,90
6,9162,102
6,9163,109
6,9164,70
6,9165,90
6,9166,180
6,9167,83
6,9168,115
6,9169,109
6,9170,211
6,9171,-38
6,9172,134
6,9173,58
6,9174,218
6,9175,115
6,9176,-32
6,9177,58
6,9178,90
6,9179,64
6,9180,38
6,9181,96
6,9182,140
6,9183,-26
6,9184,58
6,9185,135
6,9186,365
6,9187,13
6,9188,32
6,9189,45
6,9190,167
6,9191,70
6,9192,64
6,9193,76
6,9194,198
6,9195,148
6,9196,205
6,9197,-32
6,9198,192
6,9199,160
6,9200,148
6,9201,121
6,9202,108
6,9203,64
6,9204,58
6,9205,57
6,9206,116
6,9207,-38
6,9208,51
6,9209,64
6,9210,122
6,9211,154
6,9212,371
6,9213,115
6,9214,-205
6,9215,128
6,9216,154
6,9217,51
6,9218,96
6,9219,96
6,9220,39
6,9221,89
6,9222,173
6,9223,32
6,9224,38
6,9225,76
6,9226,103
6,9227,109
6,9228,83
6,9229,64
6,9230,160
6,9231,154
6,9232,167
6,9233,58
6,9234,115
6,9235,44
6,9236,32
6,9237,64
6,9238,26
6,9239,103
6,9240,134
6,9241,166
6,9242,121
6,9243,172
6,9244,102
6,9245,128
6,9246,103
6,9247,320
6,9248,83
6,9249,154
6,9250,160
6,9251,205
6,9252,237
6,9253,90
6,9254,19
6,9255,115
6,9256,90
6,9257,-6
6,9258,83
6,9259,122
6,9260,103
6,9261,45
6,9262,148
6,9263,70
6,9264,166
6,9265,140
6,9266,147
6,9267,141
6,9268,115
6,9269,71
6,9270,103
6,9271,71
6,9272,160
6,9273,45
6,9274,70
6,9275,128
6,9276,77
6,9277,83
6,9278,192
6,9279,211
6,9280,115
6,9281,103
6,9282,141
6,9283,122
6,9284,76
6,9285,103
6,9286,70
6,9287,102
6,9288,115
6,9289,121
6,9290,64
6,9291,121
6,9292,96
6,9293,32
6,9294,26
6,9295,51
6,9296,83
6,9297,109
6,9298,-32
6,9299,186
6,9300,64
6,9301,-122
6,9302,224
6,9303,64
6,9304,84
6,9305,89
6,9306,122
6,9307,224
6,9308,775
6,9309,64
6,9310,38
6,9311,160
6,9312,44
6,9313,109
6,9314,121
6,9315,115
6,9316,84
6,9317,51
6,9318,25
6,9319,-38
6,9320,96
6,9321,-614
6,9322,812
6,9323,141
6,9324,199
6,9325,102
6,9326,147
6,9327,-26
6,9328,89
6,9329,64
6,9330,64
6,9331,52
6,9332,51
6,9333,109
6,9334,-26
6,9335,102
6,9336,147
6,9337,64
6,9338,71
6,9339,135
6,9340,109
6,9341,38
6,9342,166
6,9343,115
6,9344,70
6,9345,237
6,9346,154
6,9347,77
6,9348,70
6,9349,71
6,9350,115
6,9351,115
6,9352,115
6,9353,109
6,9354,212
6,9355,154
6,9356,140
6,9357,116
6,9358,186
6,9359,109
6,9360,211
6,9361,77
6,9362,160
6,9363,122
6,9364,115
6,9365,96
6,9366,77
6,9367,58
6,9368,121
6,9369,116
6,9370,128
6,9371,231
6,9372,115
6,9373,102
6,9374,96
6,9375,115
6,9376,115
6,9377,19
6,9378,160
6,9379,102
6,9380,89
6,9381,70
6,9382,199
6,9383,217
6,9384,167
6,9385,32
6,9386,147
6,9387,64
6,9388,122
6,9389,64
6,9390,358
6,9391,122
6,9392,-45
6,9393,173
6,9394,192
6,9395,51
6,9396,154
6,9397,102
6,9398,147
6,9399,141
6,9400,45
6,9401,365
6,9402,167
6,9403,77
6,9404,83
6,9405,103
6,9406,135
6,9407,83
6,9408,109
6,9409,122
6,9410,167
6,9411,71
6,9412,192
6,9413,52
6,9414,96
6,9415,205
6,9416,199
6,9417,51
6,9418,109
6,9419,-121
6,9420,71
6,9421,108
6,9422,-45
6,9423,179
6,9424,128
6,9425,103
6,9426,166
6,9427,57
6,9428,224
6,9429,70
6,9430,115
6,9431,77
6,9432,128
6,9433,57
6,9434,115
6,9435,70
6,9436,154
6,9437,115
6,9438,77
6,9439,115
6,9440,109
6,9441,121
6,9442,122
6,9443,64
6,9444,122
6,9445,19
6,9446,58
6,9447,83
6,9448,90
6,9449,83
6,9450,96
6,9451,173
6,9452,141
6,9453,-32
6,9454,83
6,9455,102
6,9456,90
6,9457,64
6,9458,70
6,9459,103
6,9460,109
6,9461,115
6,9462,198
6,9463,109
6,9464,103
6,9465,141
6,9466,147
6,9467,102
6,9468,192
6,9469,-38
6,9470,346
6,9471,96
6,9472,115
6,9473,64
6,9474,192
6,9475,83
6,9476,154
6,9477,70
6,9478,167
6,9479,108
6,9480,173
6,9481,-38
6,9482,172
6,9483,116
6,9484,70
6,9485,57
6,9486,32
6,9487,109
6,9488,57
6,9489,26
6,9490,166
6,9491,147
6,9492,39
6,9493,96
6,9494,185
6,9495,173
6,9496,71
6,9497,57
6,9498,128
6,9499,109
6,9500,96
6,9501,25
6,9502,83
6,9503,71
6,9504,141
6,9505,64
6,9506,109
6,9507,-32
6,9508,211
6,9509,83
6,9510,83
6,9511,89
6,9512,154
6,9513,58
6,9514,84
6,9515,102
6,9516,166
6,9517,83
6,9518,205
6,9519,154
6,9520,135
6,9521,51
6,9522,115
6,9523,103
6,9524,115
6,9525,83
6,9526,154
6,9527,77
6,9528,64
6,9529,173
6,9530,70
6,9531,96
6,9532,52
6,9533,-7
6,9534,96
6,9535,147
6,9536,52
6,9537,64
6,9538,115
6,9539,57
6,9540,198
6,9541,83
6,9542,64
6,9543,64
6,9544,166
6,9545,58
6,9546,32
6,9547,64
6,9548,237
6,9549,51
6,9550,179
6,9551,76
6,9552,153
6,9553,90
6,9554,128
6,9555,128
6,9556,301
6,9557,128
6,9558,166
6,9559,77
6,9560,70
6,9561,148
6,9562,371
6,9563,134
6,9564,800
6,9565,77
6,9566,160
6,9567,90
6,9568,102
6,9569,51
6,9570,154
6,9571,19
6,9572,76
6,9573,64
6,9574,372
6,9575,-71
6,9576,90
6,9577,640
6,9578,109
6,9579,781
6,9580,199
6,9581,116
6,9582,39
6,9583,141
6,9584,140
6,9585,52
6,9586,339
6,9587,25
6,9588,38
6,9589,109
6,9590,115
6,9591,51
6,9592,64
6,9593,70
6,9594,103
6,9595,102
6,9596,83
6,9597,71
6,9598,173
6,9599,108
6,9600,32
6,9601,58
6,9602,102
6,9603,64
6,9604,58
6,9605,64
6,9606,564
6,9607,32
6,9608,121
6,9609,64
6,9610,134
6,9611,108
6,9612,116
6,9613,-51
6,9614,64
6,9615,115
6,9616,128
6,9617,32
6,9618,83
6,9619,153
6,9620,51
6,9621,51
6,9622,57
6,9623,-58
6,9624,102
6,9625,102
6,9626,102
6,9627,154
6,9628,166
6,9629,77
6,9630,217
6,9631,109
6,9632,109
6,9633,103
6,9634,134
6,9635,103
6,9636,89
6,9637,320
6,9638,115
6,9639,116
6,9640,135
6,9641,83
6,9642,32
6,9643,153
6,9644,64
6,9645,51
6,9646,160
6,9647,77
6,9648,45
6,9649,109
6,9650,135
6,9651,153
6,9652,205
6,9653,140
6,9654,148
6,9655,135
6,9656,122
6,9657,38
6,9658,116
6,9659,32
6,9660,135
6,9661,51
6,9662,115
6,9663,128
6,9664,160
6,9665,147
6,9666,109
6,9667,121
6,9668,160
6,9669,45
6,9670,64
6,9671,121
6,9672,57
6,9673,45
6,9674,167
6,9675,96
6,9676,96
6,9677,96
6,9678,38
6,9679,77
6,9680,115
6,9681,64
6,9682,64
6,9683,121
6,9684,160
6,9685,365
6,9686,192
6,9687,153
6,9688,173
6,9689,109
6,9690,64
6,9691,26
6,9692,102
6,9693,102
6,9694,83
6,9695,179
6,9696,83
6,9697,25
6,9698,116
6,9699,-32
6,9700,211
6,9701,224
6,9702,25
6,9703,141
6,9704,173
6,9705,64
6,9706,167
6,9707,173
6,9708,256
6,9709,58
6,9710,326
6,9711,-211
6,9712,224
6,9713,70
6,9714,116
6,9715,160
6,9716,122
6,9717,26
6,9718,-52
6,9719,121
6,9720,109
6,9721,52
6,9722,115
6,9723,288
6,9724,83
6,9725,51
6,9726,-211
6,9727,102
6,9728,326
6,9729,51
6,9730,45
6,9731,58
6,9732,45
6,9733,38
6,9734,122
6,9735,58
6,9736,116
6,9737,121
6,9738,205
6,9739,115
6,9740,166
6,9741,64
6,9742,154
6,9743,77
6,9744,172
6,9745,141
6,9746,64
6,9747,103
6,9748,26
6,9749,186
6,9750,-45
6,9751,102
6,9752,57
6,9753,70
6,9754,160
6,9755,166
6,9756,147
6,9757,51
6,9758,134
6,9759,326
6,9760,115
6,9761,116
6,9762,173
6,9763,153
6,9764,102
6,9765,102
6,9766,128
6,9767,71
6,9768,186
6,9769,26
6,9770,173
6,9771,102
6,9772,115
6,9773,83
6,9774,58
6,9775,307
6,9776,-38
6,9777,141
6,9778,103
6,9779,96
6,9780,205
6,9781,51
6,9782,154
6,9783,77
6,9784,154
6,9785,45
6,9786,89
6,9787,128
6,9788,77
6,9789,52
6,9790,212
6,9791,51
6,9792,70
6,9793,102
6,9794,121
6,9795,154
6,9796,102
6,9797,51
6,9798,103
6,9799,115
6,9800,103
6,9801,45
6,9802,147
6,9803,109
6,9804,90
6,9805,39
6,9806,58
6,9807,45
6,9808,116
6,9809,51
6,9810,160
6,9811,153
6,9812,160
6,9813,-38
6,9814,179
6,9815,186
6,9816,71
6,9817,32
6,9818,135
6,9819,160
6,9820,634
6,9821,77
6,9822,148
6,9823,51
6,9824,-45
6,9825,-32
6,9826,167
6,9827,-237
6,9828,116
6,9829,57
6,9830,70
6,9831,90
6,9832,84
6,9833,19
6,9834,800
6,9835,269
6,9836,102
6,9837,64
6,9838,166
6,9839,128
6,9840,186
6,9841,-25
6,9842,84
6,9843,51
6,9844,115
6,9845,-57
6,9846,102
6,9847,96
6,9848,166
6,9849,141
6,9850,250
6,9851,167
6,9852,179
6,9853,109
6,9854,154
6,9855,76
6,9856,-45
6,9857,-52
6,9858,77
6,9859,77
6,9860,128
6,9861,45
6,9862,128
6,9863,102
6,9864,153
6,9865,90
6,9866,109
6,9867,109
6,9868,-52
6,9869,90
6,9870,109
6,9871,128
6,9872,160
6,9873,83
6,9874,115
6,9875,102
6,9876,51
6,9877,160
6,9878,173
6,9879,121
6,9880,108
6,9881,115
6,9882,153
6,9883,45
6,9884,199
6,9885,90
6,9886,147
6,9887,116
6,9888,160
6,9889,135
6,9890,211
6,9891,64
6,9892,371
6,9893,64
6,9894,103
6,9895,154
6,9896,108
6,9897,115
6,9898,160
6,9899,58
6,9900,128
6,9901,109
6,9902,160
6,9903,103
6,9904,109
6,9905,96
6,9906,211
6,9907,52
6,9908,371
6,9909,70
6,9910,192
6,9911,166
6,9912,160
6,9913,77
6,9914,153
6,9915,154
6,9916,64
6,9917,38
6,9918,70
6,9919,70
6,9920,45
6,9921,45
6,9922,141
6,9923,141
6,9924,327
6,9925,83
6,9926,102
6,9927,115
6,9928,58
6,9929,39
6,9930,64
6,9931,102
6,9932,77
6,9933,-45
6,9934,185
6,9935,115
6,9936,109
6,9937,58
6,9938,147
6,9939,115
6,9940,179
6,9941,160
6,9942,186
6,9943,166
6,9944,173
6,9945,199
6,9946,115
6,9947,52
6,9948,135
6,9949,58
6,9950,199
6,9951,83
6,9952,115
6,9953,122
6,9954,115
6,9955,115
6,9956,390
6,9957,51
6,9958,186
6,9959,-45
6,9960,128
6,9961,-32
6,9962,186
6,9963,173
6,9964,185
6,9965,256
6,9966,108
6,9967,109
6,9968,116
6,9969,77
6,9970,167
6,9971,166
6,9972,90
6,9973,45
6,9974,160
6,9975,371
6,9976,179
6,9977,268
6,9978,135
6,9979,147
6,9980,77
6,9981,44
6,9982,211
6,9983,103
6,9984,64
6,9985,64
6,9986,167
6,9987,116
6,9988,58
6,9989,89
6,9990,71
6,9991,64
6,9992,70
6,9993,160
6,9994,109
6,9995,140
6,9996,115
6,9997,76
6,9998,205
6,9999,160
6,10000,109
6,10001,116
6,10002,19
6,10003,-262
6,10004,64
6,10005,38
6,10006,116
6,10007,116
6,10008,371
6,10009,58
6,10010,89
6,10011,102
6,10012,166
6,10013,71
6,10014,64
6,10015,160
6,10016,166
6,10017,26
6,10018,45
6,10019,96
6,10020,153
6,10021,58
6,10022,83
6,10023,102
6,10024,147
6,10025,90
6,10026,57
6,10027,109
6,10028,173
6,10029,128
6,10030,135
6,10031,134
6,10032,70
6,10033,109
6,10034,198
6,10035,-199
6,10036,339
6,10037,96
6,10038,377
6,10039,96
6,10040,167
6,10041,160
6,10042,179
6,10043,128
6,10044,122
6,10045,115
6,10046,166
6,10047,192
6,10048,96
6,10049,32
6,10050,109
6,10051,108
6,10052,121
6,10053,109
6,10054,58
6,10055,51
6,10056,58
6,10057,32
6,10058,135
6,10059,122
6,10060,148
6,10061,70
6,10062,160
6,10063,102
6,10064,154
6,10065,115
6,10066,115
6,10067,134
6,10068,403
6,10069,89
6,10070,77
6,10071,281
6,10072,115
6,10073,109
6,10074,147
6,10075,57
6,10076,826
6,10077,103
6,10078,179
6,10079,90
6,10080,166
6,10081,32
6,10082,90
6,10083,52
6,10084,76
6,10085,45
6,10086,153
6,10087,109
6,10088,77
6,10089,602
6,10090,52
6,10091,762
6,10092,147
6,10093,90
6,10094,51
6,10095,64
6,10096,166
6,10097,32
6,10098,51
6,10099,45
6,10100,90
6,10101,102
6,10102,19
6,10103,64
6,10104,96
6,10105,109
6,10106,90
6,10107,134
6,10108,205
6,10109,77
6,10110,32
6,10111,166
6,10112,115
6,10113,179
6,10114,154
6,10115,51
6,10116,51
6,10117,32
6,10118,77
6,10119,64
6,10120,38
6,10121,64
6,10122,64
6,10123,77
6,10124,173
6,10125,51
6,10126,186
6,10127,58
6,10128,256
6,10129,52
6,10130,71
6,10131,76
6,10132,109
6,10133,89
6,10134,64
6,10135,38
6,10136,109
6,10137,103
6,10138,102
6,10139,90
6,10140,198
6,10141,64
6,10142,122
6,10143,115
6,10144,166
6,10145,121
6,10146,115
6,10147,167
6,10148,147
6,10149,134
6,10150,89
6,10151,115
6,10152,109
6,10153,57
6,10154,84
6,10155,141
6,10156,83
6,10157,70
6,10158,64
6,10159,109
6,10160,83
6,10161,198
6,10162,173
6,10163,83
6,10164,134
6,10165,90
6,10166,141
6,10167,166
6,10168,103
6,10169,108
6,10170,109
6,10171,115
6,10172,83
6,10173,38
6,10174,147
6,10175,70
6,10176,115
6,10177,58
6,10178,166
6,10179,121
6,10180,166
6,10181,70
6,10182,-32
6,10183,141
6,10184,160
6,10185,122
6,10186,71
6,10187,64
6,10188,71
6,10189,71
6,10190,70
6,10191,141
6,10192,64
6,10193,77
6,10194,83
6,10195,90
6,10196,83
6,10197,160
6,10198,128
6,10199,77
6,10200,115
6,10201,57
6,10202,96
6,10203,103
6,10204,115
6,10205,134
6,10206,116
6,10207,103
6,10208,90
6,10209,52
6,10210,-32
6,10211,128
6,10212,153
6,10213,51
6,10214,51
6,10215,128
6,10216,128
6,10217,141
6,10218,128
6,10219,115
6,10220,83
6,10221,70
6,10222,313
6,10223,108
6,10224,180
6,10225,38
6,10226,57
6,10227,64
6,10228,83
6,10229,-13
6,10230,115
6,10231,102
6,10232,115
6,10233,108
6,10234,109
6,10235,121
6,10236,128
6,10237,160
6,10238,-179
6,10239,102
6,10240,102
6,10241,70
6,10242,122
6,10243,70
6,10244,13
6,10245,52
6,10246,-32
6,10247,135
6,10248,160
6,10249,71
6,10250,109
6,10251,352
6,10252,115
6,10253,103
6,10254,128
6,10255,115
6,10256,205
6,10257,57
6,10258,26
6,10259,19
6,10260,51
6,10261,166
6,10262,58
6,10263,167
6,10264,103
6,10265,160
6,10266,58
6,10267,160
6,10268,224
6,10269,58
6,10270,166
6,10271,32
6,10272,128
6,10273,-39
6,10274,211
6,10275,122
6,10276,103
6,10277,71
6,10278,102
6,10279,109
6,10280,147
6,10281,64
6,10282,262
6,10283,122
6,10284,128
6,10285,45
6,10286,102
6,10287,102
6,10288,115
6,10289,160
6,10290,77
6,10291,173
6,10292,128
6,10293,-6
6,10294,102
6,10295,96
6,10296,263
6,10297,90
6,10298,102
6,10299,76
6,10300,64
6,10301,115
6,10302,51
6,10303,-52
6,10304,83
6,10305,102
6,10306,154
6,10307,122
6,10308,218
6,10309,122
6,10310,160
6,10311,148
6,10312,173
6,10313,121
6,10314,115
6,10315,83
6,10316,128
6,10317,96
6,10318,64
6,10319,70
6,10320,166
6,10321,135
6,10322,77
6,10323,121
6,10324,115
6,10325,58
6,10326,192
6,10327,45
6,10328,410
6,10329,52
6,10330,167
6,10331,26
6,10332,838
6,10333,45
6,10334,365
6,10335,32
6,10336,103
6,10337,-6
6,10338,70
6,10339,160
6,10340,64
6,10341,77
6,10342,26
6,10343,25
6,10344,32
6,10345,192
6,10346,787
6,10347,128
6,10348,166
6,10349,109
6,10350,115
6,10351,122
6,10352,134
6,10353,58
6,10354,32
6,10355,58
6,10356,89
6,10357,51
6,10358,-218
6,10359,89
6,10360,153
6,10361,128
6,10362,205
6,10363,148
6,10364,64
6,10365,269
6,10366,45
6,10367,141
6,10368,77
6,10369,64
6,10370,96
6,10371,70
6,10372,122
6,10373,102
6,10374,115
6,10375,103
6,10376,-45
6,10377,224
6,10378,141
6,10379,128
6,10380,-32
6,10381,128
6,10382,179
6,10383,160
6,10384,109
6,10385,109
6,10386,109
6,10387,153
6,10388,103
6,10389,90
6,10390,26
6,10391,45
6,10392,339
6,10393,122
6,10394,154
6,10395,77
6,10396,89
6,10397,339
6,10398,70
6,10399,64
6,10400,71
6,10401,45
6,10402,116
6,10403,51
6,10404,71
6,10405,51
6,10406,115
6,10407,96
6,10408,211
6,10409,-32
6,10410,64
6,10411,25
6,10412,109
6,10413,57
6,10414,109
6,10415,115
6,10416,64
6,10417,96
6,10418,96
6,10419,96
6,10420,109
6,10421,115
6,10422,128
6,10423,371
6,10424,192
6,10425,64
6,10426,83
6,10427,51
6,10428,121
6,10429,109
6,10430,378
6,10431,83
6,10432,122
6,10433,77
6,10434,141
6,10435,166
6,10436,109
6,10437,115
6,10438,199
6,10439,77
6,10440,224
6,10441,109
6,10442,25
6,10443,71
6,10444,96
6,10445,115
6,10446,352
6,10447,115
6,10448,179
6,10449,115
6,10450,154
6,10451,128
6,10452,166
6,10453,166
6,10454,77
6,10455,160
6,10456,-45
6,10457,84
6,10458,58
6,10459,153
6,10460,173
6,10461,45
6,10462,19
6,10463,153
6,10464,167
6,10465,51
6,10466,71
6,10467,102
6,10468,108
6,10469,51
6,10470,64
6,10471,166
6,10472,77
6,10473,186
6,10474,115
6,10475,134
6,10476,160
6,10477,115
6,10478,198
6,10479,115
6,10480,76
6,10481,64
6,10482,77
6,10483,83
6,10484,96
6,10485,122
6,10486,115
6,10487,45
6,10488,179
6,10489,51
6,10490,116
6,10491,153
6,10492,141
6,10493,109
6,10494,32
6,10495,90
6,10496,102
6,10497,70
6,10498,90
6,10499,83
6,10500,38
6,10501,38
6,10502,102
6,10503,90
6,10504,109
6,10505,141
6,10506,160
6,10507,160
6,10508,205
6,10509,109
6,10510,77
6,10511,122
6,10512,218
6,10513,64
6,10514,109
6,10515,173
6,10516,90
6,10517,173
6,10518,103
6,10519,115
6,10520,121
6,10521,122
6,10522,108
6,10523,121
6,10524,166
6,10525,109
6,10526,64
6,10527,109
6,10528,128
6,10529,51
6,10530,109
6,10531,96
6,10532,167
6,10533,58
6,10534,51
6,10535,320
6,10536,160
6,10537,192
6,10538,32
6,10539,96
6,10540,89
6,10541,199
6,10542,58
6,10543,121
6,10544,-57
6,10545,83
6,10546,108
6,10547,358
6,10548,122
6,10549,102
6,10550,-64
6,10551,96
6,10552,108
6,10553,160
6,10554,64
6,10555,134
6,10556,84
6,10557,77
6,10558,167
6,10559,115
6,10560,102
6,10561,51
6,10562,90
6,10563,115
6,10564,121
6,10565,103
6,10566,109
6,10567,122
6,10568,167
6,10569,89
6,10570,192
6,10571,70
6,10572,128
6,10573,103
6,10574,77
6,10575,128
6,10576,211
6,10577,58
6,10578,64
6,10579,122
6,10580,160
6,10581,90
6,10582,160
6,10583,83
6,10584,96
6,10585,115
6,10586,71
6,10587,102
6,10588,807
6,10589,103
6,10590,128
6,10591,-192
6,10592,71
6,10593,64
6,10594,115
6,10595,51
6,10596,58
6,10597,64
6,10598,57
6,10599,96
6,10600,64
6,10601,819
6,10602,89
6,10603,768
6,10604,166
6,10605,109
6,10606,109
6,10607,109
6,10608,115
6,10609,198
6,10610,64
6,10611,64
6,10612,45
6,10613,51
6,10614,26
6,10615,-70
6,10616,122
6,10617,128
6,10618,58
6,10619,32
6,10620,109
6,10621,90
6,10622,186
6,10623,122
6,10624,109
6,10625,26
6,10626,64
6,10627,12
6,10628,64
6,10629,51
6,10630,57
6,10631,166
6,10632,89
6,10633,115
6,10634,76
6,10635,77
6,10636,198
6,10637,51
6,10638,205
6,10639,102
6,10640,122
6,10641,45
6,10642,38
6,10643,64
6,10644,147
6,10645,262
6,10646,90
6,10647,71
6,10648,109
6,10649,192
6,10650,128
6,10651,372
6,10652,96
6,10653,77
6,10654,166
6,10655,154
6,10656,390
6,10657,377
6,10658,186
6,10659,58
6,10660,102
6,10661,96
6,10662,160
6,10663,103
6,10664,122
6,10665,135
6,10666,52
6,10667,58
6,10668,51
6,10669,76
6,10670,166
6,10671,64
6,10672,115
6,10673,71
6,10674,70
6,10675,115
6,10676,103
6,10677,109
6,10678,102
6,10679,109
6,10680,186
6,10681,25
6,10682,32
6,10683,38
6,10684,96
6,10685,-32
6,10686,77
6,10687,90
6,10688,77
6,10689,-25
6,10690,102
6,10691,121
6,10692,109
6,10693,58
6,10694,288
6,10695,109
6,10696,115
6,10697,64
6,10698,64
6,10699,77
6,10700,115
6,10701,64
6,10702,20
6,10703,108
6,10704,199
6,10705,96
6,10706,102
6,10707,109
6,10708,109
6,10709,77
6,10710,166
6,10711,160
6,10712,89
6,10713,57
6,10714,26
6,10715,90
6,10716,64
6,10717,51
6,10718,77
6,10719,109
6,10720,109
6,10721,70
6,10722,140
6,10723,13
6,10724,153
6,10725,64
6,10726,70
6,10727,122
6,10728,153
6,10729,154
6,10730,198
6,10731,64
6,10732,128
6,10733,58
6,10734,167
6,10735,166
6,10736,122
6,10737,45
6,10738,172
6,10739,89
6,10740,121
6,10741,64
6,10742,134
6,10743,116
6,10744,77
6,10745,109
6,10746,83
6,10747,109
6,10748,96
6,10749,70
6,10750,51
6,10751,147
6,10752,109
6,10753,25
6,10754,70
6,10755,96
6,10756,83
6,10757,108
6,10758,128
6,10759,83
6,10760,141
6,10761,57
6,10762,116
6,10763,160
6,10764,135
6,10765,64
6,10766,115
6,10767,64
6,10768,109
6,10769,-32
6,10770,128
6,10771,77
6,10772,173
6,10773,52
6,10774,26
6,10775,89
6,10776,109
6,10777,108
6,10778,359
6,10779,128
6,10780,58
6,10781,121
6,10782,160
6,10783,128
6,10784,-32
6,10785,154
6,10786,109
6,10787,32
6,10788,108
6,10789,70
6,10790,192
6,10791,96
6,10792,154
6,10793,115
6,10794,160
6,10795,64
6,10796,108
6,10797,57
6,10798,320
6,10799,167
6,10800,77
6,10801,51
6,10802,160
6,10803,185
6,10804,109
6,10805,57
6,10806,26
6,10807,109
6,10808,77
6,10809,102
6,10810,64
6,10811,148
6,10812,77
6,10813,77
6,10814,51
6,10815,83
6,10816,64
6,10817,141
6,10818,102
6,10819,77
6,10820,121
6,10821,116
6,10822,38
6,10823,102
6,10824,116
6,10825,89
6,10826,-51
6,10827,90
6,10828,64
6,10829,38
6,10830,58
6,10831,90
6,10832,109
6,10833,160
6,10834,128
6,10835,160
6,10836,256
6,10837,128
6,10838,167
6,10839,211
6,10840,71
6,10841,57
6,10842,160
6,10843,109
6,10844,813
6,10845,52
6,10846,-32
6,10847,96
6,10848,96
6,10849,25
6,10850,70
6,10851,115
6,10852,109
6,10853,116
6,10854,371
6,10855,301
6,10856,115
6,10857,147
6,10858,429
6,10859,135
6,10860,147
6,10861,115
6,10862,96
6,10863,121
6,10864,128
6,10865,103
6,10866,71
6,10867,58
6,10868,115
6,10869,109
6,10870,115
6,10871,263
6,10872,371
6,10873,154
6,10874,77
6,10875,205
6,10876,153
6,10877,115
6,10878,-275
6,10879,128
6,10880,109
6,10881,77
6,10882,71
6,10883,77
6,10884,77
6,10885,51
6,10886,77
6,10887,109
6,10888,45
6,10889,115
6,10890,166
6,10891,128
6,10892,57
6,10893,115
6,10894,64
6,10895,160
6,10896,58
6,10897,64
6,10898,32
6,10899,45
6,10900,116
6,10901,70
6,10902,58
6,10903,71
6,10904,58
6,10905,58
6,10906,83
6,10907,121
6,10908,51
6,10909,134
6,10910,83
6,10911,109
6,10912,76
6,10913,44
6,10914,128
6,10915,211
6,10916,115
6,10917,109
6,10918,116
6,10919,122
6,10920,-26
6,10921,-25
6,10922,64
6,10923,58
6,10924,57
6,10925,64
6,10926,147
6,10927,76
6,10928,109
6,10929,102
6,10930,70
6,10931,64
6,10932,58
6,10933,57
6,10934,211
6,10935,102
6,10936,121
6,10937,38
6,10938,147
6,10939,77
6,10940,-499
6,10941,-135
6,10942,128
6,10943,109
6,10944,64
6,10945,109
6,10946,83
6,10947,192
6,10948,166
6,10949,148
6,10950,339
6,10951,77
6,10952,147
6,10953,19
6,10954,122
6,10955,71
6,10956,70
6,10957,58
6,10958,25
6,10959,154
6,10960,70
6,10961,96
6,10962,32
6,10963,115
6,10964,122
6,10965,128
6,10966,365
6,10967,134
6,10968,83
6,10969,51
6,10970,70
6,10971,167
6,10972,51
6,10973,-32
6,10974,172
6,10975,90
6,10976,115
6,10977,103
6,10978,-51
6,10979,64
6,10980,52
6,10981,115
6,10982,83
6,10983,83
6,10984,76
6,10985,115
6,10986,153
6,10987,160
6,10988,179
6,10989,70
6,10990,147
6,10991,89
6,10992,205
6,10993,70
6,10994,134
6,10995,96
6,10996,109
6,10997,51
6,10998,64
6,10999,109
6,11000,179
6,11001,51
6,11002,141
6,11003,71
6,11004,121
6,11005,167
6,11006,96
6,11007,102
6,11008,154
6,11009,32
6,11010,-19
6,11011,134
6,11012,70
6,11013,89
6,11014,103
6,11015,64
6,11016,173
6,11017,211
6,11018,121
6,11019,-39
6,11020,-45
6,11021,135
6,11022,167
6,11023,115
6,11024,269
6,11025,26
6,11026,70
6,11027,109
6,11028,128
6,11029,71
6,11030,70
6,11031,58
6,11032,96
6,11033,102
6,11034,102
6,11035,57
6,11036,115
6,11037,83
6,11038,103
6,11039,122
6,11040,-45
6,11041,-25
6,11042,96
6,11043,26
6,11044,180
6,11045,83
6,11046,224
6,11047,154
6,11048,83
6,11049,58
6,11050,172
6,11051,115
6,11052,199
6,11053,102
6,11054,166
6,11055,-19
6,11056,115
6,11057,154
6,11058,269
6,11059,128
6,11060,115
6,11061,-71
6,11062,186
6,11063,115
6,11064,160
6,11065,128
6,11066,122
6,11067,51
6,11068,70
6,11069,109
6,11070,173
6,11071,115
6,11072,-19
6,11073,84
6,11074,71
6,11075,96
6,11076,64
6,11077,90
6,11078,109
6,11079,90
6,11080,121
6,11081,51
6,11082,141
6,11083,186
6,11084,121
6,11085,109
6,11086,89
6,11087,-32
6,11088,96
6,11089,44
6,11090,77
6,11091,128
6,11092,102
6,11093,345
6,11094,173
6,11095,109
6,11096,115
6,11097,45
6,11098,25
6,11099,19
6,11100,813
6,11101,70
6,11102,192
6,11103,140
6,11104,45
6,11105,39
6,11106,76
6,11107,-250
6,11108,64
6,11109,-89
6,11110,121
6,11111,32
6,11112,57
6,11113,787
6,11114,128
6,11115,788
6,11116,109
6,11117,70
6,11118,109
6,11119,96
6,11120,-45
6,11121,-32
6,11122,19
6,11123,51
6,11124,32
6,11125,77
6,11126,-51
6,11127,148
6,11128,160
6,11129,70
6,11130,115
6,11131,51
6,11132,89
6,11133,141
6,11134,51
6,11135,70
6,11136,134
6,11137,64
6,11138,58
6,11139,57
6,11140,51
6,11141,19
6,11142,90
6,11143,128
6,11144,57
6,11145,134
6,11146,103
6,11147,32
6,11148,205
6,11149,140
6,11150,160
6,11151,77
6,11152,90
6,11153,19
6,11154,51
6,11155,83
6,11156,-26
6,11157,71
6,11158,64
6,11159,58
6,11160,109
6,11161,109
6,11162,64
6,11163,115
6,11164,243
6,11165,45
6,11166,301
6,11167,263
6,11168,77
6,11169,115
6,11170,166
6,11171,122
6,11172,45
6,11173,96
6,11174,147
6,11175,64
6,11176,115
6,11177,64
6,11178,96
6,11179,32
6,11180,58
6,11181,57
6,11182,135
6,11183,-44
6,11184,58
6,11185,51
6,11186,147
6,11187,140
6,11188,179
6,11189,96
6,11190,160
6,11191,160
6,11192,173
6,11193,83
6,11194,147
6,11195,64
6,11196,32
6,11197,64
6,11198,115
6,11199,19
6,11200,89
6,11201,96
6,11202,109
6,11203,141
6,11204,-173
6,11205,108
6,11206,96
6,11207,140
6,11208,96
6,11209,96
6,11210,96
6,11211,64
6,11212,32
6,11213,44
6,11214,64
6,11215,128
6,11216,90
6,11217,57
6,11218,148
6,11219,128
6,11220,116
6,11221,-39
6,11222,51
6,11223,134
6,11224,108
6,11225,39
6,11226,122
6,11227,58
6,11228,39
6,11229,64
6,11230,45
6,11231,160
6,11232,70
6,11233,51
6,11234,83
6,11235,70
6,11236,365
6,11237,77
6,11238,71
6,11239,26
6,11240,39
6,11241,147
6,11242,76
6,11243,173
6,11244,109
6,11245,84
6,11246,141
6,11247,19
6,11248,153
6,11249,51
6,11250,52
6,11251,89
6,11252,45
6,11253,77
6,11254,160
6,11255,96
6,11256,32
6,11257,103
6,11258,109
6,11259,-51
6,11260,192
6,11261,83
6,11262,365
6,11263,96
6,11264,102
6,11265,51
6,11266,115
6,11267,64
6,11268,122
6,11269,45
6,11270,77
6,11271,96
6,11272,115
6,11273,77
6,11274,122
6,11275,121
6,11276,243
6,11277,256
6,11278,179
6,11279,122
6,11280,115
6,11281,58
6,11282,96
6,11283,-243
6,11284,83
6,11285,96
6,11286,109
6,11287,121
6,11288,102
6,11289,218
6,11290,128
6,11291,166
6,11292,83
6,11293,192
6,11294,64
6,11295,166
6,11296,90
6,11297,96
6,11298,153
6,11299,276
6,11300,141
6,11301,90
6,11302,115
6,11303,83
6,11304,147
6,11305,308
6,11306,64
6,11307,102
6,11308,102
6,11309,64
6,11310,83
6,11311,70
6,11312,76
6,11313,109
6,11314,154
6,11315,160
6,11316,-45
6,11317,90
6,11318,115
6,11319,365
6,11320,128
6,11321,25
6,11322,-44
6,11323,141
6,11324,198
6,11325,58
6,11326,154
6,11327,154
6,11328,58
6,11329,83
6,11330,154
6,11331,141
6,11332,121
6,11333,103
6,11334,102
6,11335,109
6,11336,205
6,11337,122
6,11338,167
6,11339,57
6,11340,77
6,11341,109
6,11342,166
6,11343,109
6,11344,134
6,11345,77
6,11346,140
6,11347,90
6,11348,115
6,11349,70
6,11350,26
6,11351,134
6,11352,109
6,11353,51
6,11354,160
6,11355,83
6,11356,775
6,11357,32
6,11358,13
6,11359,84
6,11360,108
6,11361,39
6,11362,25
6,11363,58
6,11364,52
6,11365,26
6,11366,90
6,11367,-13
6,11368,102
6,11369,147
6,11370,787
6,11371,64
6,11372,83
6,11373,90
6,11374,186
6,11375,25
6,11376,103
6,11377,45
6,11378,154
6,11379,57
6,11380,96
6,11381,147
6,11382,32
6,11383,365
6,11384,109
6,11385,83
6,11386,77
6,11387,121
6,11388,116
6,11389,58
6,11390,109
6,11391,147
6,11392,102
6,11393,102
6,11394,89
6,11395,109
6,11396,70
6,11397,51
6,11398,71
6,11399,25
6,11400,109
6,11401,116
6,11402,122
6,11403,115
6,11404,173
6,11405,122
6,11406,122
6,11407,135
6,11408,134
6,11409,38
6,11410,153
6,11411,102
6,11412,57
6,11413,45
6,11414,390
6,11415,84
6,11416,-269
6,11417,122
6,11418,167
6,11419,154
6,11420,154
6,11421,64
6,11422,135
6,11423,115
6,11424,115
6,11425,51
6,11426,102
6,11427,32
6,11428,103
6,11429,32
6,11430,103
6,11431,339
6,11432,57
6,11433,57
6,11434,70
6,11435,96
6,11436,76
6,11437,-38
6,11438,77
6,11439,109
6,11440,83
6,11441,109
6,11442,154
6,11443,58
6,11444,109
6,11445,76
6,11446,729
6,11447,96
6,11448,109
6,11449,96
6,11450,58
6,11451,108
6,11452,38
6,11453,58
6,11454,121
6,11455,121
6,11456,102
6,11457,115
6,11458,90
6,11459,121
6,11460,141
6,11461,64
6,11462,122
6,11463,167
6,11464,179
6,11465,96
6,11466,64
6,11467,160
6,11468,64
6,11469,103
6,11470,58
6,11471,89
6,11472,89
6,11473,154
6,11474,153
6,11475,-25
6,11476,135
6,11477,83
6,11478,166
6,11479,71
6,11480,96
6,11481,57
6,11482,103
6,11483,25
6,11484,57
6,11485,103
6,11486,19
6,11487,108
6,11488,116
6,11489,64
6,11490,70
6,11491,57
6,11492,25
6,11493,64
6,11494,295
6,11495,115
6,11496,90
6,11497,89
6,11498,109
6,11499,147
6,11500,345
6,11501,51
6,11502,103
6,11503,-45
6,11504,217
6,11505,396
6,11506,103
6,11507,58
6,11508,70
6,11509,96
6,11510,135
6,11511,77
6,11512,64
6,11513,58
6,11514,64
6,11515,102
6,11516,224
6,11517,102
6,11518,128
6,11519,25
6,11520,147
6,11521,96
6,11522,64
6,11523,109
6,11524,90
6,11525,64
6,11526,26
6,11527,83
6,11528,64
6,11529,115
6,11530,122
6,11531,115
6,11532,135
6,11533,77
6,11534,64
6,11535,224
6,11536,154
6,11537,39
6,11538,51
6,11539,109
6,11540,96
6,11541,83
6,11542,128
6,11543,64
6,11544,64
6,11545,135
6,11546,102
6,11547,358
6,11548,108
6,11549,51
6,11550,154
6,11551,70
6,11552,108
6,11553,64
6,11554,96
6,11555,19
6,11556,167
6,11557,-19
6,11558,96
6,11559,96
6,11560,115
6,11561,90
6,11562,96
6,11563,179
6,11564,128
6,11565,45
6,11566,140
6,11567,121
6,11568,160
6,11569,77
6,11570,109
6,11571,121
6,11572,71
6,11573,109
6,11574,166
6,11575,103
6,11576,89
6,11577,96
6,11578,103
6,11579,70
6,11580,128
6,11581,76
6,11582,167
6,11583,20
6,11584,96
6,11585,45
6,11586,365
6,11587,115
6,11588,173
6,11589,102
6,11590,32
6,11591,141
6,11592,109
6,11593,77
6,11594,166
6,11595,115
6,11596,218
6,11597,58
6,11598,140
6,11599,128
6,11600,166
6,11601,160
6,11602,115
6,11603,83
6,11604,109
6,11605,58
6,11606,345
6,11607,160
6,11608,141
6,11609,109
6,11610,96
6,11611,134
6,11612,774
6,11613,109
6,11614,70
6,11615,173
6,11616,153
6,11617,26
6,11618,198
6,11619,116
6,11620,57
6,11621,64
6,11622,109
6,11623,-263
6,11624,147
6,11625,781
6,11626,116
6,11627,781
6,11628,-32
6,11629,77
6,11630,128
6,11631,96
6,11632,103
6,11633,64
6,11634,32
6,11635,83
6,11636,186
6,11637,71
6,11638,109
6,11639,128
6,11640,167
6,11641,103
6,11642,57
6,11643,96
6,11644,134
6,11645,109
6,11646,365
6,11647,-45
6,11648,134
6,11649,19
6,11650,77
6,11651,26
6,11652,64
6,11653,57
6,11654,122
6,11655,160
6,11656,128
6,11657,108
6,11658,109
6,11659,122
6,11660,77
6,11661,57
6,11662,128
6,11663,109
6,11664,179
6,11665,51
6,11666,20
6,11667,128
6,11668,25
6,11669,116
6,11670,58
6,11671,115
6,11672,192
6,11673,77
6,11674,109
6,11675,71
6,11676,160
6,11677,148
6,11678,32
6,11679,134
6,11680,102
6,11681,115
6,11682,262
6,11683,115
6,11684,359
6,11685,128
6,11686,198
6,11687,115
6,11688,51
6,11689,77
6,11690,32
6,11691,-32
6,11692,77
6,11693,45
6,11694,84
6,11695,115
6,11696,26
6,11697,128
6,11698,141
6,11699,256
6,11700,160
6,11701,108
6,11702,96
6,11703,122
6,11704,166
6,11705,-26
6,11706,186
6,11707,51
6,11708,-32
6,11709,327
6,11710,38
6,11711,26
6,11712,147
6,11713,109
6,11714,84
6,11715,115
6,11716,76
6,11717,71
6,11718,70
6,11719,77
6,11720,115
6,11721,44
6,11722,26
6,11723,109
6,11724,90
6,11725,51
6,11726,83
6,11727,109
6,11728,128
6,11729,32
6,11730,121
6,11731,83
6,11732,103
6,11733,71
6,11734,122
6,11735,128
6,11736,135
6,11737,83
6,11738,102
6,11739,109
6,11740,102
6,11741,26
6,11742,160
6,11743,84
6,11744,51
6,11745,51
6,11746,115
6,11747,301
6,11748,89
6,11749,19
6,11750,25
6,11751,154
6,11752,217
6,11753,84
6,11754,109
6,11755,102
6,11756,115
6,11757,71
6,11758,109
6,11759,153
6,11760,154
6,11761,109
6,11762,121
6,11763,115
6,11764,51
6,11765,51
6,11766,115
6,11767,141
6,11768,70
6,11769,57
6,11770,109
6,11771,122
6,11772,122
6,11773,205
6,11774,25
6,11775,109
6,11776,64
6,11777,51
6,11778,77
6,11779,173
6,11780,358
6,11781,51
6,11782,166
6,11783,128
6,11784,102
6,11785,51
6,11786,115
6,11787,96
6,11788,51
6,11789,77
6,11790,115
6,11791,102
6,11792,122
6,11793,71
6,11794,26
6,11795,109
6,11796,109
6,11797,122
6,11798,64
6,11799,58
6,11800,364
6,11801,70
6,11802,122
6,11803,128
6,11804,102
6,11805,179
6,11806,173
6,11807,122
6,11808,153
6,11809,135
6,11810,147
6,11811,147
6,11812,64
6,11813,173
6,11814,180
6,11815,141
6,11816,199
6,11817,96
6,11818,64
6,11819,39
6,11820,102
6,11821,77
6,11822,25
6,11823,96
6,11824,160
6,11825,116
6,11826,83
6,11827,153
6,11828,167
6,11829,70
6,11830,83
6,11831,103
6,11832,57
6,11833,52
6,11834,64
6,11835,103
6,11836,32
6,11837,57
6,11838,109
6,11839,26
6,11840,71
6,11841,64
6,11842,141
6,11843,102
6,11844,153
6,11845,121
6,11846,121
6,11847,64
6,11848,167
6,11849,71
6,11850,39
6,11851,51
6,11852,45
6,11853,32
6,11854,166
6,11855,166
6,11856,173
6,11857,122
6,11858,134
6,11859,154
6,11860,128
6,11861,90
6,11862,115
6,11863,102
6,11864,134
6,11865,83
6,11866,141
6,11867,116
6,11868,819
6,11869,77
6,11870,109
6,11871,103
6,11872,198
6,11873,58
6,11874,288
6,11875,58
6,11876,153
6,11877,301
6,11878,403
6,11879,71
6,11880,83
6,11881,102
6,11882,788
6,11883,109
6,11884,109
6,11885,237
6,11886,167
6,11887,83
6,11888,160
6,11889,89
6,11890,64
6,11891,51
6,11892,102
6,11893,64
6,11894,122
6,11895,58
6,11896,84
6,11897,147
6,11898,141
6,11899,154
6,11900,147
6,11901,76
6,11902,122
6,11903,211
6,11904,179
6,11905,70
6,11906,70
6,11907,25
6,11908,45
6,11909,58
6,11910,57
6,11911,57
6,11912,102
6,11913,70
6,11914,83
6,11915,108
6,11916,173
6,11917,70
6,11918,147
6,11919,122
6,11920,109
6,11921,96
6,11922,160
6,11923,102
6,11924,102
6,11925,90
6,11926,371
6,11927,-32
6,11928,154
6,11929,102
6,11930,192
6,11931,84
6,11932,109
6,11933,96
6,11934,90
6,11935,128
6,11936,250
6,11937,262
6,11938,147
6,11939,-26
6,11940,224
6,11941,115
6,11942,160
6,11943,128
6,11944,102
6,11945,122
6,11946,64
6,11947,58
6,11948,-19
6,11949,77
6,11950,96
6,11951,51
6,11952,109
6,11953,115
6,11954,115
6,11955,77
6,11956,135
6,11957,115
6,11958,224
6,11959,115
6,11960,160
6,11961,58
6,11962,96
6,11963,172
6,11964,-409
6,11965,115
6,11966,77
6,11967,39
6,11968,109
6,11969,352
6,11970,32
6,11971,134
6,11972,71
6,11973,109
6,11974,-19
6,11975,128
6,11976,71
6,11977,45
6,11978,32
6,11979,19
6,11980,32
6,11981,-20
6,11982,71
6,11983,51
6,11984,76
6,11985,51
6,11986,58
6,11987,147
6,11988,109
6,11989,102
6,11990,102
6,11991,102
6,11992,115
6,11993,38
6,11994,52
6,11995,25
6,11996,64
6,11997,44
6,11998,-12
6,11999,76
6,12000,89
6,12001,64
6,12002,51
6,12003,76
6,12004,38
6,12005,51
6,12006,147
6,12007,134
6,12008,51
6,12009,116
6,12010,134
6,12011,64
6,12012,102
6,12013,83
6,12014,96
6,12015,19
6,12016,64
6,12017,96
6,12018,25
6,12019,26
6,12020,58
6,12021,64
6,12022,32
6,12023,102
6,12024,96
6,12025,109
6,12026,96
6,12027,116
6,12028,122
6,12029,77
6,12030,84
6,12031,83
6,12032,70
6,12033,115
6,12034,58
6,12035,64
6,12036,64
6,12037,96
6,12038,76
6,12039,109
6,12040,77
6,12041,96
6,12042,-45
6,12043,173
6,12044,96
6,12045,51
6,12046,108
6,12047,-45
6,12048,147
6,12049,-58
6,12050,83
6,12051,224
6,12052,185
6,12053,83
6,12054,96
6,12055,122
6,12056,77
6,12057,109
6,12058,102
6,12059,89
6,12060,173
6,12061,64
6,12062,218
6,12063,77
6,12064,147
6,12065,115
6,12066,115
6,12067,70
6,12068,192
6,12069,77
6,12070,179
6,12071,128
6,12072,167
6,12073,109
6,12074,128
6,12075,83
6,12076,308
6,12077,109
6,12078,122
6,12079,115
6,12080,250
6,12081,109
6,12082,116
6,12083,96
6,12084,166
6,12085,102
6,12086,108
6,12087,83
6,12088,70
6,12089,115
6,12090,51
6,12091,115
6,12092,115
6,12093,77
6,12094,179
6,12095,359
6,12096,186
6,12097,96
6,12098,108
6,12099,90
6,12100,70
6,12101,359
6,12102,52
6,12103,83
6,12104,77
6,12105,102
6,12106,135
6,12107,205
6,12108,173
6,12109,76
6,12110,166
6,12111,121
6,12112,167
6,12113,185
6,12114,122
6,12115,115
6,12116,96
6,12117,154
6,12118,32
6,12119,89
6,12120,115
6,12121,102
6,12122,25
6,12123,77
6,12124,819
6,12125,51
6,12126,115
6,12127,77
6,12128,108
6,12129,70
6,12130,70
6,12131,51
6,12132,83
6,12133,154
6,12134,-32
6,12135,115
6,12136,109
6,12137,800
6,12138,121
6,12139,761
6,12140,-45
6,12141,96
6,12142,109
6,12143,122
6,12144,166
6,12145,64
6,12146,128
6,12147,109
6,12148,269
6,12149,102
6,12150,128
6,12151,109
6,12152,263
6,12153,249
6,12154,179
6,12155,83
6,12156,186
6,12157,109
6,12158,-26
6,12159,141
6,12160,172
6,12161,64
6,12162,57
6,12163,13
6,12164,57
6,12165,109
6,12166,64
6,12167,64
6,12168,364
6,12169,140
6,12170,70
6,12171,141
6,12172,83
6,12173,160
6,12174,-45
6,12175,45
6,12176,122
6,12177,45
6,12178,57
6,12179,103
6,12180,39
6,12181,77
6,12182,167
6,12183,51
6,12184,96
6,12185,244
6,12186,26
6,12187,205
6,12188,103
6,12189,70
6,12190,211
6,12191,134
6,12192,179
6,12193,121
6,12194,179
6,12195,109
6,12196,-39
6,12197,128
6,12198,102
6,12199,365
6,12200,186
6,12201,96
6,12202,25
6,12203,147
6,12204,70
6,12205,141
6,12206,89
6,12207,122
6,12208,64
6,12209,90
6,12210,83
6,12211,115
6,12212,109
6,12213,179
6,12214,77
6,12215,135
6,12216,147
6,12217,160
6,12218,153
6,12219,102
6,12220,45
6,12221,58
6,12222,19
6,12223,76
6,12224,141
6,12225,57
6,12226,70
6,12227,102
6,12228,96
6,12229,243
6,12230,160
6,12231,372
6,12232,179
6,12233,135
6,12234,32
6,12235,96
6,12236,147
6,12237,365
6,12238,518
6,12239,109
6,12240,52
6,12241,108
6,12242,116
6,12243,109
6,12244,108
6,12245,90
6,12246,166
6,12247,89
6,12248,45
6,12249,-51
6,12250,77
6,12251,115
6,12252,103
6,12253,-32
6,12254,224
6,12255,58
6,12256,58
6,12257,32
6,12258,32
6,12259,51
6,12260,96
6,12261,64
6,12262,186
6,12263,256
6,12264,192
6,12265,122
6,12266,115
6,12267,140
6,12268,122
6,12269,64
6,12270,148
6,12271,77
6,12272,103
6,12273,96
6,12274,57
6,12275,76
6,12276,57
6,12277,90
6,12278,128
6,12279,89
6,12280,51
6,12281,102
6,12282,115
6,12283,128
6,12284,96
6,12285,96
6,12286,32
6,12287,90
6,12288,96
6,12289,64
6,12290,269
6,12291,51
6,12292,103
6,12293,52
6,12294,26
6,12295,96
6,12296,45
6,12297,147
6,12298,116
6,12299,122
6,12300,160
6,12301,39
6,12302,115
6,12303,25
6,12304,102
6,12305,26
6,12306,96
6,12307,109
6,12308,71
6,12309,51
6,12310,83
6,12311,-44
6,12312,70
6,12313,96
6,12314,84
6,12315,102
6,12316,109
6,12317,77
6,12318,83
6,12319,45
6,12320,192
6,12321,166
6,12322,147
6,12323,135
6,12324,205
6,12325,51
6,12326,365
6,12327,77
6,12328,115
6,12329,64
6,12330,102
6,12331,83
6,12332,141
6,12333,51
6,12334,70
6,12335,76
6,12336,148
6,12337,160
6,12338,115
6,12339,153
6,12340,128
6,12341,96
6,12342,57
6,12343,116
6,12344,122
6,12345,96
6,12346,32
6,12347,122
6,12348,340
6,12349,96
6,12350,148
6,12351,115
6,12352,153
6,12353,115
6,12354,121
6,12355,83
6,12356,128
6,12357,109
6,12358,-45
6,12359,141
6,12360,192
6,12361,109
6,12362,135
6,12363,154
6,12364,115
6,12365,160
6,12366,90
6,12367,71
6,12368,166
6,12369,371
6,12370,173
6,12371,109
6,12372,122
6,12373,70
6,12374,-32
6,12375,77
6,12376,57
6,12377,83
6,12378,70
6,12379,51
6,12380,820
6,12381,76
6,12382,102
6,12383,89
6,12384,109
6,12385,96
6,12386,-32
6,12387,77
6,12388,64
6,12389,51
6,12390,-249
6,12391,135
6,12392,51
6,12393,77
6,12394,775
6,12395,109
6,12396,96
6,12397,166
6,12398,205
6,12399,70
6,12400,96
6,12401,45
6,12402,-12
6,12403,26
6,12404,57
6,12405,39
6,12406,57
6,12407,160
6,12408,192
6,12409,115
6,12410,64
6,12411,147
6,12412,122
6,12413,109
6,12414,116
6,12415,147
6,12416,141
6,12417,58
6,12418,160
6,12419,70
6,12420,103
6,12421,45
6,12422,58
6,12423,64
6,12424,122
6,12425,64
6,12426,173
6,12427,160
6,12428,141
6,12429,147
6,12430,166
6,12431,167
6,12432,122
6,12433,45
6,12434,96
6,12435,77
6,12436,167
6,12437,115
6,12438,166
6,12439,166
6,12440,71
6,12441,109
6,12442,64
6,12443,122
6,12444,77
6,12445,70
6,12446,26
6,12447,89
6,12448,26
6,12449,38
6,12450,-38
6,12451,154
6,12452,109
6,12453,205
6,12454,96
6,12455,122
6,12456,64
6,12457,77
6,12458,90
6,12459,71
6,12460,64
6,12461,90
6,12462,186
6,12463,103
6,12464,70
6,12465,90
6,12466,115
6,12467,115
6,12468,90
6,12469,154
6,12470,84
6,12471,115
6,12472,153
6,12473,58
6,12474,96
6,12475,102
6,12476,83
6,12477,58
6,12478,167
6,12479,160
6,12480,109
6,12481,51
6,12482,140
6,12483,173
6,12484,160
6,12485,-39
6,12486,243
6,12487,141
6,12488,166
6,12489,64
6,12490,212
6,12491,77
6,12492,39
6,12493,109
6,12494,45
6,12495,109
6,12496,185
6,12497,83
6,12498,64
6,12499,109
6,12500,128
6,12501,147
6,12502,134
6,12503,109
6,12504,211
6,12505,19
6,12506,58
6,12507,77
6,12508,71
6,12509,96
6,12510,198
6,12511,102
6,12512,-32
6,12513,71
6,12514,96
6,12515,90
6,12516,122
6,12517,57
6,12518,26
6,12519,51
6,12520,64
6,12521,333
6,12522,212
6,12523,-39
6,12524,141
6,12525,115
6,12526,333
6,12527,135
6,12528,70
6,12529,57
6,12530,51
6,12531,77
6,12532,57
6,12533,70
6,12534,218
6,12535,83
6,12536,115
6,12537,70
6,12538,141
6,12539,115
6,12540,160
6,12541,173
6,12542,378
6,12543,96
6,12544,121
6,12545,64
6,12546,77
6,12547,108
6,12548,64
6,12549,109
6,12550,20
6,12551,90
6,12552,58
6,12553,141
6,12554,205
6,12555,89
6,12556,83
6,12557,153
6,12558,58
6,12559,71
6,12560,147
6,12561,-621
6,12562,25
6,12563,83
6,12564,134
6,12565,90
6,12566,83
6,12567,115
6,12568,26
6,12569,83
6,12570,166
6,12571,96
6,12572,115
6,12573,-32
6,12574,358
6,12575,70
6,12576,122
6,12577,38
6,12578,103
6,12579,77
6,12580,109
6,12581,122
6,12582,192
6,12583,103
6,12584,77
6,12585,77
6,12586,115
6,12587,166
6,12588,128
6,12589,39
6,12590,64
6,12591,249
6,12592,96
6,12593,76
6,12594,64
6,12595,135
6,12596,115
6,12597,102
6,12598,51
6,12599,57
6,12600,121
6,12601,58
6,12602,77
6,12603,109
6,12604,76
6,12605,71
6,12606,58
6,12607,154
6,12608,71
6,12609,371
6,12610,57
6,12611,115
6,12612,122
6,12613,160
6,12614,44
6,12615,-51
6,12616,166
6,12617,58
6,12618,-51
6,12619,224
6,12620,167
6,12621,89
6,12622,128
6,12623,148
6,12624,115
6,12625,154
6,12626,77
6,12627,141
6,12628,32
6,12629,83
6,12630,38
6,12631,89
6,12632,-57
6,12633,122
6,12634,128
6,12635,115
6,12636,800
6,12637,128
6,12638,166
6,12639,166
6,12640,115
6,12641,51
6,12642,96
6,12643,333
6,12644,-51
6,12645,160
6,12646,109
6,12647,26
6,12648,64
6,12649,807
6,12650,116
6,12651,409
6,12652,83
6,12653,109
6,12654,-32
6,12655,148
6,12656,185
6,12657,108
6,12658,45
6,12659,64
6,12660,135
6,12661,103
6,12662,96
6,12663,64
6,12664,90
6,12665,103
6,12666,76
6,12667,70
6,12668,147
6,12669,121
6,12670,204
6,12671,102
6,12672,115
6,12673,71
6,12674,32
6,12675,173
6,12676,173
6,12677,167
6,12678,96
6,12679,64
6,12680,121
6,12681,77
6,12682,172
6,12683,115
6,12684,122
6,12685,45
6,12686,83
6,12687,115
6,12688,122
6,12689,51
6,12690,70
6,12691,70
6,12692,160
6,12693,96
6,12694,51
6,12695,-44
6,12696,83
6,12697,57
6,12698,109
6,12699,115
6,12700,121
6,12701,115
6,12702,103
6,12703,122
6,12704,166
6,12705,51
6,12706,359
6,12707,186
6,12708,128
6,12709,147
6,12710,371
6,12711,103
6,12712,102
6,12713,51
6,12714,89
6,12715,179
6,12716,64
6,12717,58
6,12718,153
6,12719,96
6,12720,134
6,12721,102
6,12722,154
6,12723,122
6,12724,-26
6,12725,180
6,12726,217
6,12727,-32
6,12728,179
6,12729,96
6,12730,128
6,12731,32
6,12732,51
6,12733,77
6,12734,96
6,12735,51
6,12736,109
6,12737,160
6,12738,230
6,12739,115
6,12740,109
6,12741,103
6,12742,115
6,12743,102
6,12744,128
6,12745,109
6,12746,173
6,12747,115
6,12748,115
6,12749,57
6,12750,141
6,12751,58
6,12752,70
6,12753,57
6,12754,256
6,12755,109
6,12756,128
6,12757,128
6,12758,371
6,12759,160
6,12760,134
6,12761,51
6,12762,32
6,12763,141
6,12764,57
6,12765,115
6,12766,115
6,12767,25
6,12768,135
6,12769,39
6,12770,90
6,12771,102
6,12772,90
6,12773,90
6,12774,70
6,12775,77
6,12776,64
6,12777,134
6,12778,154
6,12779,147
6,12780,135
6,12781,-39
6,12782,179
6,12783,83
6,12784,263
6,12785,83
6,12786,179
6,12787,-32
6,12788,70
6,12789,64
6,12790,25
6,12791,58
6,12792,70
6,12793,140
6,12794,70
6,12795,109
6,12796,57
6,12797,64
6,12798,38
6,12799,90
6,12800,122
6,12801,237
6,12802,166
6,12803,32
6,12804,96
6,12805,314
6,12806,52
6,12807,26
6,12808,109
6,12809,147
6,12810,109
6,12811,121
6,12812,128
6,12813,70
6,12814,103
6,12815,166
6,12816,134
6,12817,45
6,12818,12
6,12819,58
6,12820,51
6,12821,140
6,12822,167
6,12823,57
6,12824,70
6,12825,89
6,12826,154
6,12827,102
6,12828,186
6,12829,89
6,12830,71
6,12831,141
6,12832,52
6,12833,96
6,12834,71
6,12835,199
6,12836,205
6,12837,51
6,12838,102
6,12839,83
6,12840,64
6,12841,45
6,12842,71
6,12843,160
6,12844,96
6,12845,26
6,12846,51
6,12847,57
6,12848,12
6,12849,-32
6,12850,116
6,12851,167
6,12852,83
6,12853,64
6,12854,32
6,12855,90
6,12856,218
6,12857,51
6,12858,45
6,12859,96
6,12860,371
6,12861,58
6,12862,64
6,12863,19
6,12864,102
6,12865,358
6,12866,71
6,12867,83
6,12868,128
6,12869,115
6,12870,115
6,12871,77
6,12872,121
6,12873,96
6,12874,77
6,12875,301
6,12876,167
6,12877,39
6,12878,77
6,12879,64
6,12880,102
6,12881,358
6,12882,109
6,12883,109
6,12884,83
6,12885,365
6,12886,116
6,12887,109
6,12888,32
6,12889,84
6,12890,211
6,12891,26
6,12892,832
6,12893,90
6,12894,154
6,12895,90
6,12896,58
6,12897,358
6,12898,103
6,12899,147
6,12900,32
6,12901,115
6,12902,-108
6,12903,160
6,12904,115
6,12905,96
6,12906,832
6,12907,96
6,12908,365
6,12909,102
6,12910,172
6,12911,96
6,12912,115
6,12913,96
6,12914,51
6,12915,51
6,12916,128
6,12917,154
6,12918,83
6,12919,121
6,12920,70
6,12921,128
6,12922,218
6,12923,320
6,12924,-44
6,12925,135
6,12926,211
6,12927,115
6,12928,89
6,12929,58
6,12930,64
6,12931,76
6,12932,102
6,12933,96
6,12934,160
6,12935,70
6,12936,57
6,12937,64
6,12938,128
6,12939,70
6,12940,115
6,12941,90
6,12942,179
6,12943,134
6,12944,-45
6,12945,64
6,12946,90
6,12947,109
6,12948,64
6,12949,58
6,12950,70
6,12951,109
6,12952,64
6,12953,57
6,12954,230
6,12955,135
6,12956,51
6,12957,102
6,12958,57
6,12959,89
6,12960,108
6,12961,83
6,12962,64
6,12963,58
6,12964,109
6,12965,51
6,12966,205
6,12967,-186
6,12968,109
6,12969,51
6,12970,109
6,12971,-44
6,12972,77
6,12973,51
6,12974,160
6,12975,96
6,12976,115
6,12977,192
6,12978,121
6,12979,134
6,12980,45
6,12981,115
6,12982,64
6,12983,57
6,12984,89
6,12985,51
6,12986,70
6,12987,-26
6,12988,52
6,12989,58
6,12990,38
6,12991,96
6,12992,64
6,12993,128
6,12994,71
6,12995,90
6,12996,77
6,12997,77
6,12998,64
6,12999,109
6,13000,166
6,13001,45
6,13002,71
6,13003,25
6,13004,32
6,13005,58
6,13006,365
6,13007,103
6,13008,51
6,13009,109
6,13010,64
6,13011,109
6,13012,122
6,13013,96
6,13014,199
6,13015,153
6,13016,64
6,13017,115
6,13018,-13
6,13019,-243
6,13020,19
6,13021,90
6,13022,70
6,13023,45
6,13024,64
6,13025,90
6,13026,153
6,13027,96
6,13028,154
6,13029,204
6,13030,70
6,13031,89
6,13032,218
6,13033,51
6,13034,172
6,13035,167
6,13036,160
6,13037,102
6,13038,333
6,13039,77
6,13040,71
6,13041,57
6,13042,32
6,13043,51
6,13044,134
6,13045,58
6,13046,172
6,13047,58
6,13048,70
6,13049,96
6,13050,148
6,13051,128
6,13052,122
6,13053,102
6,13054,115
6,13055,102
6,13056,128
6,13057,45
6,13058,51
6,13059,83
6,13060,-45
6,13061,122
6,13062,128
6,13063,64
6,13064,57
6,13065,122
6,13066,128
6,13067,116
6,13068,70
6,13069,109
6,13070,83
6,13071,166
6,13072,45
6,13073,38
6,13074,52
6,13075,-58
6,13076,77
6,13077,57
6,13078,147
6,13079,19
6,13080,57
6,13081,141
6,13082,70
6,13083,147
6,13084,122
6,13085,51
6,13086,25
6,13087,83
6,13088,121
6,13089,32
6,13090,167
6,13091,-32
6,13092,154
6,13093,103
6,13094,199
6,13095,58
6,13096,199
6,13097,102
6,13098,77
6,13099,109
6,13100,128
6,13101,89
6,13102,167
6,13103,64
6,13104,109
6,13105,121
6,13106,109
6,13107,77
6,13108,263
6,13109,64
6,13110,64
6,13111,51
6,13112,102
6,13113,108
6,13114,109
6,13115,26
6,13116,58
6,13117,64
6,13118,51
6,13119,64
6,13120,103
6,13121,64
6,13122,52
6,13123,57
6,13124,372
6,13125,-6
6,13126,19
6,13127,102
6,13128,218
6,13129,154
6,13130,371
6,13131,122
6,13132,102
6,13133,141
6,13134,71
6,13135,89
6,13136,70
6,13137,179
6,13138,103
6,13139,102
6,13140,314
6,13141,166
6,13142,108
6,13143,109
6,13144,83
6,13145,64
6,13146,19
6,13147,83
6,13148,832
6,13149,102
6,13150,192
6,13151,109
6,13152,102
6,13153,109
6,13154,102
6,13155,256
6,13156,-58
6,13157,-19
6,13158,26
6,13159,-57
6,13160,108
6,13161,813
6,13162,64
6,13163,807
6,13164,70
6,13165,39
6,13166,109
6,13167,76
6,13168,51
6,13169,51
6,13170,58
6,13171,64
6,13172,45
6,13173,57
6,13174,179
6,13175,38
6,13176,128
6,13177,64
6,13178,32
6,13179,148
6,13180,121
6,13181,51
6,13182,96
6,13183,89
6,13184,121
6,13185,19
6,13186,166
6,13187,64
6,13188,52
6,13189,25
6,13190,51
6,13191,51
6,13192,64
6,13193,109
6,13194,128
6,13195,160
6,13196,154
6,13197,115
6,13198,109
6,13199,57
6,13200,148
6,13201,89
6,13202,58
6,13203,64
6,13204,71
6,13205,77
6,13206,167
6,13207,102
6,13208,103
6,13209,45
6,13210,71
6,13211,154
6,13212,51
6,13213,109
6,13214,211
6,13215,122
6,13216,109
6,13217,71
6,13218,365
6,13219,153
6,13220,102
6,13221,71
6,13222,58
6,13223,102
6,13224,64
6,13225,147
6,13226,32
6,13227,96
6,13228,64
6,13229,109
6,13230,77
6,13231,141
6,13232,153
6,13233,135
6,13234,128
6,13235,109
6,13236,134
6,13237,166
6,13238,313
6,13239,179
6,13240,167
6,13241,25
6,13242,64
6,13243,-409
6,13244,115
6,13245,115
6,13246,77
6,13247,25
6,13248,96
6,13249,89
6,13250,333
6,13251,102
6,13252,115
6,13253,64
6,13254,179
6,13255,237
6,13256,134
6,13257,109
6,13258,25
6,13259,89
6,13260,224
6,13261,243
6,13262,231
6,13263,243
6,13264,563
6,13265,230
6,13266,70
6,13267,122
6,13268,122
6,13269,205
6,13270,128
6,13271,-19
6,13272,89
6,13273,38
6,13274,64
6,13275,51
6,13276,96
6,13277,38
6,13278,70
6,13279,64
6,13280,96
6,13281,-32
6,13282,32
6,13283,90
6,13284,64
6,13285,57
6,13286,71
6,13287,141
6,13288,108
6,13289,109
6,13290,153
6,13291,128
6,13292,128
6,13293,96
6,13294,122
6,13295,90
6,13296,121
6,13297,26
6,13298,19
6,13299,58
6,13300,160
6,13301,109
6,13302,-45
6,13303,83
6,13304,71
6,13305,109
6,13306,115
6,13307,365
6,13308,128
6,13309,83
6,13310,64
6,13311,77
6,13312,96
6,13313,19
6,13314,26
6,13315,96
6,13316,96
6,13317,32
6,13318,51
6,13319,89
6,13320,64
6,13321,45
6,13322,205
6,13323,122
6,13324,371
6,13325,166
6,13326,121
6,13327,64
6,13328,83
6,13329,71
6,13330,76
6,13331,32
6,13332,128
6,13333,166
6,13334,-26
6,13335,135
6,13336,70
6,13337,141
6,13338,109
6,13339,84
6,13340,51
6,13341,115
6,13342,-12
6,13343,116
6,13344,134
6,13345,141
6,13346,96
6,13347,121
6,13348,172
6,13349,70
6,13350,25
6,13351,71
6,13352,116
6,13353,51
6,13354,173
6,13355,116
6,13356,185
6,13357,76
6,13358,57
6,13359,102
6,13360,166
6,13361,58
6,13362,102
6,13363,121
6,13364,141
6,13365,51
6,13366,-32
6,13367,179
6,13368,166
6,13369,51
6,13370,89
6,13371,109
6,13372,109
6,13373,102
6,13374,52
6,13375,115
6,13376,45
6,13377,-51
6,13378,102
6,13379,96
6,13380,70
6,13381,45
6,13382,109
6,13383,121
6,13384,217
6,13385,71
6,13386,377
6,13387,45
6,13388,32
6,13389,77
6,13390,288
6,13391,64
6,13392,58
6,13393,58
6,13394,96
6,13395,77
6,13396,83
6,13397,83
6,13398,102
6,13399,32
6,13400,102
6,13401,83
6,13402,64
6,13403,51
6,13404,832
6,13405,51
6,13406,52
6,13407,166
6,13408,128
6,13409,38
6,13410,64
6,13411,83
6,13412,122
6,13413,-25
6,13414,39
6,13415,147
6,13416,128
6,13417,115
6,13418,774
6,13419,109
6,13420,179
6,13421,122
6,13422,192
6,13423,83
6,13424,115
6,13425,51
6,13426,64
6,13427,64
6,13428,39
6,13429,44
6,13430,108
6,13431,70
6,13432,128
6,13433,102
6,13434,250
6,13435,153
6,13436,167
6,13437,102
6,13438,44
6,13439,64
6,13440,128
6,13441,64
6,13442,45
6,13443,70
6,13444,205
6,13445,128
6,13446,102
6,13447,154
6,13448,58
6,13449,109
6,13450,179
6,13451,160
6,13452,115
6,13453,154
6,13454,116
6,13455,141
6,13456,166
6,13457,96
6,13458,57
6,13459,121
6,13460,26
6,13461,52
6,13462,89
6,13463,115
6,13464,109
6,13465,89
6,13466,122
6,13467,83
6,13468,115
6,13469,77
6,13470,147
6,13471,140
6,13472,108
6,13473,57
6,13474,121
6,13475,262
6,13476,346
6,13477,128
6,13478,212
6,13479,77
6,13480,153
6,13481,58
6,13482,32
6,13483,32
6,13484,76
6,13485,128
6,13486,109
6,13487,-32
6,13488,57
6,13489,102
6,13490,147
6,13491,109
6,13492,153
6,13493,121
6,13494,90
6,13495,109
6,13496,122
6,13497,256
6,13498,25
6,13499,84
6,13500,89
6,13501,147
6,13502,83
6,13503,128
6,13504,102
6,13505,115
6,13506,122
6,13507,109
6,13508,128
6,13509,109
6,13510,58
6,13511,153
6,13512,58
6,13513,64
6,13514,-45
6,13515,109
6,13516,192
6,13517,313
6,13518,141
6,13519,212
6,13520,115
6,13521,205
6,13522,109
6,13523,371
6,13524,180
6,13525,154
6,13526,173
6,13527,141
6,13528,377
6,13529,96
6,13530,57
6,13531,32
6,13532,64
6,13533,44
6,13534,96
6,13535,32
6,13536,167
6,13537,96
6,13538,57
6,13539,77
6,13540,275
6,13541,58
6,13542,89
6,13543,109
6,13544,38
6,13545,141
6,13546,128
6,13547,166
6,13548,77
6,13549,141
6,13550,134
6,13551,115
6,13552,115
6,13553,84
6,13554,51
6,13555,64
6,13556,77
6,13557,108
6,13558,71
6,13559,64
6,13560,45
6,13561,109
6,13562,77
6,13563,115
6,13564,83
6,13565,77
6,13566,83
6,13567,64
6,13568,147
6,13569,147
6,13570,44
6,13571,-45
6,13572,179
6,13573,141
6,13574,51
6,13575,77
6,13576,83
6,13577,205
6,13578,77
6,13579,186
6,13580,192
6,13581,122
6,13582,25
6,13583,115
6,13584,71
6,13585,167
6,13586,51
6,13587,-64
6,13588,173
6,13589,51
6,13590,166
6,13591,102
6,13592,102
6,13593,103
6,13594,84
6,13595,160
6,13596,90
6,13597,115
6,13598,135
6,13599,115
6,13600,109
6,13601,64
6,13602,-51
6,13603,45
6,13604,83
6,13605,57
6,13606,121
6,13607,249
6,13608,70
6,13609,70
6,13610,153
6,13611,83
6,13612,89
6,13613,134
6,13614,116
6,13615,51
6,13616,160
6,13617,64
6,13618,109
6,13619,44
6,13620,64
6,13621,32
6,13622,135
6,13623,160
6,13624,77
6,13625,116
6,13626,102
6,13627,115
6,13628,109
6,13629,160
6,13630,205
6,13631,70
6,13632,109
6,13633,109
6,13634,64
6,13635,57
6,13636,77
6,13637,32
6,13638,231
6,13639,83
6,13640,122
6,13641,192
6,13642,192
6,13643,147
6,13644,109
6,13645,109
6,13646,115
6,13647,83
6,13648,115
6,13649,77
6,13650,71
6,13651,166
6,13652,166
6,13653,122
6,13654,115
6,13655,160
6,13656,70
6,13657,102
6,13658,83
6,13659,96
6,13660,813
6,13661,96
6,13662,166
6,13663,96
6,13664,58
6,13665,45
6,13666,64
6,13667,26
6,13668,103
6,13669,25
6,13670,57
6,13671,109
6,13672,96
6,13673,1114
6,13674,128
6,13675,794
6,13676,192
6,13677,58
6,13678,160
6,13679,64
6,13680,167
6,13681,57
6,13682,19
6,13683,58
6,13684,58
6,13685,57
6,13686,51
6,13687,109
6,13688,140
6,13689,103
6,13690,64
6,13691,166
6,13692,115
6,13693,160
6,13694,173
6,13695,96
6,13696,77
6,13697,109
6,13698,89
6,13699,-13
6,13700,70
6,13701,102
6,13702,352
6,13703,102
6,13704,121
6,13705,147
6,13706,108
6,13707,128
6,13708,135
6,13709,-26
6,13710,185
6,13711,122
6,13712,83
6,13713,45
6,13714,45
6,13715,64
6,13716,64
6,13717,115
6,13718,-51
6,13719,122
6,13720,179
6,13721,102
6,13722,96
6,13723,128
6,13724,83
6,13725,128
6,13726,186
6,13727,109
6,13728,102
6,13729,128
6,13730,128
6,13731,160
6,13732,147
6,13733,147
6,13734,115
6,13735,122
6,13736,64
6,13737,109
6,13738,64
6,13739,71
6,13740,45
6,13741,71
6,13742,205
6,13743,115
6,13744,64
6,13745,198
6,13746,115
6,13747,122
6,13748,166
6,13749,96
6,13750,64
6,13751,115
6,13752,135
6,13753,64
6,13754,-38
6,13755,83
6,13756,-45
6,13757,115
6,13758,25
6,13759,224
6,13760,64
6,13761,141
6,13762,64
6,13763,185
6,13764,166
6,13765,147
6,13766,108
6,13767,103
6,13768,70
6,13769,64
6,13770,64
6,13771,122
6,13772,167
6,13773,109
6,13774,135
6,13775,115
6,13776,115
6,13777,243
6,13778,147
6,13779,141
6,13780,167
6,13781,77
6,13782,198
6,13783,70
6,13784,204
6,13785,64
6,13786,83
6,13787,77
6,13788,128
6,13789,102
6,13790,141
6,13791,32
6,13792,-44
6,13793,96
6,13794,19
6,13795,57
6,13796,166
6,13797,166
6,13798,121
6,13799,90
6,13800,96
6,13801,115
6,13802,115
6,13803,185
6,13804,167
6,13805,486
6,13806,358
6,13807,122
6,13808,148
6,13809,77
6,13810,19
6,13811,71
6,13812,147
6,13813,192
6,13814,128
6,13815,109
6,13816,77
6,13817,141
6,13818,96
6,13819,141
6,13820,115
6,13821,71
6,13822,51
6,13823,-26
6,13824,84
6,13825,38
6,13826,134
6,13827,147
6,13828,192
6,13829,77
6,13830,64
6,13831,109
6,13832,83
6,13833,134
6,13834,115
6,13835,288
6,13836,-45
6,13837,160
6,13838,70
6,13839,-64
6,13840,89
6,13841,45
6,13842,77
6,13843,109
6,13844,39
6,13845,-39
6,13846,103
6,13847,122
6,13848,76
6,13849,160
6,13850,115
6,13851,96
6,13852,83
6,13853,365
6,13854,51
6,13855,83
6,13856,102
6,13857,51
6,13858,109
6,13859,115
6,13860,167
6,13861,116
6,13862,70
6,13863,160
6,13864,153
6,13865,115
6,13866,57
6,13867,109
6,13868,-45
6,13869,77
6,13870,192
6,13871,128
6,13872,90
6,13873,160
6,13874,77
6,13875,109
6,13876,167
6,13877,-25
6,13878,64
6,13879,109
6,13880,64
6,13881,83
6,13882,32
6,13883,64
6,13884,109
6,13885,70
6,13886,-70
6,13887,83
6,13888,83
6,13889,141
6,13890,122
6,13891,83
6,13892,153
6,13893,103
6,13894,186
6,13895,77
6,13896,128
6,13897,109
6,13898,-51
6,13899,32
6,13900,83
6,13901,39
6,13902,25
6,13903,64
6,13904,122
6,13905,109
6,13906,135
6,13907,64
6,13908,180
6,13909,122
6,13910,160
6,13911,147
6,13912,84
6,13913,76
6,13914,77
6,13915,77
6,13916,947
6,13917,71
6,13918,-38
6,13919,45
6,13920,160
6,13921,115
6,13922,102
6,13923,57
6,13924,147
6,13925,-38
6,13926,102
6,13927,70
6,13928,141
6,13929,39
6,13930,774
6,13931,-26
6,13932,83
6,13933,102
6,13934,-51
6,13935,122
6,13936,192
6,13937,116
6,13938,179
6,13939,140
6,13940,122
6,13941,121
6,13942,154
6,13943,160
6,13944,116
6,13945,103
6,13946,58
6,13947,135
6,13948,57
6,13949,64
6,13950,147
6,13951,102
6,13952,128
6,13953,45
6,13954,19
6,13955,109
6,13956,58
6,13957,38
6,13958,64
6,13959,90
6,13960,371
6,13961,121
6,13962,128
6,13963,-52
6,13964,160
6,13965,109
6,13966,64
6,13967,90
6,13968,154
6,13969,77
6,13970,134
6,13971,147
6,13972,96
6,13973,96
6,13974,121
6,13975,102
6,13976,44
6,13977,122
6,13978,64
6,13979,153
6,13980,102
6,13981,365
6,13982,186
6,13983,166
6,13984,198
6,13985,122
6,13986,108
6,13987,397
6,13988,160
6,13989,160
6,13990,147
6,13991,160
6,13992,115
6,13993,109
6,13994,64
6,13995,44
6,13996,57
6,13997,141
6,13998,77
6,13999,109
6,14000,122
6,14001,148
6,14002,121
6,14003,109
6,14004,25
6,14005,147
6,14006,378
6,14007,147
6,14008,160
6,14009,44
6,14010,25
6,14011,58
6,14012,51
6,14013,64
6,14014,70
6,14015,64
6,14016,70
6,14017,45
6,14018,64
6,14019,-32
6,14020,211
6,14021,134
6,14022,115
6,14023,371
6,14024,116
6,14025,115
6,14026,64
6,14027,64
6,14028,26
6,14029,96
6,14030,109
6,14031,77
6,14032,166
6,14033,96
6,14034,166
6,14035,96
6,14036,160
6,14037,83
6,14038,57
6,14039,153
6,14040,179
6,14041,52
6,14042,26
6,14043,71
6,14044,141
6,14045,71
6,14046,-44
6,14047,128
6,14048,109
6,14049,25
6,14050,140
6,14051,109
6,14052,64
6,14053,45
6,14054,32
6,14055,115
6,14056,192
6,14057,115
6,14058,96
6,14059,192
6,14060,128
6,14061,77
6,14062,19
6,14063,77
6,14064,160
6,14065,154
6,14066,377
6,14067,96
6,14068,109
6,14069,64
6,14070,26
6,14071,90
6,14072,115
6,14073,140
6,14074,70
6,14075,167
6,14076,135
6,14077,57
6,14078,83
6,14079,128
6,14080,192
6,14081,83
6,14082,26
6,14083,-39
6,14084,77
6,14085,70
6,14086,-45
6,14087,77
6,14088,103
6,14089,172
6,14090,116
6,14091,77
6,14092,83
6,14093,109
6,14094,96
6,14095,77
6,14096,115
6,14097,58
6,14098,90
6,14099,71
6,14100,154
6,14101,51
6,14102,224
6,14103,83
6,14104,44
6,14105,121
6,14106,167
6,14107,121
6,14108,275
6,14109,84
6,14110,109
6,14111,89
6,14112,102
6,14113,64
6,14114,90
6,14115,70
6,14116,109
6,14117,96
6,14118,-44
6,14119,179
6,14120,147
6,14121,148
6,14122,128
6,14123,108
6,14124,204
6,14125,77
6,14126,64
6,14127,116
6,14128,83
6,14129,115
6,14130,-19
6,14131,77
6,14132,135
6,14133,96
6,14134,39
6,14135,154
6,14136,109
6,14137,122
6,14138,83
6,14139,160
6,14140,109
6,14141,96
6,14142,77
6,14143,147
6,14144,115
6,14145,83
6,14146,71
6,14147,135
6,14148,96
6,14149,25
6,14150,467
6,14151,57
6,14152,96
6,14153,102
6,14154,84
6,14155,58
6,14156,154
6,14157,58
6,14158,96
6,14159,-51
6,14160,153
6,14161,39
6,14162,365
6,14163,166
6,14164,115
6,14165,-51
6,14166,32
6,14167,115
6,14168,96
6,14169,58
6,14170,147
6,14171,122
6,14172,800
6,14173,102
6,14174,115
6,14175,70
6,14176,96
6,14177,359
6,14178,102
6,14179,64
6,14180,58
6,14181,352
6,14182,38
6,14183,84
6,14184,64
6,14185,909
6,14186,231
6,14187,1146
6,14188,96
6,14189,102
6,14190,109
6,14191,70
6,14192,77
6,14193,301
6,14194,25
6,14195,45
6,14196,45
6,14197,83
6,14198,96
6,14199,128
6,14200,64
6,14201,153
6,14202,58
6,14203,71
6,14204,77
6,14205,160
6,14206,166
6,14207,77
6,14208,64
6,14209,96
6,14210,148
6,14211,70
6,14212,115
6,14213,96
6,14214,103
6,14215,179
6,14216,109
6,14217,153
6,14218,58
6,14219,77
6,14220,83
6,14221,89
6,14222,115
6,14223,83
6,14224,77
6,14225,58
6,14226,-51
6,14227,166
6,14228,51
6,14229,71
6,14230,-25
6,14231,148
6,14232,116
6,14233,128
6,14234,71
6,14235,166
6,14236,128
6,14237,167
6,14238,173
6,14239,160
6,14240,83
6,14241,160
6,14242,115
6,14243,115
6,14244,64
6,14245,64
6,14246,96
6,14247,160
6,14248,173
6,14249,141
6,14250,70
6,14251,122
6,14252,32
6,14253,128
6,14254,26
6,14255,128
6,14256,51
6,14257,103
6,14258,109
6,14259,115
6,14260,154
6,14261,77
6,14262,147
6,14263,167
6,14264,96
6,14265,103
6,14266,70
6,14267,70
6,14268,58
6,14269,77
6,14270,57
6,14271,102
6,14272,154
6,14273,64
6,14274,128
6,14275,51
6,14276,166
6,14277,51
6,14278,96
6,14279,134
6,14280,115
6,14281,64
6,14282,64
6,14283,90
6,14284,103
6,14285,122
6,14286,172
6,14287,84
6,14288,64
6,14289,58
6,14290,121
6,14291,77
6,14292,141
6,14293,115
6,14294,109
6,14295,76
6,14296,102
6,14297,38
6,14298,58
6,14299,83
6,14300,90
6,14301,25
6,14302,390
6,14303,102
6,14304,64
6,14305,51
6,14306,128
6,14307,26
6,14308,51
6,14309,-25
6,14310,32
6,14311,109
6,14312,108
6,14313,109
6,14314,122
6,14315,134
6,14316,128
6,14317,58
6,14318,211
6,14319,71
6,14320,128
6,14321,58
6,14322,64
6,14323,90
6,14324,70
6,14325,64
6,14326,141
6,14327,76
6,14328,51
6,14329,301
6,14330,154
6,14331,141
6,14332,128
6,14333,109
6,14334,83
6,14335,-51
6,14336,51
6,14337,64
6,14338,103
6,14339,102
6,14340,103
6,14341,57
6,14342,115
6,14343,83
6,14344,128
6,14345,109
6,14346,205
6,14347,-44
6,14348,186
6,14349,58
6,14350,108
6,14351,64
6,14352,109
6,14353,58
6,14354,25
6,14355,166
6,14356,57
6,14357,45
6,14358,45
6,14359,96
6,14360,58
6,14361,70
6,14362,377
6,14363,147
6,14364,128
6,14365,115
6,14366,115
6,14367,198
6,14368,76
6,14369,77
6,14370,64
6,14371,141
6,14372,154
6,14373,134
6,14374,186
6,14375,160
6,14376,282
6,14377,77
6,14378,32
6,14379,-64
6,14380,128
6,14381,70
6,14382,25
6,14383,64
6,14384,32
6,14385,121
6,14386,185
6,14387,115
6,14388,167
6,14389,116
6,14390,70
6,14391,90
6,14392,83
6,14393,109
6,14394,96
6,14395,83
6,14396,64
6,14397,128
6,14398,-44
6,14399,77
6,14400,115
6,14401,76
6,14402,115
6,14403,160
6,14404,122
6,14405,147
6,14406,77
6,14407,58
6,14408,64
6,14409,90
6,14410,115
6,14411,77
6,14412,128
6,14413,89
6,14414,96
6,14415,96
6,14416,70
6,14417,205
6,14418,115
6,14419,128
6,14420,166
6,14421,64
6,14422,192
6,14423,122
6,14424,64
6,14425,109
6,14426,83
6,14427,154
6,14428,787
6,14429,205
6,14430,160
6,14431,45
6,14432,45
6,14433,90
6,14434,38
6,14435,109
6,14436,70
6,14437,77
6,14438,90
6,14439,44
6,14440,71
6,14441,358
6,14442,774
6,14443,90
6,14444,128
6,14445,102
6,14446,115
6,14447,122
6,14448,83
6,14449,57
6,14450,26
6,14451,89
6,14452,77
6,14453,58
6,14454,51
6,14455,76
6,14456,-32
6,14457,77
6,14458,58
6,14459,83
6,14460,103
6,14461,116
6,14462,90
6,14463,84
6,14464,115
6,14465,77
6,14466,51
6,14467,263
6,14468,96
6,14469,26
6,14470,57
6,14471,77
6,14472,122
6,14473,115
6,14474,122
6,14475,179
6,14476,128
6,14477,147
6,14478,135
6,14479,166
6,14480,122
6,14481,51
6,14482,51
6,14483,167
6,14484,64
6,14485,83
6,14486,147
6,14487,115
6,14488,70
6,14489,58
6,14490,180
6,14491,90
6,14492,64
6,14493,70
6,14494,160
6,14495,115
6,14496,90
6,14497,64
6,14498,160
6,14499,64
6,14500,199
6,14501,109
6,14502,205
6,14503,83
6,14504,109
6,14505,51
6,14506,26
6,14507,77
6,14508,102
6,14509,115
6,14510,135
6,14511,71
6,14512,90
6,14513,115
6,14514,115
6,14515,51
6,14516,64
6,14517,141
6,14518,109
6,14519,103
6,14520,116
6,14521,32
6,14522,32
6,14523,77
6,14524,57
6,14525,115
6,14526,77
6,14527,77
6,14528,115
6,14529,116
6,14530,32
6,14531,172
6,14532,77
6,14533,211
6,14534,365
6,14535,166
6,14536,153
6,14537,39
6,14538,96
6,14539,122
6,14540,109
6,14541,115
6,14542,102
6,14543,204
6,14544,103
6,14545,109
6,14546,102
6,14547,160
6,14548,-44
6,14549,121
6,14550,77
6,14551,128
6,14552,128
6,14553,57
6,14554,32
6,14555,109
6,14556,115
6,14557,90
6,14558,167
6,14559,109
6,14560,396
6,14561,96
6,14562,102
6,14563,51
6,14564,90
6,14565,70
6,14566,-44
6,14567,134
6,14568,83
6,14569,103
6,14570,148
6,14571,128
6,14572,134
6,14573,135
6,14574,45
6,14575,77
6,14576,141
6,14577,51
6,14578,102
6,14579,32
6,14580,51
6,14581,102
6,14582,38
6,14583,70
6,14584,102
6,14585,102
6,14586,135
6,14587,211
6,14588,-6
6,14589,148
6,14590,172
6,14591,103
6,14592,333
6,14593,51
6,14594,51
6,14595,70
6,14596,77
6,14597,39
6,14598,256
6,14599,70
6,14600,64
6,14601,77
6,14602,70
6,14603,371
6,14604,122
6,14605,90
6,14606,64
6,14607,288
6,14608,70
6,14609,58
6,14610,58
6,14611,45
6,14612,147
6,14613,160
6,14614,64
6,14615,109
6,14616,121
6,14617,166
6,14618,116
6,14619,109
6,14620,224
6,14621,102
6,14622,52
6,14623,52
6,14624,332
6,14625,-19
6,14626,115
6,14627,71
6,14628,58
6,14629,51
6,14630,154
6,14631,71
6,14632,51
6,14633,71
6,14634,102
6,14635,166
6,14636,128
6,14637,51
6,14638,166
6,14639,160
6,14640,103
6,14641,64
6,14642,327
6,14643,77
6,14644,103
6,14645,52
6,14646,141
6,14647,96
6,14648,172
6,14649,58
6,14650,89
6,14651,71
6,14652,352
6,14653,96
6,14654,135
6,14655,115
6,14656,71
6,14657,64
6,14658,44
6,14659,128
6,14660,128
6,14661,96
6,14662,103
6,14663,122
6,14664,102
6,14665,44
6,14666,103
6,14667,128
6,14668,333
6,14669,192
6,14670,154
6,14671,96
6,14672,77
6,14673,115
6,14674,77
6,14675,102
6,14676,58
6,14677,102
6,14678,115
6,14679,128
6,14680,44
6,14681,109
6,14682,64
6,14683,-32
6,14684,787
6,14685,58
6,14686,141
6,14687,102
6,14688,102
6,14689,160
6,14690,52
6,14691,96
6,14692,39
6,14693,51
6,14694,148
6,14695,116
6,14696,51
6,14697,813
6,14698,96
6,14699,845
6,14700,167
6,14701,102
6,14702,211
6,14703,166
6,14704,57
6,14705,45
6,14706,32
6,14707,109
6,14708,32
6,14709,84
6,14710,70
6,14711,71
6,14712,121
6,14713,89
6,14714,96
6,14715,359
6,14716,71
6,14717,77
6,14718,141
6,14719,90
6,14720,211
6,14721,-38
6,14722,128
6,14723,96
6,14724,115
6,14725,64
6,14726,115
6,14727,115
6,14728,122
6,14729,52
6,14730,122
6,14731,122
6,14732,121
6,14733,128
6,14734,57
6,14735,160
6,14736,45
6,14737,-32
6,14738,51
6,14739,83
6,14740,96
6,14741,115
6,14742,186
6,14743,64
6,14744,83
6,14745,51
6,14746,141
6,14747,109
6,14748,38
6,14749,64
6,14750,90
6,14751,116
6,14752,154
6,14753,102
6,14754,44
6,14755,186
6,14756,115
6,14757,58
6,14758,71
6,14759,167
6,14760,108
6,14761,51
6,14762,90
6,14763,19
6,14764,32
6,14765,64
6,14766,77
6,14767,-57
6,14768,96
6,14769,109
6,14770,83
6,14771,122
6,14772,314
6,14773,90
6,14774,218
6,14775,70
6,14776,102
6,14777,-19
6,14778,44
6,14779,83
6,14780,52
6,14781,115
6,14782,134
6,14783,-64
6,14784,76
6,14785,128
6,14786,128
6,14787,160
6,14788,173
6,14789,96
6,14790,109
6,14791,115
6,14792,212
6,14793,44
6,14794,90
6,14795,160
6,14796,64
6,14797,58
6,14798,160
6,14799,-70
6,14800,51
6,14801,70
6,14802,109
6,14803,148
6,14804,154
6,14805,128
6,14806,211
6,14807,128
6,14808,71
6,14809,89
6,14810,84
6,14811,-64
6,14812,186
6,14813,64
6,14814,147
6,14815,83
6,14816,153
6,14817,70
6,14818,64
6,14819,84
6,14820,89
6,14821,154
6,14822,167
6,14823,45
6,14824,115
6,14825,71
6,14826,77
6,14827,172
6,14828,179
6,14829,64
6,14830,166
6,14831,-45
6,14832,147
6,14833,58
6,14834,77
6,14835,116
6,14836,83
6,14837,57
6,14838,128
6,14839,108
6,14840,224
6,14841,84
6,14842,135
6,14843,115
6,14844,58
6,14845,128
6,14846,51
6,14847,173
6,14848,109
6,14849,51
6,14850,58
6,14851,122
6,14852,58
6,14853,51
6,14854,109
6,14855,121
6,14856,192
6,14857,141
6,14858,90
6,14859,154
6,14860,147
6,14861,122
6,14862,19
6,14863,122
6,14864,96
6,14865,96
6,14866,70
6,14867,141
6,14868,128
6,14869,96
6,14870,71
6,14871,90
6,14872,121
6,14873,148
6,14874,109
6,14875,179
6,14876,102
6,14877,77
6,14878,154
6,14879,141
6,14880,141
6,14881,109
6,14882,109
6,14883,134
6,14884,358
6,14885,51
6,14886,51
6,14887,102
6,14888,-51
6,14889,64
6,14890,64
6,14891,102
6,14892,115
6,14893,83
6,14894,128
6,14895,109
6,14896,45
6,14897,147
6,14898,84
6,14899,160
6,14900,154
6,14901,109
6,14902,166
6,14903,115
6,14904,147
6,14905,-70
6,14906,20
6,14907,179
6,14908,90
6,14909,77
6,14910,64
6,14911,64
6,14912,102
6,14913,115
6,14914,109
6,14915,96
6,14916,108
6,14917,160
6,14918,96
6,14919,134
6,14920,147
6,14921,64
6,14922,172
6,14923,121
6,14924,115
6,14925,103
6,14926,58
6,14927,115
6,14928,90
6,14929,84
6,14930,83
6,14931,-166
6,14932,-45
6,14933,134
6,14934,70
6,14935,256
6,14936,-52
6,14937,186
6,14938,179
6,14939,141
6,14940,813
6,14941,57
6,14942,102
6,14943,109
6,14944,179
6,14945,52
6,14946,83
6,14947,115
6,14948,58
6,14949,102
6,14950,128
6,14951,64
6,14952,141
6,14953,-39
6,14954,781
6,14955,77
6,14956,70
6,14957,103
6,14958,186
6,14959,128
6,14960,77
6,14961,179
6,14962,115
6,14963,71
6,14964,-45
6,14965,77
6,14966,51
6,14967,307
6,14968,332
6,14969,57
6,14970,83
6,14971,141
6,14972,38
6,14973,115
6,14974,70
6,14975,103
6,14976,77
6,14977,77
6,14978,57
6,14979,51
6,14980,58
6,14981,90
6,14982,25
6,14983,-51
6,14984,147
6,14985,109
6,14986,109
6,14987,173
6,14988,102
6,14989,140
6,14990,32
6,14991,90
6,14992,199
6,14993,64
6,14994,115
6,14995,-32
6,14996,83
6,14997,25
6,14998,186
6,14999,96
6,15000,32
6,15001,57
6,15002,166
6,15003,160
6,15004,148
6,15005,83
6,15006,135
6,15007,115
6,15008,166
6,15009,160
6,15010,128
6,15011,147
6,15012,160
6,15013,70
6,15014,122
6,15015,96
6,15016,90
6,15017,64
6,15018,102
6,15019,96
6,15020,58
6,15021,51
6,15022,64
6,15023,103
6,15024,153
6,15025,135
6,15026,89
6,15027,115
6,15028,83
6,15029,109
6,15030,70
6,15031,160
6,15032,-454
6,15033,44
6,15034,51
6,15035,32
6,15036,45
6,15037,57
6,15038,71
6,15039,135
6,15040,89
6,15041,256
6,15042,103
6,15043,84
6,15044,70
6,15045,121
6,15046,102
6,15047,166
6,15048,109
6,15049,167
6,15050,109
6,15051,140
6,15052,64
6,15053,51
6,15054,108
6,15055,109
6,15056,64
6,15057,71
6,15058,115
6,15059,147
6,15060,160
6,15061,77
6,15062,147
6,15063,154
6,15064,90
6,15065,51
6,15066,115
6,15067,96
6,15068,102
6,15069,64
6,15070,71
6,15071,109
6,15072,128
6,15073,25
6,15074,147
6,15075,26
6,15076,122
6,15077,364
6,15078,58
6,15079,70
6,15080,128
6,15081,109
6,15082,122
6,15083,102
6,15084,186
6,15085,102
6,15086,64
6,15087,134
6,15088,121
6,15089,96
6,15090,76
6,15091,96
6,15092,122
6,15093,-39
6,15094,83
6,15095,77
6,15096,109
6,15097,102
6,15098,147
6,15099,154
6,15100,364
6,15101,102
6,15102,64
6,15103,-32
6,15104,134
6,15105,52
6,15106,77
6,15107,57
6,15108,96
6,15109,122
6,15110,90
6,15111,140
6,15112,57
6,15113,109
6,15114,71
6,15115,141
6,15116,173
6,15117,51
6,15118,115
6,15119,128
6,15120,166
6,15121,64
6,15122,134
6,15123,57
6,15124,172
6,15125,19
6,15126,179
6,15127,115
6,15128,103
6,15129,121
6,15130,166
6,15131,102
6,15132,122
6,15133,83
6,15134,90
6,15135,83
6,15136,121
6,15137,45
6,15138,70
6,15139,90
6,15140,199
6,15141,96
6,15142,103
6,15143,77
6,15144,167
6,15145,109
6,15146,115
6,15147,116
6,15148,38
6,15149,115
6,15150,26
6,15151,108
6,15152,179
6,15153,179
6,15154,115
6,15155,121
6,15156,141
6,15157,115
6,15158,19
6,15159,77
6,15160,102
6,15161,115
6,15162,13
6,15163,154
6,15164,115
6,15165,70
6,15166,58
6,15167,13
6,15168,70
6,15169,83
6,15170,96
6,15171,96
6,15172,71
6,15173,231
6,15174,64
6,15175,64
6,15176,77
6,15177,57
6,15178,141
6,15179,102
6,15180,64
6,15181,64
6,15182,122
6,15183,122
6,15184,109
6,15185,58
6,15186,96
6,15187,148
6,15188,122
6,15189,96
6,15190,51
6,15191,141
6,15192,32
6,15193,89
6,15194,-26
6,15195,109
6,15196,806
6,15197,96
6,15198,-64
6,15199,102
6,15200,70
6,15201,57
6,15202,64
6,15203,-45
6,15204,109
6,15205,51
6,15206,52
6,15207,109
6,15208,115
6,15209,800
6,15210,64
6,15211,762
6,15212,192
6,15213,109
6,15214,96
6,15215,89
6,15216,115
6,15217,57
6,15218,90
6,15219,64
6,15220,89
6,15221,-70
6,15222,38
6,15223,147
6,15224,115
6,15225,115
6,15226,77
6,15227,147
6,15228,115
6,15229,96
6,15230,71
6,15231,115
6,15232,109
6,15233,51
6,15234,103
6,15235,58
6,15236,44
6,15237,64
6,15238,109
6,15239,115
6,15240,121
6,15241,103
6,15242,26
6,15243,77
6,15244,96
6,15245,77
6,15246,83
6,15247,84
6,15248,90
6,15249,64
6,15250,84
6,15251,128
6,15252,109
6,15253,51
6,15254,77
6,15255,153
6,15256,83
6,15257,128
6,15258,172
6,15259,116
6,15260,173
6,15261,147
6,15262,83
6,15263,-32
6,15264,70
6,15265,116
6,15266,262
6,15267,115
6,15268,333
6,15269,109
6,15270,115
6,15271,103
6,15272,390
6,15273,148
6,15274,51
6,15275,89
6,15276,64
6,15277,128
6,15278,128
6,15279,64
6,15280,166
6,15281,109
6,15282,64
6,15283,199
6,15284,166
6,15285,186
6,15286,160
6,15287,115
6,15288,173
6,15289,71
6,15290,365
6,15291,57
6,15292,32
6,15293,102
6,15294,26
6,15295,71
6,15296,64
6,15297,90
6,15298,84
6,15299,166
6,15300,141
6,15301,160
6,15302,51
6,15303,154
6,15304,-26
6,15305,32
6,15306,77
6,15307,102
6,15308,83
6,15309,44
6,15310,45
6,15311,116
6,15312,45
6,15313,83
6,15314,116
6,15315,89
6,15316,154
6,15317,64
6,15318,51
6,15319,121
6,15320,122
6,15321,64
6,15322,32
6,15323,160
6,15324,83
6,15325,64
6,15326,-51
6,15327,115
6,15328,84
6,15329,38
6,15330,70
6,15331,57
6,15332,38
6,15333,44
6,15334,58
6,15335,77
6,15336,307
6,15337,128
6,15338,108
6,15339,77
6,15340,192
6,15341,108
6,15342,84
6,15343,84
6,15344,115
6,15345,141
6,15346,109
6,15347,102
6,15348,26
6,15349,51
6,15350,70
6,15351,64
6,15352,166
6,15353,116
6,15354,19
6,15355,166
6,15356,167
6,15357,365
6,15358,-39
6,15359,122
6,15360,90
6,15361,109
6,15362,-26
6,15363,76
6,15364,25
6,15365,71
6,15366,134
6,15367,70
6,15368,83
6,15369,365
6,15370,109
6,15371,160
6,15372,166
6,15373,109
6,15374,128
6,15375,166
6,15376,153
6,15377,115
6,15378,147
6,15379,108
6,15380,166
6,15381,166
6,15382,52
6,15383,58
6,15384,116
6,15385,102
6,15386,122
6,15387,166
6,15388,141
6,15389,109
6,15390,64
6,15391,109
6,15392,109
6,15393,96
6,15394,58
6,15395,20
6,15396,128
6,15397,51
6,15398,84
6,15399,45
6,15400,198
6,15401,116
6,15402,211
6,15403,122
6,15404,122
6,15405,70
6,15406,109
6,15407,102
6,15408,122
6,15409,96
6,15410,365
6,15411,160
6,15412,198
6,15413,128
6,15414,45
6,15415,134
6,15416,172
6,15417,116
6,15418,89
6,15419,83
6,15420,109
6,15421,115
6,15422,25
6,15423,32
6,15424,147
6,15425,115
6,15426,64
6,15427,109
6,15428,134
6,15429,167
6,15430,58
6,15431,71
6,15432,96
6,15433,115
6,15434,64
6,15435,64
6,15436,58
6,15437,32
6,15438,77
6,15439,109
6,15440,281
6,15441,109
6,15442,204
6,15443,58
6,15444,115
6,15445,109
6,15446,371
6,15447,-38
6,15448,128
6,15449,103
6,15450,77
6,15451,70
6,15452,793
6,15453,64
6,15454,52
6,15455,115
6,15456,58
6,15457,19
6,15458,83
6,15459,-26
6,15460,39
6,15461,71
6,15462,192
6,15463,134
6,15464,128
6,15465,154
6,15466,807
6,15467,122
6,15468,109
6,15469,115
6,15470,109
6,15471,90
6,15472,45
6,15473,57
6,15474,115
6,15475,39
6,15476,64
6,15477,90
6,15478,26
6,15479,70
6,15480,116
6,15481,122
6,15482,135
6,15483,115
6,15484,128
6,15485,109
6,15486,83
6,15487,102
6,15488,90
6,15489,45
6,15490,96
6,15491,-64
6,15492,77
6,15493,26
6,15494,116
6,15495,160
6,15496,103
6,15497,147
6,15498,70
6,15499,77
6,15500,154
6,15501,128
6,15502,192
6,15503,147
6,15504,115
6,15505,38
6,15506,-51
6,15507,77
6,15508,121
6,15509,115
6,15510,32
6,15511,-64
6,15512,115
6,15513,160
6,15514,70
6,15515,128
6,15516,109
6,15517,96
6,15518,64
6,15519,134
6,15520,115
6,15521,397
6,15522,211
6,15523,32
6,15524,115
6,15525,64
6,15526,102
6,15527,109
6,15528,121
6,15529,160
6,15530,58
6,15531,102
6,15532,25
6,15533,103
6,15534,71
6,15535,358
6,15536,90
6,15537,122
6,15538,103
6,15539,134
6,15540,64
6,15541,128
6,15542,141
6,15543,121
6,15544,121
6,15545,102
6,15546,185
6,15547,64
6,15548,64
6,15549,167
6,15550,109
6,15551,115
6,15552,147
6,15553,89
6,15554,115
6,15555,122
6,15556,128
6,15557,96
6,15558,96
6,15559,140
6,15560,64
6,15561,211
6,15562,218
6,15563,115
6,15564,154
6,15565,51
6,15566,76
6,15567,115
6,15568,115
6,15569,115
6,15570,-32
6,15571,173
6,15572,32
6,15573,109
6,15574,160
6,15575,160
6,15576,77
6,15577,64
6,15578,19
6,15579,148
6,15580,109
6,15581,45
6,15582,57
6,15583,115
6,15584,147
6,15585,160
6,15586,32
6,15587,90
6,15588,121
6,15589,64
6,15590,26
6,15591,45
6,15592,135
6,15593,84
6,15594,122
6,15595,134
6,15596,173
6,15597,109
6,15598,57
6,15599,83
6,15600,147
6,15601,51
6,15602,58
6,15603,70
6,15604,-51
6,15605,64
6,15606,128
6,15607,116
6,15608,116
6,15609,116
6,15610,166
6,15611,282
6,15612,371
6,15613,83
6,15614,64
6,15615,128
6,15616,115
6,15617,45
6,15618,26
6,15619,32
6,15620,198
6,15621,51
6,15622,26
6,15623,103
6,15624,64
6,15625,148
6,15626,-32
6,15627,148
6,15628,186
6,15629,-474
6,15630,71
6,15631,-38
6,15632,115
6,15633,19
6,15634,39
6,15635,51
6,15636,89
6,15637,-32
6,15638,83
6,15639,51
6,15640,58
6,15641,103
6,15642,166
6,15643,160
6,15644,179
6,15645,71
6,15646,160
6,15647,115
6,15648,173
6,15649,269
6,15650,173
6,15651,108
6,15652,64
6,15653,109
6,15654,39
6,15655,83
6,15656,115
6,15657,102
6,15658,96
6,15659,121
6,15660,90
6,15661,96
6,15662,57
6,15663,83
6,15664,109
6,15665,147
6,15666,96
6,15667,102
6,15668,57
6,15669,122
6,15670,103
6,15671,102
6,15672,64
6,15673,71
6,15674,89
6,15675,83
6,15676,365
6,15677,108
6,15678,64
6,15679,205
6,15680,84
6,15681,38
6,15682,186
6,15683,122
6,15684,89
6,15685,96
6,15686,173
6,15687,102
6,15688,-32
6,15689,77
6,15690,198
6,15691,148
6,15692,70
6,15693,128
6,15694,166
6,15695,109
6,15696,140
6,15697,71
6,15698,173
6,15699,115
6,15700,71
6,15701,121
6,15702,192
6,15703,115
6,15704,51
6,15705,83
6,15706,108
6,15707,160
6,15708,813
6,15709,122
6,15710,218
6,15711,358
6,15712,64
6,15713,96
6,15714,128
6,15715,-25
6,15716,64
6,15717,71
6,15718,166
6,15719,128
6,15720,198
6,15721,788
6,15722,89
6,15723,781
6,15724,90
6,15725,186
6,15726,96
6,15727,109
6,15728,115
6,15729,109
6,15730,26
6,15731,64
6,15732,38
6,15733,121
6,15734,166
6,15735,90
6,15736,64
6,15737,109
6,15738,173
6,15739,122
6,15740,109
6,15741,147
6,15742,160
6,15743,102
6,15744,108
6,15745,38
6,15746,115
6,15747,83
6,15748,109
6,15749,135
6,15750,154
6,15751,64
6,15752,77
6,15753,103
6,15754,122
6,15755,77
6,15756,109
6,15757,64
6,15758,-38
6,15759,141
6,15760,166
6,15761,96
6,15762,19
6,15763,71
6,15764,58
6,15765,102
6,15766,128
6,15767,134
6,15768,64
6,15769,77
6,15770,109
6,15771,70
6,15772,102
6,15773,147
6,15774,-26
6,15775,173
6,15776,128
6,15777,57
6,15778,77
6,15779,71
6,15780,109
6,15781,121
6,15782,51
6,15783,391
6,15784,199
6,15785,-38
6,15786,26
6,15787,64
6,15788,26
6,15789,294
6,15790,51
6,15791,122
6,15792,71
6,15793,116
6,15794,90
6,15795,70
6,15796,153
6,15797,45
6,15798,148
6,15799,58
6,15800,-474
6,15801,-38
6,15802,96
6,15803,70
6,15804,147
6,15805,108
6,15806,-25
6,15807,122
6,15808,102
6,15809,51
6,15810,25
6,15811,109
6,15812,-39
6,15813,154
6,15814,64
6,15815,70
6,15816,115
6,15817,96
6,15818,70
6,15819,115
6,15820,147
6,15821,128
6,15822,25
6,15823,103
6,15824,147
6,15825,64
6,15826,134
6,15827,122
6,15828,122
6,15829,83
6,15830,71
6,15831,128
6,15832,96
6,15833,-32
6,15834,-25
6,15835,121
6,15836,57
6,15837,269
6,15838,58
6,15839,147
6,15840,128
6,15841,115
6,15842,320
6,15843,26
6,15844,-32
6,15845,173
6,15846,141
6,15847,64
6,15848,160
6,15849,102
6,15850,89
6,15851,109
6,15852,128
6,15853,45
6,15854,51
6,15855,109
6,15856,83
6,15857,108
6,15858,77
6,15859,83
6,15860,64
6,15861,58
6,15862,116
6,15863,109
6,15864,64
6,15865,32
6,15866,108
6,15867,121
6,15868,154
6,15869,51
6,15870,-198
6,15871,167
6,15872,109
6,15873,51
6,15874,109
6,15875,115
6,15876,154
6,15877,45
6,15878,102
6,15879,64
6,15880,70
6,15881,102
6,15882,109
6,15883,103
6,15884,147
6,15885,-25
6,15886,141
6,15887,77
6,15888,154
6,15889,115
6,15890,108
6,15891,122
6,15892,38
6,15893,45
6,15894,160
6,15895,115
6,15896,70
6,15897,160
6,15898,217
6,15899,185
6,15900,166
6,15901,109
6,15902,173
6,15903,173
6,15904,365
6,15905,103
6,15906,115
6,15907,108
6,15908,121
6,15909,45
6,15910,384
6,15911,115
6,15912,109
6,15913,83
6,15914,38
6,15915,64
6,15916,128
6,15917,115
6,15918,64
6,15919,77
6,15920,70
6,15921,128
6,15922,154
6,15923,153
6,15924,96
6,15925,115
6,15926,166
6,15927,90
6,15928,166
6,15929,90
6,15930,153
6,15931,70
6,15932,148
6,15933,45
6,15934,166
6,15935,102
6,15936,147
6,15937,115
6,15938,160
6,15939,-32
6,15940,199
6,15941,147
6,15942,154
6,15943,160
6,15944,167
6,15945,70
6,15946,147
6,15947,32
6,15948,102
6,15949,83
6,15950,198
6,15951,32
6,15952,77
6,15953,115
6,15954,102
6,15955,109
6,15956,134
6,15957,-32
6,15958,167
6,15959,115
6,15960,147
6,15961,102
6,15962,167
6,15963,135
6,15964,826
6,15965,115
6,15966,121
6,15967,282
6,15968,70
6,15969,90
6,15970,-89
6,15971,89
6,15972,58
6,15973,57
6,15974,64
6,15975,128
6,15976,76
6,15977,135
6,15978,781
6,15979,109
6,15980,103
6,15981,109
6,15982,173
6,15983,153
6,15984,122
6,15985,64
6,15986,134
6,15987,115
6,15988,70
6,15989,109
6,15990,148
6,15991,154
6,15992,64
6,15993,77
6,15994,25
6,15995,397
6,15996,154
6,15997,134
6,15998,147
6,15999,64
6,16000,64
6,16001,26
6,16002,51
6,16003,64
6,16004,115
6,16005,141
6,16006,64
6,16007,128
6,16008,115
6,16009,115
6,16010,134
6,16011,352
6,16012,70
6,16013,148
6,16014,32
6,16015,320
6,16016,166
6,16017,-19
6,16018,25
6,16019,90
6,16020,64
6,16021,58
6,16022,109
6,16023,109
6,16024,64
6,16025,108
6,16026,204
6,16027,115
6,16028,102
6,16029,64
6,16030,122
6,16031,141
6,16032,-45
6,16033,167
6,16034,160
6,16035,218
6,16036,185
6,16037,122
6,16038,103
6,16039,122
6,16040,128
6,16041,64
6,16042,51
6,16043,64
6,16044,77
6,16045,122
6,16046,269
6,16047,109
6,16048,109
6,16049,-32
6,16050,128
6,16051,109
6,16052,96
6,16053,39
6,16054,64
6,16055,109
6,16056,32
6,16057,38
6,16058,64
6,16059,64
6,16060,103
6,16061,115
6,16062,96
6,16063,192
6,16064,57
6,16065,-51
6,16066,77
6,16067,147
6,16068,115
6,16069,77
6,16070,102
6,16071,45
6,16072,109
6,16073,89
6,16074,64
6,16075,51
6,16076,32
6,16077,45
6,16078,57
6,16079,102
6,16080,109
6,16081,77
6,16082,83
6,16083,115
6,16084,141
6,16085,-32
6,16086,192
6,16087,128
6,16088,147
6,16089,96
6,16090,19
6,16091,71
6,16092,134
6,16093,51
6,16094,167
6,16095,96
6,16096,96
6,16097,71
6,16098,64
6,16099,199
6,16100,51
6,16101,89
6,16102,26
6,16103,70
6,16104,108
6,16105,116
6,16106,173
6,16107,153
6,16108,102
6,16109,58
6,16110,90
6,16111,263
6,16112,154
6,16113,57
6,16114,90
6,16115,64
6,16116,45
6,16117,57
6,16118,160
6,16119,141
6,16120,269
6,16121,77
6,16122,71
6,16123,115
6,16124,128
6,16125,90
6,16126,275
6,16127,141
6,16128,204
6,16129,52
6,16130,25
6,16131,64
6,16132,-25
6,16133,39
6,16134,57
6,16135,135
6,16136,276
6,16137,263
6,16138,154
6,16139,83
6,16140,64
6,16141,-493
6,16142,153
6,16143,135
6,16144,185
6,16145,141
6,16146,109
6,16147,58
6,16148,-38
6,16149,51
6,16150,77
6,16151,70
6,16152,83
6,16153,121
6,16154,103
6,16155,134
6,16156,102
6,16157,186
6,16158,77
6,16159,134
6,16160,115
6,16161,90
6,16162,243
6,16163,26
6,16164,128
6,16165,115
6,16166,108
6,16167,64
6,16168,134
6,16169,-26
6,16170,64
6,16171,25
6,16172,179
6,16173,90
6,16174,109
6,16175,96
6,16176,90
6,16177,109
6,16178,83
6,16179,141
6,16180,166
6,16181,109
6,16182,128
6,16183,154
6,16184,109
6,16185,76
6,16186,77
6,16187,109
6,16188,179
6,16189,51
6,16190,96
6,16191,154
6,16192,102
6,16193,83
6,16194,70
6,16195,166
6,16196,205
6,16197,89
6,16198,44
6,16199,83
6,16200,109
6,16201,51
6,16202,122
6,16203,141
6,16204,160
6,16205,109
6,16206,339
6,16207,102
6,16208,154
6,16209,89
6,16210,32
6,16211,108
6,16212,122
6,16213,154
6,16214,57
6,16215,172
6,16216,185
6,16217,64
6,16218,64
6,16219,70
6,16220,800
6,16221,141
6,16222,172
6,16223,109
6,16224,58
6,16225,-557
6,16226,83
6,16227,64
6,16228,243
6,16229,103
6,16230,121
6,16231,102
6,16232,-58
6,16233,813
6,16234,109
6,16235,768
6,16236,96
6,16237,77
6,16238,121
6,16239,96
6,16240,205
6,16241,153
6,16242,64
6,16243,51
6,16244,57
6,16245,45
6,16246,173
6,16247,115
6,16248,128
6,16249,64
6,16250,109
6,16251,84
6,16252,147
6,16253,-32
6,16254,179
6,16255,153
6,16256,64
6,16257,64
6,16258,25
6,16259,90
6,16260,-32
6,16261,134
6,16262,166
6,16263,70
6,16264,96
6,16265,128
6,16266,103
6,16267,76
6,16268,147
6,16269,89
6,16270,172
6,16271,122
6,16272,96
6,16273,45
6,16274,38
6,16275,96
6,16276,115
6,16277,77
6,16278,64
6,16279,71
6,16280,166
6,16281,154
6,16282,96
6,16283,147
6,16284,173
6,16285,198
6,16286,154
6,16287,153
6,16288,96
6,16289,134
6,16290,160
6,16291,64
6,16292,109
6,16293,204
6,16294,211
6,16295,77
6,16296,-7
6,16297,51
6,16298,160
6,16299,109
6,16300,96
6,16301,135
6,16302,140
6,16303,89
6,16304,141
6,16305,153
6,16306,198
6,16307,154
6,16308,148
6,16309,166
6,16310,154
6,16311,249
6,16312,160
6,16313,83
6,16314,160
6,16315,115
6,16316,70
6,16317,-26
6,16318,128
6,16319,57
6,16320,70
6,16321,116
6,16322,103
6,16323,122
6,16324,134
6,16325,83
6,16326,-269
6,16327,121
6,16328,96
6,16329,57
6,16330,96
6,16331,32
6,16332,32
6,16333,32
6,16334,19
6,16335,83
6,16336,141
6,16337,96
6,16338,263
6,16339,128
6,16340,102
6,16341,103
6,16342,64
6,16343,-44
6,16344,205
6,16345,52
6,16346,51
6,16347,115
6,16348,38
6,16349,45
6,16350,32
6,16351,26
6,16352,83
6,16353,365
6,16354,102
6,16355,58
6,16356,77
6,16357,83
6,16358,20
6,16359,64
6,16360,58
6,16361,121
6,16362,70
6,16363,186
6,16364,141
6,16365,90
6,16366,160
6,16367,64
6,16368,160
6,16369,32
6,16370,103
6,16371,115
6,16372,64
6,16373,83
6,16374,256
6,16375,96
6,16376,70
6,16377,77
6,16378,70
6,16379,115
6,16380,167
6,16381,64
6,16382,26
6,16383,77
6,16384,77
6,16385,96
6,16386,147
6,16387,45
6,16388,70
6,16389,90
6,16390,179
6,16391,-45
6,16392,45
6,16393,160
6,16394,121
6,16395,115
6,16396,154
6,16397,51
6,16398,109
6,16399,135
6,16400,96
6,16401,166
6,16402,71
6,16403,140
6,16404,109
6,16405,116
6,16406,57
6,16407,108
6,16408,160
6,16409,116
6,16410,167
6,16411,122
6,16412,166
6,16413,160
6,16414,108
6,16415,167
6,16416,154
6,16417,103
6,16418,147
6,16419,167
6,16420,115
6,16421,224
6,16422,77
6,16423,122
6,16424,141
6,16425,70
6,16426,154
6,16427,179
6,16428,103
6,16429,83
6,16430,76
6,16431,71
6,16432,365
6,16433,179
6,16434,160
6,16435,141
6,16436,217
6,16437,102
6,16438,-64
6,16439,160
6,16440,198
6,16441,51
6,16442,90
6,16443,96
6,16444,198
6,16445,128
6,16446,134
6,16447,64
6,16448,-13
6,16449,134
6,16450,172
6,16451,556
6,16452,179
6,16453,185
6,16454,57
6,16455,115
6,16456,115
6,16457,103
6,16458,102
6,16459,109
6,16460,58
6,16461,71
6,16462,249
6,16463,109
6,16464,57
6,16465,256
6,16466,-51
6,16467,89
6,16468,166
6,16469,-32
6,16470,77
6,16471,103
6,16472,160
6,16473,83
6,16474,141
6,16475,121
6,16476,1164
6,16477,83
6,16478,70
6,16479,115
6,16480,96
6,16481,58
6,16482,38
6,16483,52
6,16484,71
6,16485,51
6,16486,-32
6,16487,109
6,16488,154
6,16489,166
6,16490,781
6,16491,160
6,16492,96
6,16493,166
6,16494,167
6,16495,359
6,16496,115
6,16497,102
6,16498,71
6,16499,116
6,16500,122
6,16501,77
6,16502,26
6,16503,77
6,16504,186
6,16505,140
6,16506,51
6,16507,128
6,16508,173
6,16509,147
6,16510,70
6,16511,76
6,16512,167
6,16513,83
6,16514,32
6,16515,64
6,16516,103
6,16517,58
6,16518,173
6,16519,135
6,16520,96
6,16521,199
6,16522,179
6,16523,134
6,16524,115
6,16525,102
6,16526,122
6,16527,199
6,16528,173
6,16529,-32
6,16530,83
6,16531,109
6,16532,71
6,16533,58
6,16534,70
6,16535,57
6,16536,70
6,16537,102
6,16538,192
6,16539,108
6,16540,58
6,16541,90
6,16542,121
6,16543,122
6,16544,90
6,16545,64
6,16546,83
6,16547,218
6,16548,109
6,16549,-32
6,16550,103
6,16551,135
6,16552,108
6,16553,179
6,16554,122
6,16555,77
6,16556,103
6,16557,160
6,16558,115
6,16559,64
6,16560,108
6,16561,-26
6,16562,147
6,16563,77
6,16564,160
6,16565,186
6,16566,173
6,16567,70
6,16568,211
6,16569,148
6,16570,102
6,16571,96
6,16572,58
6,16573,83
6,16574,179
6,16575,103
6,16576,109
6,16577,122
6,16578,147
6,16579,-198
6,16580,205
6,16581,199
6,16582,71
6,16583,103
6,16584,198
6,16585,135
6,16586,51
6,16587,103
6,16588,140
6,16589,352
6,16590,96
6,16591,108
6,16592,173
6,16593,102
6,16594,147
6,16595,96
6,16596,211
6,16597,115
6,16598,89
6,16599,109
6,16600,166
6,16601,25
6,16602,135
6,16603,25
6,16604,147
6,16605,217
6,16606,300
6,16607,102
6,16608,70
6,16609,103
6,16610,122
6,16611,102
6,16612,-45
6,16613,179
6,16614,13
6,16615,76
6,16616,102
6,16617,109
6,16618,77
6,16619,153
6,16620,160
6,16621,-38
6,16622,77
6,16623,103
6,16624,160
6,16625,57
6,16626,70
6,16627,58
6,16628,205
6,16629,45
6,16630,71
6,16631,84
6,16632,122
6,16633,173
6,16634,186
6,16635,83
6,16636,115
6,16637,77
6,16638,212
6,16639,25
6,16640,102
6,16641,26
6,16642,52
6,16643,64
6,16644,96
6,16645,77
6,16646,89
6,16647,96
6,16648,32
6,16649,-455
6,16650,121
6,16651,141
6,16652,45
6,16653,108
6,16654,64
6,16655,122
6,16656,199
6,16657,58
6,16658,115
6,16659,32
6,16660,64
6,16661,39
6,16662,51
6,16663,115
6,16664,153
6,16665,116
6,16666,141
6,16667,103
6,16668,141
6,16669,71
6,16670,32
6,16671,64
6,16672,128
6,16673,70
6,16674,83
6,16675,166
6,16676,115
6,16677,103
6,16678,70
6,16679,102
6,16680,52
6,16681,102
6,16682,256
6,16683,102
6,16684,103
6,16685,70
6,16686,288
6,16687,64
6,16688,121
6,16689,64
6,16690,64
6,16691,70
6,16692,134
6,16693,32
6,16694,51
6,16695,52
6,16696,109
6,16697,83
6,16698,102
6,16699,153
6,16700,76
6,16701,109
6,16702,64
6,16703,115
6,16704,102
6,16705,51
6,16706,51
6,16707,-51
6,16708,77
6,16709,58
6,16710,51
6,16711,96
6,16712,109
6,16713,115
6,16714,160
6,16715,102
6,16716,173
6,16717,121
6,16718,372
6,16719,147
6,16720,135
6,16721,58
6,16722,64
6,16723,128
6,16724,64
6,16725,167
6,16726,109
6,16727,109
6,16728,166
6,16729,71
6,16730,83
6,16731,147
6,16732,787
6,16733,179
6,16734,167
6,16735,109
6,16736,166
6,16737,-698
6,16738,147
6,16739,77
6,16740,147
6,16741,96
6,16742,96
6,16743,122
6,16744,103
6,16745,793
6,16746,115
6,16747,781
6,16748,135
6,16749,45
6,16750,115
6,16751,32
6,16752,108
6,16753,45
6,16754,26
6,16755,-45
6,16756,76
6,16757,102
6,16758,371
6,16759,154
6,16760,96
6,16761,116
6,16762,90
6,16763,103
6,16764,70
6,16765,135
6,16766,167
6,16767,140
6,16768,167
6,16769,90
6,16770,269
6,16771,102
6,16772,128
6,16773,64
6,16774,20
6,16775,57
6,16776,76
6,16777,103
6,16778,109
6,16779,109
6,16780,58
6,16781,58
6,16782,103
6,16783,102
6,16784,172
6,16785,90
6,16786,115
6,16787,51
6,16788,64
6,16789,64
6,16790,204
6,16791,154
6,16792,154
6,16793,167
6,16794,89
6,16795,147
6,16796,160
6,16797,134
6,16798,173
6,16799,154
6,16800,90
6,16801,96
6,16802,96
6,16803,102
6,16804,64
6,16805,153
6,16806,89
6,16807,32
6,16808,185
6,16809,51
6,16810,160
6,16811,102
6,16812,109
6,16813,103
6,16814,103
6,16815,102
6,16816,173
6,16817,186
6,16818,160
6,16819,64
6,16820,140
6,16821,96
6,16822,307
6,16823,-109
6,16824,77
6,16825,128
6,16826,109
6,16827,52
6,16828,134
6,16829,52
6,16830,64
6,16831,58
6,16832,83
6,16833,108
6,16834,96
6,16835,103
6,16836,58
6,16837,121
6,16838,116
6,16839,147
6,16840,173
6,16841,116
6,16842,71
6,16843,109
6,16844,90
6,16845,77
6,16846,70
6,16847,109
6,16848,121
6,16849,269
6,16850,160
6,16851,83
6,16852,166
6,16853,64
6,16854,147
6,16855,109
6,16856,121
6,16857,109
6,16858,128
6,16859,109
6,16860,314
6,16861,51
6,16862,108
6,16863,141
6,16864,340
6,16865,211
6,16866,70
6,16867,71
6,16868,45
6,16869,128
6,16870,185
6,16871,115
6,16872,122
6,16873,154
6,16874,109
6,16875,160
6,16876,205
6,16877,109
6,16878,173
6,16879,122
6,16880,166
6,16881,89
6,16882,-20
6,16883,19
6,16884,38
6,16885,58
6,16886,90
6,16887,70
6,16888,12
6,16889,96
6,16890,58
6,16891,108
6,16892,115
6,16893,115
6,16894,25
6,16895,83
6,16896,77
6,16897,45
6,16898,-26
6,16899,83
6,16900,64
6,16901,109
6,16902,51
6,16903,109
6,16904,102
6,16905,83
6,16906,116
6,16907,77
6,16908,64
6,16909,58
6,16910,26
6,16911,314
6,16912,77
6,16913,403
6,16914,64
6,16915,141
6,16916,102
6,16917,166
6,16918,84
6,16919,103
6,16920,32
6,16921,179
6,16922,102
6,16923,371
6,16924,64
6,16925,64
6,16926,19
6,16927,141
6,16928,77
6,16929,64
6,16930,134
6,16931,172
6,16932,64
6,16933,96
6,16934,89
6,16935,147
6,16936,109
6,16937,115
6,16938,64
6,16939,84
6,16940,96
6,16941,52
6,16942,70
6,16943,38
6,16944,109
6,16945,-32
6,16946,160
6,16947,122
6,16948,128
6,16949,83
6,16950,109
6,16951,115
6,16952,116
6,16953,44
6,16954,160
6,16955,-32
6,16956,-45
6,16957,70
6,16958,25
6,16959,45
6,16960,109
6,16961,141
6,16962,115
6,16963,167
6,16964,96
6,16965,115
6,16966,141
6,16967,109
6,16968,153
6,16969,160
6,16970,84
6,16971,-45
6,16972,77
6,16973,134
6,16974,19
6,16975,71
6,16976,160
6,16977,121
6,16978,122
6,16979,128
6,16980,154
6,16981,102
6,16982,166
6,16983,160
6,16984,122
6,16985,109
6,16986,365
6,16987,122
6,16988,787
6,16989,84
6,16990,153
6,16991,128
6,16992,115
6,16993,51
6,16994,51
6,16995,205
6,16996,77
6,16997,-26
6,16998,173
6,16999,96
6,17000,121
6,17001,83
6,17002,787
6,17003,102
6,17004,115
6,17005,122
6,17006,173
6,17007,121
6,17008,128
6,17009,96
6,17010,148
6,17011,116
6,17012,134
6,17013,103
6,17014,83
6,17015,84
6,17016,115
6,17017,147
6,17018,109
6,17019,115
6,17020,167
6,17021,71
6,17022,-154
6,17023,51
6,17024,115
6,17025,52
6,17026,57
6,17027,116
6,17028,38
6,17029,109
6,17030,154
6,17031,147
6,17032,179
6,17033,166
6,17034,19
6,17035,-58
6,17036,128
6,17037,154
6,17038,192
6,17039,160
6,17040,77
6,17041,58
6,17042,77
6,17043,141
6,17044,103
6,17045,108
6,17046,160
6,17047,371
6,17048,71
6,17049,76
6,17050,371
6,17051,71
6,17052,83
6,17053,109
6,17054,-45
6,17055,179
6,17056,135
6,17057,102
6,17058,116
6,17059,71
6,17060,115
6,17061,186
6,17062,218
6,17063,116
6,17064,108
6,17065,115
6,17066,109
6,17067,64
6,17068,25
6,17069,358
6,17070,-180
6,17071,121
6,17072,109
6,17073,96
6,17074,122
6,17075,89
6,17076,109
6,17077,160
6,17078,167
6,17079,83
6,17080,109
6,17081,26
6,17082,58
6,17083,52
6,17084,147
6,17085,96
6,17086,102
6,17087,64
6,17088,51
6,17089,115
6,17090,160
6,17091,365
6,17092,96
6,17093,116
6,17094,115
6,17095,115
6,17096,154
6,17097,77
6,17098,25
6,17099,102
6,17100,103
6,17101,192
6,17102,141
6,17103,77
6,17104,83
6,17105,71
6,17106,64
6,17107,109
6,17108,96
6,17109,148
6,17110,90
6,17111,141
6,17112,-45
6,17113,83
6,17114,89
6,17115,44
6,17116,89
6,17117,108
6,17118,52
6,17119,58
6,17120,38
6,17121,39
6,17122,103
6,17123,-51
6,17124,70
6,17125,103
6,17126,109
6,17127,160
6,17128,64
6,17129,128
6,17130,71
6,17131,166
6,17132,103
6,17133,115
6,17134,166
6,17135,115
6,17136,135
6,17137,51
6,17138,70
6,17139,58
6,17140,70
6,17141,58
6,17142,57
6,17143,45
6,17144,128
6,17145,167
6,17146,44
6,17147,109
6,17148,166
6,17149,51
6,17150,153
6,17151,109
6,17152,122
6,17153,51
6,17154,57
6,17155,-32
6,17156,77
6,17157,64
6,17158,64
6,17159,-32
6,17160,115
6,17161,122
6,17162,116
6,17163,102
6,17164,83
6,17165,76
6,17166,70
6,17167,116
6,17168,109
6,17169,102
6,17170,-45
6,17171,224
6,17172,83
6,17173,147
6,17174,384
6,17175,26
6,17176,103
6,17177,128
6,17178,122
6,17179,116
6,17180,153
6,17181,83
6,17182,218
6,17183,122
6,17184,121
6,17185,58
6,17186,115
6,17187,58
6,17188,70
6,17189,39
6,17190,64
6,17191,173
6,17192,51
6,17193,83
6,17194,76
6,17195,57
6,17196,70
6,17197,96
6,17198,186
6,17199,153
6,17200,83
6,17201,109
6,17202,77
6,17203,167
6,17204,58
6,17205,77
6,17206,173
6,17207,128
6,17208,64
6,17209,64
6,17210,115
6,17211,121
6,17212,96
6,17213,96
6,17214,57
6,17215,115
6,17216,108
6,17217,76
6,17218,58
6,17219,179
6,17220,32
6,17221,64
6,17222,71
6,17223,32
6,17224,128
6,17225,89
6,17226,57
6,17227,128
6,17228,64
6,17229,77
6,17230,108
6,17231,148
6,17232,192
6,17233,71
6,17234,64
6,17235,96
6,17236,90
6,17237,103
6,17238,71
6,17239,116
6,17240,70
6,17241,83
6,17242,96
6,17243,103
6,17244,826
6,17245,51
6,17246,108
6,17247,109
6,17248,115
6,17249,-71
6,17250,122
6,17251,71
6,17252,45
6,17253,64
6,17254,404
6,17255,121
6,17256,121
6,17257,788
6,17258,109
6,17259,788
6,17260,224
6,17261,96
6,17262,128
6,17263,70
6,17264,128
6,17265,51
6,17266,141
6,17267,83
6,17268,109
6,17269,96
6,17270,173
6,17271,141
6,17272,115
6,17273,116
6,17274,109
6,17275,108
6,17276,57
6,17277,109
6,17278,102
6,17279,122
6,17280,45
6,17281,64
6,17282,70
6,17283,115
6,17284,44
6,17285,90
6,17286,71
6,17287,96
6,17288,102
6,17289,121
6,17290,121
6,17291,115
6,17292,320
6,17293,135
6,17294,211
6,17295,160
6,17296,371
6,17297,-20
6,17298,166
6,17299,71
6,17300,58
6,17301,160
6,17302,396
6,17303,148
6,17304,108
6,17305,108
6,17306,96
6,17307,128
6,17308,167
6,17309,84
6,17310,154
6,17311,32
6,17312,365
6,17313,51
6,17314,185
6,17315,115
6,17316,153
6,17317,160
6,17318,147
6,17319,141
6,17320,198
6,17321,128
6,17322,96
6,17323,121
6,17324,26
6,17325,108
6,17326,327
6,17327,115
6,17328,84
6,17329,148
6,17330,166
6,17331,160
6,17332,96
6,17333,77
6,17334,-384
6,17335,160
6,17336,128
6,17337,96
6,17338,19
6,17339,115
6,17340,-51
6,17341,166
6,17342,109
6,17343,122
6,17344,70
6,17345,153
6,17346,160
6,17347,83
6,17348,64
6,17349,-39
6,17350,83
6,17351,70
6,17352,116
6,17353,96
6,17354,20
6,17355,109
6,17356,116
6,17357,51
6,17358,153
6,17359,77
6,17360,77
6,17361,147
6,17362,160
6,17363,122
6,17364,115
6,17365,64
6,17366,186
6,17367,141
6,17368,172
6,17369,-32
6,17370,102
6,17371,45
6,17372,-32
6,17373,39
6,17374,211
6,17375,-51
6,17376,141
6,17377,52
6,17378,77
6,17379,84
6,17380,45
6,17381,83
6,17382,-51
6,17383,128
6,17384,64
6,17385,109
6,17386,122
6,17387,109
6,17388,128
6,17389,90
6,17390,512
6,17391,70
6,17392,134
6,17393,-51
6,17394,83
6,17395,64
6,17396,141
6,17397,-51
6,17398,83
6,17399,128
6,17400,77
6,17401,115
6,17402,70
6,17403,154
6,17404,108
6,17405,96
6,17406,64
6,17407,109
6,17408,109
6,17409,58
6,17410,102
6,17411,51
6,17412,52
6,17413,83
6,17414,160
6,17415,102
6,17416,71
6,17417,77
6,17418,192
6,17419,365
6,17420,109
6,17421,51
6,17422,96
6,17423,57
6,17424,167
6,17425,76
6,17426,116
6,17427,51
6,17428,71
6,17429,71
6,17430,32
6,17431,121
6,17432,109
6,17433,147
6,17434,76
6,17435,128
6,17436,128
6,17437,96
6,17438,128
6,17439,102
6,17440,122
6,17441,-45
6,17442,76
6,17443,108
6,17444,115
6,17445,51
6,17446,77
6,17447,166
6,17448,116
6,17449,84
6,17450,128
6,17451,83
6,17452,96
6,17453,64
6,17454,76
6,17455,109
6,17456,64
6,17457,108
6,17458,77
6,17459,134
6,17460,122
6,17461,57
6,17462,166
6,17463,58
6,17464,96
6,17465,108
6,17466,199
6,17467,179
6,17468,108
6,17469,51
6,17470,103
6,17471,90
6,17472,103
6,17473,58
6,17474,83
6,17475,167
6,17476,121
6,17477,64
6,17478,76
6,17479,64
6,17480,365
6,17481,96
6,17482,77
6,17483,102
6,17484,70
6,17485,57
6,17486,45
6,17487,103
6,17488,39
6,17489,147
6,17490,153
6,17491,103
6,17492,320
6,17493,122
6,17494,90
6,17495,77
6,17496,147
6,17497,52
6,17498,90
6,17499,76
6,17500,832
6,17501,70
6,17502,167
6,17503,122
6,17504,115
6,17505,83
6,17506,109
6,17507,148
6,17508,70
6,17509,32
6,17510,154
6,17511,57
6,17512,90
6,17513,128
6,17514,807
6,17515,122
6,17516,141
6,17517,109
6,17518,109
6,17519,115
6,17520,71
6,17521,58
6,17522,109
6,17523,57
6,17524,102
6,17525,58
6,17526,45
6,17527,77
6,17528,121
6,17529,121
6,17530,-51
6,17531,128
6,17532,153
6,17533,115
6,17534,71
6,17535,102
6,17536,128
6,17537,58
6,17538,25
6,17539,352
6,17540,45
6,17541,134
6,17542,25
6,17543,96
6,17544,141
6,17545,141
6,17546,116
6,17547,115
6,17548,198
6,17549,58
6,17550,57
6,17551,166
6,17552,109
6,17553,51
6,17554,70
6,17555,64
6,17556,45
6,17557,77
6,17558,116
6,17559,103
6,17560,83
6,17561,122
6,17562,70
6,17563,84
6,17564,108
6,17565,115
6,17566,166
6,17567,160
6,17568,128
6,17569,122
6,17570,410
6,17571,109
6,17572,121
6,17573,90
6,17574,160
6,17575,160
6,17576,128
6,17577,-26
6,17578,77
6,17579,70
6,17580,166
6,17581,134
6,17582,153
6,17583,83
6,17584,70
6,17585,140
6,17586,109
6,17587,109
6,17588,109
6,17589,109
6,17590,128
6,17591,70
6,17592,167
6,17593,135
6,17594,76
6,17595,64
6,17596,102
6,17597,147
6,17598,160
6,17599,76
6,17600,96
6,17601,167
6,17602,76
6,17603,122
6,17604,51
6,17605,185
6,17606,186
6,17607,122
6,17608,166
6,17609,153
6,17610,103
6,17611,122
6,17612,77
6,17613,103
6,17614,115
6,17615,166
6,17616,96
6,17617,77
6,17618,70
6,17619,121
6,17620,128
6,17621,109
6,17622,173
6,17623,96
6,17624,64
6,17625,64
6,17626,102
6,17627,52
6,17628,39
6,17629,64
6,17630,102
6,17631,109
6,17632,102
6,17633,51
6,17634,90
6,17635,51
6,17636,64
6,17637,26
6,17638,32
6,17639,147
6,17640,115
6,17641,115
6,17642,109
6,17643,160
6,17644,89
6,17645,64
6,17646,160
6,17647,96
6,17648,45
6,17649,51
6,17650,70
6,17651,102
6,17652,147
6,17653,109
6,17654,58
6,17655,90
6,17656,173
6,17657,211
6,17658,192
6,17659,167
6,17660,166
6,17661,57
6,17662,70
6,17663,71
6,17664,224
6,17665,38
6,17666,26
6,17667,32
6,17668,38
6,17669,83
6,17670,90
6,17671,64
6,17672,109
6,17673,141
6,17674,77
6,17675,70
6,17676,90
6,17677,109
6,17678,32
6,17679,115
6,17680,77
6,17681,71
6,17682,71
6,17683,76
6,17684,71
6,17685,173
6,17686,243
6,17687,64
6,17688,58
6,17689,71
6,17690,199
6,17691,147
6,17692,250
6,17693,83
6,17694,77
6,17695,77
6,17696,115
6,17697,116
6,17698,108
6,17699,115
6,17700,147
6,17701,140
6,17702,76
6,17703,122
6,17704,192
6,17705,70
6,17706,57
6,17707,135
6,17708,141
6,17709,109
6,17710,147
6,17711,77
6,17712,128
6,17713,70
6,17714,77
6,17715,358
6,17716,122
6,17717,64
6,17718,70
6,17719,90
6,17720,102
6,17721,96
6,17722,83
6,17723,84
6,17724,51
6,17725,57
6,17726,102
6,17727,122
6,17728,109
6,17729,64
6,17730,38
6,17731,108
6,17732,121
6,17733,57
6,17734,64
6,17735,71
6,17736,70
6,17737,70
6,17738,96
6,17739,160
6,17740,44
6,17741,77
6,17742,51
6,17743,102
6,17744,135
6,17745,-32
6,17746,102
6,17747,90
6,17748,122
6,17749,70
6,17750,25
6,17751,70
6,17752,154
6,17753,115
6,17754,58
6,17755,90
6,17756,416
6,17757,103
6,17758,122
6,17759,-32
6,17760,148
6,17761,45
6,17762,-45
6,17763,84
6,17764,140
6,17765,134
6,17766,58
6,17767,128
6,17768,89
6,17769,794
6,17770,147
6,17771,788
6,17772,135
6,17773,64
6,17774,115
6,17775,109
6,17776,173
6,17777,160
6,17778,26
6,17779,71
6,17780,45
6,17781,45
6,17782,109
6,17783,83
6,17784,39
6,17785,64
6,17786,70
6,17787,217
6,17788,243
6,17789,103
6,17790,167
6,17791,352
6,17792,57
6,17793,51
6,17794,64
6,17795,90
6,17796,166
6,17797,52
6,17798,51
6,17799,26
6,17800,96
6,17801,103
6,17802,116
6,17803,115
6,17804,115
6,17805,96
6,17806,147
6,17807,141
6,17808,166
6,17809,51
6,17810,58
6,17811,109
6,17812,26
6,17813,38
6,17814,172
6,17815,83
6,17816,64
6,17817,154
6,17818,103
6,17819,147
6,17820,205
6,17821,109
6,17822,192
6,17823,115
6,17824,102
6,17825,51
6,17826,121
6,17827,122
6,17828,128
6,17829,141
6,17830,-19
6,17831,173
6,17832,116
6,17833,58
6,17834,64
6,17835,115
6,17836,57
6,17837,128
6,17838,64
6,17839,76
6,17840,58
6,17841,122
6,17842,154
6,17843,64
6,17844,128
6,17845,103
6,17846,25
6,17847,141
6,17848,154
6,17849,52
6,17850,57
6,17851,45
6,17852,160
6,17853,32
6,17854,64
6,17855,141
6,17856,-13
6,17857,77
6,17858,83
6,17859,115
6,17860,128
6,17861,-51
6,17862,173
6,17863,108
6,17864,167
6,17865,51
6,17866,230
6,17867,96
6,17868,51
6,17869,58
6,17870,115
6,17871,115
6,17872,83
6,17873,166
6,17874,205
6,17875,115
6,17876,179
6,17877,109
6,17878,128
6,17879,115
6,17880,358
6,17881,64
6,17882,109
6,17883,121
6,17884,134
6,17885,58
6,17886,365
6,17887,122
6,17888,70
6,17889,64
6,17890,121
6,17891,109
6,17892,352
6,17893,102
6,17894,76
6,17895,89
6,17896,83
6,17897,186
6,17898,32
6,17899,154
6,17900,167
6,17901,115
6,17902,199
6,17903,103
6,17904,122
6,17905,-38
6,17906,70
6,17907,58
6,17908,71
6,17909,76
6,17910,52
6,17911,96
6,17912,141
6,17913,102
6,17914,64
6,17915,-32
6,17916,115
6,17917,160
6,17918,109
6,17919,115
6,17920,89
6,17921,58
6,17922,102
6,17923,128
6,17924,147
6,17925,52
6,17926,173
6,17927,115
6,17928,122
6,17929,160
6,17930,122
6,17931,128
6,17932,90
6,17933,51
6,17934,364
6,17935,122
6,17936,147
6,17937,115
6,17938,19
6,17939,96
6,17940,96
6,17941,77
6,17942,51
6,17943,102
6,17944,64
6,17945,121
6,17946,122
6,17947,96
6,17948,128
6,17949,57
6,17950,70
6,17951,83
6,17952,115
6,17953,77
6,17954,77
6,17955,115
6,17956,198
6,17957,51
6,17958,160
6,17959,109
6,17960,115
6,17961,64
6,17962,70
6,17963,-64
6,17964,83
6,17965,51
6,17966,52
6,17967,58
6,17968,134
6,17969,128
6,17970,115
6,17971,186
6,17972,122
6,17973,103
6,17974,89
6,17975,121
6,17976,96
6,17977,109
6,17978,218
6,17979,109
6,17980,83
6,17981,352
6,17982,64
6,17983,58
6,17984,64
6,17985,70
6,17986,147
6,17987,128
6,17988,167
6,17989,96
6,17990,109
6,17991,103
6,17992,109
6,17993,115
6,17994,103
6,17995,64
6,17996,116
6,17997,148
6,17998,-32
6,17999,141
6,18000,89
6,18001,147
6,18002,134
6,18003,103
6,18004,147
6,18005,102
6,18006,89
6,18007,154
6,18008,128
6,18009,122
6,18010,70
6,18011,115
6,18012,793
6,18013,109
6,18014,148
6,18015,147
6,18016,-582
6,18017,96
6,18018,77
6,18019,70
6,18020,173
6,18021,198
6,18022,122
6,18023,141
6,18024,141
6,18025,51
6,18026,800
6,18027,115
6,18028,192
6,18029,102
6,18030,224
6,18031,224
6,18032,166
6,18033,70
6,18034,64
6,18035,70
6,18036,-51
6,18037,45
6,18038,58
6,18039,160
6,18040,-38
6,18041,77
6,18042,57
6,18043,121
6,18044,166
6,18045,70
6,18046,128
6,18047,154
6,18048,135
6,18049,38
6,18050,102
6,18051,70
6,18052,384
6,18053,96
6,18054,71
6,18055,115
6,18056,166
6,18057,122
6,18058,108
6,18059,141
6,18060,128
6,18061,167
6,18062,205
6,18063,122
6,18064,154
6,18065,52
6,18066,64
6,18067,64
6,18068,116
6,18069,26
6,18070,179
6,18071,70
6,18072,64
6,18073,153
6,18074,115
6,18075,115
6,18076,115
6,18077,64
6,18078,180
6,18079,102
6,18080,128
6,18081,57
6,18082,275
6,18083,179
6,18084,-141
6,18085,96
6,18086,96
6,18087,96
6,18088,166
6,18089,38
6,18090,32
6,18091,141
6,18092,96
6,18093,83
6,18094,96
6,18095,115
6,18096,96
6,18097,122
6,18098,391
6,18099,77
6,18100,103
6,18101,51
6,18102,327
6,18103,-51
6,18104,140
6,18105,45
6,18106,32
6,18107,58
6,18108,32
6,18109,103
6,18110,70
6,18111,77
6,18112,64
6,18113,51
6,18114,51
6,18115,128
6,18116,77
6,18117,135
6,18118,70
6,18119,70
6,18120,160
6,18121,58
6,18122,70
6,18123,109
6,18124,116
6,18125,64
6,18126,25
6,18127,154
6,18128,134
6,18129,52
6,18130,173
6,18131,89
6,18132,109
6,18133,109
6,18134,122
6,18135,64
6,18136,199
6,18137,153
6,18138,64
6,18139,83
6,18140,83
6,18141,96
6,18142,179
6,18143,115
6,18144,295
6,18145,58
6,18146,70
6,18147,103
6,18148,160
6,18149,26
6,18150,141
6,18151,116
6,18152,102
6,18153,102
6,18154,77
6,18155,198
6,18156,153
6,18157,103
6,18158,154
6,18159,115
6,18160,64
6,18161,52
6,18162,51
6,18163,58
6,18164,39
6,18165,116
6,18166,83
6,18167,116
6,18168,109
6,18169,166
6,18170,122
6,18171,128
6,18172,115
6,18173,57
6,18174,25
6,18175,96
6,18176,147
6,18177,77
6,18178,57
6,18179,77
6,18180,45
6,18181,83
6,18182,19
6,18183,122
6,18184,109
6,18185,147
6,18186,122
6,18187,102
6,18188,121
6,18189,70
6,18190,160
6,18191,57
6,18192,-38
6,18193,339
6,18194,64
6,18195,58
6,18196,103
6,18197,378
6,18198,128
6,18199,102
6,18200,64
6,18201,122
6,18202,153
6,18203,77
6,18204,-32
6,18205,57
6,18206,147
6,18207,109
6,18208,115
6,18209,51
6,18210,141
6,18211,77
6,18212,115
6,18213,103
6,18214,172
6,18215,64
6,18216,109
6,18217,128
6,18218,115
6,18219,121
6,18220,109
6,18221,102
6,18222,192
6,18223,128
6,18224,141
6,18225,71
6,18226,154
6,18227,140
6,18228,122
6,18229,102
6,18230,346
6,18231,148
6,18232,83
6,18233,51
6,18234,89
6,18235,70
6,18236,70
6,18237,121
6,18238,166
6,18239,166
6,18240,115
6,18241,58
6,18242,84
6,18243,64
6,18244,64
6,18245,-19
6,18246,109
6,18247,90
6,18248,83
6,18249,64
6,18250,211
6,18251,70
6,18252,340
6,18253,26
6,18254,198
6,18255,115
6,18256,186
6,18257,32
6,18258,64
6,18259,140
6,18260,71
6,18261,-135
6,18262,167
6,18263,109
6,18264,70
6,18265,70
6,18266,160
6,18267,108
6,18268,820
6,18269,109
6,18270,134
6,18271,115
6,18272,32
6,18273,-32
6,18274,57
6,18275,32
6,18276,-32
6,18277,32
6,18278,134
6,18279,77
6,18280,109
6,18281,780
6,18282,71
6,18283,788
6,18284,147
6,18285,90
6,18286,83
6,18287,314
6,18288,122
6,18289,64
6,18290,32
6,18291,83
6,18292,51
6,18293,115
6,18294,64
6,18295,102
6,18296,45
6,18297,70
6,18298,167
6,18299,108
6,18300,83
6,18301,89
6,18302,205
6,18303,-45
6,18304,128
6,18305,83
6,18306,58
6,18307,32
6,18308,141
6,18309,-38
6,18310,115
6,18311,109
6,18312,108
6,18313,115
6,18314,103
6,18315,90
6,18316,153
6,18317,51
6,18318,263
6,18319,186
6,18320,108
6,18321,51
6,18322,38
6,18323,58
6,18324,45
6,18325,135
6,18326,147
6,18327,115
6,18328,153
6,18329,128
6,18330,148
6,18331,173
6,18332,128
6,18333,109
6,18334,96
6,18335,365
6,18336,108
6,18337,57
6,18338,167
6,18339,109
6,18340,205
6,18341,64
6,18342,102
6,18343,135
6,18344,109
6,18345,83
6,18346,346
6,18347,57
6,18348,76
6,18349,71
6,18350,372
6,18351,115
6,18352,147
6,18353,154
6,18354,102
6,18355,115
6,18356,109
6,18357,64
6,18358,109
6,18359,148
6,18360,71
6,18361,39
6,18362,-51
6,18363,64
6,18364,179
6,18365,51
6,18366,77
6,18367,121
6,18368,173
6,18369,102
6,18370,58
6,18371,115
6,18372,160
6,18373,109
6,18374,140
6,18375,77
6,18376,198
6,18377,77
6,18378,38
6,18379,121
6,18380,109
6,18381,52
6,18382,166
6,18383,83
6,18384,70
6,18385,109
6,18386,115
6,18387,160
6,18388,307
6,18389,121
6,18390,128
6,18391,96
6,18392,166
6,18393,39
6,18394,83
6,18395,102
6,18396,160
6,18397,89
6,18398,64
6,18399,64
6,18400,103
6,18401,102
6,18402,89
6,18403,70
6,18404,32
6,18405,103
6,18406,57
6,18407,71
6,18408,109
6,18409,57
6,18410,-39
6,18411,134
6,18412,166
6,18413,77
6,18414,167
6,18415,109
6,18416,108
6,18417,83
6,18418,58
6,18419,64
6,18420,320
6,18421,89
6,18422,32
6,18423,102
6,18424,103
6,18425,70
6,18426,179
6,18427,116
6,18428,128
6,18429,58
6,18430,-902
6,18431,64
6,18432,109
6,18433,58
6,18434,26
6,18435,64
6,18436,153
6,18437,96
6,18438,83
6,18439,57
6,18440,76
6,18441,147
6,18442,115
6,18443,115
6,18444,115
6,18445,148
6,18446,166
6,18447,83
6,18448,173
6,18449,109
6,18450,108
6,18451,115
6,18452,90
6,18453,64
6,18454,96
6,18455,211
6,18456,-403
6,18457,128
6,18458,211
6,18459,186
6,18460,58
6,18461,365
6,18462,116
6,18463,116
6,18464,90
6,18465,51
6,18466,77
6,18467,115
6,18468,192
6,18469,115
6,18470,147
6,18471,365
6,18472,135
6,18473,102
6,18474,57
6,18475,192
6,18476,71
6,18477,51
6,18478,134
6,18479,121
6,18480,96
6,18481,109
6,18482,115
6,18483,128
6,18484,134
6,18485,141
6,18486,192
6,18487,172
6,18488,160
6,18489,64
6,18490,108
6,18491,83
6,18492,58
6,18493,307
6,18494,96
6,18495,71
6,18496,141
6,18497,135
6,18498,140
6,18499,134
6,18500,128
6,18501,103
6,18502,122
6,18503,173
6,18504,26
6,18505,83
6,18506,115
6,18507,32
6,18508,96
6,18509,96
6,18510,-38
6,18511,116
6,18512,77
6,18513,121
6,18514,160
6,18515,269
6,18516,103
6,18517,141
6,18518,103
6,18519,128
6,18520,71
6,18521,71
6,18522,96
6,18523,115
6,18524,794
6,18525,-19
6,18526,51
6,18527,70
6,18528,-519
6,18529,45
6,18530,333
6,18531,45
6,18532,77
6,18533,77
6,18534,167
6,18535,160
6,18536,109
6,18537,96
6,18538,813
6,18539,153
6,18540,122
6,18541,83
6,18542,115
6,18543,64
6,18544,89
6,18545,58
6,18546,58
6,18547,71
6,18548,58
6,18549,89
6,18550,51
6,18551,77
6,18552,102
6,18553,109
6,18554,122
6,18555,154
6,18556,83
6,18557,64
6,18558,153
6,18559,96
6,18560,115
6,18561,103
6,18562,19
6,18563,64
6,18564,167
6,18565,109
6,18566,160
6,18567,-51
6,18568,70
6,18569,90
6,18570,198
6,18571,154
6,18572,359
6,18573,83
6,18574,96
6,18575,115
6,18576,122
6,18577,262
6,18578,-45
6,18579,70
6,18580,51
6,18581,153
6,18582,141
6,18583,32
6,18584,51
6,18585,160
6,18586,160
6,18587,153
6,18588,141
6,18589,147
6,18590,212
6,18591,71
6,18592,249
6,18593,57
6,18594,154
6,18595,108
6,18596,160
6,18597,102
6,18598,141
6,18599,166
6,18600,160
6,18601,108
6,18602,102
6,18603,109
6,18604,90
6,18605,44
6,18606,185
6,18607,90
6,18608,51
6,18609,148
6,18610,-25
6,18611,160
6,18612,198
6,18613,83
6,18614,167
6,18615,115
6,18616,122
6,18617,96
6,18618,122
6,18619,115
6,18620,327
6,18621,166
6,18622,192
6,18623,108
6,18624,71
6,18625,102
6,18626,160
6,18627,45
6,18628,166
6,18629,115
6,18630,173
6,18631,147
6,18632,141
6,18633,211
6,18634,307
6,18635,70
6,18636,103
6,18637,103
6,18638,128
6,18639,128
6,18640,212
6,18641,51
6,18642,122
6,18643,121
6,18644,122
6,18645,83
6,18646,71
6,18647,64
6,18648,134
6,18649,58
6,18650,103
6,18651,83
6,18652,122
6,18653,51
6,18654,84
6,18655,84
6,18656,121
6,18657,51
6,18658,26
6,18659,77
6,18660,70
6,18661,58
6,18662,160
6,18663,147
6,18664,172
6,18665,173
6,18666,179
6,18667,160
6,18668,64
6,18669,243
6,18670,160
6,18671,71
6,18672,109
6,18673,64
6,18674,102
6,18675,45
6,18676,153
6,18677,26
6,18678,172
6,18679,128
6,18680,109
6,18681,160
6,18682,83
6,18683,153
6,18684,372
6,18685,51
6,18686,70
6,18687,89
6,18688,115
6,18689,-26
6,18690,121
6,18691,64
6,18692,90
6,18693,58
6,18694,96
6,18695,102
6,18696,89
6,18697,116
6,18698,64
6,18699,140
6,18700,205
6,18701,109
6,18702,115
6,18703,115
6,18704,109
6,18705,57
6,18706,102
6,18707,58
6,18708,57
6,18709,58
6,18710,77
6,18711,77
6,18712,115
6,18713,90
6,18714,122
6,18715,212
6,18716,102
6,18717,148
6,18718,32
6,18719,89
6,18720,180
6,18721,-32
6,18722,147
6,18723,26
6,18724,70
6,18725,160
6,18726,103
6,18727,58
6,18728,141
6,18729,109
6,18730,64
6,18731,166
6,18732,128
6,18733,103
6,18734,218
6,18735,147
6,18736,115
6,18737,52
6,18738,96
6,18739,90
6,18740,77
6,18741,160
6,18742,102
6,18743,115
6,18744,166
6,18745,45
6,18746,26
6,18747,121
6,18748,116
6,18749,109
6,18750,147
6,18751,166
6,18752,128
6,18753,45
6,18754,115
6,18755,71
6,18756,89
6,18757,58
6,18758,83
6,18759,115
6,18760,-32
6,18761,148
6,18762,121
6,18763,160
6,18764,148
6,18765,64
6,18766,121
6,18767,57
6,18768,371
6,18769,116
6,18770,102
6,18771,128
6,18772,108
6,18773,90
6,18774,89
6,18775,167
6,18776,160
6,18777,115
6,18778,-70
6,18779,96
6,18780,806
6,18781,-153
6,18782,147
6,18783,122
6,18784,77
6,18785,-38
6,18786,116
6,18787,90
6,18788,122
6,18789,89
6,18790,70
6,18791,64
6,18792,122
6,18793,800
6,18794,115
6,18795,755
6,18796,173
6,18797,38
6,18798,115
6,18799,115
6,18800,115
6,18801,45
6,18802,64
6,18803,51
6,18804,64
6,18805,84
6,18806,51
6,18807,128
6,18808,51
6,18809,103
6,18810,115
6,18811,83
6,18812,212
6,18813,140
6,18814,115
6,18815,128
6,18816,83
6,18817,52
6,18818,70
6,18819,359
6,18820,57
6,18821,51
6,18822,134
6,18823,90
6,18824,64
6,18825,39
6,18826,-38
6,18827,109
6,18828,96
6,18829,58
6,18830,166
6,18831,141
6,18832,109
6,18833,51
6,18834,83
6,18835,141
6,18836,45
6,18837,64
6,18838,58
6,18839,64
6,18840,96
6,18841,173
6,18842,153
6,18843,141
6,18844,148
6,18845,96
6,18846,64
6,18847,147
6,18848,103
6,18849,109
6,18850,192
6,18851,115
6,18852,51
6,18853,64
6,18854,167
6,18855,313
6,18856,153
6,18857,108
6,18858,52
6,18859,108
6,18860,32
6,18861,166
6,18862,160
6,18863,26
6,18864,122
6,18865,121
6,18866,173
6,18867,147
6,18868,122
6,18869,-633
6,18870,77
6,18871,128
6,18872,186
6,18873,371
6,18874,83
6,18875,64
6,18876,173
6,18877,70
6,18878,147
6,18879,140
6,18880,115
6,18881,64
6,18882,102
6,18883,96
6,18884,109
6,18885,211
6,18886,211
6,18887,148
6,18888,122
6,18889,57
6,18890,20
6,18891,173
6,18892,70
6,18893,96
6,18894,160
6,18895,141
6,18896,115
6,18897,141
6,18898,122
6,18899,20
6,18900,122
6,18901,77
6,18902,89
6,18903,371
6,18904,115
6,18905,198
6,18906,102
6,18907,70
6,18908,103
6,18909,102
6,18910,141
6,18911,109
6,18912,116
6,18913,39
6,18914,77
6,18915,52
6,18916,-45
6,18917,166
6,18918,70
6,18919,115
6,18920,109
6,18921,96
6,18922,108
6,18923,128
6,18924,134
6,18925,122
6,18926,122
6,18927,45
6,18928,71
6,18929,51
6,18930,64
6,18931,51
6,18932,57
6,18933,64
6,18934,77
6,18935,108
6,18936,70
6,18937,-51
6,18938,134
6,18939,109
6,18940,115
6,18941,102
6,18942,-710
6,18943,179
6,18944,109
6,18945,58
6,18946,211
6,18947,64
6,18948,58
6,18949,77
6,18950,192
6,18951,122
6,18952,116
6,18953,109
6,18954,122
6,18955,160
6,18956,108
6,18957,90
6,18958,83
6,18959,154
6,18960,115
6,18961,83
6,18962,76
6,18963,154
6,18964,-39
6,18965,83
6,18966,96
6,18967,269
6,18968,57
6,18969,212
6,18970,83
6,18971,166
6,18972,128
6,18973,96
6,18974,109
6,18975,108
6,18976,185
6,18977,70
6,18978,116
6,18979,115
6,18980,115
6,18981,77
6,18982,52
6,18983,-64
6,18984,128
6,18985,57
6,18986,83
6,18987,32
6,18988,57
6,18989,-6
6,18990,173
6,18991,89
6,18992,116
6,18993,141
6,18994,116
6,18995,116
6,18996,211
6,18997,116
6,18998,96
6,18999,109
6,19000,141
6,19001,64
6,19002,115
6,19003,77
6,19004,109
6,19005,115
6,19006,51
6,19007,116
6,19008,122
6,19009,64
6,19010,109
6,19011,109
6,19012,96
6,19013,64
6,19014,192
6,19015,83
6,19016,122
6,19017,32
6,19018,102
6,19019,64
6,19020,173
6,19021,58
6,19022,76
6,19023,83
6,19024,179
6,19025,122
6,19026,115
6,19027,-32
6,19028,173
6,19029,77
6,19030,90
6,19031,108
6,19032,108
6,19033,109
6,19034,140
6,19035,83
6,19036,788
6,19037,32
6,19038,115
6,19039,26
6,19040,167
6,19041,51
6,19042,141
6,19043,71
6,19044,26
6,19045,58
6,19046,52
6,19047,-32
6,19048,83
6,19049,64
6,19050,832
6,19051,115
6,19052,70
6,19053,102
6,19054,115
6,19055,173
6,19056,128
6,19057,135
6,19058,134
6,19059,-45
6,19060,83
6,19061,19
6,19062,141
6,19063,-64
6,19064,115
6,19065,77
6,19066,64
6,19067,89
6,19068,70
6,19069,103
6,19070,173
6,19071,71
6,19072,109
6,19073,39
6,19074,58
6,19075,70
6,19076,96
6,19077,218
6,19078,19
6,19079,96
6,19080,76
6,19081,102
6,19082,83
6,19083,166
6,19084,185
6,19085,90
6,19086,198
6,19087,115
6,19088,109
6,19089,372
6,19090,77
6,19091,77
6,19092,64
6,19093,58
6,19094,25
6,19095,77
6,19096,109
6,19097,160
6,19098,96
6,19099,115
6,19100,115
6,19101,71
6,19102,58
6,19103,134
6,19104,160
6,19105,167
6,19106,108
6,19107,256
6,19108,192
6,19109,160
6,19110,-13
6,19111,147
6,19112,192
6,19113,115
6,19114,19
6,19115,77
6,19116,71
6,19117,116
6,19118,167
6,19119,84
6,19120,96
6,19121,308
6,19122,-32
6,19123,121
6,19124,25
6,19125,96
6,19126,115
6,19127,77
6,19128,147
6,19129,77
6,19130,327
6,19131,32
6,19132,96
6,19133,64
6,19134,64
6,19135,115
6,19136,-45
6,19137,224
6,19138,103
6,19139,103
6,19140,122
6,19141,109
6,19142,26
6,19143,160
6,19144,166
6,19145,153
6,19146,173
6,19147,102
6,19148,71
6,19149,109
6,19150,51
6,19151,211
6,19152,64
6,19153,51
6,19154,77
6,19155,141
6,19156,122
6,19157,103
6,19158,217
6,19159,83
6,19160,167
6,19161,32
6,19162,64
6,19163,32
6,19164,45
6,19165,51
6,19166,32
6,19167,109
6,19168,121
6,19169,-32
6,19170,51
6,19171,70
6,19172,70
6,19173,64
6,19174,173
6,19175,115
6,19176,102
6,19177,83
6,19178,64
6,19179,83
6,19180,83
6,19181,167
6,19182,172
6,19183,102
6,19184,122
6,19185,96
6,19186,135
6,19187,109
6,19188,70
6,19189,103
6,19190,179
6,19191,122
6,19192,153
6,19193,134
6,19194,90
6,19195,64
6,19196,204
6,19197,64
6,19198,173
6,19199,64
6,19200,115
6,19201,89
6,19202,89
6,19203,64
6,19204,122
6,19205,185
6,19206,160
6,19207,128
6,19208,128
6,19209,103
6,19210,32
6,19211,166
6,19212,160
6,19213,115
6,19214,-198
6,19215,134
6,19216,102
6,19217,58
6,19218,84
6,19219,160
6,19220,121
6,19221,51
6,19222,39
6,19223,76
6,19224,186
6,19225,70
6,19226,147
6,19227,121
6,19228,115
6,19229,116
6,19230,103
6,19231,122
6,19232,173
6,19233,96
6,19234,58
6,19235,160
6,19236,179
6,19237,122
6,19238,32
6,19239,39
6,19240,102
6,19241,19
6,19242,109
6,19243,173
6,19244,122
6,19245,51
6,19246,154
6,19247,333
6,19248,147
6,19249,76
6,19250,103
6,19251,147
6,19252,198
6,19253,121
6,19254,96
6,19255,77
6,19256,109
6,19257,64
6,19258,160
6,19259,108
6,19260,115
6,19261,70
6,19262,96
6,19263,128
6,19264,134
6,19265,71
6,19266,115
6,19267,64
6,19268,-38
6,19269,71
6,19270,58
6,19271,-51
6,19272,-44
6,19273,77
6,19274,89
6,19275,115
6,19276,121
6,19277,51
6,19278,96
6,19279,211
6,19280,153
6,19281,51
6,19282,32
6,19283,89
6,19284,77
6,19285,45
6,19286,83
6,19287,102
6,19288,51
6,19289,103
6,19290,116
6,19291,403
6,19292,813
6,19293,109
6,19294,77
6,19295,19
6,19296,116
6,19297,90
6,19298,89
6,19299,-26
6,19300,70
6,19301,77
6,19302,77
6,19303,115
6,19304,45
6,19305,813
6,19306,153
6,19307,775
6,19308,115
6,19309,288
6,19310,109
6,19311,32
6,19312,128
6,19313,58
6,19314,45
6,19315,103
6,19316,58
6,19317,71
6,19318,179
6,19319,96
6,19320,70
6,19321,102
6,19322,19
6,19323,141
6,19324,134
6,19325,121
6,19326,115
6,19327,147
6,19328,70
6,19329,64
6,19330,13
6,19331,45
6,19332,365
6,19333,102
6,19334,64
6,19335,58
6,19336,-58
6,19337,70
6,19338,51
6,19339,122
6,19340,64
6,19341,154
6,19342,109
6,19343,122
6,19344,192
6,19345,51
6,19346,71
6,19347,301
6,19348,51
6,19349,64
6,19350,102
6,19351,116
6,19352,140
6,19353,198
6,19354,192
6,19355,135
6,19356,166
6,19357,115
6,19358,103
6,19359,96
6,19360,103
6,19361,32
6,19362,64
6,19363,76
6,19364,179
6,19365,109
6,19366,128
6,19367,128
6,19368,109
6,19369,25
6,19370,51
6,19371,83
6,19372,153
6,19373,-32
6,19374,58
6,19375,154
6,19376,64
6,19377,154
6,19378,160
6,19379,160
6,19380,160
6,19381,102
6,19382,109
6,19383,102
6,19384,121
6,19385,-38
6,19386,96
6,19387,58
6,19388,116
6,19389,64
6,19390,57
6,19391,84
6,19392,96
6,19393,64
6,19394,26
6,19395,167
6,19396,147
6,19397,64
6,19398,51
6,19399,109
6,19400,64
6,19401,-58
6,19402,51
6,19403,77
6,19404,147
6,19405,77
6,19406,167
6,19407,64
6,19408,58
6,19409,96
6,19410,116
6,19411,-32
6,19412,134
6,19413,96
6,19414,134
6,19415,115
6,19416,57
6,19417,64
6,19418,167
6,19419,77
6,19420,224
6,19421,153
6,19422,77
6,19423,96
6,19424,77
6,19425,96
6,19426,96
6,19427,76
6,19428,77
6,19429,109
6,19430,122
6,19431,44
6,19432,109
6,19433,64
6,19434,102
6,19435,96
6,19436,166
6,19437,103
6,19438,70
6,19439,77
6,19440,154
6,19441,45
6,19442,32
6,19443,-26
6,19444,173
6,19445,70
6,19446,371
6,19447,-64
6,19448,77
6,19449,-32
6,19450,76
6,19451,109
6,19452,116
6,19453,77
6,19454,-800
6,19455,128
6,19456,109
6,19457,51
6,19458,19
6,19459,83
6,19460,58
6,19461,320
6,19462,19
6,19463,96
6,19464,57
6,19465,-538
6,19466,128
6,19467,173
6,19468,160
6,19469,121
6,19470,89
6,19471,121
6,19472,109
6,19473,26
6,19474,140
6,19475,64
6,19476,116
6,19477,115
6,19478,102
6,19479,122
6,19480,44
6,19481,70
6,19482,115
6,19483,115
6,19484,96
6,19485,-38
6,19486,70
6,19487,103
6,19488,103
6,19489,71
6,19490,121
6,19491,166
6,19492,262
6,19493,71
6,19494,147
6,19495,116
6,19496,115
6,19497,70
6,19498,71
6,19499,89
6,19500,128
6,19501,96
6,19502,192
6,19503,102
6,19504,115
6,19505,160
6,19506,96
6,19507,109
6,19508,167
6,19509,320
6,19510,64
6,19511,115
6,19512,140
6,19513,-7
6,19514,109
6,19515,102
6,19516,154
6,19517,102
6,19518,26
6,19519,314
6,19520,-45
6,19521,185
6,19522,160
6,19523,70
6,19524,115
6,19525,96
6,19526,358
6,19527,76
6,19528,108
6,19529,83
6,19530,122
6,19531,58
6,19532,185
6,19533,96
6,19534,64
6,19535,77
6,19536,45
6,19537,70
6,19538,230
6,19539,-51
6,19540,128
6,19541,294
6,19542,115
6,19543,45
6,19544,51
6,19545,77
6,19546,109
6,19547,231
6,19548,787
6,19549,102
6,19550,166
6,19551,51
6,19552,160
6,19553,96
6,19554,71
6,19555,70
6,19556,58
6,19557,70
6,19558,64
6,19559,64
6,19560,84
6,19561,121
6,19562,813
6,19563,58
6,19564,365
6,19565,140
6,19566,64
6,19567,96
6,19568,160
6,19569,70
6,19570,83
6,19571,64
6,19572,160
6,19573,346
6,19574,166
6,19575,103
6,19576,96
6,19577,103
6,19578,83
6,19579,115
6,19580,109
6,19581,96
6,19582,205
6,19583,71
6,19584,103
6,19585,64
6,19586,51
6,19587,128
6,19588,108
6,19589,57
6,19590,26
6,19591,167
6,19592,109
6,19593,96
6,19594,58
6,19595,102
6,19596,71
6,19597,103
6,19598,115
6,19599,153
6,19600,102
6,19601,64
6,19602,71
6,19603,96
6,19604,90
6,19605,32
6,19606,-45
6,19607,64
6,19608,77
6,19609,77
6,19610,51
6,19611,308
6,19612,90
6,19613,64
6,19614,77
6,19615,141
6,19616,115
6,19617,96
6,19618,179
6,19619,96
6,19620,77
6,19621,-38
6,19622,173
6,19623,122
6,19624,199
6,19625,109
6,19626,122
6,19627,57
6,19628,102
6,19629,115
6,19630,77
6,19631,64
6,19632,128
6,19633,-38
6,19634,122
6,19635,108
6,19636,64
6,19637,167
6,19638,58
6,19639,128
6,19640,154
6,19641,51
6,19642,71
6,19643,102
6,19644,115
6,19645,122
6,19646,71
6,19647,333
6,19648,64
6,19649,108
6,19650,115
6,19651,135
6,19652,154
6,19653,116
6,19654,128
6,19655,166
6,19656,166
6,19657,172
6,19658,19
6,19659,365
6,19660,70
6,19661,102
6,19662,160
6,19663,115
6,19664,108
6,19665,-45
6,19666,108
6,19667,160
6,19668,70
6,19669,108
6,19670,166
6,19671,102
6,19672,115
6,19673,96
6,19674,44
6,19675,26
6,19676,64
6,19677,147
6,19678,70
6,19679,108
6,19680,102
6,19681,358
6,19682,70
6,19683,83
6,19684,70
6,19685,115
6,19686,96
6,19687,115
6,19688,-32
6,19689,128
6,19690,64
6,19691,115
6,19692,154
6,19693,141
6,19694,-32
6,19695,115
6,19696,103
6,19697,96
6,19698,58
6,19699,26
6,19700,166
6,19701,153
6,19702,96
6,19703,102
6,19704,359
6,19705,64
6,19706,333
6,19707,115
6,19708,205
6,19709,102
6,19710,103
6,19711,57
6,19712,115
6,19713,51
6,19714,58
6,19715,96
6,19716,83
6,19717,96
6,19718,-26
6,19719,147
6,19720,148
6,19721,314
6,19722,154
6,19723,160
6,19724,160
6,19725,281
6,19726,-32
6,19727,134
6,19728,102
6,19729,57
6,19730,115
6,19731,77
6,19732,141
6,19733,96
6,19734,51
6,19735,102
6,19736,58
6,19737,346
6,19738,154
6,19739,121
6,19740,167
6,19741,77
6,19742,166
6,19743,121
6,19744,141
6,19745,102
6,19746,103
6,19747,32
6,19748,166
6,19749,103
6,19750,44
6,19751,109
6,19752,109
6,19753,-51
6,19754,140
6,19755,166
6,19756,147
6,19757,167
6,19758,218
6,19759,141
6,19760,154
6,19761,109
6,19762,57
6,19763,103
6,19764,64
6,19765,64
6,19766,108
6,19767,122
6,19768,115
6,19769,45
6,19770,327
6,19771,160
6,19772,134
6,19773,83
6,19774,333
6,19775,160
6,19776,135
6,19777,108
6,19778,77
6,19779,-64
6,19780,-45
6,19781,89
6,19782,89
6,19783,122
6,19784,166
6,19785,-25
6,19786,141
6,19787,134
6,19788,128
6,19789,179
6,19790,262
6,19791,83
6,19792,185
6,19793,141
6,19794,32
6,19795,134
6,19796,166
6,19797,70
6,19798,173
6,19799,116
6,19800,128
6,19801,83
6,19802,365
6,19803,109
6,19804,787
6,19805,115
6,19806,211
6,19807,-262
6,19808,122
6,19809,52
6,19810,45
6,19811,45
6,19812,70
6,19813,44
6,19814,51
6,19815,102
6,19816,96
6,19817,787
6,19818,-32
6,19819,756
6,19820,84
6,19821,211
6,19822,102
6,19823,103
6,19824,128
6,19825,64
6,19826,19
6,19827,109
6,19828,109
6,19829,96
6,19830,64
6,19831,83
6,19832,-58
6,19833,121
6,19834,51
6,19835,128
6,19836,83
6,19837,-32
6,19838,141
6,19839,121
6,19840,166
6,19841,32
6,19842,51
6,19843,45
6,19844,154
6,19845,71
6,19846,26
6,19847,70
6,19848,26
6,19849,51
6,19850,141
6,19851,128
6,19852,115
6,19853,64
6,19854,141
6,19855,154
6,19856,250
6,19857,58
6,19858,109
6,19859,109
6,19860,96
6,19861,64
6,19862,160
6,19863,172
6,19864,121
6,19865,102
6,19866,77
6,19867,70
6,19868,116
6,19869,-38
6,19870,77
6,19871,160
6,19872,96
6,19873,70
6,19874,64
6,19875,128
6,19876,109
6,19877,211
6,19878,89
6,19879,135
6,19880,-45
6,19881,115
6,19882,128
6,19883,122
6,19884,154
6,19885,77
6,19886,121
6,19887,109
6,19888,58
6,19889,115
6,19890,115
6,19891,116
6,19892,-19
6,19893,103
6,19894,90
6,19895,103
6,19896,211
6,19897,51
6,19898,26
6,19899,115
6,19900,58
6,19901,64
6,19902,64
6,19903,102
6,19904,96
6,19905,102
6,19906,58
6,19907,154
6,19908,135
6,19909,109
6,19910,77
6,19911,121
6,19912,115
6,19913,64
6,19914,12
6,19915,26
6,19916,70
6,19917,102
6,19918,103
6,19919,103
6,19920,109
6,19921,51
6,19922,256
6,19923,103
6,19924,205
6,19925,109
6,19926,160
6,19927,108
6,19928,96
6,19929,96
6,19930,96
6,19931,115
6,19932,122
6,19933,51
6,19934,32
6,19935,71
6,19936,147
6,19937,77
6,19938,83
6,19939,122
6,19940,115
6,19941,122
6,19942,64
6,19943,115
6,19944,102
6,19945,154
6,19946,154
6,19947,77
6,19948,294
6,19949,51
6,19950,70
6,19951,44
6,19952,109
6,19953,96
6,19954,237
6,19955,64
6,19956,122
6,19957,51
6,19958,26
6,19959,58
6,19960,90
6,19961,96
6,19962,102
6,19963,103
6,19964,154
6,19965,147
6,19966,57
6,19967,103
6,19968,109
6,19969,51
6,19970,71
6,19971,77
6,19972,103
6,19973,102
6,19974,58
6,19975,108
6,19976,128
6,19977,25
6,19978,153
6,19979,128
6,19980,122
6,19981,122
6,19982,160
6,19983,96
6,19984,52
6,19985,58
6,19986,70
6,19987,102
6,19988,83
6,19989,96
6,19990,45
6,19991,58
6,19992,58
6,19993,90
6,19994,70
6,19995,160
6,19996,173
6,19997,64
6,19998,58
6,19999,70
6,20000,109
7,1,57
7,2,218
7,3,58
7,4,102
7,5,-256
7,6,-237
7,7,-166
7,8,333
7,9,249
7,10,-230
7,11,211
7,12,-57
7,13,51
7,14,51
7,15,135
7,16,64
7,17,103
7,18,76
7,19,109
7,20,377
7,21,39
7,22,19
7,23,64
7,24,115
7,25,26
7,26,51
7,27,-58
7,28,70
7,29,352
7,30,20
7,31,70
7,32,32
7,33,115
7,34,51
7,35,153
7,36,108
7,37,57
7,38,83
7,39,51
7,40,403
7,41,52
7,42,179
7,43,140
7,44,166
7,45,525
7,46,172
7,47,103
7,48,45
7,49,90
7,50,77
7,51,109
7,52,109
7,53,64
7,54,70
7,55,102
7,56,-26
7,57,58
7,58,58
7,59,19
7,60,832
7,61,64
7,62,39
7,63,19
7,64,32
7,65,26
7,66,13
7,67,281
7,68,58
7,69,128
7,70,167
7,71,89
7,72,-45
7,73,199
7,74,838
7,75,-224
7,76,57
7,77,57
7,78,58
7,79,32
7,80,39
7,81,-212
7,82,26
7,83,32
7,84,26
7,85,51
7,86,19
7,87,58
7,88,64
7,89,-26
7,90,83
7,91,90
7,92,70
7,93,103
7,94,70
7,95,58
7,96,84
7,97,96
7,98,51
7,99,77
7,100,122
7,101,192
7,102,-231
7,103,39
7,104,45
7,105,96
7,106,96
7,107,57
7,108,172
7,109,-25
7,110,83
7,111,121
7,112,96
7,113,45
7,114,57
7,115,45
7,116,58
7,117,39
7,118,64
7,119,26
7,120,58
7,121,83
7,122,71
7,123,58
7,124,128
7,125,96
7,126,83
7,127,64
7,128,90
7,129,173
7,130,371
7,131,52
7,132,-32
7,133,76
7,134,25
7,135,96
7,136,103
7,137,51
7,138,-13
7,139,58
7,140,32
7,141,256
7,142,58
7,143,166
7,144,51
7,145,51
7,146,51
7,147,19
7,148,71
7,149,38
7,150,52
7,151,103
7,152,70
7,153,32
7,154,44
7,155,39
7,156,147
7,157,51
7,158,64
7,159,102
7,160,51
7,161,64
7,162,-205
7,163,58
7,164,96
7,165,77
7,166,51
7,167,64
7,168,96
7,169,179
7,170,26
7,171,26
7,172,115
7,173,52
7,174,25
7,175,89
7,176,32
7,177,160
7,178,25
7,179,96
7,180,96
7,181,115
7,182,57
7,183,32
7,184,89
7,185,160
7,186,26
7,187,32
7,188,204
7,189,51
7,190,51
7,191,237
7,192,64
7,193,51
7,194,51
7,195,19
7,196,26
7,197,102
7,198,57
7,199,45
7,200,51
7,201,90
7,202,58
7,203,70
7,204,64
7,205,64
7,206,166
7,207,96
7,208,275
7,209,359
7,210,25
7,211,45
7,212,58
7,213,45
7,214,19
7,215,58
7,216,38
7,217,116
7,218,32
7,219,58
7,220,70
7,221,116
7,222,-243
7,223,-205
7,224,378
7,225,45
7,226,-19
7,227,32
7,228,-198
7,229,-25
7,230,122
7,231,224
7,232,179
7,233,115
7,234,173
7,235,505
7,236,192
7,237,262
7,238,249
7,239,116
7,240,-45
7,241,-45
7,242,26
7,243,51
7,244,96
7,245,-26
7,246,71
7,247,44
7,248,51
7,249,38
7,250,83
7,251,148
7,252,90
7,253,64
7,254,167
7,255,32
7,256,90
7,257,51
7,258,51
7,259,19
7,260,45
7,261,147
7,262,64
7,263,96
7,264,115
7,265,52
7,266,102
7,267,96
7,268,83
7,269,51
7,270,70
7,271,58
7,272,77
7,273,71
7,274,-352
7,275,77
7,276,103
7,277,64
7,278,115
7,279,32
7,280,90
7,281,115
7,282,-237
7,283,-212
7,284,39
7,285,77
7,286,52
7,287,70
7,288,70
7,289,102
7,290,236
7,291,45
7,292,121
7,293,64
7,294,64
7,295,77
7,296,89
7,297,45
7,298,51
7,299,217
7,300,300
7,301,51
7,302,84
7,303,52
7,304,57
7,305,51
7,306,25
7,307,51
7,308,57
7,309,359
7,310,51
7,311,77
7,312,134
7,313,58
7,314,-627
7,315,64
7,316,807
7,317,89
7,318,-25
7,319,224
7,320,71
7,321,58
7,322,-230
7,323,173
7,324,-13
7,325,211
7,326,224
7,327,172
7,328,173
7,329,826
7,330,218
7,331,768
7,332,269
7,333,51
7,334,64
7,335,51
7,336,64
7,337,-32
7,338,19
7,339,45
7,340,-38
7,341,135
7,342,76
7,343,45
7,344,64
7,345,96
7,346,365
7,347,147
7,348,64
7,349,84
7,350,71
7,351,134
7,352,96
7,353,45
7,354,26
7,355,128
7,356,58
7,357,70
7,358,57
7,359,20
7,360,58
7,361,52
7,362,64
7,363,167
7,364,140
7,365,134
7,366,391
7,367,154
7,368,186
7,369,58
7,370,-282
7,371,32
7,372,32
7,373,-45
7,374,71
7,375,71
7,376,84
7,377,365
7,378,70
7,379,96
7,380,51
7,381,51
7,382,45
7,383,-64
7,384,128
7,385,57
7,386,58
7,387,45
7,388,89
7,389,71
7,390,64
7,391,109
7,392,83
7,393,58
7,394,57
7,395,-51
7,396,115
7,397,70
7,398,-51
7,399,64
7,400,-39
7,401,243
7,402,89
7,403,84
7,404,102
7,405,90
7,406,64
7,407,109
7,408,135
7,409,58
7,410,25
7,411,19
7,412,32
7,413,45
7,414,26
7,415,32
7,416,70
7,417,64
7,418,58
7,419,115
7,420,70
7,421,51
7,422,109
7,423,224
7,424,134
7,425,45
7,426,32
7,427,64
7,428,32
7,429,-25
7,430,-211
7,431,51
7,432,32
7,433,25
7,434,96
7,435,96
7,436,-52
7,437,45
7,438,77
7,439,116
7,440,70
7,441,269
7,442,26
7,443,32
7,444,57
7,445,57
7,446,-45
7,447,70
7,448,45
7,449,32
7,450,51
7,451,122
7,452,186
7,453,218
7,454,179
7,455,134
7,456,340
7,457,71
7,458,70
7,459,122
7,460,109
7,461,96
7,462,211
7,463,77
7,464,70
7,465,19
7,466,64
7,467,20
7,468,154
7,469,45
7,470,51
7,471,58
7,472,39
7,473,102
7,474,51
7,475,102
7,476,116
7,477,108
7,478,230
7,479,166
7,480,64
7,481,70
7,482,64
7,483,51
7,484,-38
7,485,77
7,486,461
7,487,179
7,488,64
7,489,365
7,490,84
7,491,122
7,492,90
7,493,51
7,494,57
7,495,64
7,496,64
7,497,45
7,498,-320
7,499,108
7,500,57
7,501,102
7,502,26
7,503,224
7,504,25
7,505,262
7,506,71
7,507,70
7,508,70
7,509,154
7,510,26
7,511,211
7,512,224
7,513,109
7,514,70
7,515,365
7,516,109
7,517,70
7,518,83
7,519,45
7,520,76
7,521,44
7,522,-115
7,523,83
7,524,32
7,525,45
7,526,32
7,527,96
7,528,45
7,529,122
7,530,397
7,531,-39
7,532,141
7,533,166
7,534,26
7,535,64
7,536,90
7,537,45
7,538,25
7,539,70
7,540,109
7,541,0
7,542,83
7,543,26
7,544,58
7,545,96
7,546,64
7,547,90
7,548,128
7,549,109
7,550,121
7,551,64
7,552,77
7,553,90
7,554,115
7,555,109
7,556,58
7,557,57
7,558,58
7,559,102
7,560,211
7,561,96
7,562,128
7,563,147
7,564,109
7,565,96
7,566,109
7,567,12
7,568,58
7,569,115
7,570,-409
7,571,90
7,572,794
7,573,51
7,574,64
7,575,25
7,576,64
7,577,32
7,578,19
7,579,58
7,580,64
7,581,57
7,582,64
7,583,71
7,584,51
7,585,84
7,586,800
7,587,122
7,588,115
7,589,185
7,590,103
7,591,71
7,592,243
7,593,51
7,594,115
7,595,103
7,596,58
7,597,121
7,598,160
7,599,109
7,600,51
7,601,45
7,602,70
7,603,64
7,604,83
7,605,96
7,606,71
7,607,84
7,608,167
7,609,314
7,610,71
7,611,-64
7,612,141
7,613,108
7,614,-51
7,615,135
7,616,166
7,617,122
7,618,102
7,619,160
7,620,108
7,621,103
7,622,218
7,623,192
7,624,58
7,625,70
7,626,71
7,627,-25
7,628,-32
7,629,77
7,630,83
7,631,-64
7,632,230
7,633,154
7,634,115
7,635,134
7,636,192
7,637,109
7,638,89
7,639,122
7,640,115
7,641,64
7,642,211
7,643,64
7,644,-275
7,645,147
7,646,58
7,647,115
7,648,90
7,649,96
7,650,115
7,651,153
7,652,263
7,653,179
7,654,83
7,655,166
7,656,32
7,657,204
7,658,172
7,659,147
7,660,179
7,661,134
7,662,89
7,663,116
7,664,122
7,665,57
7,666,115
7,667,128
7,668,70
7,669,167
7,670,192
7,671,90
7,672,102
7,673,122
7,674,-45
7,675,230
7,676,109
7,677,185
7,678,-39
7,679,109
7,680,45
7,681,-20
7,682,199
7,683,326
7,684,64
7,685,64
7,686,64
7,687,153
7,688,64
7,689,173
7,690,32
7,691,122
7,692,109
7,693,115
7,694,-26
7,695,172
7,696,154
7,697,135
7,698,-20
7,699,128
7,700,-39
7,701,96
7,702,51
7,703,109
7,704,57
7,705,58
7,706,89
7,707,64
7,708,64
7,709,109
7,710,160
7,711,76
7,712,102
7,713,83
7,714,51
7,715,103
7,716,109
7,717,89
7,718,160
7,719,192
7,720,116
7,721,58
7,722,64
7,723,89
7,724,128
7,725,58
7,726,58
7,727,96
7,728,64
7,729,70
7,730,70
7,731,313
7,732,115
7,733,109
7,734,109
7,735,58
7,736,77
7,737,-39
7,738,77
7,739,135
7,740,64
7,741,83
7,742,90
7,743,103
7,744,141
7,745,154
7,746,70
7,747,135
7,748,166
7,749,103
7,750,371
7,751,102
7,752,147
7,753,51
7,754,109
7,755,-26
7,756,173
7,757,96
7,758,166
7,759,121
7,760,64
7,761,166
7,762,-51
7,763,173
7,764,64
7,765,115
7,766,-32
7,767,128
7,768,84
7,769,371
7,770,44
7,771,121
7,772,122
7,773,109
7,774,179
7,775,115
7,776,103
7,777,160
7,778,-19
7,779,96
7,780,115
7,781,96
7,782,-45
7,783,122
7,784,115
7,785,128
7,786,186
7,787,71
7,788,96
7,789,77
7,790,141
7,791,89
7,792,122
7,793,128
7,794,90
7,795,160
7,796,172
7,797,121
7,798,-51
7,799,109
7,800,167
7,801,77
7,802,115
7,803,140
7,804,-32
7,805,147
7,806,71
7,807,116
7,808,173
7,809,96
7,810,45
7,811,167
7,812,102
7,813,160
7,814,109
7,815,160
7,816,166
7,817,83
7,818,102
7,819,83
7,820,116
7,821,64
7,822,58
7,823,205
7,824,70
7,825,115
7,826,26
7,827,121
7,828,832
7,829,70
7,830,116
7,831,109
7,832,109
7,833,141
7,834,109
7,835,77
7,836,57
7,837,51
7,838,58
7,839,102
7,840,64
7,841,788
7,842,77
7,843,787
7,844,141
7,845,77
7,846,64
7,847,173
7,848,173
7,849,57
7,850,25
7,851,64
7,852,51
7,853,166
7,854,173
7,855,140
7,856,268
7,857,122
7,858,64
7,859,-64
7,860,128
7,861,141
7,862,198
7,863,122
7,864,83
7,865,167
7,866,77
7,867,115
7,868,38
7,869,58
7,870,103
7,871,77
7,872,122
7,873,96
7,874,-32
7,875,77
7,876,83
7,877,121
7,878,90
7,879,160
7,880,128
7,881,51
7,882,64
7,883,70
7,884,64
7,885,128
7,886,25
7,887,103
7,888,371
7,889,108
7,890,83
7,891,70
7,892,115
7,893,173
7,894,64
7,895,77
7,896,58
7,897,38
7,898,64
7,899,173
7,900,45
7,901,148
7,902,218
7,903,352
7,904,154
7,905,64
7,906,96
7,907,103
7,908,39
7,909,32
7,910,102
7,911,83
7,912,38
7,913,128
7,914,122
7,915,173
7,916,71
7,917,115
7,918,109
7,919,160
7,920,-45
7,921,173
7,922,51
7,923,83
7,924,64
7,925,70
7,926,154
7,927,58
7,928,70
7,929,116
7,930,77
7,931,135
7,932,103
7,933,224
7,934,134
7,935,115
7,936,128
7,937,160
7,938,-38
7,939,186
7,940,51
7,941,237
7,942,45
7,943,121
7,944,102
7,945,384
7,946,77
7,947,198
7,948,-32
7,949,166
7,950,211
7,951,128
7,952,166
7,953,-32
7,954,122
7,955,70
7,956,121
7,957,166
7,958,262
7,959,205
7,960,77
7,961,19
7,962,19
7,963,45
7,964,64
7,965,77
7,966,44
7,967,96
7,968,64
7,969,44
7,970,89
7,971,173
7,972,64
7,973,51
7,974,71
7,975,89
7,976,109
7,977,103
7,978,64
7,979,71
7,980,32
7,981,84
7,982,39
7,983,77
7,984,45
7,985,109
7,986,167
7,987,109
7,988,109
7,989,102
7,990,58
7,991,109
7,992,122
7,993,71
7,994,52
7,995,102
7,996,-19
7,997,64
7,998,109
7,999,102
7,1000,109
7,1001,108
7,1002,64
7,1003,57
7,1004,71
7,1005,32
7,1006,32
7,1007,26
7,1008,51
7,1009,51
7,1010,365
7,1011,90
7,1012,45
7,1013,109
7,1014,26
7,1015,116
7,1016,166
7,1017,128
7,1018,212
7,1019,128
7,1020,77
7,1021,32
7,1022,135
7,1023,262
7,1024,179
7,1025,58
7,1026,76
7,1027,109
7,1028,141
7,1029,109
7,1030,89
7,1031,109
7,1032,192
7,1033,64
7,1034,153
7,1035,135
7,1036,116
7,1037,51
7,1038,89
7,1039,70
7,1040,57
7,1041,141
7,1042,230
7,1043,108
7,1044,108
7,1045,45
7,1046,58
7,1047,45
7,1048,212
7,1049,38
7,1050,77
7,1051,71
7,1052,64
7,1053,45
7,1054,115
7,1055,115
7,1056,109
7,1057,109
7,1058,179
7,1059,147
7,1060,167
7,1061,64
7,1062,116
7,1063,122
7,1064,64
7,1065,57
7,1066,77
7,1067,70
7,1068,167
7,1069,45
7,1070,173
7,1071,154
7,1072,173
7,1073,160
7,1074,173
7,1075,64
7,1076,160
7,1077,115
7,1078,-141
7,1079,-52
7,1080,109
7,1081,26
7,1082,77
7,1083,83
7,1084,819
7,1085,58
7,1086,186
7,1087,20
7,1088,32
7,1089,39
7,1090,51
7,1091,102
7,1092,64
7,1093,115
7,1094,103
7,1095,90
7,1096,103
7,1097,77
7,1098,781
7,1099,141
7,1100,128
7,1101,70
7,1102,147
7,1103,77
7,1104,243
7,1105,365
7,1106,96
7,1107,77
7,1108,58
7,1109,32
7,1110,64
7,1111,77
7,1112,90
7,1113,51
7,1114,160
7,1115,58
7,1116,-51
7,1117,109
7,1118,179
7,1119,90
7,1120,192
7,1121,57
7,1122,109
7,1123,89
7,1124,76
7,1125,96
7,1126,13
7,1127,20
7,1128,96
7,1129,115
7,1130,77
7,1131,263
7,1132,128
7,1133,77
7,1134,166
7,1135,167
7,1136,135
7,1137,166
7,1138,115
7,1139,102
7,1140,109
7,1141,64
7,1142,160
7,1143,108
7,1144,70
7,1145,58
7,1146,160
7,1147,160
7,1148,167
7,1149,51
7,1150,102
7,1151,57
7,1152,122
7,1153,109
7,1154,102
7,1155,32
7,1156,64
7,1157,327
7,1158,198
7,1159,141
7,1160,134
7,1161,96
7,1162,64
7,1163,83
7,1164,58
7,1165,58
7,1166,141
7,1167,204
7,1168,32
7,1169,108
7,1170,109
7,1171,116
7,1172,64
7,1173,51
7,1174,122
7,1175,71
7,1176,122
7,1177,32
7,1178,26
7,1179,39
7,1180,103
7,1181,51
7,1182,103
7,1183,102
7,1184,166
7,1185,-38
7,1186,160
7,1187,121
7,1188,179
7,1189,83
7,1190,128
7,1191,84
7,1192,122
7,1193,32
7,1194,51
7,1195,109
7,1196,32
7,1197,26
7,1198,147
7,1199,109
7,1200,83
7,1201,64
7,1202,83
7,1203,128
7,1204,103
7,1205,45
7,1206,77
7,1207,71
7,1208,109
7,1209,39
7,1210,32
7,1211,32
7,1212,141
7,1213,52
7,1214,64
7,1215,44
7,1216,58
7,1217,51
7,1218,186
7,1219,26
7,1220,32
7,1221,25
7,1222,64
7,1223,77
7,1224,109
7,1225,57
7,1226,96
7,1227,109
7,1228,83
7,1229,64
7,1230,64
7,1231,103
7,1232,51
7,1233,64
7,1234,83
7,1235,32
7,1236,90
7,1237,25
7,1238,64
7,1239,70
7,1240,83
7,1241,25
7,1242,64
7,1243,103
7,1244,122
7,1245,128
7,1246,115
7,1247,84
7,1248,70
7,1249,51
7,1250,121
7,1251,52
7,1252,-19
7,1253,57
7,1254,70
7,1255,109
7,1256,58
7,1257,108
7,1258,134
7,1259,109
7,1260,96
7,1261,77
7,1262,358
7,1263,52
7,1264,160
7,1265,57
7,1266,58
7,1267,19
7,1268,179
7,1269,39
7,1270,108
7,1271,58
7,1272,141
7,1273,160
7,1274,121
7,1275,121
7,1276,128
7,1277,64
7,1278,198
7,1279,147
7,1280,153
7,1281,102
7,1282,128
7,1283,32
7,1284,96
7,1285,58
7,1286,135
7,1287,115
7,1288,102
7,1289,83
7,1290,128
7,1291,109
7,1292,102
7,1293,76
7,1294,211
7,1295,358
7,1296,109
7,1297,83
7,1298,121
7,1299,64
7,1300,51
7,1301,51
7,1302,160
7,1303,83
7,1304,89
7,1305,51
7,1306,134
7,1307,198
7,1308,83
7,1309,-205
7,1310,83
7,1311,70
7,1312,166
7,1313,39
7,1314,77
7,1315,58
7,1316,32
7,1317,64
7,1318,115
7,1319,-64
7,1320,141
7,1321,45
7,1322,-45
7,1323,83
7,1324,76
7,1325,51
7,1326,134
7,1327,103
7,1328,154
7,1329,103
7,1330,96
7,1331,103
7,1332,103
7,1333,57
7,1334,160
7,1335,26
7,1336,102
7,1337,19
7,1338,211
7,1339,103
7,1340,838
7,1341,58
7,1342,173
7,1343,115
7,1344,77
7,1345,39
7,1346,96
7,1347,51
7,1348,71
7,1349,45
7,1350,83
7,1351,64
7,1352,122
7,1353,806
7,1354,83
7,1355,774
7,1356,64
7,1357,90
7,1358,167
7,1359,121
7,1360,167
7,1361,25
7,1362,121
7,1363,26
7,1364,45
7,1365,103
7,1366,58
7,1367,109
7,1368,58
7,1369,71
7,1370,77
7,1371,115
7,1372,160
7,1373,102
7,1374,218
7,1375,57
7,1376,70
7,1377,25
7,1378,96
7,1379,32
7,1380,128
7,1381,83
7,1382,154
7,1383,51
7,1384,173
7,1385,109
7,1386,166
7,1387,154
7,1388,173
7,1389,128
7,1390,122
7,1391,116
7,1392,148
7,1393,58
7,1394,128
7,1395,103
7,1396,45
7,1397,96
7,1398,166
7,1399,58
7,1400,96
7,1401,115
7,1402,122
7,1403,115
7,1404,154
7,1405,-32
7,1406,172
7,1407,172
7,1408,57
7,1409,45
7,1410,301
7,1411,115
7,1412,64
7,1413,134
7,1414,57
7,1415,141
7,1416,83
7,1417,115
7,1418,115
7,1419,154
7,1420,57
7,1421,90
7,1422,90
7,1423,26
7,1424,148
7,1425,89
7,1426,148
7,1427,115
7,1428,96
7,1429,77
7,1430,179
7,1431,-44
7,1432,237
7,1433,51
7,1434,121
7,1435,32
7,1436,38
7,1437,52
7,1438,166
7,1439,51
7,1440,83
7,1441,96
7,1442,179
7,1443,122
7,1444,237
7,1445,237
7,1446,115
7,1447,122
7,1448,57
7,1449,57
7,1450,26
7,1451,64
7,1452,45
7,1453,-32
7,1454,64
7,1455,96
7,1456,77
7,1457,84
7,1458,115
7,1459,20
7,1460,134
7,1461,57
7,1462,115
7,1463,141
7,1464,-39
7,1465,32
7,1466,103
7,1467,25
7,1468,58
7,1469,102
7,1470,32
7,1471,70
7,1472,122
7,1473,38
7,1474,128
7,1475,-64
7,1476,52
7,1477,39
7,1478,90
7,1479,-32
7,1480,128
7,1481,122
7,1482,160
7,1483,109
7,1484,128
7,1485,38
7,1486,96
7,1487,32
7,1488,108
7,1489,19
7,1490,154
7,1491,39
7,1492,51
7,1493,51
7,1494,122
7,1495,64
7,1496,64
7,1497,70
7,1498,77
7,1499,109
7,1500,70
7,1501,96
7,1502,57
7,1503,109
7,1504,71
7,1505,64
7,1506,-44
7,1507,77
7,1508,38
7,1509,-6
7,1510,147
7,1511,19
7,1512,148
7,1513,96
7,1514,199
7,1515,70
7,1516,90
7,1517,58
7,1518,71
7,1519,70
7,1520,109
7,1521,96
7,1522,83
7,1523,109
7,1524,32
7,1525,19
7,1526,-19
7,1527,115
7,1528,57
7,1529,96
7,1530,115
7,1531,57
7,1532,179
7,1533,52
7,1534,96
7,1535,64
7,1536,122
7,1537,122
7,1538,346
7,1539,115
7,1540,77
7,1541,45
7,1542,179
7,1543,128
7,1544,147
7,1545,-38
7,1546,141
7,1547,186
7,1548,147
7,1549,26
7,1550,102
7,1551,147
7,1552,57
7,1553,141
7,1554,115
7,1555,70
7,1556,116
7,1557,51
7,1558,71
7,1559,160
7,1560,172
7,1561,64
7,1562,115
7,1563,64
7,1564,89
7,1565,26
7,1566,192
7,1567,51
7,1568,57
7,1569,77
7,1570,-38
7,1571,77
7,1572,77
7,1573,103
7,1574,160
7,1575,45
7,1576,64
7,1577,90
7,1578,71
7,1579,64
7,1580,109
7,1581,19
7,1582,173
7,1583,294
7,1584,115
7,1585,141
7,1586,-52
7,1587,115
7,1588,153
7,1589,83
7,1590,166
7,1591,109
7,1592,179
7,1593,26
7,1594,20
7,1595,90
7,1596,806
7,1597,77
7,1598,128
7,1599,77
7,1600,77
7,1601,32
7,1602,154
7,1603,77
7,1604,77
7,1605,70
7,1606,167
7,1607,108
7,1608,71
7,1609,58
7,1610,787
7,1611,71
7,1612,128
7,1613,102
7,1614,122
7,1615,70
7,1616,147
7,1617,51
7,1618,58
7,1619,64
7,1620,134
7,1621,102
7,1622,83
7,1623,96
7,1624,39
7,1625,192
7,1626,115
7,1627,116
7,1628,147
7,1629,96
7,1630,359
7,1631,77
7,1632,83
7,1633,211
7,1634,102
7,1635,77
7,1636,64
7,1637,58
7,1638,64
7,1639,96
7,1640,102
7,1641,102
7,1642,185
7,1643,212
7,1644,-13
7,1645,83
7,1646,109
7,1647,116
7,1648,26
7,1649,-39
7,1650,141
7,1651,51
7,1652,83
7,1653,45
7,1654,154
7,1655,70
7,1656,64
7,1657,122
7,1658,211
7,1659,359
7,1660,-51
7,1661,109
7,1662,205
7,1663,128
7,1664,128
7,1665,51
7,1666,122
7,1667,76
7,1668,115
7,1669,-32
7,1670,160
7,1671,109
7,1672,147
7,1673,51
7,1674,154
7,1675,115
7,1676,39
7,1677,109
7,1678,428
7,1679,102
7,1680,128
7,1681,-32
7,1682,45
7,1683,115
7,1684,109
7,1685,192
7,1686,115
7,1687,71
7,1688,102
7,1689,51
7,1690,70
7,1691,-51
7,1692,-32
7,1693,45
7,1694,84
7,1695,102
7,1696,77
7,1697,109
7,1698,96
7,1699,109
7,1700,102
7,1701,115
7,1702,134
7,1703,121
7,1704,345
7,1705,32
7,1706,70
7,1707,185
7,1708,173
7,1709,32
7,1710,128
7,1711,103
7,1712,89
7,1713,25
7,1714,160
7,1715,134
7,1716,153
7,1717,141
7,1718,122
7,1719,70
7,1720,115
7,1721,109
7,1722,115
7,1723,64
7,1724,38
7,1725,32
7,1726,58
7,1727,83
7,1728,64
7,1729,26
7,1730,109
7,1731,115
7,1732,57
7,1733,51
7,1734,103
7,1735,102
7,1736,-39
7,1737,109
7,1738,346
7,1739,154
7,1740,198
7,1741,96
7,1742,205
7,1743,103
7,1744,109
7,1745,103
7,1746,134
7,1747,64
7,1748,77
7,1749,51
7,1750,103
7,1751,26
7,1752,320
7,1753,58
7,1754,103
7,1755,141
7,1756,154
7,1757,57
7,1758,89
7,1759,128
7,1760,115
7,1761,70
7,1762,147
7,1763,96
7,1764,-391
7,1765,51
7,1766,115
7,1767,-39
7,1768,70
7,1769,58
7,1770,64
7,1771,115
7,1772,109
7,1773,83
7,1774,122
7,1775,166
7,1776,45
7,1777,26
7,1778,32
7,1779,19
7,1780,51
7,1781,57
7,1782,116
7,1783,359
7,1784,76
7,1785,121
7,1786,179
7,1787,32
7,1788,83
7,1789,45
7,1790,83
7,1791,147
7,1792,90
7,1793,45
7,1794,70
7,1795,89
7,1796,103
7,1797,83
7,1798,51
7,1799,51
7,1800,320
7,1801,96
7,1802,230
7,1803,218
7,1804,70
7,1805,58
7,1806,57
7,1807,64
7,1808,64
7,1809,25
7,1810,45
7,1811,115
7,1812,198
7,1813,51
7,1814,64
7,1815,77
7,1816,128
7,1817,64
7,1818,313
7,1819,58
7,1820,96
7,1821,-51
7,1822,64
7,1823,103
7,1824,116
7,1825,96
7,1826,205
7,1827,90
7,1828,89
7,1829,71
7,1830,108
7,1831,103
7,1832,378
7,1833,64
7,1834,179
7,1835,64
7,1836,115
7,1837,103
7,1838,167
7,1839,115
7,1840,102
7,1841,45
7,1842,121
7,1843,96
7,1844,57
7,1845,83
7,1846,352
7,1847,71
7,1848,378
7,1849,-390
7,1850,154
7,1851,122
7,1852,819
7,1853,71
7,1854,160
7,1855,102
7,1856,76
7,1857,51
7,1858,89
7,1859,19
7,1860,-45
7,1861,64
7,1862,256
7,1863,365
7,1864,-45
7,1865,800
7,1866,185
7,1867,768
7,1868,140
7,1869,96
7,1870,192
7,1871,90
7,1872,128
7,1873,89
7,1874,122
7,1875,45
7,1876,64
7,1877,64
7,1878,103
7,1879,134
7,1880,109
7,1881,147
7,1882,205
7,1883,96
7,1884,192
7,1885,32
7,1886,128
7,1887,57
7,1888,167
7,1889,19
7,1890,64
7,1891,-64
7,1892,77
7,1893,51
7,1894,96
7,1895,128
7,1896,102
7,1897,76
7,1898,160
7,1899,19
7,1900,186
7,1901,20
7,1902,230
7,1903,57
7,1904,90
7,1905,51
7,1906,173
7,1907,103
7,1908,-32
7,1909,122
7,1910,128
7,1911,83
7,1912,102
7,1913,57
7,1914,166
7,1915,122
7,1916,64
7,1917,89
7,1918,84
7,1919,64
7,1920,51
7,1921,51
7,1922,83
7,1923,109
7,1924,141
7,1925,96
7,1926,147
7,1927,70
7,1928,102
7,1929,51
7,1930,109
7,1931,45
7,1932,51
7,1933,51
7,1934,57
7,1935,32
7,1936,301
7,1937,160
7,1938,134
7,1939,64
7,1940,-51
7,1941,109
7,1942,166
7,1943,192
7,1944,115
7,1945,57
7,1946,115
7,1947,64
7,1948,70
7,1949,89
7,1950,237
7,1951,103
7,1952,45
7,1953,108
7,1954,128
7,1955,-64
7,1956,269
7,1957,51
7,1958,167
7,1959,76
7,1960,89
7,1961,128
7,1962,32
7,1963,57
7,1964,64
7,1965,51
7,1966,108
7,1967,64
7,1968,268
7,1969,96
7,1970,109
7,1971,147
7,1972,148
7,1973,70
7,1974,147
7,1975,96
7,1976,154
7,1977,58
7,1978,96
7,1979,-493
7,1980,128
7,1981,32
7,1982,140
7,1983,26
7,1984,103
7,1985,25
7,1986,45
7,1987,-64
7,1988,115
7,1989,-26
7,1990,-38
7,1991,128
7,1992,121
7,1993,109
7,1994,83
7,1995,103
7,1996,115
7,1997,96
7,1998,180
7,1999,58
7,2000,32
7,2001,57
7,2002,58
7,2003,64
7,2004,45
7,2005,109
7,2006,160
7,2007,71
7,2008,52
7,2009,122
7,2010,122
7,2011,403
7,2012,128
7,2013,96
7,2014,160
7,2015,64
7,2016,96
7,2017,172
7,2018,-39
7,2019,-397
7,2020,57
7,2021,154
7,2022,-198
7,2023,58
7,2024,64
7,2025,109
7,2026,167
7,2027,109
7,2028,51
7,2029,51
7,2030,173
7,2031,58
7,2032,64
7,2033,51
7,2034,154
7,2035,89
7,2036,115
7,2037,64
7,2038,-51
7,2039,128
7,2040,173
7,2041,153
7,2042,134
7,2043,128
7,2044,44
7,2045,96
7,2046,141
7,2047,102
7,2048,58
7,2049,96
7,2050,109
7,2051,58
7,2052,121
7,2053,-58
7,2054,141
7,2055,96
7,2056,128
7,2057,45
7,2058,160
7,2059,64
7,2060,96
7,2061,57
7,2062,173
7,2063,25
7,2064,77
7,2065,96
7,2066,244
7,2067,115
7,2068,96
7,2069,44
7,2070,121
7,2071,102
7,2072,115
7,2073,51
7,2074,26
7,2075,77
7,2076,71
7,2077,51
7,2078,83
7,2079,90
7,2080,172
7,2081,154
7,2082,128
7,2083,109
7,2084,121
7,2085,44
7,2086,140
7,2087,89
7,2088,77
7,2089,45
7,2090,147
7,2091,26
7,2092,51
7,2093,64
7,2094,25
7,2095,327
7,2096,51
7,2097,134
7,2098,134
7,2099,115
7,2100,147
7,2101,90
7,2102,218
7,2103,58
7,2104,83
7,2105,71
7,2106,320
7,2107,71
7,2108,646
7,2109,51
7,2110,147
7,2111,20
7,2112,83
7,2113,32
7,2114,96
7,2115,32
7,2116,148
7,2117,83
7,2118,153
7,2119,109
7,2120,269
7,2121,64
7,2122,787
7,2123,51
7,2124,115
7,2125,96
7,2126,320
7,2127,-32
7,2128,180
7,2129,-71
7,2130,211
7,2131,51
7,2132,51
7,2133,51
7,2134,153
7,2135,70
7,2136,70
7,2137,51
7,2138,378
7,2139,-51
7,2140,173
7,2141,77
7,2142,211
7,2143,71
7,2144,57
7,2145,109
7,2146,160
7,2147,71
7,2148,64
7,2149,77
7,2150,160
7,2151,89
7,2152,90
7,2153,96
7,2154,128
7,2155,154
7,2156,90
7,2157,103
7,2158,166
7,2159,134
7,2160,108
7,2161,51
7,2162,83
7,2163,51
7,2164,211
7,2165,160
7,2166,20
7,2167,45
7,2168,378
7,2169,57
7,2170,70
7,2171,147
7,2172,108
7,2173,198
7,2174,243
7,2175,-173
7,2176,154
7,2177,51
7,2178,122
7,2179,64
7,2180,71
7,2181,102
7,2182,77
7,2183,116
7,2184,166
7,2185,45
7,2186,32
7,2187,83
7,2188,71
7,2189,-6
7,2190,103
7,2191,-25
7,2192,57
7,2193,57
7,2194,109
7,2195,32
7,2196,39
7,2197,51
7,2198,70
7,2199,141
7,2200,122
7,2201,358
7,2202,51
7,2203,-64
7,2204,51
7,2205,128
7,2206,89
7,2207,77
7,2208,90
7,2209,70
7,2210,96
7,2211,116
7,2212,-38
7,2213,90
7,2214,77
7,2215,71
7,2216,403
7,2217,58
7,2218,89
7,2219,25
7,2220,52
7,2221,64
7,2222,109
7,2223,96
7,2224,32
7,2225,83
7,2226,211
7,2227,231
7,2228,269
7,2229,147
7,2230,173
7,2231,115
7,2232,160
7,2233,256
7,2234,128
7,2235,102
7,2236,45
7,2237,96
7,2238,-51
7,2239,51
7,2240,64
7,2241,51
7,2242,51
7,2243,102
7,2244,32
7,2245,122
7,2246,70
7,2247,-26
7,2248,186
7,2249,109
7,2250,166
7,2251,45
7,2252,103
7,2253,64
7,2254,166
7,2255,167
7,2256,52
7,2257,58
7,2258,64
7,2259,45
7,2260,51
7,2261,89
7,2262,51
7,2263,103
7,2264,83
7,2265,52
7,2266,122
7,2267,103
7,2268,96
7,2269,77
7,2270,359
7,2271,64
7,2272,115
7,2273,20
7,2274,128
7,2275,26
7,2276,77
7,2277,51
7,2278,89
7,2279,89
7,2280,160
7,2281,57
7,2282,122
7,2283,103
7,2284,192
7,2285,70
7,2286,70
7,2287,77
7,2288,70
7,2289,25
7,2290,51
7,2291,204
7,2292,390
7,2293,211
7,2294,115
7,2295,108
7,2296,116
7,2297,122
7,2298,154
7,2299,141
7,2300,166
7,2301,70
7,2302,160
7,2303,89
7,2304,128
7,2305,102
7,2306,77
7,2307,115
7,2308,148
7,2309,51
7,2310,179
7,2311,128
7,2312,140
7,2313,102
7,2314,77
7,2315,96
7,2316,77
7,2317,25
7,2318,26
7,2319,19
7,2320,154
7,2321,64
7,2322,-26
7,2323,76
7,2324,83
7,2325,90
7,2326,77
7,2327,26
7,2328,102
7,2329,57
7,2330,70
7,2331,77
7,2332,122
7,2333,51
7,2334,179
7,2335,211
7,2336,64
7,2337,96
7,2338,64
7,2339,64
7,2340,76
7,2341,32
7,2342,115
7,2343,71
7,2344,64
7,2345,96
7,2346,115
7,2347,83
7,2348,115
7,2349,77
7,2350,339
7,2351,108
7,2352,84
7,2353,-32
7,2354,84
7,2355,89
7,2356,109
7,2357,25
7,2358,45
7,2359,71
7,2360,122
7,2361,71
7,2362,45
7,2363,115
7,2364,788
7,2365,122
7,2366,122
7,2367,70
7,2368,32
7,2369,38
7,2370,135
7,2371,45
7,2372,51
7,2373,32
7,2374,122
7,2375,83
7,2376,96
7,2377,832
7,2378,218
7,2379,794
7,2380,122
7,2381,96
7,2382,147
7,2383,64
7,2384,96
7,2385,32
7,2386,58
7,2387,58
7,2388,39
7,2389,51
7,2390,173
7,2391,102
7,2392,-51
7,2393,115
7,2394,115
7,2395,76
7,2396,153
7,2397,64
7,2398,166
7,2399,77
7,2400,90
7,2401,20
7,2402,64
7,2403,-38
7,2404,77
7,2405,51
7,2406,115
7,2407,20
7,2408,64
7,2409,64
7,2410,103
7,2411,76
7,2412,103
7,2413,-38
7,2414,160
7,2415,160
7,2416,384
7,2417,64
7,2418,307
7,2419,51
7,2420,51
7,2421,108
7,2422,173
7,2423,19
7,2424,115
7,2425,83
7,2426,51
7,2427,128
7,2428,166
7,2429,51
7,2430,128
7,2431,122
7,2432,128
7,2433,218
7,2434,154
7,2435,58
7,2436,52
7,2437,211
7,2438,109
7,2439,32
7,2440,128
7,2441,45
7,2442,166
7,2443,70
7,2444,147
7,2445,-467
7,2446,45
7,2447,70
7,2448,358
7,2449,109
7,2450,198
7,2451,58
7,2452,217
7,2453,38
7,2454,179
7,2455,89
7,2456,108
7,2457,77
7,2458,121
7,2459,90
7,2460,45
7,2461,51
7,2462,167
7,2463,26
7,2464,64
7,2465,160
7,2466,-45
7,2467,173
7,2468,89
7,2469,224
7,2470,179
7,2471,103
7,2472,109
7,2473,57
7,2474,167
7,2475,256
7,2476,102
7,2477,84
7,2478,57
7,2479,77
7,2480,128
7,2481,57
7,2482,128
7,2483,57
7,2484,160
7,2485,122
7,2486,89
7,2487,109
7,2488,115
7,2489,26
7,2490,51
7,2491,51
7,2492,115
7,2493,102
7,2494,45
7,2495,19
7,2496,51
7,2497,-7
7,2498,70
7,2499,52
7,2500,51
7,2501,19
7,2502,102
7,2503,19
7,2504,186
7,2505,172
7,2506,122
7,2507,167
7,2508,160
7,2509,186
7,2510,141
7,2511,58
7,2512,102
7,2513,115
7,2514,115
7,2515,57
7,2516,38
7,2517,-39
7,2518,25
7,2519,58
7,2520,89
7,2521,134
7,2522,90
7,2523,71
7,2524,147
7,2525,64
7,2526,115
7,2527,167
7,2528,57
7,2529,-51
7,2530,71
7,2531,64
7,2532,64
7,2533,166
7,2534,198
7,2535,122
7,2536,89
7,2537,-192
7,2538,128
7,2539,26
7,2540,83
7,2541,51
7,2542,71
7,2543,25
7,2544,102
7,2545,25
7,2546,32
7,2547,19
7,2548,32
7,2549,134
7,2550,51
7,2551,122
7,2552,64
7,2553,-173
7,2554,326
7,2555,71
7,2556,122
7,2557,121
7,2558,269
7,2559,115
7,2560,32
7,2561,51
7,2562,153
7,2563,160
7,2564,154
7,2565,25
7,2566,70
7,2567,122
7,2568,121
7,2569,51
7,2570,230
7,2571,135
7,2572,147
7,2573,96
7,2574,141
7,2575,19
7,2576,134
7,2577,147
7,2578,115
7,2579,115
7,2580,115
7,2581,45
7,2582,166
7,2583,58
7,2584,64
7,2585,26
7,2586,160
7,2587,58
7,2588,96
7,2589,26
7,2590,58
7,2591,32
7,2592,51
7,2593,115
7,2594,128
7,2595,64
7,2596,96
7,2597,77
7,2598,147
7,2599,102
7,2600,153
7,2601,103
7,2602,121
7,2603,57
7,2604,52
7,2605,26
7,2606,64
7,2607,89
7,2608,64
7,2609,96
7,2610,109
7,2611,160
7,2612,141
7,2613,77
7,2614,230
7,2615,77
7,2616,128
7,2617,96
7,2618,25
7,2619,58
7,2620,807
7,2621,38
7,2622,57
7,2623,-45
7,2624,70
7,2625,57
7,2626,135
7,2627,179
7,2628,51
7,2629,-7
7,2630,122
7,2631,32
7,2632,102
7,2633,102
7,2634,806
7,2635,109
7,2636,160
7,2637,83
7,2638,109
7,2639,77
7,2640,128
7,2641,45
7,2642,32
7,2643,-26
7,2644,109
7,2645,70
7,2646,70
7,2647,77
7,2648,108
7,2649,52
7,2650,103
7,2651,122
7,2652,173
7,2653,134
7,2654,122
7,2655,166
7,2656,103
7,2657,51
7,2658,102
7,2659,51
7,2660,70
7,2661,51
7,2662,103
7,2663,25
7,2664,32
7,2665,359
7,2666,205
7,2667,160
7,2668,166
7,2669,51
7,2670,19
7,2671,109
7,2672,109
7,2673,64
7,2674,64
7,2675,128
7,2676,44
7,2677,51
7,2678,166
7,2679,26
7,2680,153
7,2681,64
7,2682,185
7,2683,64
7,2684,64
7,2685,141
7,2686,26
7,2687,70
7,2688,115
7,2689,102
7,2690,122
7,2691,320
7,2692,77
7,2693,83
7,2694,77
7,2695,115
7,2696,237
7,2697,141
7,2698,147
7,2699,166
7,2700,186
7,2701,313
7,2702,32
7,2703,102
7,2704,71
7,2705,128
7,2706,77
7,2707,116
7,2708,173
7,2709,154
7,2710,173
7,2711,102
7,2712,109
7,2713,51
7,2714,134
7,2715,102
7,2716,83
7,2717,57
7,2718,116
7,2719,96
7,2720,64
7,2721,57
7,2722,122
7,2723,115
7,2724,154
7,2725,58
7,2726,154
7,2727,83
7,2728,205
7,2729,51
7,2730,122
7,2731,44
7,2732,96
7,2733,38
7,2734,71
7,2735,109
7,2736,160
7,2737,58
7,2738,77
7,2739,128
7,2740,122
7,2741,89
7,2742,64
7,2743,90
7,2744,153
7,2745,32
7,2746,70
7,2747,57
7,2748,128
7,2749,-52
7,2750,148
7,2751,77
7,2752,109
7,2753,45
7,2754,102
7,2755,96
7,2756,58
7,2757,179
7,2758,167
7,2759,122
7,2760,58
7,2761,70
7,2762,58
7,2763,122
7,2764,217
7,2765,103
7,2766,205
7,2767,103
7,2768,38
7,2769,58
7,2770,179
7,2771,20
7,2772,71
7,2773,58
7,2774,57
7,2775,109
7,2776,83
7,2777,52
7,2778,96
7,2779,76
7,2780,141
7,2781,96
7,2782,102
7,2783,19
7,2784,154
7,2785,64
7,2786,64
7,2787,-32
7,2788,77
7,2789,45
7,2790,166
7,2791,154
7,2792,57
7,2793,147
7,2794,122
7,2795,109
7,2796,147
7,2797,32
7,2798,96
7,2799,64
7,2800,378
7,2801,45
7,2802,109
7,2803,134
7,2804,64
7,2805,38
7,2806,192
7,2807,109
7,2808,70
7,2809,109
7,2810,179
7,2811,64
7,2812,141
7,2813,45
7,2814,160
7,2815,32
7,2816,32
7,2817,90
7,2818,212
7,2819,64
7,2820,51
7,2821,64
7,2822,57
7,2823,77
7,2824,192
7,2825,282
7,2826,122
7,2827,64
7,2828,64
7,2829,96
7,2830,64
7,2831,32
7,2832,147
7,2833,90
7,2834,160
7,2835,57
7,2836,51
7,2837,51
7,2838,77
7,2839,64
7,2840,32
7,2841,77
7,2842,199
7,2843,102
7,2844,160
7,2845,57
7,2846,179
7,2847,108
7,2848,115
7,2849,57
7,2850,89
7,2851,44
7,2852,116
7,2853,-147
7,2854,71
7,2855,64
7,2856,64
7,2857,70
7,2858,26
7,2859,51
7,2860,198
7,2861,19
7,2862,32
7,2863,77
7,2864,141
7,2865,64
7,2866,70
7,2867,45
7,2868,-13
7,2869,70
7,2870,115
7,2871,115
7,2872,32
7,2873,108
7,2874,-186
7,2875,249
7,2876,794
7,2877,179
7,2878,134
7,2879,173
7,2880,115
7,2881,-32
7,2882,218
7,2883,32
7,2884,109
7,2885,70
7,2886,134
7,2887,103
7,2888,96
7,2889,819
7,2890,64
7,2891,788
7,2892,103
7,2893,32
7,2894,212
7,2895,116
7,2896,148
7,2897,26
7,2898,64
7,2899,64
7,2900,71
7,2901,58
7,2902,96
7,2903,96
7,2904,102
7,2905,108
7,2906,121
7,2907,70
7,2908,109
7,2909,96
7,2910,83
7,2911,71
7,2912,109
7,2913,51
7,2914,115
7,2915,45
7,2916,32
7,2917,70
7,2918,71
7,2919,103
7,2920,115
7,2921,58
7,2922,141
7,2923,96
7,2924,64
7,2925,96
7,2926,109
7,2927,320
7,2928,122
7,2929,58
7,2930,83
7,2931,64
7,2932,32
7,2933,52
7,2934,186
7,2935,71
7,2936,166
7,2937,96
7,2938,128
7,2939,147
7,2940,166
7,2941,51
7,2942,102
7,2943,217
7,2944,237
7,2945,224
7,2946,243
7,2947,71
7,2948,153
7,2949,218
7,2950,211
7,2951,134
7,2952,115
7,2953,64
7,2954,51
7,2955,-13
7,2956,77
7,2957,-646
7,2958,83
7,2959,249
7,2960,77
7,2961,83
7,2962,32
7,2963,102
7,2964,83
7,2965,256
7,2966,116
7,2967,70
7,2968,109
7,2969,-19
7,2970,90
7,2971,-26
7,2972,70
7,2973,58
7,2974,19
7,2975,83
7,2976,-32
7,2977,365
7,2978,71
7,2979,115
7,2980,122
7,2981,109
7,2982,90
7,2983,122
7,2984,173
7,2985,83
7,2986,64
7,2987,115
7,2988,57
7,2989,71
7,2990,25
7,2991,109
7,2992,58
7,2993,51
7,2994,116
7,2995,160
7,2996,135
7,2997,77
7,2998,116
7,2999,192
7,3000,167
7,3001,64
7,3002,45
7,3003,134
7,3004,205
7,3005,52
7,3006,179
7,3007,77
7,3008,44
7,3009,288
7,3010,154
7,3011,45
7,3012,58
7,3013,103
7,3014,64
7,3015,45
7,3016,199
7,3017,64
7,3018,263
7,3019,-38
7,3020,186
7,3021,38
7,3022,167
7,3023,52
7,3024,115
7,3025,39
7,3026,57
7,3027,44
7,3028,51
7,3029,64
7,3030,134
7,3031,83
7,3032,115
7,3033,166
7,3034,90
7,3035,128
7,3036,179
7,3037,103
7,3038,154
7,3039,76
7,3040,83
7,3041,64
7,3042,109
7,3043,109
7,3044,384
7,3045,71
7,3046,122
7,3047,71
7,3048,121
7,3049,109
7,3050,70
7,3051,64
7,3052,134
7,3053,96
7,3054,115
7,3055,64
7,3056,109
7,3057,25
7,3058,64
7,3059,102
7,3060,52
7,3061,90
7,3062,109
7,3063,45
7,3064,103
7,3065,83
7,3066,115
7,3067,115
7,3068,77
7,3069,103
7,3070,83
7,3071,141
7,3072,90
7,3073,103
7,3074,51
7,3075,115
7,3076,64
7,3077,102
7,3078,166
7,3079,89
7,3080,205
7,3081,365
7,3082,32
7,3083,103
7,3084,243
7,3085,52
7,3086,83
7,3087,64
7,3088,57
7,3089,96
7,3090,103
7,3091,108
7,3092,301
7,3093,45
7,3094,122
7,3095,83
7,3096,77
7,3097,38
7,3098,51
7,3099,64
7,3100,96
7,3101,141
7,3102,180
7,3103,116
7,3104,71
7,3105,77
7,3106,121
7,3107,64
7,3108,166
7,3109,96
7,3110,96
7,3111,115
7,3112,64
7,3113,51
7,3114,57
7,3115,26
7,3116,13
7,3117,64
7,3118,70
7,3119,26
7,3120,58
7,3121,83
7,3122,192
7,3123,128
7,3124,103
7,3125,64
7,3126,172
7,3127,-32
7,3128,109
7,3129,64
7,3130,166
7,3131,13
7,3132,800
7,3133,71
7,3134,218
7,3135,166
7,3136,64
7,3137,20
7,3138,32
7,3139,32
7,3140,71
7,3141,57
7,3142,70
7,3143,58
7,3144,77
7,3145,77
7,3146,422
7,3147,83
7,3148,179
7,3149,294
7,3150,167
7,3151,115
7,3152,64
7,3153,58
7,3154,141
7,3155,32
7,3156,51
7,3157,25
7,3158,147
7,3159,58
7,3160,-32
7,3161,115
7,3162,32
7,3163,128
7,3164,109
7,3165,51
7,3166,192
7,3167,64
7,3168,160
7,3169,83
7,3170,83
7,3171,58
7,3172,-25
7,3173,76
7,3174,166
7,3175,-52
7,3176,71
7,3177,-38
7,3178,115
7,3179,45
7,3180,51
7,3181,45
7,3182,147
7,3183,128
7,3184,147
7,3185,32
7,3186,64
7,3187,32
7,3188,-45
7,3189,116
7,3190,199
7,3191,77
7,3192,26
7,3193,96
7,3194,167
7,3195,71
7,3196,64
7,3197,89
7,3198,320
7,3199,109
7,3200,90
7,3201,70
7,3202,115
7,3203,205
7,3204,173
7,3205,64
7,3206,205
7,3207,167
7,3208,83
7,3209,32
7,3210,70
7,3211,51
7,3212,6
7,3213,108
7,3214,89
7,3215,103
7,3216,32
7,3217,135
7,3218,116
7,3219,64
7,3220,109
7,3221,38
7,3222,77
7,3223,96
7,3224,58
7,3225,51
7,3226,122
7,3227,109
7,3228,26
7,3229,26
7,3230,89
7,3231,19
7,3232,77
7,3233,51
7,3234,115
7,3235,83
7,3236,83
7,3237,96
7,3238,154
7,3239,128
7,3240,224
7,3241,160
7,3242,256
7,3243,166
7,3244,186
7,3245,84
7,3246,218
7,3247,71
7,3248,89
7,3249,141
7,3250,83
7,3251,83
7,3252,44
7,3253,57
7,3254,199
7,3255,115
7,3256,128
7,3257,-51
7,3258,71
7,3259,102
7,3260,26
7,3261,167
7,3262,211
7,3263,96
7,3264,77
7,3265,71
7,3266,19
7,3267,-19
7,3268,70
7,3269,57
7,3270,211
7,3271,116
7,3272,39
7,3273,96
7,3274,198
7,3275,116
7,3276,70
7,3277,96
7,3278,141
7,3279,70
7,3280,76
7,3281,96
7,3282,198
7,3283,32
7,3284,58
7,3285,25
7,3286,103
7,3287,58
7,3288,109
7,3289,51
7,3290,115
7,3291,77
7,3292,173
7,3293,64
7,3294,212
7,3295,103
7,3296,115
7,3297,25
7,3298,32
7,3299,58
7,3300,64
7,3301,51
7,3302,365
7,3303,167
7,3304,57
7,3305,77
7,3306,173
7,3307,25
7,3308,102
7,3309,32
7,3310,173
7,3311,166
7,3312,77
7,3313,51
7,3314,128
7,3315,32
7,3316,192
7,3317,-38
7,3318,140
7,3319,109
7,3320,45
7,3321,128
7,3322,154
7,3323,70
7,3324,154
7,3325,83
7,3326,57
7,3327,70
7,3328,-32
7,3329,70
7,3330,160
7,3331,19
7,3332,134
7,3333,96
7,3334,109
7,3335,109
7,3336,57
7,3337,77
7,3338,122
7,3339,26
7,3340,96
7,3341,32
7,3342,205
7,3343,51
7,3344,115
7,3345,39
7,3346,160
7,3347,44
7,3348,45
7,3349,45
7,3350,217
7,3351,109
7,3352,51
7,3353,70
7,3354,58
7,3355,57
7,3356,83
7,3357,45
7,3358,166
7,3359,64
7,3360,83
7,3361,115
7,3362,186
7,3363,103
7,3364,77
7,3365,102
7,3366,109
7,3367,71
7,3368,71
7,3369,57
7,3370,96
7,3371,64
7,3372,83
7,3373,84
7,3374,141
7,3375,102
7,3376,96
7,3377,64
7,3378,122
7,3379,109
7,3380,64
7,3381,160
7,3382,57
7,3383,19
7,3384,58
7,3385,58
7,3386,121
7,3387,-64
7,3388,800
7,3389,71
7,3390,-45
7,3391,128
7,3392,58
7,3393,64
7,3394,102
7,3395,51
7,3396,45
7,3397,19
7,3398,134
7,3399,70
7,3400,77
7,3401,813
7,3402,231
7,3403,787
7,3404,58
7,3405,45
7,3406,205
7,3407,70
7,3408,52
7,3409,76
7,3410,57
7,3411,51
7,3412,-32
7,3413,64
7,3414,147
7,3415,32
7,3416,57
7,3417,51
7,3418,96
7,3419,108
7,3420,186
7,3421,89
7,3422,160
7,3423,397
7,3424,64
7,3425,19
7,3426,122
7,3427,71
7,3428,70
7,3429,38
7,3430,96
7,3431,96
7,3432,153
7,3433,64
7,3434,116
7,3435,128
7,3436,166
7,3437,96
7,3438,135
7,3439,32
7,3440,115
7,3441,19
7,3442,148
7,3443,58
7,3444,-39
7,3445,70
7,3446,160
7,3447,109
7,3448,57
7,3449,84
7,3450,25
7,3451,115
7,3452,83
7,3453,122
7,3454,173
7,3455,198
7,3456,96
7,3457,96
7,3458,173
7,3459,96
7,3460,135
7,3461,96
7,3462,115
7,3463,160
7,3464,205
7,3465,38
7,3466,121
7,3467,44
7,3468,-25
7,3469,211
7,3470,108
7,3471,-32
7,3472,121
7,3473,115
7,3474,192
7,3475,122
7,3476,103
7,3477,64
7,3478,147
7,3479,128
7,3480,172
7,3481,64
7,3482,45
7,3483,32
7,3484,57
7,3485,90
7,3486,173
7,3487,25
7,3488,-51
7,3489,96
7,3490,135
7,3491,224
7,3492,269
7,3493,231
7,3494,218
7,3495,192
7,3496,403
7,3497,45
7,3498,96
7,3499,51
7,3500,70
7,3501,39
7,3502,154
7,3503,-64
7,3504,115
7,3505,51
7,3506,102
7,3507,64
7,3508,115
7,3509,84
7,3510,819
7,3511,96
7,3512,199
7,3513,19
7,3514,301
7,3515,51
7,3516,32
7,3517,19
7,3518,83
7,3519,51
7,3520,96
7,3521,-51
7,3522,77
7,3523,64
7,3524,64
7,3525,52
7,3526,167
7,3527,45
7,3528,96
7,3529,371
7,3530,186
7,3531,77
7,3532,217
7,3533,90
7,3534,218
7,3535,-45
7,3536,128
7,3537,52
7,3538,108
7,3539,26
7,3540,116
7,3541,52
7,3542,128
7,3543,108
7,3544,320
7,3545,96
7,3546,109
7,3547,109
7,3548,83
7,3549,102
7,3550,378
7,3551,39
7,3552,76
7,3553,-38
7,3554,103
7,3555,71
7,3556,96
7,3557,51
7,3558,173
7,3559,64
7,3560,83
7,3561,160
7,3562,128
7,3563,77
7,3564,147
7,3565,352
7,3566,167
7,3567,51
7,3568,173
7,3569,39
7,3570,103
7,3571,166
7,3572,26
7,3573,-32
7,3574,83
7,3575,102
7,3576,250
7,3577,96
7,3578,128
7,3579,109
7,3580,166
7,3581,90
7,3582,121
7,3583,121
7,3584,51
7,3585,52
7,3586,122
7,3587,76
7,3588,115
7,3589,51
7,3590,109
7,3591,115
7,3592,115
7,3593,160
7,3594,25
7,3595,102
7,3596,108
7,3597,160
7,3598,89
7,3599,96
7,3600,58
7,3601,128
7,3602,218
7,3603,128
7,3604,115
7,3605,64
7,3606,173
7,3607,64
7,3608,103
7,3609,314
7,3610,102
7,3611,70
7,3612,64
7,3613,32
7,3614,90
7,3615,77
7,3616,77
7,3617,147
7,3618,371
7,3619,108
7,3620,141
7,3621,52
7,3622,173
7,3623,115
7,3624,64
7,3625,38
7,3626,103
7,3627,108
7,3628,38
7,3629,64
7,3630,25
7,3631,58
7,3632,51
7,3633,147
7,3634,115
7,3635,77
7,3636,115
7,3637,70
7,3638,89
7,3639,-448
7,3640,32
7,3641,83
7,3642,89
7,3643,166
7,3644,819
7,3645,-25
7,3646,76
7,3647,77
7,3648,57
7,3649,38
7,3650,192
7,3651,77
7,3652,147
7,3653,115
7,3654,160
7,3655,109
7,3656,-45
7,3657,109
7,3658,787
7,3659,167
7,3660,205
7,3661,346
7,3662,71
7,3663,128
7,3664,115
7,3665,64
7,3666,71
7,3667,26
7,3668,64
7,3669,58
7,3670,51
7,3671,102
7,3672,64
7,3673,51
7,3674,211
7,3675,102
7,3676,70
7,3677,108
7,3678,160
7,3679,103
7,3680,153
7,3681,-250
7,3682,115
7,3683,64
7,3684,32
7,3685,58
7,3686,103
7,3687,64
7,3688,134
7,3689,70
7,3690,96
7,3691,64
7,3692,262
7,3693,90
7,3694,96
7,3695,77
7,3696,186
7,3697,25
7,3698,103
7,3699,-64
7,3700,96
7,3701,64
7,3702,199
7,3703,109
7,3704,224
7,3705,77
7,3706,205
7,3707,58
7,3708,103
7,3709,77
7,3710,211
7,3711,77
7,3712,224
7,3713,51
7,3714,307
7,3715,64
7,3716,-39
7,3717,90
7,3718,64
7,3719,147
7,3720,211
7,3721,141
7,3722,70
7,3723,90
7,3724,-38
7,3725,57
7,3726,51
7,3727,154
7,3728,51
7,3729,70
7,3730,115
7,3731,45
7,3732,51
7,3733,153
7,3734,64
7,3735,-185
7,3736,96
7,3737,58
7,3738,71
7,3739,70
7,3740,70
7,3741,109
7,3742,115
7,3743,64
7,3744,109
7,3745,96
7,3746,70
7,3747,115
7,3748,128
7,3749,89
7,3750,173
7,3751,70
7,3752,77
7,3753,71
7,3754,64
7,3755,64
7,3756,365
7,3757,96
7,3758,134
7,3759,64
7,3760,89
7,3761,89
7,3762,109
7,3763,109
7,3764,83
7,3765,83
7,3766,249
7,3767,115
7,3768,166
7,3769,57
7,3770,13
7,3771,218
7,3772,64
7,3773,58
7,3774,166
7,3775,90
7,3776,186
7,3777,71
7,3778,153
7,3779,96
7,3780,103
7,3781,64
7,3782,224
7,3783,115
7,3784,45
7,3785,89
7,3786,128
7,3787,148
7,3788,128
7,3789,77
7,3790,167
7,3791,102
7,3792,109
7,3793,365
7,3794,166
7,3795,32
7,3796,102
7,3797,51
7,3798,58
7,3799,89
7,3800,52
7,3801,89
7,3802,109
7,3803,90
7,3804,365
7,3805,38
7,3806,147
7,3807,108
7,3808,122
7,3809,-551
7,3810,19
7,3811,70
7,3812,57
7,3813,77
7,3814,64
7,3815,83
7,3816,70
7,3817,116
7,3818,211
7,3819,96
7,3820,141
7,3821,64
7,3822,32
7,3823,77
7,3824,167
7,3825,38
7,3826,52
7,3827,84
7,3828,115
7,3829,64
7,3830,121
7,3831,70
7,3832,32
7,3833,109
7,3834,135
7,3835,128
7,3836,140
7,3837,64
7,3838,160
7,3839,-38
7,3840,102
7,3841,64
7,3842,103
7,3843,19
7,3844,51
7,3845,-282
7,3846,45
7,3847,51
7,3848,45
7,3849,89
7,3850,64
7,3851,13
7,3852,148
7,3853,103
7,3854,115
7,3855,57
7,3856,410
7,3857,192
7,3858,58
7,3859,96
7,3860,83
7,3861,64
7,3862,186
7,3863,115
7,3864,154
7,3865,96
7,3866,115
7,3867,64
7,3868,77
7,3869,109
7,3870,167
7,3871,121
7,3872,109
7,3873,102
7,3874,308
7,3875,116
7,3876,70
7,3877,83
7,3878,173
7,3879,77
7,3880,205
7,3881,38
7,3882,115
7,3883,109
7,3884,89
7,3885,58
7,3886,160
7,3887,64
7,3888,89
7,3889,141
7,3890,77
7,3891,64
7,3892,103
7,3893,57
7,3894,90
7,3895,58
7,3896,96
7,3897,51
7,3898,115
7,3899,102
7,3900,794
7,3901,64
7,3902,-26
7,3903,96
7,3904,346
7,3905,-39
7,3906,71
7,3907,-13
7,3908,32
7,3909,51
7,3910,57
7,3911,64
7,3912,52
7,3913,819
7,3914,128
7,3915,781
7,3916,32
7,3917,51
7,3918,83
7,3919,70
7,3920,115
7,3921,26
7,3922,26
7,3923,26
7,3924,147
7,3925,-38
7,3926,83
7,3927,109
7,3928,115
7,3929,77
7,3930,134
7,3931,83
7,3932,109
7,3933,70
7,3934,116
7,3935,-38
7,3936,96
7,3937,-32
7,3938,122
7,3939,19
7,3940,96
7,3941,64
7,3942,109
7,3943,32
7,3944,147
7,3945,147
7,3946,115
7,3947,103
7,3948,116
7,3949,96
7,3950,167
7,3951,64
7,3952,186
7,3953,51
7,3954,70
7,3955,19
7,3956,51
7,3957,51
7,3958,160
7,3959,77
7,3960,166
7,3961,51
7,3962,180
7,3963,116
7,3964,135
7,3965,57
7,3966,179
7,3967,102
7,3968,90
7,3969,38
7,3970,154
7,3971,109
7,3972,359
7,3973,179
7,3974,192
7,3975,58
7,3976,109
7,3977,102
7,3978,77
7,3979,58
7,3980,38
7,3981,19
7,3982,166
7,3983,83
7,3984,76
7,3985,64
7,3986,166
7,3987,76
7,3988,167
7,3989,39
7,3990,167
7,3991,51
7,3992,141
7,3993,83
7,3994,-38
7,3995,38
7,3996,64
7,3997,51
7,3998,166
7,3999,58
7,4000,57
7,4001,77
7,4002,45
7,4003,108
7,4004,109
7,4005,70
7,4006,172
7,4007,58
7,4008,326
7,4009,57
7,4010,32
7,4011,58
7,4012,96
7,4013,32
7,4014,51
7,4015,-38
7,4016,70
7,4017,77
7,4018,71
7,4019,128
7,4020,70
7,4021,45
7,4022,109
7,4023,115
7,4024,141
7,4025,25
7,4026,102
7,4027,115
7,4028,70
7,4029,243
7,4030,-45
7,4031,32
7,4032,115
7,4033,71
7,4034,108
7,4035,340
7,4036,45
7,4037,57
7,4038,57
7,4039,77
7,4040,352
7,4041,70
7,4042,122
7,4043,83
7,4044,128
7,4045,109
7,4046,-45
7,4047,115
7,4048,141
7,4049,96
7,4050,58
7,4051,269
7,4052,384
7,4053,39
7,4054,186
7,4055,108
7,4056,64
7,4057,70
7,4058,115
7,4059,128
7,4060,166
7,4061,326
7,4062,192
7,4063,116
7,4064,52
7,4065,-448
7,4066,135
7,4067,173
7,4068,-38
7,4069,77
7,4070,179
7,4071,64
7,4072,64
7,4073,116
7,4074,-32
7,4075,32
7,4076,256
7,4077,-26
7,4078,179
7,4079,70
7,4080,109
7,4081,77
7,4082,103
7,4083,109
7,4084,115
7,4085,90
7,4086,167
7,4087,71
7,4088,135
7,4089,-32
7,4090,135
7,4091,96
7,4092,115
7,4093,71
7,4094,116
7,4095,51
7,4096,58
7,4097,58
7,4098,153
7,4099,250
7,4100,84
7,4101,64
7,4102,173
7,4103,109
7,4104,64
7,4105,25
7,4106,-217
7,4107,57
7,4108,122
7,4109,64
7,4110,64
7,4111,108
7,4112,160
7,4113,89
7,4114,154
7,4115,140
7,4116,167
7,4117,64
7,4118,211
7,4119,122
7,4120,115
7,4121,51
7,4122,116
7,4123,64
7,4124,77
7,4125,51
7,4126,199
7,4127,70
7,4128,71
7,4129,64
7,4130,371
7,4131,128
7,4132,147
7,4133,83
7,4134,314
7,4135,38
7,4136,102
7,4137,-52
7,4138,134
7,4139,70
7,4140,76
7,4141,64
7,4142,154
7,4143,89
7,4144,32
7,4145,122
7,4146,295
7,4147,179
7,4148,198
7,4149,45
7,4150,-313
7,4151,-45
7,4152,135
7,4153,51
7,4154,115
7,4155,64
7,4156,806
7,4157,25
7,4158,38
7,4159,44
7,4160,76
7,4161,109
7,4162,70
7,4163,365
7,4164,64
7,4165,58
7,4166,147
7,4167,160
7,4168,83
7,4169,70
7,4170,774
7,4171,135
7,4172,84
7,4173,51
7,4174,58
7,4175,103
7,4176,83
7,4177,39
7,4178,64
7,4179,26
7,4180,58
7,4181,51
7,4182,70
7,4183,-64
7,4184,64
7,4185,103
7,4186,199
7,4187,96
7,4188,154
7,4189,84
7,4190,211
7,4191,64
7,4192,102
7,4193,58
7,4194,20
7,4195,51
7,4196,26
7,4197,32
7,4198,300
7,4199,45
7,4200,103
7,4201,128
7,4202,109
7,4203,70
7,4204,166
7,4205,38
7,4206,192
7,4207,141
7,4208,71
7,4209,51
7,4210,96
7,4211,121
7,4212,45
7,4213,64
7,4214,320
7,4215,-32
7,4216,96
7,4217,115
7,4218,108
7,4219,90
7,4220,371
7,4221,64
7,4222,57
7,4223,71
7,4224,45
7,4225,96
7,4226,179
7,4227,-52
7,4228,173
7,4229,77
7,4230,179
7,4231,32
7,4232,153
7,4233,51
7,4234,147
7,4235,19
7,4236,346
7,4237,89
7,4238,172
7,4239,58
7,4240,77
7,4241,83
7,4242,-45
7,4243,128
7,4244,-314
7,4245,90
7,4246,-51
7,4247,128
7,4248,108
7,4249,52
7,4250,64
7,4251,192
7,4252,122
7,4253,58
7,4254,70
7,4255,102
7,4256,77
7,4257,346
7,4258,122
7,4259,77
7,4260,116
7,4261,313
7,4262,102
7,4263,96
7,4264,39
7,4265,-26
7,4266,58
7,4267,25
7,4268,371
7,4269,32
7,4270,128
7,4271,109
7,4272,58
7,4273,102
7,4274,96
7,4275,83
7,4276,154
7,4277,135
7,4278,224
7,4279,103
7,4280,52
7,4281,-6
7,4282,25
7,4283,179
7,4284,25
7,4285,32
7,4286,58
7,4287,77
7,4288,128
7,4289,83
7,4290,26
7,4291,71
7,4292,153
7,4293,83
7,4294,71
7,4295,77
7,4296,102
7,4297,45
7,4298,134
7,4299,44
7,4300,77
7,4301,96
7,4302,128
7,4303,128
7,4304,57
7,4305,45
7,4306,109
7,4307,128
7,4308,52
7,4309,58
7,4310,76
7,4311,77
7,4312,64
7,4313,52
7,4314,77
7,4315,307
7,4316,147
7,4317,96
7,4318,-52
7,4319,83
7,4320,83
7,4321,-455
7,4322,44
7,4323,115
7,4324,109
7,4325,51
7,4326,115
7,4327,141
7,4328,96
7,4329,70
7,4330,192
7,4331,108
7,4332,109
7,4333,103
7,4334,237
7,4335,115
7,4336,115
7,4337,103
7,4338,70
7,4339,70
7,4340,108
7,4341,58
7,4342,77
7,4343,160
7,4344,96
7,4345,103
7,4346,358
7,4347,218
7,4348,153
7,4349,58
7,4350,192
7,4351,147
7,4352,51
7,4353,45
7,4354,108
7,4355,109
7,4356,71
7,4357,58
7,4358,204
7,4359,90
7,4360,147
7,4361,102
7,4362,166
7,4363,83
7,4364,237
7,4365,70
7,4366,179
7,4367,115
7,4368,167
7,4369,51
7,4370,108
7,4371,116
7,4372,173
7,4373,58
7,4374,64
7,4375,77
7,4376,84
7,4377,26
7,4378,77
7,4379,51
7,4380,64
7,4381,57
7,4382,51
7,4383,166
7,4384,115
7,4385,116
7,4386,77
7,4387,70
7,4388,58
7,4389,52
7,4390,167
7,4391,64
7,4392,121
7,4393,77
7,4394,58
7,4395,77
7,4396,147
7,4397,58
7,4398,211
7,4399,51
7,4400,204
7,4401,70
7,4402,32
7,4403,-57
7,4404,89
7,4405,51
7,4406,45
7,4407,70
7,4408,179
7,4409,-25
7,4410,141
7,4411,160
7,4412,826
7,4413,96
7,4414,102
7,4415,71
7,4416,116
7,4417,-32
7,4418,135
7,4419,64
7,4420,32
7,4421,141
7,4422,173
7,4423,26
7,4424,70
7,4425,793
7,4426,358
7,4427,448
7,4428,186
7,4429,57
7,4430,326
7,4431,70
7,4432,115
7,4433,58
7,4434,115
7,4435,-237
7,4436,179
7,4437,64
7,4438,179
7,4439,70
7,4440,57
7,4441,64
7,4442,115
7,4443,121
7,4444,64
7,4445,83
7,4446,57
7,4447,96
7,4448,52
7,4449,83
7,4450,83
7,4451,96
7,4452,51
7,4453,64
7,4454,83
7,4455,57
7,4456,166
7,4457,-64
7,4458,38
7,4459,109
7,4460,199
7,4461,39
7,4462,103
7,4463,70
7,4464,128
7,4465,26
7,4466,128
7,4467,25
7,4468,51
7,4469,45
7,4470,173
7,4471,153
7,4472,38
7,4473,64
7,4474,89
7,4475,128
7,4476,115
7,4477,116
7,4478,166
7,4479,96
7,4480,83
7,4481,115
7,4482,102
7,4483,154
7,4484,122
7,4485,121
7,4486,205
7,4487,346
7,4488,83
7,4489,32
7,4490,26
7,4491,45
7,4492,-397
7,4493,103
7,4494,134
7,4495,51
7,4496,102
7,4497,89
7,4498,217
7,4499,333
7,4500,122
7,4501,64
7,4502,173
7,4503,115
7,4504,-45
7,4505,32
7,4506,96
7,4507,25
7,4508,13
7,4509,25
7,4510,90
7,4511,51
7,4512,57
7,4513,109
7,4514,172
7,4515,109
7,4516,103
7,4517,52
7,4518,96
7,4519,83
7,4520,76
7,4521,25
7,4522,128
7,4523,77
7,4524,90
7,4525,140
7,4526,160
7,4527,64
7,4528,45
7,4529,121
7,4530,180
7,4531,51
7,4532,148
7,4533,166
7,4534,243
7,4535,64
7,4536,147
7,4537,58
7,4538,141
7,4539,64
7,4540,51
7,4541,-39
7,4542,166
7,4543,25
7,4544,64
7,4545,32
7,4546,109
7,4547,13
7,4548,64
7,4549,70
7,4550,122
7,4551,269
7,4552,44
7,4553,64
7,4554,115
7,4555,115
7,4556,154
7,4557,96
7,4558,166
7,4559,38
7,4560,166
7,4561,51
7,4562,26
7,4563,19
7,4564,57
7,4565,96
7,4566,141
7,4567,84
7,4568,57
7,4569,109
7,4570,141
7,4571,96
7,4572,153
7,4573,147
7,4574,109
7,4575,102
7,4576,39
7,4577,58
7,4578,103
7,4579,64
7,4580,-45
7,4581,76
7,4582,230
7,4583,140
7,4584,102
7,4585,96
7,4586,154
7,4587,115
7,4588,199
7,4589,77
7,4590,237
7,4591,249
7,4592,371
7,4593,45
7,4594,224
7,4595,58
7,4596,108
7,4597,64
7,4598,345
7,4599,32
7,4600,108
7,4601,57
7,4602,128
7,4603,109
7,4604,57
7,4605,77
7,4606,166
7,4607,122
7,4608,52
7,4609,70
7,4610,77
7,4611,122
7,4612,103
7,4613,51
7,4614,371
7,4615,115
7,4616,166
7,4617,-32
7,4618,83
7,4619,64
7,4620,122
7,4621,115
7,4622,141
7,4623,115
7,4624,58
7,4625,83
7,4626,166
7,4627,64
7,4628,204
7,4629,58
7,4630,173
7,4631,64
7,4632,64
7,4633,51
7,4634,70
7,4635,70
7,4636,116
7,4637,77
7,4638,167
7,4639,51
7,4640,77
7,4641,153
7,4642,192
7,4643,76
7,4644,166
7,4645,102
7,4646,96
7,4647,64
7,4648,135
7,4649,51
7,4650,186
7,4651,57
7,4652,83
7,4653,64
7,4654,109
7,4655,51
7,4656,58
7,4657,83
7,4658,-13
7,4659,192
7,4660,109
7,4661,76
7,4662,32
7,4663,-301
7,4664,103
7,4665,51
7,4666,122
7,4667,339
7,4668,890
7,4669,70
7,4670,51
7,4671,109
7,4672,89
7,4673,51
7,4674,109
7,4675,109
7,4676,71
7,4677,39
7,4678,109
7,4679,102
7,4680,45
7,4681,115
7,4682,864
7,4683,38
7,4684,166
7,4685,109
7,4686,109
7,4687,44
7,4688,26
7,4689,45
7,4690,154
7,4691,64
7,4692,96
7,4693,26
7,4694,102
7,4695,109
7,4696,109
7,4697,116
7,4698,154
7,4699,76
7,4700,109
7,4701,57
7,4702,211
7,4703,205
7,4704,96
7,4705,115
7,4706,-44
7,4707,32
7,4708,167
7,4709,52
7,4710,166
7,4711,77
7,4712,58
7,4713,64
7,4714,103
7,4715,173
7,4716,115
7,4717,70
7,4718,199
7,4719,70
7,4720,26
7,4721,57
7,4722,32
7,4723,51
7,4724,39
7,4725,45
7,4726,211
7,4727,51
7,4728,25
7,4729,77
7,4730,128
7,4731,122
7,4732,58
7,4733,51
7,4734,102
7,4735,166
7,4736,-45
7,4737,160
7,4738,115
7,4739,109
7,4740,154
7,4741,71
7,4742,109
7,4743,122
7,4744,166
7,4745,96
7,4746,84
7,4747,-38
7,4748,-20
7,4749,70
7,4750,83
7,4751,32
7,4752,45
7,4753,288
7,4754,224
7,4755,45
7,4756,160
7,4757,45
7,4758,109
7,4759,115
7,4760,166
7,4761,26
7,4762,121
7,4763,236
7,4764,26
7,4765,109
7,4766,26
7,4767,20
7,4768,96
7,4769,-32
7,4770,141
7,4771,154
7,4772,109
7,4773,51
7,4774,160
7,4775,71
7,4776,76
7,4777,-7
7,4778,51
7,4779,77
7,4780,77
7,4781,64
7,4782,109
7,4783,-64
7,4784,192
7,4785,26
7,4786,135
7,4787,154
7,4788,211
7,4789,154
7,4790,166
7,4791,70
7,4792,134
7,4793,45
7,4794,51
7,4795,32
7,4796,26
7,4797,26
7,4798,89
7,4799,32
7,4800,32
7,4801,-38
7,4802,77
7,4803,64
7,4804,38
7,4805,58
7,4806,32
7,4807,52
7,4808,154
7,4809,173
7,4810,211
7,4811,122
7,4812,365
7,4813,64
7,4814,167
7,4815,96
7,4816,-224
7,4817,77
7,4818,109
7,4819,13
7,4820,64
7,4821,160
7,4822,103
7,4823,51
7,4824,57
7,4825,38
7,4826,121
7,4827,173
7,4828,199
7,4829,57
7,4830,58
7,4831,32
7,4832,109
7,4833,45
7,4834,32
7,4835,70
7,4836,70
7,4837,57
7,4838,51
7,4839,108
7,4840,13
7,4841,96
7,4842,160
7,4843,160
7,4844,147
7,4845,121
7,4846,83
7,4847,96
7,4848,135
7,4849,83
7,4850,108
7,4851,51
7,4852,45
7,4853,57
7,4854,122
7,4855,103
7,4856,166
7,4857,135
7,4858,51
7,4859,71
7,4860,192
7,4861,90
7,4862,109
7,4863,102
7,4864,102
7,4865,45
7,4866,160
7,4867,96
7,4868,-147
7,4869,64
7,4870,160
7,4871,84
7,4872,90
7,4873,173
7,4874,71
7,4875,39
7,4876,141
7,4877,38
7,4878,57
7,4879,115
7,4880,102
7,4881,64
7,4882,115
7,4883,115
7,4884,147
7,4885,57
7,4886,166
7,4887,109
7,4888,128
7,4889,89
7,4890,364
7,4891,103
7,4892,141
7,4893,45
7,4894,57
7,4895,96
7,4896,115
7,4897,51
7,4898,83
7,4899,70
7,4900,57
7,4901,135
7,4902,83
7,4903,64
7,4904,64
7,4905,45
7,4906,167
7,4907,109
7,4908,166
7,4909,116
7,4910,26
7,4911,44
7,4912,122
7,4913,25
7,4914,122
7,4915,70
7,4916,70
7,4917,70
7,4918,45
7,4919,51
7,4920,148
7,4921,109
7,4922,122
7,4923,116
7,4924,800
7,4925,212
7,4926,487
7,4927,256
7,4928,58
7,4929,77
7,4930,83
7,4931,26
7,4932,51
7,4933,38
7,4934,57
7,4935,115
7,4936,64
7,4937,876
7,4938,186
7,4939,768
7,4940,134
7,4941,76
7,4942,115
7,4943,58
7,4944,173
7,4945,45
7,4946,134
7,4947,70
7,4948,57
7,4949,96
7,4950,141
7,4951,179
7,4952,173
7,4953,70
7,4954,192
7,4955,115
7,4956,89
7,4957,115
7,4958,172
7,4959,90
7,4960,109
7,4961,38
7,4962,153
7,4963,45
7,4964,38
7,4965,45
7,4966,70
7,4967,51
7,4968,58
7,4969,52
7,4970,122
7,4971,122
7,4972,102
7,4973,237
7,4974,32
7,4975,102
7,4976,108
7,4977,26
7,4978,109
7,4979,70
7,4980,134
7,4981,58
7,4982,122
7,4983,38
7,4984,96
7,4985,-58
7,4986,167
7,4987,167
7,4988,70
7,4989,102
7,4990,218
7,4991,64
7,4992,64
7,4993,115
7,4994,564
7,4995,116
7,4996,64
7,4997,103
7,4998,230
7,4999,64
7,5000,89
7,5001,-51
7,5002,166
7,5003,108
7,5004,-423
7,5005,71
7,5006,173
7,5007,90
7,5008,77
7,5009,115
7,5010,134
7,5011,103
7,5012,167
7,5013,115
7,5014,166
7,5015,166
7,5016,83
7,5017,51
7,5018,83
7,5019,25
7,5020,109
7,5021,83
7,5022,-45
7,5023,122
7,5024,115
7,5025,83
7,5026,205
7,5027,115
7,5028,96
7,5029,64
7,5030,167
7,5031,128
7,5032,166
7,5033,25
7,5034,51
7,5035,83
7,5036,64
7,5037,83
7,5038,134
7,5039,77
7,5040,109
7,5041,90
7,5042,160
7,5043,-52
7,5044,147
7,5045,45
7,5046,147
7,5047,109
7,5048,109
7,5049,51
7,5050,32
7,5051,154
7,5052,166
7,5053,45
7,5054,51
7,5055,44
7,5056,77
7,5057,71
7,5058,64
7,5059,77
7,5060,38
7,5061,39
7,5062,96
7,5063,32
7,5064,83
7,5065,96
7,5066,199
7,5067,115
7,5068,135
7,5069,64
7,5070,147
7,5071,76
7,5072,372
7,5073,64
7,5074,70
7,5075,45
7,5076,64
7,5077,64
7,5078,83
7,5079,64
7,5080,51
7,5081,109
7,5082,64
7,5083,148
7,5084,77
7,5085,154
7,5086,128
7,5087,205
7,5088,6
7,5089,64
7,5090,70
7,5091,89
7,5092,70
7,5093,89
7,5094,121
7,5095,70
7,5096,70
7,5097,160
7,5098,160
7,5099,141
7,5100,115
7,5101,76
7,5102,173
7,5103,212
7,5104,102
7,5105,378
7,5106,121
7,5107,-39
7,5108,71
7,5109,96
7,5110,160
7,5111,58
7,5112,57
7,5113,109
7,5114,115
7,5115,96
7,5116,90
7,5117,96
7,5118,166
7,5119,102
7,5120,45
7,5121,96
7,5122,269
7,5123,57
7,5124,134
7,5125,96
7,5126,44
7,5127,102
7,5128,160
7,5129,64
7,5130,160
7,5131,115
7,5132,89
7,5133,64
7,5134,70
7,5135,71
7,5136,167
7,5137,358
7,5138,199
7,5139,115
7,5140,173
7,5141,45
7,5142,121
7,5143,51
7,5144,115
7,5145,90
7,5146,109
7,5147,109
7,5148,154
7,5149,58
7,5150,122
7,5151,122
7,5152,109
7,5153,38
7,5154,218
7,5155,154
7,5156,147
7,5157,96
7,5158,160
7,5159,45
7,5160,77
7,5161,77
7,5162,166
7,5163,64
7,5164,109
7,5165,-19
7,5166,83
7,5167,64
7,5168,26
7,5169,262
7,5170,-45
7,5171,179
7,5172,96
7,5173,19
7,5174,77
7,5175,90
7,5176,96
7,5177,64
7,5178,199
7,5179,45
7,5180,820
7,5181,51
7,5182,122
7,5183,26
7,5184,103
7,5185,358
7,5186,121
7,5187,77
7,5188,71
7,5189,51
7,5190,147
7,5191,57
7,5192,70
7,5193,115
7,5194,794
7,5195,109
7,5196,102
7,5197,109
7,5198,64
7,5199,179
7,5200,102
7,5201,77
7,5202,96
7,5203,32
7,5204,84
7,5205,57
7,5206,172
7,5207,96
7,5208,77
7,5209,51
7,5210,397
7,5211,134
7,5212,167
7,5213,141
7,5214,166
7,5215,166
7,5216,173
7,5217,192
7,5218,115
7,5219,32
7,5220,103
7,5221,71
7,5222,198
7,5223,249
7,5224,64
7,5225,83
7,5226,160
7,5227,90
7,5228,122
7,5229,141
7,5230,179
7,5231,371
7,5232,115
7,5233,39
7,5234,230
7,5235,96
7,5236,25
7,5237,58
7,5238,32
7,5239,141
7,5240,141
7,5241,57
7,5242,103
7,5243,122
7,5244,51
7,5245,90
7,5246,-244
7,5247,-57
7,5248,109
7,5249,96
7,5250,160
7,5251,51
7,5252,51
7,5253,71
7,5254,70
7,5255,122
7,5256,77
7,5257,-26
7,5258,166
7,5259,-26
7,5260,32
7,5261,64
7,5262,723
7,5263,58
7,5264,58
7,5265,51
7,5266,160
7,5267,71
7,5268,64
7,5269,76
7,5270,58
7,5271,154
7,5272,58
7,5273,141
7,5274,160
7,5275,26
7,5276,64
7,5277,45
7,5278,109
7,5279,64
7,5280,108
7,5281,64
7,5282,70
7,5283,76
7,5284,77
7,5285,-32
7,5286,147
7,5287,128
7,5288,103
7,5289,38
7,5290,249
7,5291,-44
7,5292,45
7,5293,52
7,5294,96
7,5295,90
7,5296,103
7,5297,-51
7,5298,141
7,5299,122
7,5300,89
7,5301,64
7,5302,173
7,5303,160
7,5304,128
7,5305,32
7,5306,217
7,5307,90
7,5308,51
7,5309,26
7,5310,51
7,5311,-44
7,5312,84
7,5313,-38
7,5314,281
7,5315,51
7,5316,25
7,5317,70
7,5318,167
7,5319,83
7,5320,172
7,5321,153
7,5322,198
7,5323,128
7,5324,109
7,5325,58
7,5326,172
7,5327,116
7,5328,96
7,5329,45
7,5330,44
7,5331,51
7,5332,64
7,5333,51
7,5334,128
7,5335,135
7,5336,76
7,5337,352
7,5338,211
7,5339,108
7,5340,121
7,5341,102
7,5342,121
7,5343,115
7,5344,32
7,5345,-6
7,5346,51
7,5347,45
7,5348,77
7,5349,44
7,5350,77
7,5351,70
7,5352,39
7,5353,173
7,5354,83
7,5355,102
7,5356,70
7,5357,58
7,5358,70
7,5359,134
7,5360,90
7,5361,45
7,5362,154
7,5363,102
7,5364,141
7,5365,52
7,5366,179
7,5367,128
7,5368,167
7,5369,19
7,5370,102
7,5371,173
7,5372,115
7,5373,-38
7,5374,192
7,5375,64
7,5376,115
7,5377,115
7,5378,-45
7,5379,103
7,5380,378
7,5381,58
7,5382,64
7,5383,109
7,5384,64
7,5385,57
7,5386,160
7,5387,57
7,5388,58
7,5389,51
7,5390,58
7,5391,90
7,5392,109
7,5393,64
7,5394,58
7,5395,90
7,5396,57
7,5397,108
7,5398,109
7,5399,-51
7,5400,141
7,5401,51
7,5402,45
7,5403,83
7,5404,58
7,5405,141
7,5406,167
7,5407,77
7,5408,89
7,5409,38
7,5410,64
7,5411,64
7,5412,128
7,5413,32
7,5414,518
7,5415,64
7,5416,115
7,5417,71
7,5418,96
7,5419,76
7,5420,71
7,5421,109
7,5422,313
7,5423,122
7,5424,153
7,5425,77
7,5426,167
7,5427,26
7,5428,25
7,5429,-19
7,5430,115
7,5431,108
7,5432,64
7,5433,89
7,5434,121
7,5435,109
7,5436,832
7,5437,83
7,5438,378
7,5439,108
7,5440,108
7,5441,38
7,5442,141
7,5443,409
7,5444,167
7,5445,32
7,5446,211
7,5447,205
7,5448,71
7,5449,813
7,5450,179
7,5451,800
7,5452,83
7,5453,-281
7,5454,141
7,5455,102
7,5456,153
7,5457,26
7,5458,365
7,5459,57
7,5460,70
7,5461,32
7,5462,294
7,5463,64
7,5464,51
7,5465,51
7,5466,108
7,5467,96
7,5468,57
7,5469,103
7,5470,160
7,5471,160
7,5472,128
7,5473,52
7,5474,300
7,5475,20
7,5476,70
7,5477,51
7,5478,167
7,5479,102
7,5480,199
7,5481,160
7,5482,71
7,5483,58
7,5484,115
7,5485,-39
7,5486,198
7,5487,77
7,5488,198
7,5489,57
7,5490,90
7,5491,-26
7,5492,64
7,5493,51
7,5494,90
7,5495,58
7,5496,51
7,5497,-26
7,5498,154
7,5499,70
7,5500,358
7,5501,76
7,5502,32
7,5503,160
7,5504,70
7,5505,122
7,5506,384
7,5507,108
7,5508,77
7,5509,359
7,5510,135
7,5511,58
7,5512,109
7,5513,51
7,5514,109
7,5515,19
7,5516,51
7,5517,58
7,5518,160
7,5519,108
7,5520,70
7,5521,58
7,5522,140
7,5523,64
7,5524,77
7,5525,141
7,5526,224
7,5527,64
7,5528,109
7,5529,57
7,5530,64
7,5531,70
7,5532,58
7,5533,116
7,5534,173
7,5535,26
7,5536,51
7,5537,77
7,5538,141
7,5539,70
7,5540,128
7,5541,70
7,5542,96
7,5543,77
7,5544,198
7,5545,51
7,5546,89
7,5547,109
7,5548,83
7,5549,64
7,5550,122
7,5551,102
7,5552,83
7,5553,96
7,5554,102
7,5555,77
7,5556,70
7,5557,25
7,5558,148
7,5559,58
7,5560,103
7,5561,51
7,5562,77
7,5563,77
7,5564,109
7,5565,51
7,5566,38
7,5567,57
7,5568,314
7,5569,38
7,5570,109
7,5571,57
7,5572,64
7,5573,339
7,5574,147
7,5575,58
7,5576,115
7,5577,160
7,5578,160
7,5579,115
7,5580,115
7,5581,58
7,5582,90
7,5583,102
7,5584,90
7,5585,38
7,5586,128
7,5587,52
7,5588,25
7,5589,391
7,5590,51
7,5591,76
7,5592,58
7,5593,102
7,5594,160
7,5595,160
7,5596,154
7,5597,58
7,5598,115
7,5599,89
7,5600,-544
7,5601,154
7,5602,160
7,5603,102
7,5604,173
7,5605,52
7,5606,90
7,5607,64
7,5608,186
7,5609,96
7,5610,141
7,5611,89
7,5612,128
7,5613,102
7,5614,192
7,5615,256
7,5616,141
7,5617,44
7,5618,115
7,5619,64
7,5620,96
7,5621,-7
7,5622,179
7,5623,25
7,5624,77
7,5625,141
7,5626,218
7,5627,102
7,5628,115
7,5629,103
7,5630,115
7,5631,58
7,5632,109
7,5633,45
7,5634,167
7,5635,122
7,5636,109
7,5637,372
7,5638,90
7,5639,83
7,5640,64
7,5641,39
7,5642,371
7,5643,173
7,5644,128
7,5645,25
7,5646,109
7,5647,115
7,5648,57
7,5649,160
7,5650,198
7,5651,77
7,5652,116
7,5653,64
7,5654,166
7,5655,102
7,5656,102
7,5657,64
7,5658,90
7,5659,71
7,5660,58
7,5661,45
7,5662,116
7,5663,26
7,5664,51
7,5665,160
7,5666,121
7,5667,64
7,5668,167
7,5669,115
7,5670,198
7,5671,71
7,5672,70
7,5673,71
7,5674,358
7,5675,109
7,5676,128
7,5677,45
7,5678,96
7,5679,103
7,5680,109
7,5681,64
7,5682,128
7,5683,109
7,5684,140
7,5685,32
7,5686,96
7,5687,102
7,5688,217
7,5689,77
7,5690,70
7,5691,57
7,5692,793
7,5693,38
7,5694,71
7,5695,52
7,5696,89
7,5697,64
7,5698,39
7,5699,19
7,5700,58
7,5701,205
7,5702,90
7,5703,32
7,5704,32
7,5705,45
7,5706,858
7,5707,64
7,5708,160
7,5709,64
7,5710,109
7,5711,109
7,5712,121
7,5713,39
7,5714,166
7,5715,64
7,5716,57
7,5717,51
7,5718,58
7,5719,96
7,5720,90
7,5721,109
7,5722,160
7,5723,-38
7,5724,237
7,5725,109
7,5726,243
7,5727,77
7,5728,64
7,5729,45
7,5730,96
7,5731,179
7,5732,71
7,5733,90
7,5734,116
7,5735,89
7,5736,57
7,5737,102
7,5738,115
7,5739,128
7,5740,192
7,5741,109
7,5742,166
7,5743,-39
7,5744,64
7,5745,64
7,5746,192
7,5747,64
7,5748,122
7,5749,96
7,5750,198
7,5751,121
7,5752,205
7,5753,51
7,5754,64
7,5755,58
7,5756,140
7,5757,77
7,5758,179
7,5759,262
7,5760,115
7,5761,109
7,5762,90
7,5763,32
7,5764,115
7,5765,154
7,5766,166
7,5767,70
7,5768,141
7,5769,51
7,5770,-416
7,5771,32
7,5772,70
7,5773,102
7,5774,96
7,5775,-44
7,5776,154
7,5777,96
7,5778,148
7,5779,140
7,5780,128
7,5781,134
7,5782,179
7,5783,192
7,5784,70
7,5785,64
7,5786,-44
7,5787,77
7,5788,154
7,5789,64
7,5790,57
7,5791,148
7,5792,71
7,5793,70
7,5794,204
7,5795,103
7,5796,173
7,5797,147
7,5798,141
7,5799,109
7,5800,64
7,5801,-38
7,5802,96
7,5803,25
7,5804,121
7,5805,26
7,5806,-25
7,5807,122
7,5808,140
7,5809,109
7,5810,64
7,5811,64
7,5812,372
7,5813,352
7,5814,192
7,5815,102
7,5816,77
7,5817,-7
7,5818,25
7,5819,32
7,5820,102
7,5821,32
7,5822,122
7,5823,115
7,5824,71
7,5825,32
7,5826,77
7,5827,45
7,5828,70
7,5829,77
7,5830,166
7,5831,-64
7,5832,83
7,5833,-26
7,5834,179
7,5835,121
7,5836,173
7,5837,211
7,5838,160
7,5839,64
7,5840,64
7,5841,51
7,5842,77
7,5843,-25
7,5844,45
7,5845,39
7,5846,70
7,5847,32
7,5848,128
7,5849,102
7,5850,115
7,5851,166
7,5852,109
7,5853,58
7,5854,25
7,5855,51
7,5856,64
7,5857,64
7,5858,102
7,5859,20
7,5860,-51
7,5861,70
7,5862,70
7,5863,58
7,5864,90
7,5865,173
7,5866,121
7,5867,115
7,5868,134
7,5869,45
7,5870,173
7,5871,115
7,5872,103
7,5873,121
7,5874,32
7,5875,115
7,5876,64
7,5877,58
7,5878,172
7,5879,58
7,5880,96
7,5881,102
7,5882,166
7,5883,96
7,5884,102
7,5885,71
7,5886,115
7,5887,121
7,5888,64
7,5889,26
7,5890,71
7,5891,71
7,5892,339
7,5893,44
7,5894,122
7,5895,26
7,5896,121
7,5897,83
7,5898,212
7,5899,71
7,5900,102
7,5901,116
7,5902,154
7,5903,45
7,5904,-51
7,5905,128
7,5906,192
7,5907,26
7,5908,70
7,5909,26
7,5910,173
7,5911,83
7,5912,108
7,5913,51
7,5914,281
7,5915,109
7,5916,77
7,5917,102
7,5918,154
7,5919,128
7,5920,122
7,5921,115
7,5922,83
7,5923,77
7,5924,377
7,5925,-64
7,5926,211
7,5927,57
7,5928,77
7,5929,116
7,5930,115
7,5931,154
7,5932,218
7,5933,58
7,5934,134
7,5935,89
7,5936,96
7,5937,83
7,5938,160
7,5939,128
7,5940,115
7,5941,58
7,5942,-44
7,5943,269
7,5944,64
7,5945,365
7,5946,103
7,5947,122
7,5948,813
7,5949,96
7,5950,166
7,5951,109
7,5952,70
7,5953,51
7,5954,83
7,5955,70
7,5956,64
7,5957,77
7,5958,160
7,5959,96
7,5960,166
7,5961,806
7,5962,128
7,5963,781
7,5964,218
7,5965,102
7,5966,147
7,5967,154
7,5968,153
7,5969,45
7,5970,115
7,5971,90
7,5972,70
7,5973,160
7,5974,102
7,5975,90
7,5976,84
7,5977,116
7,5978,58
7,5979,57
7,5980,96
7,5981,57
7,5982,167
7,5983,64
7,5984,115
7,5985,102
7,5986,32
7,5987,-51
7,5988,167
7,5989,141
7,5990,173
7,5991,64
7,5992,102
7,5993,45
7,5994,147
7,5995,83
7,5996,116
7,5997,198
7,5998,109
7,5999,70
7,6000,147
7,6001,58
7,6002,19
7,6003,32
7,6004,115
7,6005,102
7,6006,96
7,6007,90
7,6008,83
7,6009,39
7,6010,173
7,6011,102
7,6012,166
7,6013,-51
7,6014,185
7,6015,89
7,6016,77
7,6017,103
7,6018,121
7,6019,141
7,6020,115
7,6021,77
7,6022,102
7,6023,115
7,6024,134
7,6025,109
7,6026,-268
7,6027,108
7,6028,64
7,6029,64
7,6030,186
7,6031,71
7,6032,172
7,6033,109
7,6034,141
7,6035,83
7,6036,115
7,6037,96
7,6038,173
7,6039,76
7,6040,167
7,6041,115
7,6042,96
7,6043,25
7,6044,70
7,6045,57
7,6046,140
7,6047,96
7,6048,108
7,6049,109
7,6050,141
7,6051,141
7,6052,108
7,6053,57
7,6054,70
7,6055,70
7,6056,77
7,6057,-6
7,6058,128
7,6059,70
7,6060,-45
7,6061,89
7,6062,109
7,6063,51
7,6064,58
7,6065,147
7,6066,141
7,6067,154
7,6068,160
7,6069,115
7,6070,153
7,6071,96
7,6072,108
7,6073,64
7,6074,154
7,6075,96
7,6076,365
7,6077,39
7,6078,179
7,6079,244
7,6080,77
7,6081,76
7,6082,19
7,6083,57
7,6084,44
7,6085,51
7,6086,-52
7,6087,38
7,6088,51
7,6089,83
7,6090,83
7,6091,371
7,6092,96
7,6093,103
7,6094,115
7,6095,96
7,6096,160
7,6097,96
7,6098,153
7,6099,64
7,6100,122
7,6101,64
7,6102,116
7,6103,64
7,6104,109
7,6105,102
7,6106,64
7,6107,167
7,6108,108
7,6109,89
7,6110,26
7,6111,320
7,6112,90
7,6113,51
7,6114,32
7,6115,83
7,6116,115
7,6117,58
7,6118,115
7,6119,103
7,6120,154
7,6121,96
7,6122,147
7,6123,-70
7,6124,154
7,6125,64
7,6126,147
7,6127,128
7,6128,102
7,6129,45
7,6130,-19
7,6131,71
7,6132,45
7,6133,359
7,6134,-13
7,6135,121
7,6136,166
7,6137,116
7,6138,211
7,6139,128
7,6140,115
7,6141,64
7,6142,103
7,6143,64
7,6144,52
7,6145,51
7,6146,115
7,6147,108
7,6148,64
7,6149,64
7,6150,167
7,6151,70
7,6152,96
7,6153,20
7,6154,64
7,6155,108
7,6156,64
7,6157,38
7,6158,345
7,6159,-32
7,6160,166
7,6161,51
7,6162,198
7,6163,173
7,6164,179
7,6165,103
7,6166,71
7,6167,25
7,6168,160
7,6169,109
7,6170,103
7,6171,19
7,6172,121
7,6173,83
7,6174,180
7,6175,13
7,6176,109
7,6177,89
7,6178,173
7,6179,122
7,6180,128
7,6181,307
7,6182,121
7,6183,70
7,6184,179
7,6185,45
7,6186,134
7,6187,71
7,6188,102
7,6189,25
7,6190,185
7,6191,103
7,6192,96
7,6193,102
7,6194,160
7,6195,147
7,6196,70
7,6197,64
7,6198,135
7,6199,64
7,6200,180
7,6201,109
7,6202,128
7,6203,-26
7,6204,787
7,6205,45
7,6206,89
7,6207,96
7,6208,96
7,6209,108
7,6210,89
7,6211,51
7,6212,186
7,6213,26
7,6214,52
7,6215,77
7,6216,45
7,6217,51
7,6218,800
7,6219,128
7,6220,185
7,6221,58
7,6222,103
7,6223,83
7,6224,116
7,6225,84
7,6226,148
7,6227,70
7,6228,77
7,6229,51
7,6230,51
7,6231,57
7,6232,364
7,6233,314
7,6234,185
7,6235,128
7,6236,83
7,6237,76
7,6238,25
7,6239,147
7,6240,64
7,6241,51
7,6242,102
7,6243,45
7,6244,64
7,6245,70
7,6246,154
7,6247,64
7,6248,102
7,6249,116
7,6250,19
7,6251,-32
7,6252,77
7,6253,140
7,6254,153
7,6255,96
7,6256,160
7,6257,45
7,6258,77
7,6259,64
7,6260,64
7,6261,96
7,6262,90
7,6263,70
7,6264,116
7,6265,51
7,6266,390
7,6267,-39
7,6268,108
7,6269,44
7,6270,77
7,6271,77
7,6272,141
7,6273,109
7,6274,230
7,6275,71
7,6276,77
7,6277,211
7,6278,141
7,6279,109
7,6280,172
7,6281,-32
7,6282,71
7,6283,58
7,6284,103
7,6285,58
7,6286,128
7,6287,102
7,6288,64
7,6289,103
7,6290,147
7,6291,116
7,6292,147
7,6293,205
7,6294,198
7,6295,115
7,6296,122
7,6297,154
7,6298,26
7,6299,57
7,6300,70
7,6301,39
7,6302,108
7,6303,64
7,6304,103
7,6305,103
7,6306,71
7,6307,320
7,6308,-45
7,6309,70
7,6310,70
7,6311,58
7,6312,211
7,6313,-19
7,6314,70
7,6315,32
7,6316,58
7,6317,51
7,6318,77
7,6319,71
7,6320,71
7,6321,70
7,6322,327
7,6323,128
7,6324,122
7,6325,38
7,6326,147
7,6327,326
7,6328,173
7,6329,-32
7,6330,51
7,6331,102
7,6332,58
7,6333,51
7,6334,51
7,6335,83
7,6336,89
7,6337,102
7,6338,64
7,6339,51
7,6340,103
7,6341,45
7,6342,-26
7,6343,84
7,6344,64
7,6345,83
7,6346,115
7,6347,115
7,6348,115
7,6349,64
7,6350,70
7,6351,32
7,6352,57
7,6353,58
7,6354,64
7,6355,25
7,6356,76
7,6357,25
7,6358,58
7,6359,77
7,6360,38
7,6361,51
7,6362,102
7,6363,103
7,6364,115
7,6365,153
7,6366,211
7,6367,57
7,6368,51
7,6369,64
7,6370,371
7,6371,44
7,6372,58
7,6373,77
7,6374,39
7,6375,26
7,6376,89
7,6377,115
7,6378,96
7,6379,135
7,6380,64
7,6381,96
7,6382,154
7,6383,64
7,6384,160
7,6385,58
7,6386,-51
7,6387,103
7,6388,109
7,6389,70
7,6390,153
7,6391,102
7,6392,83
7,6393,90
7,6394,160
7,6395,77
7,6396,135
7,6397,45
7,6398,70
7,6399,77
7,6400,83
7,6401,102
7,6402,122
7,6403,371
7,6404,58
7,6405,51
7,6406,173
7,6407,57
7,6408,141
7,6409,103
7,6410,147
7,6411,109
7,6412,121
7,6413,115
7,6414,147
7,6415,109
7,6416,173
7,6417,57
7,6418,352
7,6419,102
7,6420,115
7,6421,115
7,6422,166
7,6423,64
7,6424,83
7,6425,103
7,6426,108
7,6427,-45
7,6428,-45
7,6429,57
7,6430,57
7,6431,96
7,6432,116
7,6433,83
7,6434,122
7,6435,90
7,6436,64
7,6437,83
7,6438,160
7,6439,26
7,6440,77
7,6441,64
7,6442,109
7,6443,77
7,6444,70
7,6445,89
7,6446,180
7,6447,83
7,6448,76
7,6449,-52
7,6450,38
7,6451,103
7,6452,12
7,6453,83
7,6454,140
7,6455,76
7,6456,70
7,6457,38
7,6458,115
7,6459,70
7,6460,435
7,6461,102
7,6462,58
7,6463,102
7,6464,90
7,6465,116
7,6466,121
7,6467,51
7,6468,71
7,6469,70
7,6470,51
7,6471,96
7,6472,109
7,6473,787
7,6474,153
7,6475,788
7,6476,153
7,6477,64
7,6478,224
7,6479,135
7,6480,64
7,6481,25
7,6482,103
7,6483,84
7,6484,70
7,6485,26
7,6486,154
7,6487,90
7,6488,115
7,6489,51
7,6490,179
7,6491,153
7,6492,192
7,6493,70
7,6494,198
7,6495,64
7,6496,102
7,6497,-6
7,6498,160
7,6499,64
7,6500,71
7,6501,96
7,6502,217
7,6503,77
7,6504,115
7,6505,135
7,6506,154
7,6507,83
7,6508,-45
7,6509,192
7,6510,211
7,6511,275
7,6512,198
7,6513,64
7,6514,-25
7,6515,32
7,6516,83
7,6517,-256
7,6518,45
7,6519,128
7,6520,166
7,6521,103
7,6522,212
7,6523,115
7,6524,134
7,6525,154
7,6526,166
7,6527,122
7,6528,128
7,6529,116
7,6530,268
7,6531,115
7,6532,128
7,6533,83
7,6534,205
7,6535,103
7,6536,148
7,6537,-397
7,6538,77
7,6539,96
7,6540,57
7,6541,70
7,6542,173
7,6543,109
7,6544,102
7,6545,109
7,6546,179
7,6547,147
7,6548,205
7,6549,102
7,6550,212
7,6551,128
7,6552,96
7,6553,45
7,6554,84
7,6555,391
7,6556,51
7,6557,83
7,6558,359
7,6559,90
7,6560,71
7,6561,397
7,6562,199
7,6563,83
7,6564,108
7,6565,58
7,6566,77
7,6567,102
7,6568,128
7,6569,57
7,6570,199
7,6571,122
7,6572,58
7,6573,32
7,6574,64
7,6575,224
7,6576,45
7,6577,70
7,6578,166
7,6579,102
7,6580,154
7,6581,64
7,6582,212
7,6583,64
7,6584,160
7,6585,64
7,6586,147
7,6587,13
7,6588,64
7,6589,44
7,6590,71
7,6591,57
7,6592,45
7,6593,45
7,6594,102
7,6595,51
7,6596,51
7,6597,-38
7,6598,173
7,6599,89
7,6600,141
7,6601,211
7,6602,224
7,6603,-64
7,6604,301
7,6605,96
7,6606,160
7,6607,90
7,6608,-51
7,6609,64
7,6610,32
7,6611,25
7,6612,52
7,6613,58
7,6614,160
7,6615,103
7,6616,89
7,6617,121
7,6618,154
7,6619,76
7,6620,134
7,6621,96
7,6622,-263
7,6623,108
7,6624,173
7,6625,77
7,6626,121
7,6627,122
7,6628,70
7,6629,-51
7,6630,83
7,6631,70
7,6632,102
7,6633,51
7,6634,141
7,6635,90
7,6636,160
7,6637,121
7,6638,256
7,6639,115
7,6640,166
7,6641,96
7,6642,51
7,6643,96
7,6644,45
7,6645,64
7,6646,51
7,6647,109
7,6648,115
7,6649,96
7,6650,205
7,6651,58
7,6652,147
7,6653,64
7,6654,160
7,6655,122
7,6656,77
7,6657,90
7,6658,192
7,6659,102
7,6660,384
7,6661,109
7,6662,179
7,6663,122
7,6664,121
7,6665,51
7,6666,205
7,6667,-64
7,6668,103
7,6669,39
7,6670,167
7,6671,71
7,6672,102
7,6673,160
7,6674,211
7,6675,115
7,6676,115
7,6677,71
7,6678,147
7,6679,64
7,6680,64
7,6681,77
7,6682,141
7,6683,147
7,6684,83
7,6685,70
7,6686,160
7,6687,108
7,6688,64
7,6689,147
7,6690,154
7,6691,198
7,6692,154
7,6693,102
7,6694,103
7,6695,83
7,6696,211
7,6697,-38
7,6698,134
7,6699,64
7,6700,128
7,6701,205
7,6702,172
7,6703,-32
7,6704,121
7,6705,51
7,6706,-371
7,6707,172
7,6708,-71
7,6709,64
7,6710,230
7,6711,70
7,6712,77
7,6713,122
7,6714,212
7,6715,51
7,6716,160
7,6717,58
7,6718,147
7,6719,71
7,6720,109
7,6721,44
7,6722,103
7,6723,134
7,6724,89
7,6725,51
7,6726,198
7,6727,89
7,6728,96
7,6729,115
7,6730,396
7,6731,115
7,6732,147
7,6733,26
7,6734,64
7,6735,109
7,6736,70
7,6737,19
7,6738,51
7,6739,64
7,6740,57
7,6741,32
7,6742,173
7,6743,147
7,6744,115
7,6745,122
7,6746,167
7,6747,32
7,6748,243
7,6749,141
7,6750,179
7,6751,32
7,6752,25
7,6753,26
7,6754,64
7,6755,121
7,6756,83
7,6757,128
7,6758,115
7,6759,83
7,6760,198
7,6761,84
7,6762,205
7,6763,58
7,6764,89
7,6765,249
7,6766,173
7,6767,90
7,6768,122
7,6769,32
7,6770,231
7,6771,-64
7,6772,116
7,6773,71
7,6774,121
7,6775,64
7,6776,83
7,6777,141
7,6778,160
7,6779,109
7,6780,122
7,6781,-32
7,6782,218
7,6783,83
7,6784,128
7,6785,109
7,6786,173
7,6787,52
7,6788,70
7,6789,103
7,6790,109
7,6791,102
7,6792,-45
7,6793,64
7,6794,64
7,6795,64
7,6796,58
7,6797,109
7,6798,71
7,6799,115
7,6800,109
7,6801,122
7,6802,135
7,6803,109
7,6804,122
7,6805,19
7,6806,263
7,6807,320
7,6808,103
7,6809,96
7,6810,-6
7,6811,173
7,6812,147
7,6813,-38
7,6814,179
7,6815,128
7,6816,103
7,6817,115
7,6818,166
7,6819,121
7,6820,109
7,6821,108
7,6822,160
7,6823,115
7,6824,134
7,6825,51
7,6826,115
7,6827,26
7,6828,109
7,6829,96
7,6830,109
7,6831,128
7,6832,167
7,6833,58
7,6834,180
7,6835,-20
7,6836,-51
7,6837,128
7,6838,103
7,6839,-25
7,6840,64
7,6841,96
7,6842,51
7,6843,25
7,6844,71
7,6845,32
7,6846,45
7,6847,160
7,6848,179
7,6849,90
7,6850,102
7,6851,51
7,6852,44
7,6853,45
7,6854,403
7,6855,64
7,6856,109
7,6857,147
7,6858,173
7,6859,166
7,6860,352
7,6861,90
7,6862,90
7,6863,64
7,6864,115
7,6865,-25
7,6866,77
7,6867,26
7,6868,58
7,6869,64
7,6870,-32
7,6871,51
7,6872,64
7,6873,52
7,6874,153
7,6875,172
7,6876,102
7,6877,51
7,6878,115
7,6879,70
7,6880,89
7,6881,26
7,6882,96
7,6883,122
7,6884,83
7,6885,77
7,6886,358
7,6887,51
7,6888,160
7,6889,102
7,6890,108
7,6891,115
7,6892,192
7,6893,115
7,6894,64
7,6895,83
7,6896,109
7,6897,58
7,6898,76
7,6899,45
7,6900,166
7,6901,51
7,6902,160
7,6903,45
7,6904,96
7,6905,96
7,6906,166
7,6907,211
7,6908,115
7,6909,96
7,6910,96
7,6911,64
7,6912,-38
7,6913,-32
7,6914,102
7,6915,19
7,6916,96
7,6917,38
7,6918,102
7,6919,109
7,6920,70
7,6921,76
7,6922,122
7,6923,96
7,6924,108
7,6925,83
7,6926,154
7,6927,115
7,6928,153
7,6929,58
7,6930,160
7,6931,77
7,6932,135
7,6933,96
7,6934,160
7,6935,70
7,6936,102
7,6937,102
7,6938,179
7,6939,103
7,6940,96
7,6941,70
7,6942,173
7,6943,96
7,6944,64
7,6945,70
7,6946,77
7,6947,147
7,6948,96
7,6949,89
7,6950,173
7,6951,26
7,6952,166
7,6953,52
7,6954,179
7,6955,70
7,6956,-141
7,6957,83
7,6958,57
7,6959,-32
7,6960,122
7,6961,153
7,6962,396
7,6963,269
7,6964,32
7,6965,51
7,6966,121
7,6967,115
7,6968,192
7,6969,102
7,6970,212
7,6971,-64
7,6972,166
7,6973,58
7,6974,57
7,6975,19
7,6976,115
7,6977,52
7,6978,115
7,6979,19
7,6980,64
7,6981,116
7,6982,179
7,6983,58
7,6984,58
7,6985,832
7,6986,167
7,6987,761
7,6988,160
7,6989,58
7,6990,166
7,6991,327
7,6992,141
7,6993,25
7,6994,153
7,6995,128
7,6996,116
7,6997,109
7,6998,58
7,6999,32
7,7000,52
7,7001,109
7,7002,76
7,7003,32
7,7004,-45
7,7005,77
7,7006,295
7,7007,-26
7,7008,102
7,7009,25
7,7010,167
7,7011,58
7,7012,45
7,7013,57
7,7014,109
7,7015,76
7,7016,167
7,7017,64
7,7018,154
7,7019,109
7,7020,147
7,7021,198
7,7022,179
7,7023,89
7,7024,167
7,7025,51
7,7026,160
7,7027,103
7,7028,116
7,7029,70
7,7030,52
7,7031,96
7,7032,122
7,7033,51
7,7034,217
7,7035,-32
7,7036,141
7,7037,51
7,7038,211
7,7039,76
7,7040,153
7,7041,64
7,7042,115
7,7043,122
7,7044,128
7,7045,109
7,7046,77
7,7047,90
7,7048,64
7,7049,-13
7,7050,147
7,7051,96
7,7052,185
7,7053,45
7,7054,192
7,7055,102
7,7056,109
7,7057,-51
7,7058,147
7,7059,70
7,7060,256
7,7061,147
7,7062,231
7,7063,160
7,7064,77
7,7065,89
7,7066,160
7,7067,32
7,7068,83
7,7069,51
7,7070,186
7,7071,70
7,7072,116
7,7073,121
7,7074,122
7,7075,134
7,7076,205
7,7077,217
7,7078,44
7,7079,102
7,7080,64
7,7081,352
7,7082,390
7,7083,128
7,7084,167
7,7085,64
7,7086,58
7,7087,64
7,7088,166
7,7089,103
7,7090,173
7,7091,205
7,7092,217
7,7093,-26
7,7094,224
7,7095,103
7,7096,217
7,7097,102
7,7098,166
7,7099,58
7,7100,166
7,7101,51
7,7102,313
7,7103,32
7,7104,96
7,7105,51
7,7106,44
7,7107,51
7,7108,51
7,7109,-7
7,7110,160
7,7111,64
7,7112,173
7,7113,83
7,7114,179
7,7115,64
7,7116,153
7,7117,109
7,7118,179
7,7119,64
7,7120,77
7,7121,58
7,7122,147
7,7123,-32
7,7124,70
7,7125,20
7,7126,103
7,7127,71
7,7128,51
7,7129,102
7,7130,102
7,7131,58
7,7132,180
7,7133,26
7,7134,58
7,7135,115
7,7136,96
7,7137,58
7,7138,90
7,7139,96
7,7140,38
7,7141,25
7,7142,205
7,7143,90
7,7144,51
7,7145,70
7,7146,211
7,7147,64
7,7148,115
7,7149,102
7,7150,128
7,7151,109
7,7152,128
7,7153,32
7,7154,160
7,7155,103
7,7156,89
7,7157,122
7,7158,122
7,7159,109
7,7160,-38
7,7161,211
7,7162,377
7,7163,128
7,7164,115
7,7165,166
7,7166,179
7,7167,26
7,7168,103
7,7169,147
7,7170,102
7,7171,115
7,7172,109
7,7173,57
7,7174,185
7,7175,57
7,7176,64
7,7177,115
7,7178,51
7,7179,96
7,7180,58
7,7181,204
7,7182,-26
7,7183,121
7,7184,115
7,7185,83
7,7186,211
7,7187,320
7,7188,122
7,7189,109
7,7190,115
7,7191,83
7,7192,-51
7,7193,-52
7,7194,134
7,7195,102
7,7196,108
7,7197,102
7,7198,173
7,7199,173
7,7200,64
7,7201,115
7,7202,115
7,7203,77
7,7204,212
7,7205,77
7,7206,179
7,7207,64
7,7208,70
7,7209,70
7,7210,102
7,7211,64
7,7212,122
7,7213,192
7,7214,128
7,7215,38
7,7216,154
7,7217,141
7,7218,198
7,7219,-326
7,7220,77
7,7221,38
7,7222,185
7,7223,70
7,7224,77
7,7225,58
7,7226,-32
7,7227,77
7,7228,147
7,7229,51
7,7230,166
7,7231,64
7,7232,84
7,7233,84
7,7234,134
7,7235,378
7,7236,32
7,7237,51
7,7238,192
7,7239,71
7,7240,70
7,7241,58
7,7242,812
7,7243,96
7,7244,57
7,7245,109
7,7246,77
7,7247,109
7,7248,71
7,7249,128
7,7250,76
7,7251,26
7,7252,58
7,7253,51
7,7254,115
7,7255,57
7,7256,51
7,7257,108
7,7258,108
7,7259,141
7,7260,134
7,7261,103
7,7262,108
7,7263,102
7,7264,64
7,7265,52
7,7266,71
7,7267,198
7,7268,64
7,7269,58
7,7270,84
7,7271,71
7,7272,39
7,7273,51
7,7274,121
7,7275,77
7,7276,71
7,7277,115
7,7278,102
7,7279,103
7,7280,57
7,7281,58
7,7282,160
7,7283,70
7,7284,89
7,7285,58
7,7286,121
7,7287,83
7,7288,-52
7,7289,115
7,7290,134
7,7291,128
7,7292,116
7,7293,64
7,7294,135
7,7295,166
7,7296,371
7,7297,96
7,7298,141
7,7299,-32
7,7300,90
7,7301,51
7,7302,167
7,7303,115
7,7304,-461
7,7305,25
7,7306,58
7,7307,25
7,7308,64
7,7309,64
7,7310,77
7,7311,64
7,7312,57
7,7313,96
7,7314,186
7,7315,116
7,7316,154
7,7317,45
7,7318,326
7,7319,103
7,7320,185
7,7321,51
7,7322,154
7,7323,45
7,7324,45
7,7325,38
7,7326,186
7,7327,51
7,7328,52
7,7329,109
7,7330,77
7,7331,102
7,7332,70
7,7333,77
7,7334,160
7,7335,-45
7,7336,198
7,7337,-26
7,7338,96
7,7339,13
7,7340,83
7,7341,51
7,7342,166
7,7343,160
7,7344,-45
7,7345,83
7,7346,-32
7,7347,160
7,7348,147
7,7349,77
7,7350,167
7,7351,64
7,7352,167
7,7353,45
7,7354,109
7,7355,25
7,7356,51
7,7357,32
7,7358,128
7,7359,58
7,7360,115
7,7361,243
7,7362,166
7,7363,64
7,7364,64
7,7365,-32
7,7366,77
7,7367,115
7,7368,108
7,7369,77
7,7370,128
7,7371,115
7,7372,307
7,7373,51
7,7374,109
7,7375,102
7,7376,109
7,7377,109
7,7378,64
7,7379,58
7,7380,109
7,7381,166
7,7382,172
7,7383,32
7,7384,115
7,7385,70
7,7386,166
7,7387,173
7,7388,115
7,7389,70
7,7390,467
7,7391,64
7,7392,115
7,7393,58
7,7394,70
7,7395,90
7,7396,153
7,7397,71
7,7398,51
7,7399,84
7,7400,51
7,7401,102
7,7402,-51
7,7403,147
7,7404,115
7,7405,64
7,7406,64
7,7407,77
7,7408,134
7,7409,70
7,7410,115
7,7411,70
7,7412,198
7,7413,167
7,7414,57
7,7415,83
7,7416,153
7,7417,160
7,7418,211
7,7419,115
7,7420,103
7,7421,90
7,7422,154
7,7423,109
7,7424,121
7,7425,32
7,7426,115
7,7427,122
7,7428,115
7,7429,230
7,7430,231
7,7431,102
7,7432,76
7,7433,109
7,7434,160
7,7435,52
7,7436,89
7,7437,57
7,7438,256
7,7439,135
7,7440,64
7,7441,218
7,7442,108
7,7443,64
7,7444,84
7,7445,109
7,7446,358
7,7447,70
7,7448,102
7,7449,90
7,7450,186
7,7451,109
7,7452,102
7,7453,96
7,7454,179
7,7455,-64
7,7456,77
7,7457,45
7,7458,77
7,7459,64
7,7460,103
7,7461,96
7,7462,109
7,7463,96
7,7464,64
7,7465,44
7,7466,205
7,7467,70
7,7468,122
7,7469,58
7,7470,160
7,7471,84
7,7472,115
7,7473,64
7,7474,135
7,7475,89
7,7476,102
7,7477,90
7,7478,83
7,7479,109
7,7480,96
7,7481,77
7,7482,25
7,7483,103
7,7484,154
7,7485,64
7,7486,25
7,7487,77
7,7488,83
7,7489,-26
7,7490,32
7,7491,13
7,7492,71
7,7493,57
7,7494,167
7,7495,109
7,7496,102
7,7497,780
7,7498,372
7,7499,761
7,7500,128
7,7501,58
7,7502,167
7,7503,371
7,7504,58
7,7505,32
7,7506,102
7,7507,19
7,7508,58
7,7509,64
7,7510,25
7,7511,57
7,7512,71
7,7513,51
7,7514,128
7,7515,-45
7,7516,64
7,7517,103
7,7518,179
7,7519,-52
7,7520,128
7,7521,-38
7,7522,147
7,7523,77
7,7524,135
7,7525,70
7,7526,64
7,7527,128
7,7528,96
7,7529,90
7,7530,57
7,7531,77
7,7532,160
7,7533,109
7,7534,173
7,7535,90
7,7536,102
7,7537,45
7,7538,26
7,7539,25
7,7540,38
7,7541,96
7,7542,103
7,7543,128
7,7544,38
7,7545,70
7,7546,76
7,7547,83
7,7548,160
7,7549,58
7,7550,166
7,7551,115
7,7552,128
7,7553,115
7,7554,301
7,7555,103
7,7556,83
7,7557,160
7,7558,173
7,7559,109
7,7560,77
7,7561,51
7,7562,205
7,7563,32
7,7564,51
7,7565,39
7,7566,185
7,7567,51
7,7568,83
7,7569,109
7,7570,83
7,7571,160
7,7572,115
7,7573,71
7,7574,211
7,7575,25
7,7576,64
7,7577,-32
7,7578,96
7,7579,109
7,7580,57
7,7581,52
7,7582,160
7,7583,64
7,7584,32
7,7585,64
7,7586,102
7,7587,115
7,7588,397
7,7589,64
7,7590,122
7,7591,173
7,7592,116
7,7593,52
7,7594,64
7,7595,148
7,7596,83
7,7597,44
7,7598,52
7,7599,96
7,7600,102
7,7601,103
7,7602,89
7,7603,115
7,7604,96
7,7605,90
7,7606,96
7,7607,128
7,7608,115
7,7609,57
7,7610,141
7,7611,108
7,7612,109
7,7613,89
7,7614,147
7,7615,32
7,7616,102
7,7617,25
7,7618,134
7,7619,19
7,7620,115
7,7621,58
7,7622,89
7,7623,71
7,7624,147
7,7625,58
7,7626,147
7,7627,102
7,7628,109
7,7629,103
7,7630,153
7,7631,64
7,7632,121
7,7633,160
7,7634,64
7,7635,19
7,7636,52
7,7637,38
7,7638,172
7,7639,57
7,7640,51
7,7641,64
7,7642,204
7,7643,109
7,7644,179
7,7645,-429
7,7646,83
7,7647,102
7,7648,179
7,7649,96
7,7650,205
7,7651,128
7,7652,134
7,7653,89
7,7654,192
7,7655,71
7,7656,166
7,7657,83
7,7658,179
7,7659,128
7,7660,166
7,7661,410
7,7662,102
7,7663,77
7,7664,108
7,7665,135
7,7666,153
7,7667,58
7,7668,32
7,7669,109
7,7670,64
7,7671,128
7,7672,64
7,7673,26
7,7674,224
7,7675,135
7,7676,180
7,7677,102
7,7678,71
7,7679,96
7,7680,77
7,7681,70
7,7682,128
7,7683,122
7,7684,167
7,7685,51
7,7686,122
7,7687,-51
7,7688,141
7,7689,70
7,7690,179
7,7691,115
7,7692,147
7,7693,39
7,7694,64
7,7695,141
7,7696,64
7,7697,89
7,7698,173
7,7699,122
7,7700,115
7,7701,135
7,7702,243
7,7703,26
7,7704,121
7,7705,52
7,7706,192
7,7707,70
7,7708,71
7,7709,58
7,7710,70
7,7711,25
7,7712,116
7,7713,90
7,7714,121
7,7715,128
7,7716,166
7,7717,57
7,7718,166
7,7719,141
7,7720,166
7,7721,64
7,7722,83
7,7723,102
7,7724,57
7,7725,-25
7,7726,115
7,7727,64
7,7728,70
7,7729,115
7,7730,160
7,7731,-90
7,7732,230
7,7733,51
7,7734,192
7,7735,32
7,7736,70
7,7737,90
7,7738,160
7,7739,102
7,7740,109
7,7741,58
7,7742,102
7,7743,70
7,7744,71
7,7745,32
7,7746,115
7,7747,32
7,7748,70
7,7749,-211
7,7750,135
7,7751,-64
7,7752,70
7,7753,122
7,7754,775
7,7755,160
7,7756,108
7,7757,51
7,7758,70
7,7759,96
7,7760,116
7,7761,51
7,7762,108
7,7763,58
7,7764,64
7,7765,58
7,7766,121
7,7767,77
7,7768,57
7,7769,90
7,7770,180
7,7771,128
7,7772,109
7,7773,115
7,7774,166
7,7775,116
7,7776,45
7,7777,26
7,7778,160
7,7779,32
7,7780,38
7,7781,58
7,7782,172
7,7783,20
7,7784,103
7,7785,51
7,7786,102
7,7787,64
7,7788,77
7,7789,122
7,7790,166
7,7791,167
7,7792,77
7,7793,20
7,7794,-25
7,7795,96
7,7796,58
7,7797,45
7,7798,58
7,7799,121
7,7800,58
7,7801,96
7,7802,186
7,7803,90
7,7804,109
7,7805,115
7,7806,64
7,7807,32
7,7808,115
7,7809,153
7,7810,243
7,7811,180
7,7812,115
7,7813,45
7,7814,26
7,7815,89
7,7816,57
7,7817,19
7,7818,160
7,7819,26
7,7820,58
7,7821,167
7,7822,160
7,7823,121
7,7824,77
7,7825,71
7,7826,141
7,7827,186
7,7828,154
7,7829,64
7,7830,166
7,7831,135
7,7832,128
7,7833,39
7,7834,122
7,7835,51
7,7836,51
7,7837,71
7,7838,128
7,7839,57
7,7840,96
7,7841,-45
7,7842,109
7,7843,147
7,7844,115
7,7845,52
7,7846,173
7,7847,90
7,7848,115
7,7849,51
7,7850,166
7,7851,57
7,7852,71
7,7853,71
7,7854,192
7,7855,77
7,7856,70
7,7857,-26
7,7858,135
7,7859,141
7,7860,102
7,7861,192
7,7862,109
7,7863,76
7,7864,90
7,7865,-7
7,7866,147
7,7867,57
7,7868,-45
7,7869,38
7,7870,77
7,7871,70
7,7872,166
7,7873,211
7,7874,180
7,7875,77
7,7876,-13
7,7877,96
7,7878,128
7,7879,109
7,7880,172
7,7881,128
7,7882,71
7,7883,172
7,7884,173
7,7885,141
7,7886,116
7,7887,64
7,7888,217
7,7889,57
7,7890,154
7,7891,38
7,7892,32
7,7893,64
7,7894,256
7,7895,26
7,7896,38
7,7897,103
7,7898,-25
7,7899,128
7,7900,102
7,7901,51
7,7902,167
7,7903,64
7,7904,109
7,7905,121
7,7906,103
7,7907,64
7,7908,128
7,7909,71
7,7910,128
7,7911,83
7,7912,71
7,7913,115
7,7914,-25
7,7915,166
7,7916,109
7,7917,211
7,7918,340
7,7919,160
7,7920,121
7,7921,102
7,7922,173
7,7923,294
7,7924,141
7,7925,192
7,7926,179
7,7927,102
7,7928,121
7,7929,51
7,7930,154
7,7931,115
7,7932,134
7,7933,96
7,7934,108
7,7935,58
7,7936,128
7,7937,32
7,7938,115
7,7939,39
7,7940,64
7,7941,96
7,7942,96
7,7943,115
7,7944,96
7,7945,44
7,7946,12
7,7947,64
7,7948,121
7,7949,57
7,7950,115
7,7951,103
7,7952,122
7,7953,339
7,7954,128
7,7955,58
7,7956,89
7,7957,115
7,7958,218
7,7959,108
7,7960,51
7,7961,102
7,7962,250
7,7963,89
7,7964,153
7,7965,71
7,7966,32
7,7967,70
7,7968,64
7,7969,57
7,7970,160
7,7971,71
7,7972,192
7,7973,71
7,7974,134
7,7975,128
7,7976,84
7,7977,64
7,7978,256
7,7979,108
7,7980,147
7,7981,51
7,7982,116
7,7983,25
7,7984,57
7,7985,57
7,7986,122
7,7987,57
7,7988,76
7,7989,154
7,7990,186
7,7991,102
7,7992,77
7,7993,58
7,7994,57
7,7995,116
7,7996,153
7,7997,103
7,7998,153
7,7999,121
7,8000,25
7,8001,64
7,8002,45
7,8003,25
7,8004,64
7,8005,83
7,8006,167
7,8007,83
7,8008,128
7,8009,826
7,8010,153
7,8011,1062
7,8012,52
7,8013,51
7,8014,179
7,8015,135
7,8016,205
7,8017,38
7,8018,83
7,8019,102
7,8020,45
7,8021,109
7,8022,121
7,8023,115
7,8024,51
7,8025,96
7,8026,77
7,8027,128
7,8028,71
7,8029,218
7,8030,96
7,8031,115
7,8032,109
7,8033,77
7,8034,58
7,8035,70
7,8036,64
7,8037,89
7,8038,179
7,8039,25
7,8040,64
7,8041,224
7,8042,166
7,8043,77
7,8044,64
7,8045,135
7,8046,-51
7,8047,179
7,8048,141
7,8049,57
7,8050,-32
7,8051,51
7,8052,6
7,8053,83
7,8054,166
7,8055,76
7,8056,77
7,8057,58
7,8058,109
7,8059,179
7,8060,71
7,8061,313
7,8062,77
7,8063,154
7,8064,218
7,8065,64
7,8066,128
7,8067,77
7,8068,64
7,8069,83
7,8070,166
7,8071,237
7,8072,7
7,8073,-25
7,8074,44
7,8075,90
7,8076,51
7,8077,51
7,8078,173
7,8079,64
7,8080,52
7,8081,44
7,8082,192
7,8083,128
7,8084,116
7,8085,58
7,8086,160
7,8087,51
7,8088,51
7,8089,32
7,8090,90
7,8091,13
7,8092,77
7,8093,77
7,8094,90
7,8095,32
7,8096,32
7,8097,77
7,8098,70
7,8099,103
7,8100,102
7,8101,76
7,8102,83
7,8103,102
7,8104,154
7,8105,45
7,8106,-38
7,8107,108
7,8108,57
7,8109,102
7,8110,147
7,8111,154
7,8112,96
7,8113,52
7,8114,121
7,8115,116
7,8116,211
7,8117,64
7,8118,365
7,8119,147
7,8120,141
7,8121,103
7,8122,115
7,8123,70
7,8124,89
7,8125,-32
7,8126,-205
7,8127,77
7,8128,64
7,8129,32
7,8130,77
7,8131,84
7,8132,-58
7,8133,83
7,8134,173
7,8135,77
7,8136,83
7,8137,-38
7,8138,134
7,8139,141
7,8140,128
7,8141,57
7,8142,352
7,8143,64
7,8144,109
7,8145,83
7,8146,83
7,8147,359
7,8148,70
7,8149,109
7,8150,96
7,8151,-64
7,8152,90
7,8153,102
7,8154,154
7,8155,122
7,8156,365
7,8157,45
7,8158,128
7,8159,115
7,8160,77
7,8161,51
7,8162,198
7,8163,89
7,8164,103
7,8165,38
7,8166,262
7,8167,38
7,8168,166
7,8169,166
7,8170,172
7,8171,128
7,8172,96
7,8173,70
7,8174,109
7,8175,154
7,8176,167
7,8177,26
7,8178,128
7,8179,160
7,8180,-39
7,8181,89
7,8182,160
7,8183,83
7,8184,185
7,8185,186
7,8186,173
7,8187,128
7,8188,128
7,8189,96
7,8190,83
7,8191,141
7,8192,58
7,8193,108
7,8194,199
7,8195,51
7,8196,76
7,8197,58
7,8198,-19
7,8199,147
7,8200,96
7,8201,154
7,8202,58
7,8203,109
7,8204,397
7,8205,77
7,8206,109
7,8207,26
7,8208,211
7,8209,77
7,8210,-45
7,8211,128
7,8212,160
7,8213,77
7,8214,167
7,8215,70
7,8216,83
7,8217,52
7,8218,64
7,8219,102
7,8220,128
7,8221,109
7,8222,135
7,8223,64
7,8224,103
7,8225,103
7,8226,141
7,8227,115
7,8228,141
7,8229,76
7,8230,-38
7,8231,77
7,8232,89
7,8233,51
7,8234,96
7,8235,160
7,8236,-38
7,8237,71
7,8238,108
7,8239,58
7,8240,96
7,8241,160
7,8242,140
7,8243,121
7,8244,109
7,8245,51
7,8246,70
7,8247,103
7,8248,103
7,8249,58
7,8250,25
7,8251,64
7,8252,160
7,8253,38
7,8254,148
7,8255,64
7,8256,218
7,8257,288
7,8258,108
7,8259,108
7,8260,38
7,8261,58
7,8262,-45
7,8263,52
7,8264,51
7,8265,58
7,8266,819
7,8267,115
7,8268,167
7,8269,45
7,8270,160
7,8271,52
7,8272,102
7,8273,268
7,8274,26
7,8275,32
7,8276,32
7,8277,77
7,8278,77
7,8279,51
7,8280,128
7,8281,96
7,8282,109
7,8283,122
7,8284,128
7,8285,102
7,8286,205
7,8287,77
7,8288,77
7,8289,51
7,8290,-45
7,8291,71
7,8292,71
7,8293,-38
7,8294,71
7,8295,64
7,8296,32
7,8297,77
7,8298,77
7,8299,57
7,8300,51
7,8301,39
7,8302,19
7,8303,122
7,8304,160
7,8305,-39
7,8306,64
7,8307,25
7,8308,51
7,8309,96
7,8310,116
7,8311,26
7,8312,58
7,8313,103
7,8314,166
7,8315,64
7,8316,103
7,8317,45
7,8318,77
7,8319,115
7,8320,83
7,8321,109
7,8322,122
7,8323,32
7,8324,167
7,8325,205
7,8326,154
7,8327,121
7,8328,115
7,8329,45
7,8330,77
7,8331,307
7,8332,51
7,8333,38
7,8334,70
7,8335,32
7,8336,39
7,8337,58
7,8338,128
7,8339,64
7,8340,102
7,8341,-25
7,8342,96
7,8343,135
7,8344,90
7,8345,32
7,8346,57
7,8347,32
7,8348,64
7,8349,-6
7,8350,141
7,8351,-51
7,8352,128
7,8353,71
7,8354,71
7,8355,71
7,8356,83
7,8357,90
7,8358,179
7,8359,128
7,8360,410
7,8361,19
7,8362,57
7,8363,19
7,8364,166
7,8365,51
7,8366,199
7,8367,57
7,8368,166
7,8369,70
7,8370,58
7,8371,147
7,8372,102
7,8373,38
7,8374,115
7,8375,128
7,8376,116
7,8377,64
7,8378,32
7,8379,103
7,8380,51
7,8381,39
7,8382,76
7,8383,103
7,8384,-44
7,8385,64
7,8386,121
7,8387,58
7,8388,64
7,8389,102
7,8390,160
7,8391,64
7,8392,179
7,8393,96
7,8394,115
7,8395,160
7,8396,134
7,8397,141
7,8398,102
7,8399,90
7,8400,96
7,8401,102
7,8402,122
7,8403,96
7,8404,58
7,8405,39
7,8406,128
7,8407,70
7,8408,83
7,8409,128
7,8410,160
7,8411,109
7,8412,135
7,8413,45
7,8414,410
7,8415,90
7,8416,166
7,8417,45
7,8418,64
7,8419,96
7,8420,154
7,8421,141
7,8422,38
7,8423,70
7,8424,26
7,8425,109
7,8426,90
7,8427,102
7,8428,96
7,8429,108
7,8430,103
7,8431,122
7,8432,122
7,8433,45
7,8434,70
7,8435,39
7,8436,-52
7,8437,70
7,8438,83
7,8439,109
7,8440,173
7,8441,237
7,8442,217
7,8443,26
7,8444,116
7,8445,103
7,8446,39
7,8447,83
7,8448,167
7,8449,96
7,8450,166
7,8451,57
7,8452,-32
7,8453,122
7,8454,90
7,8455,51
7,8456,83
7,8457,25
7,8458,90
7,8459,122
7,8460,83
7,8461,102
7,8462,84
7,8463,115
7,8464,160
7,8465,71
7,8466,141
7,8467,109
7,8468,-230
7,8469,122
7,8470,103
7,8471,83
7,8472,115
7,8473,96
7,8474,147
7,8475,109
7,8476,147
7,8477,96
7,8478,359
7,8479,121
7,8480,58
7,8481,58
7,8482,115
7,8483,83
7,8484,115
7,8485,140
7,8486,70
7,8487,-39
7,8488,77
7,8489,141
7,8490,77
7,8491,83
7,8492,109
7,8493,-26
7,8494,135
7,8495,103
7,8496,147
7,8497,134
7,8498,64
7,8499,71
7,8500,64
7,8501,51
7,8502,147
7,8503,57
7,8504,141
7,8505,108
7,8506,64
7,8507,51
7,8508,90
7,8509,51
7,8510,52
7,8511,122
7,8512,96
7,8513,32
7,8514,122
7,8515,327
7,8516,58
7,8517,25
7,8518,160
7,8519,205
7,8520,38
7,8521,832
7,8522,96
7,8523,806
7,8524,57
7,8525,90
7,8526,377
7,8527,64
7,8528,147
7,8529,26
7,8530,39
7,8531,-230
7,8532,89
7,8533,58
7,8534,102
7,8535,352
7,8536,64
7,8537,359
7,8538,122
7,8539,116
7,8540,89
7,8541,90
7,8542,57
7,8543,116
7,8544,109
7,8545,26
7,8546,32
7,8547,96
7,8548,102
7,8549,102
7,8550,192
7,8551,51
7,8552,141
7,8553,90
7,8554,128
7,8555,109
7,8556,83
7,8557,90
7,8558,122
7,8559,115
7,8560,198
7,8561,52
7,8562,64
7,8563,32
7,8564,51
7,8565,51
7,8566,364
7,8567,102
7,8568,115
7,8569,108
7,8570,134
7,8571,58
7,8572,115
7,8573,64
7,8574,64
7,8575,147
7,8576,116
7,8577,109
7,8578,217
7,8579,109
7,8580,103
7,8581,154
7,8582,128
7,8583,115
7,8584,128
7,8585,32
7,8586,141
7,8587,115
7,8588,122
7,8589,115
7,8590,83
7,8591,77
7,8592,38
7,8593,77
7,8594,281
7,8595,122
7,8596,90
7,8597,102
7,8598,179
7,8599,301
7,8600,-51
7,8601,109
7,8602,64
7,8603,70
7,8604,102
7,8605,57
7,8606,109
7,8607,38
7,8608,83
7,8609,96
7,8610,115
7,8611,135
7,8612,153
7,8613,102
7,8614,96
7,8615,64
7,8616,109
7,8617,38
7,8618,77
7,8619,71
7,8620,64
7,8621,108
7,8622,64
7,8623,102
7,8624,83
7,8625,45
7,8626,70
7,8627,-39
7,8628,140
7,8629,70
7,8630,179
7,8631,64
7,8632,51
7,8633,51
7,8634,102
7,8635,70
7,8636,51
7,8637,51
7,8638,103
7,8639,83
7,8640,71
7,8641,51
7,8642,83
7,8643,115
7,8644,51
7,8645,57
7,8646,180
7,8647,64
7,8648,64
7,8649,115
7,8650,115
7,8651,96
7,8652,109
7,8653,96
7,8654,166
7,8655,64
7,8656,83
7,8657,45
7,8658,96
7,8659,64
7,8660,64
7,8661,332
7,8662,480
7,8663,77
7,8664,108
7,8665,51
7,8666,58
7,8667,109
7,8668,147
7,8669,32
7,8670,103
7,8671,115
7,8672,102
7,8673,103
7,8674,-51
7,8675,83
7,8676,128
7,8677,57
7,8678,71
7,8679,-64
7,8680,134
7,8681,77
7,8682,173
7,8683,115
7,8684,141
7,8685,71
7,8686,134
7,8687,64
7,8688,372
7,8689,45
7,8690,76
7,8691,103
7,8692,58
7,8693,52
7,8694,83
7,8695,109
7,8696,32
7,8697,109
7,8698,122
7,8699,154
7,8700,128
7,8701,58
7,8702,76
7,8703,103
7,8704,96
7,8705,70
7,8706,128
7,8707,135
7,8708,173
7,8709,57
7,8710,173
7,8711,121
7,8712,109
7,8713,44
7,8714,70
7,8715,102
7,8716,57
7,8717,58
7,8718,77
7,8719,25
7,8720,218
7,8721,135
7,8722,179
7,8723,115
7,8724,108
7,8725,141
7,8726,64
7,8727,103
7,8728,192
7,8729,89
7,8730,25
7,8731,109
7,8732,58
7,8733,83
7,8734,77
7,8735,76
7,8736,77
7,8737,96
7,8738,141
7,8739,121
7,8740,154
7,8741,90
7,8742,147
7,8743,52
7,8744,109
7,8745,90
7,8746,160
7,8747,58
7,8748,-44
7,8749,64
7,8750,173
7,8751,90
7,8752,64
7,8753,154
7,8754,83
7,8755,147
7,8756,84
7,8757,64
7,8758,173
7,8759,64
7,8760,58
7,8761,96
7,8762,108
7,8763,148
7,8764,813
7,8765,-6
7,8766,154
7,8767,77
7,8768,71
7,8769,64
7,8770,19
7,8771,26
7,8772,128
7,8773,25
7,8774,160
7,8775,71
7,8776,154
7,8777,51
7,8778,788
7,8779,134
7,8780,371
7,8781,83
7,8782,205
7,8783,71
7,8784,135
7,8785,90
7,8786,166
7,8787,45
7,8788,26
7,8789,64
7,8790,77
7,8791,90
7,8792,121
7,8793,148
7,8794,64
7,8795,147
7,8796,172
7,8797,109
7,8798,121
7,8799,90
7,8800,84
7,8801,90
7,8802,64
7,8803,45
7,8804,134
7,8805,96
7,8806,70
7,8807,64
7,8808,109
7,8809,172
7,8810,135
7,8811,109
7,8812,89
7,8813,32
7,8814,186
7,8815,121
7,8816,166
7,8817,57
7,8818,64
7,8819,44
7,8820,83
7,8821,77
7,8822,121
7,8823,64
7,8824,89
7,8825,116
7,8826,160
7,8827,96
7,8828,160
7,8829,102
7,8830,166
7,8831,-45
7,8832,134
7,8833,102
7,8834,64
7,8835,26
7,8836,128
7,8837,173
7,8838,122
7,8839,115
7,8840,58
7,8841,51
7,8842,90
7,8843,58
7,8844,71
7,8845,57
7,8846,109
7,8847,90
7,8848,64
7,8849,109
7,8850,192
7,8851,83
7,8852,109
7,8853,90
7,8854,77
7,8855,179
7,8856,108
7,8857,45
7,8858,64
7,8859,153
7,8860,109
7,8861,115
7,8862,64
7,8863,58
7,8864,77
7,8865,89
7,8866,32
7,8867,77
7,8868,64
7,8869,122
7,8870,102
7,8871,109
7,8872,96
7,8873,45
7,8874,19
7,8875,45
7,8876,77
7,8877,57
7,8878,173
7,8879,122
7,8880,64
7,8881,32
7,8882,135
7,8883,116
7,8884,83
7,8885,108
7,8886,109
7,8887,147
7,8888,205
7,8889,96
7,8890,84
7,8891,19
7,8892,102
7,8893,199
7,8894,173
7,8895,26
7,8896,77
7,8897,96
7,8898,115
7,8899,84
7,8900,-45
7,8901,128
7,8902,167
7,8903,90
7,8904,167
7,8905,135
7,8906,160
7,8907,115
7,8908,166
7,8909,64
7,8910,109
7,8911,64
7,8912,64
7,8913,51
7,8914,32
7,8915,57
7,8916,51
7,8917,103
7,8918,90
7,8919,70
7,8920,-45
7,8921,384
7,8922,115
7,8923,128
7,8924,154
7,8925,218
7,8926,147
7,8927,122
7,8928,115
7,8929,108
7,8930,166
7,8931,288
7,8932,71
7,8933,58
7,8934,58
7,8935,96
7,8936,-45
7,8937,128
7,8938,115
7,8939,77
7,8940,116
7,8941,64
7,8942,166
7,8943,128
7,8944,96
7,8945,77
7,8946,58
7,8947,167
7,8948,90
7,8949,39
7,8950,198
7,8951,71
7,8952,45
7,8953,77
7,8954,211
7,8955,71
7,8956,141
7,8957,-51
7,8958,185
7,8959,108
7,8960,115
7,8961,44
7,8962,115
7,8963,-44
7,8964,166
7,8965,52
7,8966,58
7,8967,109
7,8968,378
7,8969,154
7,8970,153
7,8971,64
7,8972,108
7,8973,77
7,8974,108
7,8975,71
7,8976,192
7,8977,96
7,8978,160
7,8979,115
7,8980,32
7,8981,121
7,8982,160
7,8983,51
7,8984,166
7,8985,32
7,8986,147
7,8987,64
7,8988,108
7,8989,307
7,8990,180
7,8991,108
7,8992,102
7,8993,102
7,8994,166
7,8995,77
7,8996,121
7,8997,109
7,8998,173
7,8999,64
7,9000,115
7,9001,96
7,9002,147
7,9003,115
7,9004,109
7,9005,116
7,9006,275
7,9007,121
7,9008,135
7,9009,57
7,9010,77
7,9011,70
7,9012,77
7,9013,185
7,9014,109
7,9015,-44
7,9016,51
7,9017,57
7,9018,128
7,9019,76
7,9020,211
7,9021,58
7,9022,115
7,9023,102
7,9024,128
7,9025,-26
7,9026,148
7,9027,160
7,9028,-32
7,9029,70
7,9030,58
7,9031,64
7,9032,57
7,9033,838
7,9034,57
7,9035,768
7,9036,141
7,9037,83
7,9038,89
7,9039,83
7,9040,154
7,9041,57
7,9042,231
7,9043,-122
7,9044,26
7,9045,70
7,9046,71
7,9047,121
7,9048,-51
7,9049,116
7,9050,77
7,9051,121
7,9052,128
7,9053,96
7,9054,128
7,9055,77
7,9056,70
7,9057,32
7,9058,32
7,9059,19
7,9060,84
7,9061,71
7,9062,83
7,9063,70
7,9064,77
7,9065,51
7,9066,199
7,9067,58
7,9068,109
7,9069,52
7,9070,179
7,9071,57
7,9072,96
7,9073,45
7,9074,26
7,9075,26
7,9076,96
7,9077,51
7,9078,179
7,9079,64
7,9080,64
7,9081,160
7,9082,109
7,9083,96
7,9084,320
7,9085,89
7,9086,141
7,9087,64
7,9088,39
7,9089,102
7,9090,365
7,9091,51
7,9092,90
7,9093,128
7,9094,96
7,9095,83
7,9096,115
7,9097,57
7,9098,45
7,9099,64
7,9100,64
7,9101,51
7,9102,51
7,9103,32
7,9104,64
7,9105,64
7,9106,58
7,9107,154
7,9108,76
7,9109,167
7,9110,77
7,9111,-58
7,9112,115
7,9113,32
7,9114,128
7,9115,96
7,9116,173
7,9117,71
7,9118,160
7,9119,51
7,9120,115
7,9121,109
7,9122,70
7,9123,141
7,9124,180
7,9125,147
7,9126,122
7,9127,45
7,9128,134
7,9129,20
7,9130,147
7,9131,77
7,9132,64
7,9133,58
7,9134,122
7,9135,51
7,9136,57
7,9137,44
7,9138,180
7,9139,77
7,9140,115
7,9141,147
7,9142,102
7,9143,90
7,9144,172
7,9145,38
7,9146,115
7,9147,109
7,9148,217
7,9149,64
7,9150,25
7,9151,70
7,9152,89
7,9153,51
7,9154,38
7,9155,-12
7,9156,58
7,9157,102
7,9158,365
7,9159,38
7,9160,44
7,9161,57
7,9162,218
7,9163,140
7,9164,115
7,9165,128
7,9166,77
7,9167,58
7,9168,90
7,9169,64
7,9170,96
7,9171,70
7,9172,58
7,9173,45
7,9174,58
7,9175,102
7,9176,45
7,9177,77
7,9178,141
7,9179,-320
7,9180,89
7,9181,64
7,9182,109
7,9183,339
7,9184,108
7,9185,84
7,9186,25
7,9187,70
7,9188,160
7,9189,51
7,9190,147
7,9191,70
7,9192,147
7,9193,147
7,9194,141
7,9195,96
7,9196,249
7,9197,96
7,9198,102
7,9199,140
7,9200,109
7,9201,45
7,9202,32
7,9203,89
7,9204,166
7,9205,83
7,9206,134
7,9207,102
7,9208,109
7,9209,116
7,9210,122
7,9211,160
7,9212,167
7,9213,115
7,9214,102
7,9215,103
7,9216,153
7,9217,-26
7,9218,77
7,9219,77
7,9220,128
7,9221,-38
7,9222,121
7,9223,83
7,9224,76
7,9225,58
7,9226,90
7,9227,19
7,9228,147
7,9229,83
7,9230,58
7,9231,26
7,9232,-32
7,9233,-19
7,9234,186
7,9235,128
7,9236,122
7,9237,-38
7,9238,122
7,9239,115
7,9240,154
7,9241,51
7,9242,89
7,9243,51
7,9244,-44
7,9245,121
7,9246,58
7,9247,-32
7,9248,83
7,9249,64
7,9250,121
7,9251,128
7,9252,122
7,9253,70
7,9254,76
7,9255,128
7,9256,134
7,9257,116
7,9258,167
7,9259,77
7,9260,160
7,9261,58
7,9262,57
7,9263,102
7,9264,-45
7,9265,32
7,9266,134
7,9267,102
7,9268,109
7,9269,70
7,9270,160
7,9271,32
7,9272,38
7,9273,199
7,9274,77
7,9275,57
7,9276,160
7,9277,71
7,9278,204
7,9279,102
7,9280,83
7,9281,71
7,9282,121
7,9283,32
7,9284,64
7,9285,45
7,9286,77
7,9287,26
7,9288,160
7,9289,109
7,9290,780
7,9291,109
7,9292,166
7,9293,58
7,9294,115
7,9295,109
7,9296,115
7,9297,-39
7,9298,71
7,9299,154
7,9300,96
7,9301,70
7,9302,83
7,9303,64
7,9304,115
7,9305,76
7,9306,71
7,9307,128
7,9308,180
7,9309,51
7,9310,211
7,9311,128
7,9312,115
7,9313,45
7,9314,57
7,9315,58
7,9316,282
7,9317,77
7,9318,58
7,9319,26
7,9320,109
7,9321,102
7,9322,160
7,9323,-64
7,9324,134
7,9325,26
7,9326,326
7,9327,192
7,9328,153
7,9329,45
7,9330,160
7,9331,13
7,9332,154
7,9333,32
7,9334,115
7,9335,70
7,9336,167
7,9337,51
7,9338,154
7,9339,-64
7,9340,147
7,9341,51
7,9342,71
7,9343,141
7,9344,135
7,9345,51
7,9346,358
7,9347,19
7,9348,109
7,9349,108
7,9350,141
7,9351,26
7,9352,167
7,9353,51
7,9354,52
7,9355,103
7,9356,58
7,9357,96
7,9358,167
7,9359,96
7,9360,103
7,9361,102
7,9362,121
7,9363,45
7,9364,147
7,9365,38
7,9366,115
7,9367,89
7,9368,390
7,9369,64
7,9370,-32
7,9371,134
7,9372,109
7,9373,39
7,9374,173
7,9375,108
7,9376,44
7,9377,77
7,9378,167
7,9379,96
7,9380,135
7,9381,96
7,9382,141
7,9383,70
7,9384,83
7,9385,-275
7,9386,141
7,9387,71
7,9388,58
7,9389,359
7,9390,-45
7,9391,115
7,9392,103
7,9393,45
7,9394,102
7,9395,89
7,9396,83
7,9397,96
7,9398,64
7,9399,57
7,9400,173
7,9401,-6
7,9402,19
7,9403,45
7,9404,45
7,9405,52
7,9406,13
7,9407,71
7,9408,96
7,9409,160
7,9410,77
7,9411,58
7,9412,90
7,9413,39
7,9414,128
7,9415,64
7,9416,166
7,9417,109
7,9418,115
7,9419,96
7,9420,89
7,9421,64
7,9422,32
7,9423,58
7,9424,64
7,9425,51
7,9426,109
7,9427,90
7,9428,51
7,9429,32
7,9430,64
7,9431,25
7,9432,58
7,9433,147
7,9434,122
7,9435,160
7,9436,77
7,9437,96
7,9438,122
7,9439,71
7,9440,77
7,9441,32
7,9442,19
7,9443,-32
7,9444,90
7,9445,134
7,9446,76
7,9447,70
7,9448,403
7,9449,70
7,9450,134
7,9451,154
7,9452,-44
7,9453,121
7,9454,51
7,9455,109
7,9456,96
7,9457,32
7,9458,64
7,9459,109
7,9460,147
7,9461,58
7,9462,-25
7,9463,96
7,9464,77
7,9465,167
7,9466,173
7,9467,70
7,9468,77
7,9469,102
7,9470,103
7,9471,64
7,9472,102
7,9473,96
7,9474,179
7,9475,204
7,9476,121
7,9477,57
7,9478,115
7,9479,-64
7,9480,166
7,9481,224
7,9482,140
7,9483,134
7,9484,166
7,9485,198
7,9486,186
7,9487,90
7,9488,154
7,9489,115
7,9490,-45
7,9491,205
7,9492,122
7,9493,83
7,9494,89
7,9495,115
7,9496,148
7,9497,115
7,9498,160
7,9499,109
7,9500,108
7,9501,51
7,9502,83
7,9503,76
7,9504,64
7,9505,38
7,9506,-13
7,9507,134
7,9508,135
7,9509,70
7,9510,121
7,9511,51
7,9512,160
7,9513,-20
7,9514,141
7,9515,70
7,9516,58
7,9517,192
7,9518,211
7,9519,96
7,9520,103
7,9521,26
7,9522,160
7,9523,90
7,9524,102
7,9525,52
7,9526,128
7,9527,71
7,9528,90
7,9529,352
7,9530,64
7,9531,51
7,9532,839
7,9533,83
7,9534,147
7,9535,-32
7,9536,122
7,9537,19
7,9538,109
7,9539,58
7,9540,64
7,9541,352
7,9542,83
7,9543,109
7,9544,96
7,9545,800
7,9546,109
7,9547,788
7,9548,76
7,9549,83
7,9550,51
7,9551,160
7,9552,64
7,9553,102
7,9554,167
7,9555,32
7,9556,32
7,9557,84
7,9558,179
7,9559,-44
7,9560,122
7,9561,76
7,9562,141
7,9563,166
7,9564,378
7,9565,250
7,9566,-224
7,9567,116
7,9568,166
7,9569,19
7,9570,109
7,9571,-64
7,9572,45
7,9573,51
7,9574,70
7,9575,58
7,9576,122
7,9577,96
7,9578,160
7,9579,70
7,9580,141
7,9581,64
7,9582,128
7,9583,109
7,9584,115
7,9585,38
7,9586,77
7,9587,71
7,9588,64
7,9589,83
7,9590,160
7,9591,141
7,9592,52
7,9593,64
7,9594,115
7,9595,128
7,9596,122
7,9597,83
7,9598,128
7,9599,224
7,9600,58
7,9601,71
7,9602,83
7,9603,102
7,9604,58
7,9605,96
7,9606,217
7,9607,51
7,9608,71
7,9609,45
7,9610,45
7,9611,57
7,9612,256
7,9613,96
7,9614,58
7,9615,122
7,9616,51
7,9617,44
7,9618,141
7,9619,70
7,9620,83
7,9621,58
7,9622,-52
7,9623,128
7,9624,108
7,9625,51
7,9626,64
7,9627,45
7,9628,108
7,9629,52
7,9630,64
7,9631,57
7,9632,64
7,9633,64
7,9634,115
7,9635,198
7,9636,224
7,9637,212
7,9638,230
7,9639,205
7,9640,64
7,9641,45
7,9642,154
7,9643,32
7,9644,64
7,9645,25
7,9646,179
7,9647,77
7,9648,102
7,9649,141
7,9650,211
7,9651,109
7,9652,103
7,9653,102
7,9654,-26
7,9655,160
7,9656,192
7,9657,44
7,9658,102
7,9659,179
7,9660,83
7,9661,83
7,9662,64
7,9663,45
7,9664,71
7,9665,70
7,9666,102
7,9667,32
7,9668,70
7,9669,71
7,9670,116
7,9671,70
7,9672,84
7,9673,57
7,9674,154
7,9675,89
7,9676,64
7,9677,83
7,9678,109
7,9679,109
7,9680,77
7,9681,51
7,9682,83
7,9683,89
7,9684,64
7,9685,-199
7,9686,148
7,9687,64
7,9688,83
7,9689,70
7,9690,109
7,9691,109
7,9692,45
7,9693,108
7,9694,186
7,9695,108
7,9696,122
7,9697,45
7,9698,58
7,9699,58
7,9700,84
7,9701,58
7,9702,167
7,9703,70
7,9704,76
7,9705,77
7,9706,115
7,9707,83
7,9708,108
7,9709,38
7,9710,109
7,9711,-64
7,9712,83
7,9713,26
7,9714,102
7,9715,51
7,9716,84
7,9717,96
7,9718,77
7,9719,115
7,9720,135
7,9721,51
7,9722,154
7,9723,90
7,9724,180
7,9725,116
7,9726,224
7,9727,96
7,9728,57
7,9729,359
7,9730,128
7,9731,167
7,9732,160
7,9733,83
7,9734,230
7,9735,122
7,9736,358
7,9737,51
7,9738,115
7,9739,109
7,9740,58
7,9741,77
7,9742,192
7,9743,173
7,9744,128
7,9745,102
7,9746,160
7,9747,102
7,9748,179
7,9749,51
7,9750,64
7,9751,52
7,9752,160
7,9753,20
7,9754,57
7,9755,19
7,9756,77
7,9757,64
7,9758,365
7,9759,32
7,9760,103
7,9761,102
7,9762,166
7,9763,109
7,9764,186
7,9765,102
7,9766,205
7,9767,64
7,9768,167
7,9769,154
7,9770,103
7,9771,71
7,9772,141
7,9773,109
7,9774,179
7,9775,-64
7,9776,77
7,9777,39
7,9778,173
7,9779,128
7,9780,288
7,9781,237
7,9782,154
7,9783,83
7,9784,218
7,9785,204
7,9786,185
7,9787,89
7,9788,199
7,9789,64
7,9790,397
7,9791,77
7,9792,57
7,9793,32
7,9794,89
7,9795,96
7,9796,109
7,9797,96
7,9798,57
7,9799,102
7,9800,109
7,9801,160
7,9802,787
7,9803,103
7,9804,166
7,9805,339
7,9806,57
7,9807,96
7,9808,96
7,9809,83
7,9810,167
7,9811,84
7,9812,122
7,9813,26
7,9814,166
7,9815,89
7,9816,135
7,9817,153
7,9818,160
7,9819,64
7,9820,115
7,9821,70
7,9822,115
7,9823,109
7,9824,141
7,9825,57
7,9826,45
7,9827,51
7,9828,102
7,9829,64
7,9830,83
7,9831,45
7,9832,71
7,9833,71
7,9834,71
7,9835,141
7,9836,179
7,9837,96
7,9838,141
7,9839,147
7,9840,71
7,9841,64
7,9842,122
7,9843,13
7,9844,147
7,9845,77
7,9846,186
7,9847,256
7,9848,38
7,9849,32
7,9850,134
7,9851,90
7,9852,153
7,9853,96
7,9854,64
7,9855,153
7,9856,115
7,9857,109
7,9858,256
7,9859,26
7,9860,57
7,9861,51
7,9862,172
7,9863,108
7,9864,96
7,9865,58
7,9866,77
7,9867,45
7,9868,96
7,9869,109
7,9870,115
7,9871,64
7,9872,173
7,9873,115
7,9874,172
7,9875,32
7,9876,-45
7,9877,102
7,9878,192
7,9879,103
7,9880,76
7,9881,51
7,9882,-51
7,9883,45
7,9884,51
7,9885,135
7,9886,26
7,9887,77
7,9888,52
7,9889,102
7,9890,115
7,9891,122
7,9892,102
7,9893,96
7,9894,160
7,9895,96
7,9896,115
7,9897,20
7,9898,109
7,9899,51
7,9900,77
7,9901,96
7,9902,154
7,9903,77
7,9904,102
7,9905,57
7,9906,102
7,9907,109
7,9908,115
7,9909,90
7,9910,140
7,9911,122
7,9912,51
7,9913,262
7,9914,51
7,9915,32
7,9916,32
7,9917,44
7,9918,58
7,9919,115
7,9920,52
7,9921,52
7,9922,77
7,9923,89
7,9924,109
7,9925,58
7,9926,57
7,9927,371
7,9928,77
7,9929,109
7,9930,167
7,9931,198
7,9932,134
7,9933,122
7,9934,71
7,9935,58
7,9936,64
7,9937,19
7,9938,147
7,9939,12
7,9940,45
7,9941,45
7,9942,364
7,9943,77
7,9944,96
7,9945,90
7,9946,135
7,9947,96
7,9948,172
7,9949,90
7,9950,218
7,9951,83
7,9952,58
7,9953,109
7,9954,148
7,9955,90
7,9956,96
7,9957,51
7,9958,115
7,9959,32
7,9960,38
7,9961,64
7,9962,115
7,9963,71
7,9964,121
7,9965,64
7,9966,90
7,9967,57
7,9968,58
7,9969,51
7,9970,141
7,9971,51
7,9972,19
7,9973,-204
7,9974,384
7,9975,115
7,9976,89
7,9977,102
7,9978,103
7,9979,134
7,9980,218
7,9981,45
7,9982,70
7,9983,64
7,9984,83
7,9985,103
7,9986,102
7,9987,45
7,9988,115
7,9989,51
7,9990,-20
7,9991,115
7,9992,115
7,9993,263
7,9994,128
7,9995,64
7,9996,116
7,9997,51
7,9998,167
7,9999,96
7,10000,141
7,10001,64
7,10002,26
7,10003,122
7,10004,64
7,10005,121
7,10006,96
7,10007,83
7,10008,57
7,10009,108
7,10010,64
7,10011,122
7,10012,128
7,10013,103
7,10014,96
7,10015,89
7,10016,77
7,10017,102
7,10018,103
7,10019,70
7,10020,96
7,10021,115
7,10022,115
7,10023,108
7,10024,128
7,10025,58
7,10026,134
7,10027,45
7,10028,-38
7,10029,115
7,10030,103
7,10031,128
7,10032,115
7,10033,76
7,10034,224
7,10035,108
7,10036,83
7,10037,64
7,10038,237
7,10039,141
7,10040,96
7,10041,115
7,10042,71
7,10043,76
7,10044,826
7,10045,96
7,10046,32
7,10047,70
7,10048,84
7,10049,51
7,10050,26
7,10051,64
7,10052,102
7,10053,326
7,10054,52
7,10055,64
7,10056,76
7,10057,806
7,10058,64
7,10059,781
7,10060,89
7,10061,89
7,10062,96
7,10063,115
7,10064,172
7,10065,96
7,10066,384
7,10067,64
7,10068,64
7,10069,51
7,10070,25
7,10071,77
7,10072,90
7,10073,122
7,10074,32
7,10075,77
7,10076,166
7,10077,141
7,10078,128
7,10079,109
7,10080,84
7,10081,32
7,10082,-51
7,10083,83
7,10084,90
7,10085,64
7,10086,122
7,10087,115
7,10088,83
7,10089,77
7,10090,103
7,10091,231
7,10092,109
7,10093,147
7,10094,211
7,10095,154
7,10096,115
7,10097,333
7,10098,116
7,10099,64
7,10100,58
7,10101,121
7,10102,70
7,10103,115
7,10104,64
7,10105,103
7,10106,58
7,10107,109
7,10108,115
7,10109,115
7,10110,108
7,10111,147
7,10112,128
7,10113,64
7,10114,84
7,10115,90
7,10116,71
7,10117,70
7,10118,109
7,10119,122
7,10120,102
7,10121,77
7,10122,71
7,10123,486
7,10124,102
7,10125,96
7,10126,64
7,10127,70
7,10128,32
7,10129,83
7,10130,109
7,10131,115
7,10132,115
7,10133,76
7,10134,115
7,10135,77
7,10136,218
7,10137,51
7,10138,57
7,10139,365
7,10140,243
7,10141,38
7,10142,180
7,10143,122
7,10144,128
7,10145,51
7,10146,52
7,10147,83
7,10148,231
7,10149,262
7,10150,128
7,10151,83
7,10152,115
7,10153,365
7,10154,231
7,10155,128
7,10156,-45
7,10157,185
7,10158,134
7,10159,64
7,10160,58
7,10161,39
7,10162,57
7,10163,134
7,10164,128
7,10165,77
7,10166,-32
7,10167,147
7,10168,378
7,10169,166
7,10170,141
7,10171,217
7,10172,58
7,10173,179
7,10174,154
7,10175,185
7,10176,135
7,10177,-32
7,10178,19
7,10179,51
7,10180,173
7,10181,58
7,10182,160
7,10183,141
7,10184,70
7,10185,51
7,10186,218
7,10187,-51
7,10188,-51
7,10189,45
7,10190,121
7,10191,102
7,10192,128
7,10193,38
7,10194,26
7,10195,25
7,10196,121
7,10197,52
7,10198,32
7,10199,51
7,10200,51
7,10201,301
7,10202,-269
7,10203,115
7,10204,-45
7,10205,51
7,10206,102
7,10207,109
7,10208,51
7,10209,25
7,10210,64
7,10211,58
7,10212,45
7,10213,51
7,10214,109
7,10215,186
7,10216,186
7,10217,58
7,10218,115
7,10219,173
7,10220,25
7,10221,52
7,10222,-32
7,10223,77
7,10224,57
7,10225,90
7,10226,-19
7,10227,108
7,10228,96
7,10229,172
7,10230,71
7,10231,64
7,10232,32
7,10233,32
7,10234,-19
7,10235,103
7,10236,128
7,10237,326
7,10238,44
7,10239,89
7,10240,77
7,10241,58
7,10242,64
7,10243,57
7,10244,276
7,10245,51
7,10246,52
7,10247,64
7,10248,-45
7,10249,90
7,10250,121
7,10251,173
7,10252,128
7,10253,39
7,10254,-32
7,10255,64
7,10256,51
7,10257,109
7,10258,109
7,10259,115
7,10260,300
7,10261,70
7,10262,64
7,10263,70
7,10264,103
7,10265,25
7,10266,77
7,10267,76
7,10268,76
7,10269,236
7,10270,-12
7,10271,58
7,10272,115
7,10273,83
7,10274,128
7,10275,173
7,10276,154
7,10277,128
7,10278,51
7,10279,70
7,10280,25
7,10281,64
7,10282,108
7,10283,77
7,10284,147
7,10285,556
7,10286,83
7,10287,167
7,10288,83
7,10289,83
7,10290,121
7,10291,89
7,10292,84
7,10293,57
7,10294,179
7,10295,64
7,10296,83
7,10297,102
7,10298,218
7,10299,64
7,10300,800
7,10301,45
7,10302,57
7,10303,116
7,10304,115
7,10305,90
7,10306,58
7,10307,96
7,10308,153
7,10309,212
7,10310,160
7,10311,96
7,10312,237
7,10313,90
7,10314,820
7,10315,256
7,10316,173
7,10317,57
7,10318,64
7,10319,102
7,10320,77
7,10321,38
7,10322,58
7,10323,71
7,10324,-44
7,10325,160
7,10326,115
7,10327,148
7,10328,154
7,10329,102
7,10330,153
7,10331,128
7,10332,109
7,10333,70
7,10334,-38
7,10335,77
7,10336,115
7,10337,44
7,10338,7
7,10339,64
7,10340,365
7,10341,52
7,10342,64
7,10343,115
7,10344,64
7,10345,134
7,10346,109
7,10347,77
7,10348,90
7,10349,249
7,10350,71
7,10351,115
7,10352,96
7,10353,102
7,10354,64
7,10355,51
7,10356,70
7,10357,51
7,10358,57
7,10359,58
7,10360,38
7,10361,134
7,10362,116
7,10363,153
7,10364,102
7,10365,84
7,10366,71
7,10367,70
7,10368,141
7,10369,64
7,10370,358
7,10371,26
7,10372,115
7,10373,77
7,10374,58
7,10375,115
7,10376,89
7,10377,58
7,10378,45
7,10379,39
7,10380,108
7,10381,38
7,10382,96
7,10383,103
7,10384,301
7,10385,109
7,10386,90
7,10387,122
7,10388,-19
7,10389,115
7,10390,115
7,10391,84
7,10392,153
7,10393,51
7,10394,58
7,10395,32
7,10396,70
7,10397,115
7,10398,102
7,10399,58
7,10400,84
7,10401,32
7,10402,64
7,10403,115
7,10404,103
7,10405,77
7,10406,167
7,10407,147
7,10408,83
7,10409,26
7,10410,77
7,10411,-19
7,10412,288
7,10413,64
7,10414,108
7,10415,115
7,10416,140
7,10417,153
7,10418,128
7,10419,102
7,10420,102
7,10421,108
7,10422,269
7,10423,109
7,10424,96
7,10425,26
7,10426,32
7,10427,71
7,10428,58
7,10429,64
7,10430,52
7,10431,70
7,10432,140
7,10433,103
7,10434,282
7,10435,103
7,10436,70
7,10437,-51
7,10438,134
7,10439,90
7,10440,166
7,10441,90
7,10442,121
7,10443,346
7,10444,115
7,10445,109
7,10446,77
7,10447,89
7,10448,-52
7,10449,51
7,10450,51
7,10451,103
7,10452,96
7,10453,57
7,10454,166
7,10455,128
7,10456,147
7,10457,109
7,10458,173
7,10459,58
7,10460,140
7,10461,89
7,10462,109
7,10463,64
7,10464,186
7,10465,108
7,10466,51
7,10467,109
7,10468,83
7,10469,32
7,10470,26
7,10471,58
7,10472,122
7,10473,64
7,10474,116
7,10475,96
7,10476,148
7,10477,77
7,10478,-237
7,10479,32
7,10480,-224
7,10481,-51
7,10482,26
7,10483,58
7,10484,204
7,10485,89
7,10486,45
7,10487,70
7,10488,135
7,10489,96
7,10490,-307
7,10491,256
7,10492,128
7,10493,58
7,10494,160
7,10495,115
7,10496,377
7,10497,70
7,10498,70
7,10499,128
7,10500,64
7,10501,25
7,10502,-58
7,10503,141
7,10504,153
7,10505,26
7,10506,-166
7,10507,108
7,10508,-44
7,10509,76
7,10510,77
7,10511,134
7,10512,108
7,10513,45
7,10514,32
7,10515,26
7,10516,89
7,10517,58
7,10518,51
7,10519,52
7,10520,134
7,10521,96
7,10522,109
7,10523,70
7,10524,122
7,10525,90
7,10526,58
7,10527,115
7,10528,64
7,10529,51
7,10530,96
7,10531,103
7,10532,179
7,10533,269
7,10534,77
7,10535,44
7,10536,64
7,10537,51
7,10538,115
7,10539,109
7,10540,346
7,10541,51
7,10542,160
7,10543,64
7,10544,70
7,10545,51
7,10546,26
7,10547,32
7,10548,102
7,10549,108
7,10550,32
7,10551,52
7,10552,58
7,10553,71
7,10554,51
7,10555,83
7,10556,153
7,10557,57
7,10558,58
7,10559,71
7,10560,109
7,10561,19
7,10562,20
7,10563,26
7,10564,71
7,10565,58
7,10566,134
7,10567,90
7,10568,224
7,10569,806
7,10570,180
7,10571,781
7,10572,166
7,10573,250
7,10574,167
7,10575,275
7,10576,121
7,10577,70
7,10578,64
7,10579,77
7,10580,102
7,10581,83
7,10582,96
7,10583,64
7,10584,134
7,10585,122
7,10586,109
7,10587,83
7,10588,64
7,10589,160
7,10590,185
7,10591,256
7,10592,45
7,10593,90
7,10594,109
7,10595,109
7,10596,352
7,10597,-38
7,10598,166
7,10599,262
7,10600,64
7,10601,147
7,10602,204
7,10603,64
7,10604,102
7,10605,70
7,10606,320
7,10607,109
7,10608,121
7,10609,70
7,10610,64
7,10611,39
7,10612,45
7,10613,153
7,10614,160
7,10615,198
7,10616,115
7,10617,71
7,10618,140
7,10619,90
7,10620,-32
7,10621,141
7,10622,186
7,10623,403
7,10624,64
7,10625,57
7,10626,211
7,10627,108
7,10628,172
7,10629,77
7,10630,115
7,10631,70
7,10632,96
7,10633,90
7,10634,64
7,10635,25
7,10636,51
7,10637,211
7,10638,70
7,10639,96
7,10640,77
7,10641,115
7,10642,108
7,10643,128
7,10644,167
7,10645,103
7,10646,115
7,10647,64
7,10648,166
7,10649,51
7,10650,39
7,10651,25
7,10652,122
7,10653,39
7,10654,781
7,10655,64
7,10656,64
7,10657,64
7,10658,115
7,10659,121
7,10660,153
7,10661,116
7,10662,25
7,10663,122
7,10664,77
7,10665,58
7,10666,83
7,10667,148
7,10668,64
7,10669,32
7,10670,314
7,10671,103
7,10672,115
7,10673,109
7,10674,115
7,10675,83
7,10676,365
7,10677,64
7,10678,83
7,10679,90
7,10680,115
7,10681,76
7,10682,147
7,10683,77
7,10684,128
7,10685,32
7,10686,122
7,10687,71
7,10688,70
7,10689,52
7,10690,51
7,10691,32
7,10692,115
7,10693,38
7,10694,160
7,10695,64
7,10696,64
7,10697,115
7,10698,57
7,10699,102
7,10700,147
7,10701,160
7,10702,173
7,10703,108
7,10704,71
7,10705,57
7,10706,102
7,10707,76
7,10708,83
7,10709,52
7,10710,58
7,10711,108
7,10712,218
7,10713,109
7,10714,115
7,10715,70
7,10716,115
7,10717,166
7,10718,192
7,10719,141
7,10720,64
7,10721,52
7,10722,71
7,10723,103
7,10724,102
7,10725,64
7,10726,83
7,10727,103
7,10728,115
7,10729,70
7,10730,109
7,10731,77
7,10732,121
7,10733,-51
7,10734,250
7,10735,205
7,10736,211
7,10737,90
7,10738,109
7,10739,167
7,10740,89
7,10741,116
7,10742,128
7,10743,121
7,10744,128
7,10745,90
7,10746,141
7,10747,77
7,10748,128
7,10749,371
7,10750,121
7,10751,102
7,10752,64
7,10753,84
7,10754,173
7,10755,128
7,10756,83
7,10757,211
7,10758,173
7,10759,115
7,10760,-45
7,10761,121
7,10762,102
7,10763,-58
7,10764,148
7,10765,167
7,10766,173
7,10767,77
7,10768,77
7,10769,147
7,10770,134
7,10771,64
7,10772,115
7,10773,58
7,10774,172
7,10775,90
7,10776,32
7,10777,51
7,10778,52
7,10779,25
7,10780,89
7,10781,64
7,10782,166
7,10783,26
7,10784,108
7,10785,153
7,10786,154
7,10787,108
7,10788,166
7,10789,147
7,10790,167
7,10791,281
7,10792,96
7,10793,64
7,10794,64
7,10795,57
7,10796,70
7,10797,25
7,10798,19
7,10799,102
7,10800,58
7,10801,141
7,10802,148
7,10803,326
7,10804,147
7,10805,64
7,10806,135
7,10807,71
7,10808,77
7,10809,-71
7,10810,-45
7,10811,122
7,10812,301
7,10813,166
7,10814,84
7,10815,77
7,10816,71
7,10817,39
7,10818,64
7,10819,96
7,10820,135
7,10821,64
7,10822,154
7,10823,64
7,10824,128
7,10825,70
7,10826,793
7,10827,115
7,10828,185
7,10829,58
7,10830,102
7,10831,102
7,10832,71
7,10833,76
7,10834,115
7,10835,90
7,10836,128
7,10837,109
7,10838,173
7,10839,122
7,10840,153
7,10841,102
7,10842,83
7,10843,70
7,10844,109
7,10845,25
7,10846,153
7,10847,58
7,10848,84
7,10849,45
7,10850,-19
7,10851,83
7,10852,64
7,10853,45
7,10854,26
7,10855,57
7,10856,64
7,10857,102
7,10858,122
7,10859,134
7,10860,141
7,10861,116
7,10862,109
7,10863,64
7,10864,102
7,10865,26
7,10866,-288
7,10867,128
7,10868,57
7,10869,45
7,10870,64
7,10871,58
7,10872,70
7,10873,64
7,10874,115
7,10875,115
7,10876,109
7,10877,135
7,10878,218
7,10879,102
7,10880,153
7,10881,77
7,10882,262
7,10883,-211
7,10884,83
7,10885,32
7,10886,179
7,10887,89
7,10888,109
7,10889,51
7,10890,64
7,10891,64
7,10892,52
7,10893,108
7,10894,102
7,10895,116
7,10896,377
7,10897,141
7,10898,96
7,10899,115
7,10900,115
7,10901,115
7,10902,185
7,10903,102
7,10904,103
7,10905,45
7,10906,25
7,10907,103
7,10908,332
7,10909,109
7,10910,77
7,10911,128
7,10912,102
7,10913,64
7,10914,64
7,10915,128
7,10916,115
7,10917,256
7,10918,109
7,10919,109
7,10920,160
7,10921,-19
7,10922,51
7,10923,58
7,10924,102
7,10925,57
7,10926,231
7,10927,212
7,10928,103
7,10929,90
7,10930,109
7,10931,122
7,10932,77
7,10933,115
7,10934,180
7,10935,102
7,10936,128
7,10937,26
7,10938,70
7,10939,-13
7,10940,83
7,10941,102
7,10942,141
7,10943,57
7,10944,64
7,10945,83
7,10946,160
7,10947,96
7,10948,115
7,10949,70
7,10950,160
7,10951,128
7,10952,51
7,10953,77
7,10954,211
7,10955,109
7,10956,154
7,10957,77
7,10958,96
7,10959,64
7,10960,96
7,10961,-51
7,10962,64
7,10963,25
7,10964,64
7,10965,51
7,10966,64
7,10967,32
7,10968,76
7,10969,77
7,10970,154
7,10971,-89
7,10972,134
7,10973,116
7,10974,122
7,10975,71
7,10976,103
7,10977,51
7,10978,44
7,10979,116
7,10980,115
7,10981,109
7,10982,83
7,10983,71
7,10984,71
7,10985,179
7,10986,166
7,10987,166
7,10988,70
7,10989,89
7,10990,51
7,10991,71
7,10992,128
7,10993,186
7,10994,44
7,10995,116
7,10996,77
7,10997,45
7,10998,160
7,10999,96
7,11000,89
7,11001,96
7,11002,103
7,11003,116
7,11004,141
7,11005,32
7,11006,160
7,11007,64
7,11008,116
7,11009,64
7,11010,64
7,11011,102
7,11012,70
7,11013,83
7,11014,103
7,11015,115
7,11016,64
7,11017,134
7,11018,128
7,11019,109
7,11020,115
7,11021,103
7,11022,140
7,11023,57
7,11024,179
7,11025,58
7,11026,51
7,11027,116
7,11028,70
7,11029,83
7,11030,173
7,11031,109
7,11032,108
7,11033,64
7,11034,-26
7,11035,77
7,11036,263
7,11037,115
7,11038,57
7,11039,256
7,11040,90
7,11041,51
7,11042,77
7,11043,77
7,11044,96
7,11045,211
7,11046,45
7,11047,147
7,11048,154
7,11049,96
7,11050,103
7,11051,77
7,11052,147
7,11053,108
7,11054,64
7,11055,45
7,11056,70
7,11057,103
7,11058,141
7,11059,39
7,11060,51
7,11061,38
7,11062,64
7,11063,52
7,11064,96
7,11065,-26
7,11066,109
7,11067,96
7,11068,762
7,11069,116
7,11070,64
7,11071,122
7,11072,90
7,11073,51
7,11074,52
7,11075,89
7,11076,77
7,11077,76
7,11078,167
7,11079,32
7,11080,115
7,11081,794
7,11082,134
7,11083,436
7,11084,128
7,11085,109
7,11086,154
7,11087,-64
7,11088,224
7,11089,32
7,11090,45
7,11091,83
7,11092,32
7,11093,51
7,11094,64
7,11095,192
7,11096,128
7,11097,77
7,11098,147
7,11099,109
7,11100,121
7,11101,71
7,11102,192
7,11103,121
7,11104,57
7,11105,45
7,11106,102
7,11107,58
7,11108,288
7,11109,109
7,11110,77
7,11111,90
7,11112,121
7,11113,70
7,11114,122
7,11115,141
7,11116,141
7,11117,128
7,11118,77
7,11119,147
7,11120,160
7,11121,96
7,11122,64
7,11123,77
7,11124,58
7,11125,108
7,11126,102
7,11127,58
7,11128,77
7,11129,185
7,11130,231
7,11131,262
7,11132,179
7,11133,147
7,11134,359
7,11135,147
7,11136,103
7,11137,76
7,11138,102
7,11139,116
7,11140,403
7,11141,-7
7,11142,179
7,11143,122
7,11144,103
7,11145,185
7,11146,108
7,11147,70
7,11148,102
7,11149,122
7,11150,64
7,11151,122
7,11152,109
7,11153,205
7,11154,109
7,11155,121
7,11156,103
7,11157,51
7,11158,115
7,11159,96
7,11160,77
7,11161,83
7,11162,19
7,11163,64
7,11164,77
7,11165,89
7,11166,64
7,11167,102
7,11168,57
7,11169,52
7,11170,154
7,11171,121
7,11172,45
7,11173,70
7,11174,160
7,11175,121
7,11176,186
7,11177,32
7,11178,-45
7,11179,122
7,11180,32
7,11181,96
7,11182,217
7,11183,115
7,11184,102
7,11185,96
7,11186,122
7,11187,148
7,11188,115
7,11189,102
7,11190,179
7,11191,115
7,11192,128
7,11193,416
7,11194,52
7,11195,115
7,11196,122
7,11197,52
7,11198,128
7,11199,26
7,11200,83
7,11201,51
7,11202,58
7,11203,-12
7,11204,121
7,11205,58
7,11206,90
7,11207,96
7,11208,58
7,11209,198
7,11210,140
7,11211,172
7,11212,167
7,11213,64
7,11214,154
7,11215,77
7,11216,153
7,11217,89
7,11218,39
7,11219,32
7,11220,52
7,11221,64
7,11222,89
7,11223,384
7,11224,-25
7,11225,115
7,11226,-38
7,11227,115
7,11228,211
7,11229,109
7,11230,218
7,11231,96
7,11232,71
7,11233,45
7,11234,109
7,11235,109
7,11236,58
7,11237,64
7,11238,173
7,11239,57
7,11240,64
7,11241,147
7,11242,64
7,11243,109
7,11244,64
7,11245,57
7,11246,76
7,11247,103
7,11248,58
7,11249,32
7,11250,109
7,11251,115
7,11252,64
7,11253,32
7,11254,26
7,11255,109
7,11256,-38
7,11257,102
7,11258,141
7,11259,96
7,11260,70
7,11261,64
7,11262,-45
7,11263,83
7,11264,103
7,11265,64
7,11266,115
7,11267,-12
7,11268,211
7,11269,115
7,11270,141
7,11271,96
7,11272,109
7,11273,-32
7,11274,77
7,11275,166
7,11276,116
7,11277,52
7,11278,109
7,11279,77
7,11280,102
7,11281,84
7,11282,122
7,11283,160
7,11284,102
7,11285,77
7,11286,64
7,11287,13
7,11288,-51
7,11289,38
7,11290,103
7,11291,109
7,11292,71
7,11293,64
7,11294,103
7,11295,64
7,11296,45
7,11297,116
7,11298,186
7,11299,160
7,11300,173
7,11301,70
7,11302,121
7,11303,-25
7,11304,160
7,11305,166
7,11306,128
7,11307,58
7,11308,116
7,11309,64
7,11310,77
7,11311,96
7,11312,57
7,11313,70
7,11314,160
7,11315,403
7,11316,64
7,11317,70
7,11318,128
7,11319,103
7,11320,160
7,11321,89
7,11322,147
7,11323,134
7,11324,256
7,11325,51
7,11326,115
7,11327,147
7,11328,77
7,11329,70
7,11330,45
7,11331,-64
7,11332,51
7,11333,38
7,11334,26
7,11335,77
7,11336,173
7,11337,77
7,11338,787
7,11339,77
7,11340,109
7,11341,77
7,11342,192
7,11343,109
7,11344,96
7,11345,83
7,11346,51
7,11347,70
7,11348,77
7,11349,45
7,11350,58
7,11351,71
7,11352,71
7,11353,64
7,11354,64
7,11355,103
7,11356,128
7,11357,96
7,11358,141
7,11359,128
7,11360,71
7,11361,26
7,11362,70
7,11363,237
7,11364,109
7,11365,45
7,11366,-51
7,11367,58
7,11368,89
7,11369,45
7,11370,141
7,11371,128
7,11372,90
7,11373,102
7,11374,109
7,11375,134
7,11376,102
7,11377,153
7,11378,64
7,11379,58
7,11380,141
7,11381,64
7,11382,128
7,11383,-51
7,11384,70
7,11385,103
7,11386,148
7,11387,141
7,11388,83
7,11389,58
7,11390,64
7,11391,102
7,11392,121
7,11393,51
7,11394,-32
7,11395,-51
7,11396,128
7,11397,32
7,11398,13
7,11399,122
7,11400,64
7,11401,51
7,11402,26
7,11403,96
7,11404,71
7,11405,83
7,11406,45
7,11407,122
7,11408,109
7,11409,32
7,11410,153
7,11411,77
7,11412,108
7,11413,141
7,11414,173
7,11415,115
7,11416,77
7,11417,45
7,11418,58
7,11419,103
7,11420,102
7,11421,160
7,11422,141
7,11423,115
7,11424,-198
7,11425,102
7,11426,70
7,11427,109
7,11428,121
7,11429,141
7,11430,179
7,11431,141
7,11432,115
7,11433,25
7,11434,32
7,11435,58
7,11436,57
7,11437,70
7,11438,160
7,11439,345
7,11440,103
7,11441,77
7,11442,122
7,11443,32
7,11444,71
7,11445,352
7,11446,147
7,11447,96
7,11448,135
7,11449,96
7,11450,122
7,11451,71
7,11452,70
7,11453,32
7,11454,-295
7,11455,83
7,11456,32
7,11457,211
7,11458,140
7,11459,57
7,11460,109
7,11461,38
7,11462,83
7,11463,71
7,11464,26
7,11465,160
7,11466,64
7,11467,109
7,11468,57
7,11469,199
7,11470,128
7,11471,76
7,11472,83
7,11473,64
7,11474,134
7,11475,102
7,11476,57
7,11477,57
7,11478,166
7,11479,20
7,11480,390
7,11481,90
7,11482,128
7,11483,141
7,11484,147
7,11485,89
7,11486,90
7,11487,71
7,11488,108
7,11489,45
7,11490,58
7,11491,128
7,11492,70
7,11493,102
7,11494,45
7,11495,70
7,11496,84
7,11497,141
7,11498,83
7,11499,153
7,11500,134
7,11501,90
7,11502,148
7,11503,115
7,11504,154
7,11505,90
7,11506,153
7,11507,84
7,11508,141
7,11509,109
7,11510,186
7,11511,122
7,11512,83
7,11513,153
7,11514,121
7,11515,109
7,11516,122
7,11517,96
7,11518,122
7,11519,58
7,11520,64
7,11521,39
7,11522,154
7,11523,64
7,11524,166
7,11525,167
7,11526,128
7,11527,64
7,11528,64
7,11529,96
7,11530,96
7,11531,115
7,11532,115
7,11533,58
7,11534,134
7,11535,77
7,11536,70
7,11537,51
7,11538,71
7,11539,32
7,11540,39
7,11541,295
7,11542,70
7,11543,71
7,11544,135
7,11545,96
7,11546,154
7,11547,96
7,11548,121
7,11549,83
7,11550,25
7,11551,90
7,11552,77
7,11553,96
7,11554,57
7,11555,77
7,11556,58
7,11557,51
7,11558,64
7,11559,57
7,11560,38
7,11561,32
7,11562,64
7,11563,51
7,11564,160
7,11565,52
7,11566,70
7,11567,256
7,11568,71
7,11569,102
7,11570,70
7,11571,90
7,11572,-51
7,11573,102
7,11574,173
7,11575,64
7,11576,102
7,11577,58
7,11578,102
7,11579,333
7,11580,109
7,11581,103
7,11582,262
7,11583,84
7,11584,96
7,11585,64
7,11586,109
7,11587,32
7,11588,83
7,11589,102
7,11590,109
7,11591,83
7,11592,346
7,11593,800
7,11594,64
7,11595,755
7,11596,115
7,11597,83
7,11598,134
7,11599,147
7,11600,122
7,11601,32
7,11602,51
7,11603,19
7,11604,32
7,11605,109
7,11606,89
7,11607,173
7,11608,64
7,11609,109
7,11610,26
7,11611,32
7,11612,134
7,11613,45
7,11614,192
7,11615,115
7,11616,121
7,11617,102
7,11618,147
7,11619,32
7,11620,358
7,11621,64
7,11622,109
7,11623,134
7,11624,352
7,11625,77
7,11626,96
7,11627,109
7,11628,135
7,11629,64
7,11630,96
7,11631,45
7,11632,64
7,11633,108
7,11634,32
7,11635,314
7,11636,121
7,11637,58
7,11638,160
7,11639,77
7,11640,-38
7,11641,128
7,11642,89
7,11643,108
7,11644,205
7,11645,-26
7,11646,179
7,11647,83
7,11648,173
7,11649,134
7,11650,217
7,11651,121
7,11652,-45
7,11653,102
7,11654,70
7,11655,116
7,11656,38
7,11657,115
7,11658,96
7,11659,166
7,11660,96
7,11661,128
7,11662,51
7,11663,115
7,11664,160
7,11665,134
7,11666,102
7,11667,103
7,11668,57
7,11669,90
7,11670,204
7,11671,116
7,11672,115
7,11673,-51
7,11674,102
7,11675,84
7,11676,26
7,11677,32
7,11678,160
7,11679,128
7,11680,102
7,11681,71
7,11682,102
7,11683,160
7,11684,160
7,11685,108
7,11686,173
7,11687,-212
7,11688,192
7,11689,-38
7,11690,77
7,11691,77
7,11692,115
7,11693,32
7,11694,32
7,11695,71
7,11696,109
7,11697,51
7,11698,77
7,11699,70
7,11700,205
7,11701,102
7,11702,308
7,11703,160
7,11704,109
7,11705,32
7,11706,121
7,11707,70
7,11708,71
7,11709,52
7,11710,90
7,11711,108
7,11712,77
7,11713,77
7,11714,51
7,11715,103
7,11716,90
7,11717,96
7,11718,90
7,11719,96
7,11720,109
7,11721,70
7,11722,83
7,11723,128
7,11724,166
7,11725,108
7,11726,192
7,11727,115
7,11728,167
7,11729,102
7,11730,58
7,11731,122
7,11732,134
7,11733,57
7,11734,90
7,11735,25
7,11736,51
7,11737,-25
7,11738,115
7,11739,204
7,11740,218
7,11741,134
7,11742,166
7,11743,140
7,11744,83
7,11745,-6
7,11746,141
7,11747,84
7,11748,109
7,11749,64
7,11750,89
7,11751,-51
7,11752,134
7,11753,64
7,11754,160
7,11755,96
7,11756,134
7,11757,51
7,11758,96
7,11759,90
7,11760,205
7,11761,57
7,11762,84
7,11763,70
7,11764,166
7,11765,77
7,11766,64
7,11767,115
7,11768,102
7,11769,115
7,11770,109
7,11771,128
7,11772,90
7,11773,45
7,11774,-249
7,11775,122
7,11776,77
7,11777,32
7,11778,372
7,11779,115
7,11780,154
7,11781,115
7,11782,115
7,11783,154
7,11784,147
7,11785,26
7,11786,160
7,11787,108
7,11788,89
7,11789,83
7,11790,77
7,11791,172
7,11792,269
7,11793,96
7,11794,109
7,11795,77
7,11796,179
7,11797,51
7,11798,32
7,11799,51
7,11800,102
7,11801,83
7,11802,26
7,11803,103
7,11804,115
7,11805,51
7,11806,109
7,11807,64
7,11808,51
7,11809,333
7,11810,109
7,11811,154
7,11812,77
7,11813,71
7,11814,115
7,11815,122
7,11816,179
7,11817,64
7,11818,51
7,11819,64
7,11820,70
7,11821,32
7,11822,115
7,11823,57
7,11824,57
7,11825,249
7,11826,109
7,11827,109
7,11828,122
7,11829,396
7,11830,-32
7,11831,96
7,11832,51
7,11833,38
7,11834,71
7,11835,218
7,11836,832
7,11837,76
7,11838,58
7,11839,76
7,11840,103
7,11841,25
7,11842,-45
7,11843,128
7,11844,45
7,11845,38
7,11846,128
7,11847,96
7,11848,148
7,11849,121
7,11850,832
7,11851,115
7,11852,243
7,11853,84
7,11854,90
7,11855,153
7,11856,77
7,11857,102
7,11858,102
7,11859,25
7,11860,70
7,11861,64
7,11862,57
7,11863,128
7,11864,109
7,11865,32
7,11866,64
7,11867,128
7,11868,135
7,11869,58
7,11870,102
7,11871,58
7,11872,83
7,11873,25
7,11874,96
7,11875,64
7,11876,77
7,11877,26
7,11878,173
7,11879,77
7,11880,51
7,11881,96
7,11882,76
7,11883,122
7,11884,64
7,11885,58
7,11886,160
7,11887,122
7,11888,115
7,11889,-45
7,11890,70
7,11891,115
7,11892,160
7,11893,51
7,11894,102
7,11895,96
7,11896,84
7,11897,160
7,11898,116
7,11899,64
7,11900,96
7,11901,70
7,11902,103
7,11903,346
7,11904,109
7,11905,45
7,11906,199
7,11907,64
7,11908,64
7,11909,96
7,11910,57
7,11911,153
7,11912,134
7,11913,70
7,11914,122
7,11915,64
7,11916,58
7,11917,134
7,11918,19
7,11919,109
7,11920,160
7,11921,103
7,11922,116
7,11923,160
7,11924,96
7,11925,96
7,11926,160
7,11927,121
7,11928,160
7,11929,39
7,11930,102
7,11931,58
7,11932,70
7,11933,128
7,11934,115
7,11935,-32
7,11936,83
7,11937,58
7,11938,128
7,11939,128
7,11940,166
7,11941,122
7,11942,109
7,11943,109
7,11944,109
7,11945,20
7,11946,70
7,11947,-32
7,11948,-44
7,11949,102
7,11950,64
7,11951,90
7,11952,83
7,11953,90
7,11954,51
7,11955,140
7,11956,122
7,11957,70
7,11958,160
7,11959,70
7,11960,38
7,11961,51
7,11962,57
7,11963,96
7,11964,115
7,11965,25
7,11966,160
7,11967,134
7,11968,179
7,11969,38
7,11970,26
7,11971,64
7,11972,102
7,11973,70
7,11974,96
7,11975,122
7,11976,346
7,11977,391
7,11978,199
7,11979,153
7,11980,172
7,11981,64
7,11982,70
7,11983,103
7,11984,77
7,11985,57
7,11986,71
7,11987,51
7,11988,173
7,11989,128
7,11990,103
7,11991,70
7,11992,180
7,11993,83
7,11994,64
7,11995,77
7,11996,185
7,11997,-26
7,11998,71
7,11999,64
7,12000,135
7,12001,51
7,12002,64
7,12003,51
7,12004,167
7,12005,70
7,12006,32
7,12007,122
7,12008,-45
7,12009,134
7,12010,64
7,12011,109
7,12012,96
7,12013,58
7,12014,-45
7,12015,141
7,12016,121
7,12017,26
7,12018,77
7,12019,64
7,12020,173
7,12021,26
7,12022,192
7,12023,83
7,12024,192
7,12025,364
7,12026,109
7,12027,173
7,12028,96
7,12029,102
7,12030,90
7,12031,57
7,12032,128
7,12033,58
7,12034,44
7,12035,58
7,12036,147
7,12037,77
7,12038,19
7,12039,38
7,12040,84
7,12041,51
7,12042,205
7,12043,84
7,12044,109
7,12045,77
7,12046,83
7,12047,109
7,12048,109
7,12049,115
7,12050,103
7,12051,122
7,12052,32
7,12053,70
7,12054,167
7,12055,115
7,12056,64
7,12057,115
7,12058,109
7,12059,154
7,12060,102
7,12061,77
7,12062,83
7,12063,160
7,12064,70
7,12065,83
7,12066,51
7,12067,58
7,12068,115
7,12069,64
7,12070,-32
7,12071,134
7,12072,83
7,12073,19
7,12074,58
7,12075,121
7,12076,173
7,12077,58
7,12078,44
7,12079,76
7,12080,25
7,12081,64
7,12082,64
7,12083,115
7,12084,396
7,12085,71
7,12086,70
7,12087,64
7,12088,147
7,12089,90
7,12090,64
7,12091,51
7,12092,122
7,12093,96
7,12094,179
7,12095,77
7,12096,71
7,12097,39
7,12098,102
7,12099,51
7,12100,64
7,12101,57
7,12102,147
7,12103,301
7,12104,32
7,12105,826
7,12106,128
7,12107,775
7,12108,160
7,12109,103
7,12110,103
7,12111,128
7,12112,166
7,12113,45
7,12114,-20
7,12115,154
7,12116,166
7,12117,38
7,12118,77
7,12119,115
7,12120,70
7,12121,96
7,12122,102
7,12123,96
7,12124,102
7,12125,-32
7,12126,128
7,12127,166
7,12128,115
7,12129,71
7,12130,89
7,12131,51
7,12132,64
7,12133,38
7,12134,115
7,12135,243
7,12136,52
7,12137,115
7,12138,103
7,12139,160
7,12140,102
7,12141,96
7,12142,109
7,12143,70
7,12144,204
7,12145,58
7,12146,58
7,12147,25
7,12148,45
7,12149,70
7,12150,77
7,12151,115
7,12152,26
7,12153,64
7,12154,96
7,12155,166
7,12156,378
7,12157,89
7,12158,173
7,12159,141
7,12160,108
7,12161,71
7,12162,71
7,12163,166
7,12164,-90
7,12165,96
7,12166,167
7,12167,160
7,12168,109
7,12169,64
7,12170,76
7,12171,102
7,12172,217
7,12173,71
7,12174,70
7,12175,83
7,12176,103
7,12177,96
7,12178,154
7,12179,128
7,12180,96
7,12181,148
7,12182,166
7,12183,-64
7,12184,179
7,12185,64
7,12186,108
7,12187,115
7,12188,173
7,12189,71
7,12190,51
7,12191,64
7,12192,109
7,12193,71
7,12194,128
7,12195,58
7,12196,160
7,12197,102
7,12198,249
7,12199,115
7,12200,141
7,12201,38
7,12202,57
7,12203,52
7,12204,84
7,12205,58
7,12206,64
7,12207,109
7,12208,116
7,12209,77
7,12210,262
7,12211,147
7,12212,128
7,12213,102
7,12214,135
7,12215,134
7,12216,83
7,12217,52
7,12218,70
7,12219,70
7,12220,122
7,12221,19
7,12222,20
7,12223,96
7,12224,115
7,12225,19
7,12226,90
7,12227,45
7,12228,38
7,12229,26
7,12230,109
7,12231,71
7,12232,154
7,12233,102
7,12234,115
7,12235,134
7,12236,179
7,12237,102
7,12238,160
7,12239,333
7,12240,77
7,12241,71
7,12242,83
7,12243,77
7,12244,76
7,12245,25
7,12246,141
7,12247,77
7,12248,83
7,12249,19
7,12250,121
7,12251,109
7,12252,237
7,12253,128
7,12254,172
7,12255,102
7,12256,64
7,12257,39
7,12258,70
7,12259,64
7,12260,109
7,12261,38
7,12262,83
7,12263,77
7,12264,32
7,12265,64
7,12266,116
7,12267,109
7,12268,224
7,12269,160
7,12270,115
7,12271,115
7,12272,-442
7,12273,71
7,12274,128
7,12275,-38
7,12276,71
7,12277,83
7,12278,25
7,12279,71
7,12280,58
7,12281,148
7,12282,70
7,12283,372
7,12284,64
7,12285,51
7,12286,-25
7,12287,166
7,12288,109
7,12289,102
7,12290,90
7,12291,109
7,12292,96
7,12293,390
7,12294,90
7,12295,122
7,12296,103
7,12297,102
7,12298,51
7,12299,141
7,12300,160
7,12301,45
7,12302,115
7,12303,122
7,12304,185
7,12305,-58
7,12306,-51
7,12307,134
7,12308,185
7,12309,71
7,12310,77
7,12311,83
7,12312,90
7,12313,44
7,12314,70
7,12315,109
7,12316,166
7,12317,64
7,12318,51
7,12319,19
7,12320,-25
7,12321,172
7,12322,141
7,12323,224
7,12324,160
7,12325,172
7,12326,121
7,12327,115
7,12328,77
7,12329,64
7,12330,38
7,12331,57
7,12332,128
7,12333,51
7,12334,57
7,12335,32
7,12336,102
7,12337,103
7,12338,141
7,12339,89
7,12340,77
7,12341,26
7,12342,166
7,12343,45
7,12344,45
7,12345,77
7,12346,346
7,12347,108
7,12348,211
7,12349,32
7,12350,83
7,12351,-32
7,12352,122
7,12353,77
7,12354,32
7,12355,84
7,12356,115
7,12357,71
7,12358,26
7,12359,108
7,12360,179
7,12361,70
7,12362,825
7,12363,167
7,12364,160
7,12365,115
7,12366,76
7,12367,121
7,12368,71
7,12369,45
7,12370,83
7,12371,32
7,12372,58
7,12373,52
7,12374,44
7,12375,71
7,12376,51
7,12377,90
7,12378,147
7,12379,103
7,12380,122
7,12381,109
7,12382,211
7,12383,116
7,12384,167
7,12385,51
7,12386,64
7,12387,96
7,12388,103
7,12389,70
7,12390,141
7,12391,77
7,12392,64
7,12393,89
7,12394,64
7,12395,83
7,12396,57
7,12397,32
7,12398,160
7,12399,116
7,12400,58
7,12401,51
7,12402,51
7,12403,160
7,12404,38
7,12405,173
7,12406,90
7,12407,96
7,12408,115
7,12409,160
7,12410,102
7,12411,64
7,12412,109
7,12413,51
7,12414,180
7,12415,103
7,12416,71
7,12417,108
7,12418,212
7,12419,51
7,12420,45
7,12421,-6
7,12422,64
7,12423,115
7,12424,147
7,12425,32
7,12426,359
7,12427,115
7,12428,45
7,12429,83
7,12430,32
7,12431,83
7,12432,128
7,12433,71
7,12434,64
7,12435,109
7,12436,76
7,12437,96
7,12438,109
7,12439,154
7,12440,128
7,12441,32
7,12442,90
7,12443,45
7,12444,64
7,12445,25
7,12446,346
7,12447,-64
7,12448,70
7,12449,45
7,12450,51
7,12451,121
7,12452,224
7,12453,52
7,12454,192
7,12455,128
7,12456,77
7,12457,57
7,12458,135
7,12459,25
7,12460,166
7,12461,83
7,12462,64
7,12463,44
7,12464,135
7,12465,76
7,12466,90
7,12467,122
7,12468,313
7,12469,96
7,12470,122
7,12471,109
7,12472,377
7,12473,32
7,12474,160
7,12475,77
7,12476,102
7,12477,57
7,12478,230
7,12479,58
7,12480,116
7,12481,77
7,12482,64
7,12483,64
7,12484,153
7,12485,103
7,12486,76
7,12487,64
7,12488,96
7,12489,84
7,12490,-26
7,12491,135
7,12492,199
7,12493,364
7,12494,384
7,12495,198
7,12496,154
7,12497,102
7,12498,172
7,12499,25
7,12500,167
7,12501,64
7,12502,115
7,12503,180
7,12504,96
7,12505,26
7,12506,70
7,12507,186
7,12508,89
7,12509,128
7,12510,96
7,12511,141
7,12512,166
7,12513,32
7,12514,51
7,12515,57
7,12516,153
7,12517,103
7,12518,77
7,12519,116
7,12520,154
7,12521,160
7,12522,372
7,12523,147
7,12524,198
7,12525,167
7,12526,166
7,12527,173
7,12528,128
7,12529,96
7,12530,108
7,12531,102
7,12532,205
7,12533,58
7,12534,153
7,12535,121
7,12536,45
7,12537,198
7,12538,180
7,12539,153
7,12540,64
7,12541,327
7,12542,231
7,12543,121
7,12544,121
7,12545,57
7,12546,109
7,12547,122
7,12548,153
7,12549,173
7,12550,212
7,12551,154
7,12552,326
7,12553,167
7,12554,211
7,12555,96
7,12556,167
7,12557,115
7,12558,109
7,12559,89
7,12560,122
7,12561,103
7,12562,115
7,12563,71
7,12564,115
7,12565,58
7,12566,64
7,12567,108
7,12568,217
7,12569,64
7,12570,115
7,12571,102
7,12572,71
7,12573,64
7,12574,64
7,12575,109
7,12576,77
7,12577,39
7,12578,57
7,12579,58
7,12580,160
7,12581,77
7,12582,51
7,12583,64
7,12584,70
7,12585,-25
7,12586,128
7,12587,70
7,12588,115
7,12589,58
7,12590,26
7,12591,64
7,12592,102
7,12593,64
7,12594,64
7,12595,109
7,12596,38
7,12597,96
7,12598,89
7,12599,153
7,12600,147
7,12601,57
7,12602,96
7,12603,70
7,12604,199
7,12605,51
7,12606,64
7,12607,96
7,12608,64
7,12609,32
7,12610,32
7,12611,64
7,12612,51
7,12613,51
7,12614,147
7,12615,51
7,12616,167
7,12617,787
7,12618,90
7,12619,781
7,12620,115
7,12621,77
7,12622,308
7,12623,83
7,12624,148
7,12625,96
7,12626,57
7,12627,64
7,12628,57
7,12629,96
7,12630,198
7,12631,83
7,12632,103
7,12633,109
7,12634,115
7,12635,141
7,12636,218
7,12637,115
7,12638,166
7,12639,154
7,12640,154
7,12641,64
7,12642,64
7,12643,64
7,12644,160
7,12645,76
7,12646,172
7,12647,-32
7,12648,134
7,12649,77
7,12650,51
7,12651,102
7,12652,45
7,12653,90
7,12654,109
7,12655,103
7,12656,327
7,12657,45
7,12658,70
7,12659,58
7,12660,121
7,12661,166
7,12662,-64
7,12663,141
7,12664,44
7,12665,96
7,12666,64
7,12667,115
7,12668,128
7,12669,115
7,12670,115
7,12671,218
7,12672,141
7,12673,58
7,12674,76
7,12675,160
7,12676,77
7,12677,115
7,12678,128
7,12679,20
7,12680,134
7,12681,58
7,12682,96
7,12683,77
7,12684,71
7,12685,51
7,12686,32
7,12687,147
7,12688,108
7,12689,262
7,12690,160
7,12691,58
7,12692,167
7,12693,77
7,12694,378
7,12695,108
7,12696,102
7,12697,45
7,12698,89
7,12699,141
7,12700,32
7,12701,32
7,12702,128
7,12703,70
7,12704,109
7,12705,83
7,12706,160
7,12707,141
7,12708,71
7,12709,346
7,12710,198
7,12711,153
7,12712,115
7,12713,109
7,12714,64
7,12715,121
7,12716,179
7,12717,167
7,12718,179
7,12719,51
7,12720,173
7,12721,179
7,12722,166
7,12723,173
7,12724,179
7,12725,96
7,12726,109
7,12727,134
7,12728,115
7,12729,32
7,12730,70
7,12731,70
7,12732,-39
7,12733,64
7,12734,154
7,12735,90
7,12736,90
7,12737,26
7,12738,148
7,12739,64
7,12740,96
7,12741,90
7,12742,160
7,12743,109
7,12744,115
7,12745,116
7,12746,122
7,12747,167
7,12748,128
7,12749,115
7,12750,160
7,12751,391
7,12752,160
7,12753,204
7,12754,160
7,12755,83
7,12756,83
7,12757,134
7,12758,166
7,12759,102
7,12760,83
7,12761,70
7,12762,186
7,12763,128
7,12764,166
7,12765,160
7,12766,167
7,12767,115
7,12768,122
7,12769,64
7,12770,77
7,12771,166
7,12772,44
7,12773,51
7,12774,109
7,12775,96
7,12776,58
7,12777,103
7,12778,45
7,12779,83
7,12780,51
7,12781,153
7,12782,90
7,12783,83
7,12784,115
7,12785,-39
7,12786,32
7,12787,186
7,12788,147
7,12789,70
7,12790,179
7,12791,51
7,12792,76
7,12793,198
7,12794,281
7,12795,135
7,12796,96
7,12797,102
7,12798,96
7,12799,135
7,12800,102
7,12801,358
7,12802,115
7,12803,108
7,12804,70
7,12805,51
7,12806,205
7,12807,148
7,12808,96
7,12809,45
7,12810,70
7,12811,90
7,12812,116
7,12813,96
7,12814,89
7,12815,102
7,12816,166
7,12817,160
7,12818,128
7,12819,154
7,12820,211
7,12821,64
7,12822,51
7,12823,115
7,12824,84
7,12825,52
7,12826,115
7,12827,109
7,12828,102
7,12829,51
7,12830,96
7,12831,-38
7,12832,57
7,12833,58
7,12834,96
7,12835,147
7,12836,135
7,12837,64
7,12838,198
7,12839,70
7,12840,44
7,12841,52
7,12842,70
7,12843,-64
7,12844,77
7,12845,76
7,12846,89
7,12847,57
7,12848,70
7,12849,-32
7,12850,180
7,12851,185
7,12852,115
7,12853,-51
7,12854,122
7,12855,71
7,12856,96
7,12857,45
7,12858,154
7,12859,121
7,12860,147
7,12861,102
7,12862,70
7,12863,96
7,12864,96
7,12865,32
7,12866,51
7,12867,70
7,12868,64
7,12869,70
7,12870,83
7,12871,64
7,12872,372
7,12873,109
7,12874,781
7,12875,96
7,12876,51
7,12877,71
7,12878,121
7,12879,-39
7,12880,173
7,12881,32
7,12882,77
7,12883,70
7,12884,89
7,12885,109
7,12886,25
7,12887,70
7,12888,102
7,12889,198
7,12890,83
7,12891,102
7,12892,166
7,12893,141
7,12894,205
7,12895,160
7,12896,153
7,12897,57
7,12898,26
7,12899,70
7,12900,179
7,12901,26
7,12902,121
7,12903,141
7,12904,102
7,12905,320
7,12906,115
7,12907,-26
7,12908,115
7,12909,77
7,12910,108
7,12911,122
7,12912,134
7,12913,19
7,12914,71
7,12915,116
7,12916,160
7,12917,64
7,12918,281
7,12919,109
7,12920,64
7,12921,250
7,12922,205
7,12923,211
7,12924,212
7,12925,51
7,12926,52
7,12927,64
7,12928,154
7,12929,96
7,12930,218
7,12931,115
7,12932,57
7,12933,109
7,12934,160
7,12935,121
7,12936,205
7,12937,167
7,12938,51
7,12939,134
7,12940,32
7,12941,57
7,12942,167
7,12943,115
7,12944,115
7,12945,96
7,12946,167
7,12947,109
7,12948,96
7,12949,71
7,12950,77
7,12951,121
7,12952,166
7,12953,39
7,12954,-26
7,12955,173
7,12956,57
7,12957,167
7,12958,-13
7,12959,108
7,12960,102
7,12961,39
7,12962,26
7,12963,192
7,12964,96
7,12965,70
7,12966,96
7,12967,122
7,12968,115
7,12969,19
7,12970,-32
7,12971,19
7,12972,26
7,12973,58
7,12974,115
7,12975,64
7,12976,51
7,12977,64
7,12978,58
7,12979,77
7,12980,147
7,12981,141
7,12982,70
7,12983,122
7,12984,403
7,12985,32
7,12986,90
7,12987,19
7,12988,26
7,12989,359
7,12990,-45
7,12991,83
7,12992,64
7,12993,32
7,12994,135
7,12995,57
7,12996,45
7,12997,32
7,12998,70
7,12999,307
7,13000,103
7,13001,77
7,13002,109
7,13003,121
7,13004,115
7,13005,57
7,13006,20
7,13007,83
7,13008,122
7,13009,45
7,13010,-38
7,13011,96
7,13012,173
7,13013,58
7,13014,122
7,13015,96
7,13016,173
7,13017,-7
7,13018,128
7,13019,128
7,13020,147
7,13021,57
7,13022,115
7,13023,96
7,13024,134
7,13025,77
7,13026,71
7,13027,52
7,13028,109
7,13029,64
7,13030,205
7,13031,115
7,13032,76
7,13033,115
7,13034,160
7,13035,134
7,13036,166
7,13037,-51
7,13038,135
7,13039,83
7,13040,115
7,13041,64
7,13042,70
7,13043,263
7,13044,179
7,13045,96
7,13046,70
7,13047,346
7,13048,32
7,13049,70
7,13050,90
7,13051,83
7,13052,627
7,13053,205
7,13054,58
7,13055,77
7,13056,109
7,13057,51
7,13058,32
7,13059,217
7,13060,32
7,13061,-32
7,13062,-128
7,13063,64
7,13064,83
7,13065,109
7,13066,115
7,13067,64
7,13068,122
7,13069,90
7,13070,115
7,13071,128
7,13072,115
7,13073,135
7,13074,147
7,13075,378
7,13076,115
7,13077,64
7,13078,64
7,13079,83
7,13080,237
7,13081,199
7,13082,51
7,13083,90
7,13084,211
7,13085,77
7,13086,25
7,13087,103
7,13088,45
7,13089,44
7,13090,64
7,13091,64
7,13092,103
7,13093,84
7,13094,83
7,13095,154
7,13096,109
7,13097,45
7,13098,103
7,13099,39
7,13100,44
7,13101,51
7,13102,32
7,13103,51
7,13104,160
7,13105,64
7,13106,128
7,13107,64
7,13108,76
7,13109,44
7,13110,-45
7,13111,44
7,13112,102
7,13113,96
7,13114,122
7,13115,90
7,13116,800
7,13117,192
7,13118,83
7,13119,32
7,13120,77
7,13121,25
7,13122,25
7,13123,160
7,13124,70
7,13125,77
7,13126,128
7,13127,70
7,13128,116
7,13129,800
7,13130,103
7,13131,781
7,13132,115
7,13133,90
7,13134,173
7,13135,109
7,13136,358
7,13137,32
7,13138,52
7,13139,25
7,13140,64
7,13141,64
7,13142,89
7,13143,13
7,13144,64
7,13145,115
7,13146,58
7,13147,122
7,13148,250
7,13149,198
7,13150,122
7,13151,121
7,13152,154
7,13153,19
7,13154,58
7,13155,20
7,13156,103
7,13157,38
7,13158,115
7,13159,64
7,13160,64
7,13161,77
7,13162,70
7,13163,39
7,13164,77
7,13165,102
7,13166,122
7,13167,-218
7,13168,211
7,13169,96
7,13170,-44
7,13171,96
7,13172,32
7,13173,76
7,13174,217
7,13175,45
7,13176,198
7,13177,109
7,13178,173
7,13179,64
7,13180,147
7,13181,77
7,13182,199
7,13183,115
7,13184,96
7,13185,358
7,13186,70
7,13187,121
7,13188,141
7,13189,70
7,13190,70
7,13191,109
7,13192,64
7,13193,77
7,13194,32
7,13195,301
7,13196,57
7,13197,45
7,13198,64
7,13199,160
7,13200,32
7,13201,52
7,13202,96
7,13203,25
7,13204,77
7,13205,217
7,13206,525
7,13207,96
7,13208,122
7,13209,333
7,13210,70
7,13211,96
7,13212,-39
7,13213,71
7,13214,179
7,13215,103
7,13216,115
7,13217,102
7,13218,96
7,13219,121
7,13220,64
7,13221,256
7,13222,102
7,13223,77
7,13224,115
7,13225,64
7,13226,103
7,13227,58
7,13228,173
7,13229,45
7,13230,-25
7,13231,-358
7,13232,134
7,13233,115
7,13234,173
7,13235,115
7,13236,134
7,13237,64
7,13238,64
7,13239,166
7,13240,45
7,13241,25
7,13242,77
7,13243,71
7,13244,71
7,13245,45
7,13246,25
7,13247,77
7,13248,96
7,13249,-52
7,13250,51
7,13251,64
7,13252,32
7,13253,51
7,13254,96
7,13255,51
7,13256,70
7,13257,71
7,13258,64
7,13259,141
7,13260,128
7,13261,45
7,13262,57
7,13263,64
7,13264,122
7,13265,58
7,13266,70
7,13267,70
7,13268,102
7,13269,89
7,13270,57
7,13271,51
7,13272,70
7,13273,128
7,13274,64
7,13275,115
7,13276,128
7,13277,167
7,13278,96
7,13279,128
7,13280,71
7,13281,57
7,13282,19
7,13283,57
7,13284,288
7,13285,89
7,13286,71
7,13287,103
7,13288,57
7,13289,83
7,13290,167
7,13291,102
7,13292,185
7,13293,116
7,13294,173
7,13295,51
7,13296,45
7,13297,32
7,13298,-243
7,13299,83
7,13300,57
7,13301,58
7,13302,19
7,13303,70
7,13304,25
7,13305,102
7,13306,160
7,13307,116
7,13308,134
7,13309,83
7,13310,25
7,13311,109
7,13312,167
7,13313,391
7,13314,185
7,13315,77
7,13316,262
7,13317,109
7,13318,185
7,13319,71
7,13320,57
7,13321,57
7,13322,32
7,13323,122
7,13324,115
7,13325,39
7,13326,121
7,13327,70
7,13328,128
7,13329,96
7,13330,115
7,13331,109
7,13332,134
7,13333,-32
7,13334,64
7,13335,167
7,13336,70
7,13337,51
7,13338,122
7,13339,89
7,13340,141
7,13341,58
7,13342,102
7,13343,26
7,13344,71
7,13345,64
7,13346,116
7,13347,160
7,13348,134
7,13349,103
7,13350,83
7,13351,121
7,13352,83
7,13353,109
7,13354,160
7,13355,122
7,13356,154
7,13357,250
7,13358,205
7,13359,128
7,13360,57
7,13361,90
7,13362,115
7,13363,70
7,13364,109
7,13365,83
7,13366,109
7,13367,167
7,13368,166
7,13369,102
7,13370,224
7,13371,77
7,13372,160
7,13373,45
7,13374,83
7,13375,-45
7,13376,103
7,13377,26
7,13378,19
7,13379,115
7,13380,358
7,13381,51
7,13382,26
7,13383,96
7,13384,237
7,13385,204
7,13386,832
7,13387,109
7,13388,243
7,13389,352
7,13390,384
7,13391,141
7,13392,70
7,13393,25
7,13394,51
7,13395,122
7,13396,64
7,13397,77
7,13398,84
7,13399,89
7,13400,32
7,13401,51
7,13402,115
7,13403,96
7,13404,115
7,13405,83
7,13406,-45
7,13407,-39
7,13408,141
7,13409,51
7,13410,32
7,13411,70
7,13412,109
7,13413,64
7,13414,102
7,13415,64
7,13416,51
7,13417,109
7,13418,64
7,13419,83
7,13420,102
7,13421,141
7,13422,52
7,13423,-58
7,13424,122
7,13425,122
7,13426,160
7,13427,70
7,13428,-32
7,13429,84
7,13430,19
7,13431,64
7,13432,32
7,13433,51
7,13434,90
7,13435,77
7,13436,160
7,13437,39
7,13438,44
7,13439,109
7,13440,102
7,13441,154
7,13442,134
7,13443,320
7,13444,153
7,13445,153
7,13446,71
7,13447,64
7,13448,141
7,13449,45
7,13450,25
7,13451,58
7,13452,58
7,13453,102
7,13454,-25
7,13455,51
7,13456,32
7,13457,153
7,13458,58
7,13459,217
7,13460,-38
7,13461,51
7,13462,109
7,13463,121
7,13464,108
7,13465,58
7,13466,32
7,13467,57
7,13468,58
7,13469,58
7,13470,160
7,13471,109
7,13472,90
7,13473,45
7,13474,51
7,13475,64
7,13476,64
7,13477,64
7,13478,166
7,13479,96
7,13480,77
7,13481,-25
7,13482,160
7,13483,51
7,13484,51
7,13485,51
7,13486,173
7,13487,96
7,13488,45
7,13489,83
7,13490,121
7,13491,83
7,13492,160
7,13493,103
7,13494,147
7,13495,71
7,13496,103
7,13497,45
7,13498,70
7,13499,90
7,13500,115
7,13501,45
7,13502,64
7,13503,58
7,13504,108
7,13505,77
7,13506,76
7,13507,64
7,13508,13
7,13509,57
7,13510,122
7,13511,77
7,13512,64
7,13513,109
7,13514,115
7,13515,115
7,13516,115
7,13517,45
7,13518,192
7,13519,154
7,13520,70
7,13521,19
7,13522,39
7,13523,89
7,13524,58
7,13525,58
7,13526,256
7,13527,70
7,13528,26
7,13529,70
7,13530,77
7,13531,109
7,13532,122
7,13533,39
7,13534,115
7,13535,109
7,13536,167
7,13537,45
7,13538,102
7,13539,64
7,13540,58
7,13541,102
7,13542,64
7,13543,115
7,13544,109
7,13545,122
7,13546,160
7,13547,166
7,13548,70
7,13549,166
7,13550,64
7,13551,109
7,13552,70
7,13553,57
7,13554,160
7,13555,135
7,13556,32
7,13557,128
7,13558,166
7,13559,83
7,13560,70
7,13561,167
7,13562,128
7,13563,122
7,13564,275
7,13565,51
7,13566,185
7,13567,121
7,13568,141
7,13569,109
7,13570,64
7,13571,115
7,13572,166
7,13573,76
7,13574,51
7,13575,64
7,13576,64
7,13577,-6
7,13578,134
7,13579,115
7,13580,109
7,13581,96
7,13582,147
7,13583,76
7,13584,115
7,13585,84
7,13586,-51
7,13587,128
7,13588,77
7,13589,-25
7,13590,71
7,13591,115
7,13592,58
7,13593,71
7,13594,96
7,13595,109
7,13596,115
7,13597,51
7,13598,58
7,13599,77
7,13600,64
7,13601,32
7,13602,32
7,13603,77
7,13604,147
7,13605,51
7,13606,64
7,13607,103
7,13608,71
7,13609,51
7,13610,172
7,13611,109
7,13612,339
7,13613,58
7,13614,89
7,13615,57
7,13616,102
7,13617,141
7,13618,83
7,13619,64
7,13620,121
7,13621,262
7,13622,314
7,13623,154
7,13624,141
7,13625,122
7,13626,103
7,13627,109
7,13628,199
7,13629,103
7,13630,160
7,13631,102
7,13632,96
7,13633,32
7,13634,19
7,13635,51
7,13636,83
7,13637,352
7,13638,103
7,13639,109
7,13640,192
7,13641,768
7,13642,109
7,13643,762
7,13644,96
7,13645,58
7,13646,51
7,13647,102
7,13648,167
7,13649,115
7,13650,58
7,13651,77
7,13652,109
7,13653,51
7,13654,32
7,13655,77
7,13656,154
7,13657,109
7,13658,96
7,13659,64
7,13660,179
7,13661,51
7,13662,-198
7,13663,185
7,13664,-38
7,13665,96
7,13666,109
7,13667,45
7,13668,44
7,13669,115
7,13670,76
7,13671,51
7,13672,51
7,13673,70
7,13674,64
7,13675,147
7,13676,-44
7,13677,45
7,13678,116
7,13679,71
7,13680,109
7,13681,77
7,13682,109
7,13683,70
7,13684,122
7,13685,64
7,13686,166
7,13687,77
7,13688,115
7,13689,115
7,13690,90
7,13691,122
7,13692,128
7,13693,173
7,13694,58
7,13695,148
7,13696,115
7,13697,250
7,13698,122
7,13699,71
7,13700,167
7,13701,147
7,13702,89
7,13703,128
7,13704,154
7,13705,115
7,13706,102
7,13707,211
7,13708,102
7,13709,102
7,13710,90
7,13711,282
7,13712,84
7,13713,102
7,13714,115
7,13715,116
7,13716,116
7,13717,-38
7,13718,218
7,13719,140
7,13720,147
7,13721,26
7,13722,103
7,13723,-38
7,13724,83
7,13725,52
7,13726,173
7,13727,58
7,13728,64
7,13729,192
7,13730,166
7,13731,128
7,13732,102
7,13733,224
7,13734,64
7,13735,102
7,13736,102
7,13737,77
7,13738,96
7,13739,70
7,13740,70
7,13741,45
7,13742,224
7,13743,102
7,13744,57
7,13745,-58
7,13746,115
7,13747,83
7,13748,153
7,13749,64
7,13750,128
7,13751,128
7,13752,198
7,13753,19
7,13754,32
7,13755,-45
7,13756,128
7,13757,32
7,13758,179
7,13759,64
7,13760,71
7,13761,-32
7,13762,166
7,13763,64
7,13764,64
7,13765,45
7,13766,121
7,13767,64
7,13768,166
7,13769,96
7,13770,371
7,13771,115
7,13772,122
7,13773,58
7,13774,134
7,13775,102
7,13776,141
7,13777,-32
7,13778,52
7,13779,45
7,13780,45
7,13781,51
7,13782,103
7,13783,211
7,13784,26
7,13785,160
7,13786,199
7,13787,198
7,13788,115
7,13789,44
7,13790,173
7,13791,-58
7,13792,211
7,13793,51
7,13794,108
7,13795,71
7,13796,198
7,13797,96
7,13798,128
7,13799,109
7,13800,154
7,13801,160
7,13802,160
7,13803,121
7,13804,116
7,13805,77
7,13806,102
7,13807,52
7,13808,365
7,13809,52
7,13810,51
7,13811,77
7,13812,166
7,13813,256
7,13814,166
7,13815,115
7,13816,116
7,13817,116
7,13818,-45
7,13819,147
7,13820,134
7,13821,51
7,13822,19
7,13823,147
7,13824,115
7,13825,147
7,13826,102
7,13827,108
7,13828,224
7,13829,76
7,13830,211
7,13831,153
7,13832,115
7,13833,71
7,13834,96
7,13835,116
7,13836,109
7,13837,64
7,13838,141
7,13839,58
7,13840,77
7,13841,134
7,13842,108
7,13843,121
7,13844,243
7,13845,71
7,13846,122
7,13847,128
7,13848,134
7,13849,58
7,13850,160
7,13851,90
7,13852,154
7,13853,64
7,13854,109
7,13855,64
7,13856,71
7,13857,83
7,13858,83
7,13859,358
7,13860,154
7,13861,64
7,13862,173
7,13863,89
7,13864,365
7,13865,365
7,13866,128
7,13867,-19
7,13868,192
7,13869,-38
7,13870,51
7,13871,58
7,13872,141
7,13873,179
7,13874,115
7,13875,103
7,13876,372
7,13877,153
7,13878,147
7,13879,115
7,13880,-38
7,13881,128
7,13882,115
7,13883,154
7,13884,179
7,13885,243
7,13886,-122
7,13887,77
7,13888,57
7,13889,90
7,13890,76
7,13891,371
7,13892,45
7,13893,52
7,13894,19
7,13895,109
7,13896,90
7,13897,102
7,13898,812
7,13899,116
7,13900,77
7,13901,-32
7,13902,141
7,13903,167
7,13904,115
7,13905,70
7,13906,154
7,13907,109
7,13908,71
7,13909,70
7,13910,115
7,13911,128
7,13912,77
7,13913,268
7,13914,64
7,13915,121
7,13916,154
7,13917,-51
7,13918,122
7,13919,128
7,13920,64
7,13921,64
7,13922,64
7,13923,205
7,13924,64
7,13925,102
7,13926,32
7,13927,90
7,13928,51
7,13929,160
7,13930,-32
7,13931,154
7,13932,166
7,13933,-45
7,13934,237
7,13935,167
7,13936,115
7,13937,51
7,13938,166
7,13939,70
7,13940,90
7,13941,51
7,13942,13
7,13943,71
7,13944,-44
7,13945,173
7,13946,109
7,13947,32
7,13948,89
7,13949,166
7,13950,26
7,13951,70
7,13952,115
7,13953,116
7,13954,25
7,13955,-64
7,13956,179
7,13957,52
7,13958,211
7,13959,128
7,13960,103
7,13961,64
7,13962,57
7,13963,109
7,13964,64
7,13965,-32
7,13966,179
7,13967,173
7,13968,128
7,13969,153
7,13970,115
7,13971,-64
7,13972,128
7,13973,64
7,13974,109
7,13975,19
7,13976,96
7,13977,51
7,13978,57
7,13979,109
7,13980,70
7,13981,160
7,13982,122
7,13983,96
7,13984,102
7,13985,96
7,13986,205
7,13987,154
7,13988,154
7,13989,115
7,13990,166
7,13991,90
7,13992,122
7,13993,83
7,13994,64
7,13995,45
7,13996,45
7,13997,44
7,13998,83
7,13999,64
7,14000,122
7,14001,198
7,14002,147
7,14003,167
7,14004,121
7,14005,134
7,14006,186
7,14007,147
7,14008,89
7,14009,58
7,14010,57
7,14011,25
7,14012,44
7,14013,102
7,14014,89
7,14015,109
7,14016,371
7,14017,57
7,14018,19
7,14019,51
7,14020,52
7,14021,109
7,14022,103
7,14023,32
7,14024,103
7,14025,83
7,14026,109
7,14027,160
7,14028,186
7,14029,90
7,14030,90
7,14031,83
7,14032,371
7,14033,-32
7,14034,32
7,14035,71
7,14036,39
7,14037,90
7,14038,58
7,14039,51
7,14040,70
7,14041,122
7,14042,154
7,14043,173
7,14044,102
7,14045,77
7,14046,25
7,14047,70
7,14048,364
7,14049,122
7,14050,26
7,14051,122
7,14052,121
7,14053,64
7,14054,64
7,14055,19
7,14056,173
7,14057,128
7,14058,90
7,14059,115
7,14060,141
7,14061,51
7,14062,103
7,14063,103
7,14064,-141
7,14065,-44
7,14066,51
7,14067,109
7,14068,58
7,14069,71
7,14070,83
7,14071,83
7,14072,57
7,14073,134
7,14074,115
7,14075,-32
7,14076,70
7,14077,32
7,14078,70
7,14079,179
7,14080,134
7,14081,51
7,14082,83
7,14083,166
7,14084,83
7,14085,70
7,14086,326
7,14087,64
7,14088,115
7,14089,121
7,14090,166
7,14091,83
7,14092,90
7,14093,64
7,14094,109
7,14095,122
7,14096,76
7,14097,109
7,14098,378
7,14099,128
7,14100,116
7,14101,115
7,14102,121
7,14103,103
7,14104,90
7,14105,198
7,14106,83
7,14107,-70
7,14108,109
7,14109,71
7,14110,160
7,14111,173
7,14112,326
7,14113,32
7,14114,77
7,14115,102
7,14116,71
7,14117,173
7,14118,211
7,14119,109
7,14120,115
7,14121,64
7,14122,122
7,14123,32
7,14124,121
7,14125,109
7,14126,173
7,14127,108
7,14128,128
7,14129,89
7,14130,64
7,14131,173
7,14132,115
7,14133,-38
7,14134,122
7,14135,121
7,14136,128
7,14137,89
7,14138,77
7,14139,211
7,14140,320
7,14141,243
7,14142,-45
7,14143,179
7,14144,90
7,14145,364
7,14146,19
7,14147,58
7,14148,70
7,14149,32
7,14150,115
7,14151,109
7,14152,199
7,14153,793
7,14154,314
7,14155,781
7,14156,25
7,14157,32
7,14158,71
7,14159,134
7,14160,134
7,14161,-32
7,14162,103
7,14163,71
7,14164,77
7,14165,135
7,14166,198
7,14167,96
7,14168,147
7,14169,102
7,14170,147
7,14171,365
7,14172,32
7,14173,77
7,14174,115
7,14175,115
7,14176,90
7,14177,51
7,14178,19
7,14179,64
7,14180,96
7,14181,77
7,14182,166
7,14183,89
7,14184,160
7,14185,96
7,14186,71
7,14187,-45
7,14188,224
7,14189,96
7,14190,153
7,14191,121
7,14192,-51
7,14193,115
7,14194,-19
7,14195,70
7,14196,109
7,14197,51
7,14198,71
7,14199,115
7,14200,211
7,14201,288
7,14202,147
7,14203,153
7,14204,115
7,14205,83
7,14206,26
7,14207,128
7,14208,96
7,14209,71
7,14210,121
7,14211,77
7,14212,64
7,14213,147
7,14214,103
7,14215,103
7,14216,269
7,14217,39
7,14218,339
7,14219,70
7,14220,109
7,14221,83
7,14222,128
7,14223,64
7,14224,109
7,14225,70
7,14226,77
7,14227,116
7,14228,173
7,14229,64
7,14230,64
7,14231,122
7,14232,173
7,14233,116
7,14234,102
7,14235,109
7,14236,71
7,14237,160
7,14238,70
7,14239,77
7,14240,64
7,14241,102
7,14242,109
7,14243,115
7,14244,166
7,14245,154
7,14246,167
7,14247,269
7,14248,211
7,14249,45
7,14250,166
7,14251,-45
7,14252,122
7,14253,58
7,14254,352
7,14255,108
7,14256,153
7,14257,64
7,14258,134
7,14259,147
7,14260,173
7,14261,103
7,14262,64
7,14263,115
7,14264,128
7,14265,51
7,14266,26
7,14267,32
7,14268,102
7,14269,45
7,14270,64
7,14271,58
7,14272,153
7,14273,45
7,14274,103
7,14275,32
7,14276,70
7,14277,38
7,14278,121
7,14279,76
7,14280,192
7,14281,83
7,14282,-32
7,14283,167
7,14284,115
7,14285,77
7,14286,192
7,14287,52
7,14288,102
7,14289,64
7,14290,83
7,14291,140
7,14292,154
7,14293,90
7,14294,121
7,14295,64
7,14296,166
7,14297,57
7,14298,71
7,14299,179
7,14300,122
7,14301,108
7,14302,71
7,14303,84
7,14304,89
7,14305,45
7,14306,25
7,14307,218
7,14308,115
7,14309,77
7,14310,179
7,14311,308
7,14312,58
7,14313,64
7,14314,122
7,14315,102
7,14316,160
7,14317,58
7,14318,-32
7,14319,128
7,14320,186
7,14321,-39
7,14322,64
7,14323,77
7,14324,51
7,14325,134
7,14326,64
7,14327,71
7,14328,153
7,14329,115
7,14330,58
7,14331,109
7,14332,153
7,14333,147
7,14334,268
7,14335,71
7,14336,115
7,14337,71
7,14338,128
7,14339,96
7,14340,263
7,14341,96
7,14342,58
7,14343,-45
7,14344,167
7,14345,71
7,14346,77
7,14347,32
7,14348,154
7,14349,71
7,14350,71
7,14351,83
7,14352,166
7,14353,84
7,14354,115
7,14355,115
7,14356,211
7,14357,58
7,14358,90
7,14359,141
7,14360,-13
7,14361,128
7,14362,115
7,14363,77
7,14364,128
7,14365,-39
7,14366,77
7,14367,108
7,14368,109
7,14369,96
7,14370,192
7,14371,134
7,14372,154
7,14373,109
7,14374,121
7,14375,25
7,14376,-51
7,14377,134
7,14378,84
7,14379,71
7,14380,70
7,14381,147
7,14382,-26
7,14383,134
7,14384,135
7,14385,96
7,14386,102
7,14387,147
7,14388,192
7,14389,90
7,14390,167
7,14391,103
7,14392,109
7,14393,58
7,14394,102
7,14395,115
7,14396,806
7,14397,-45
7,14398,109
7,14399,64
7,14400,83
7,14401,51
7,14402,19
7,14403,-51
7,14404,38
7,14405,96
7,14406,109
7,14407,89
7,14408,115
7,14409,109
7,14410,819
7,14411,77
7,14412,121
7,14413,-26
7,14414,103
7,14415,192
7,14416,160
7,14417,295
7,14418,51
7,14419,70
7,14420,83
7,14421,-13
7,14422,173
7,14423,45
7,14424,76
7,14425,102
7,14426,115
7,14427,103
7,14428,147
7,14429,-51
7,14430,179
7,14431,77
7,14432,89
7,14433,90
7,14434,352
7,14435,121
7,14436,71
7,14437,153
7,14438,64
7,14439,71
7,14440,135
7,14441,115
7,14442,115
7,14443,76
7,14444,115
7,14445,90
7,14446,109
7,14447,109
7,14448,211
7,14449,57
7,14450,58
7,14451,96
7,14452,96
7,14453,58
7,14454,51
7,14455,64
7,14456,51
7,14457,121
7,14458,102
7,14459,76
7,14460,307
7,14461,90
7,14462,102
7,14463,128
7,14464,64
7,14465,-70
7,14466,198
7,14467,115
7,14468,57
7,14469,71
7,14470,268
7,14471,128
7,14472,128
7,14473,90
7,14474,51
7,14475,38
7,14476,128
7,14477,103
7,14478,116
7,14479,77
7,14480,256
7,14481,96
7,14482,186
7,14483,89
7,14484,173
7,14485,90
7,14486,108
7,14487,115
7,14488,108
7,14489,77
7,14490,70
7,14491,64
7,14492,115
7,14493,58
7,14494,71
7,14495,115
7,14496,58
7,14497,44
7,14498,167
7,14499,64
7,14500,122
7,14501,103
7,14502,160
7,14503,70
7,14504,134
7,14505,26
7,14506,26
7,14507,38
7,14508,32
7,14509,76
7,14510,38
7,14511,121
7,14512,140
7,14513,160
7,14514,64
7,14515,154
7,14516,70
7,14517,90
7,14518,77
7,14519,89
7,14520,167
7,14521,70
7,14522,51
7,14523,32
7,14524,115
7,14525,51
7,14526,57
7,14527,96
7,14528,153
7,14529,-26
7,14530,77
7,14531,83
7,14532,45
7,14533,83
7,14534,-217
7,14535,115
7,14536,57
7,14537,77
7,14538,109
7,14539,122
7,14540,64
7,14541,76
7,14542,52
7,14543,-32
7,14544,121
7,14545,32
7,14546,103
7,14547,58
7,14548,45
7,14549,90
7,14550,26
7,14551,26
7,14552,76
7,14553,51
7,14554,71
7,14555,-32
7,14556,153
7,14557,58
7,14558,39
7,14559,314
7,14560,154
7,14561,26
7,14562,45
7,14563,76
7,14564,83
7,14565,64
7,14566,64
7,14567,160
7,14568,115
7,14569,147
7,14570,77
7,14571,-192
7,14572,160
7,14573,166
7,14574,13
7,14575,153
7,14576,115
7,14577,51
7,14578,96
7,14579,122
7,14580,51
7,14581,58
7,14582,160
7,14583,70
7,14584,199
7,14585,96
7,14586,154
7,14587,-39
7,14588,115
7,14589,64
7,14590,57
7,14591,314
7,14592,173
7,14593,390
7,14594,64
7,14595,26
7,14596,160
7,14597,115
7,14598,121
7,14599,115
7,14600,211
7,14601,122
7,14602,77
7,14603,166
7,14604,103
7,14605,128
7,14606,121
7,14607,108
7,14608,121
7,14609,83
7,14610,57
7,14611,77
7,14612,179
7,14613,51
7,14614,32
7,14615,102
7,14616,128
7,14617,134
7,14618,-19
7,14619,179
7,14620,115
7,14621,109
7,14622,-32
7,14623,147
7,14624,77
7,14625,103
7,14626,51
7,14627,25
7,14628,96
7,14629,51
7,14630,167
7,14631,96
7,14632,76
7,14633,64
7,14634,-32
7,14635,256
7,14636,121
7,14637,51
7,14638,134
7,14639,77
7,14640,128
7,14641,135
7,14642,58
7,14643,58
7,14644,89
7,14645,102
7,14646,58
7,14647,115
7,14648,115
7,14649,102
7,14650,90
7,14651,121
7,14652,716
7,14653,64
7,14654,58
7,14655,147
7,14656,103
7,14657,26
7,14658,160
7,14659,32
7,14660,58
7,14661,77
7,14662,77
7,14663,32
7,14664,83
7,14665,793
7,14666,89
7,14667,761
7,14668,166
7,14669,160
7,14670,102
7,14671,135
7,14672,140
7,14673,51
7,14674,108
7,14675,77
7,14676,32
7,14677,83
7,14678,71
7,14679,96
7,14680,128
7,14681,64
7,14682,269
7,14683,122
7,14684,103
7,14685,84
7,14686,122
7,14687,115
7,14688,89
7,14689,51
7,14690,154
7,14691,57
7,14692,153
7,14693,71
7,14694,109
7,14695,70
7,14696,154
7,14697,51
7,14698,71
7,14699,153
7,14700,128
7,14701,276
7,14702,64
7,14703,103
7,14704,128
7,14705,58
7,14706,64
7,14707,109
7,14708,76
7,14709,121
7,14710,70
7,14711,134
7,14712,166
7,14713,147
7,14714,134
7,14715,250
7,14716,166
7,14717,57
7,14718,134
7,14719,109
7,14720,83
7,14721,32
7,14722,64
7,14723,153
7,14724,167
7,14725,147
7,14726,212
7,14727,230
7,14728,115
7,14729,122
7,14730,115
7,14731,71
7,14732,25
7,14733,237
7,14734,141
7,14735,19
7,14736,83
7,14737,64
7,14738,116
7,14739,192
7,14740,90
7,14741,109
7,14742,140
7,14743,58
7,14744,166
7,14745,51
7,14746,64
7,14747,64
7,14748,96
7,14749,44
7,14750,-32
7,14751,89
7,14752,51
7,14753,51
7,14754,109
7,14755,109
7,14756,90
7,14757,58
7,14758,160
7,14759,365
7,14760,147
7,14761,52
7,14762,25
7,14763,-64
7,14764,83
7,14765,32
7,14766,109
7,14767,64
7,14768,115
7,14769,141
7,14770,115
7,14771,90
7,14772,-45
7,14773,102
7,14774,128
7,14775,102
7,14776,70
7,14777,57
7,14778,71
7,14779,140
7,14780,96
7,14781,185
7,14782,77
7,14783,109
7,14784,192
7,14785,109
7,14786,77
7,14787,76
7,14788,39
7,14789,26
7,14790,109
7,14791,25
7,14792,-13
7,14793,140
7,14794,128
7,14795,109
7,14796,192
7,14797,70
7,14798,-52
7,14799,205
7,14800,179
7,14801,103
7,14802,64
7,14803,25
7,14804,25
7,14805,51
7,14806,166
7,14807,64
7,14808,115
7,14809,116
7,14810,64
7,14811,192
7,14812,128
7,14813,122
7,14814,192
7,14815,263
7,14816,58
7,14817,58
7,14818,83
7,14819,90
7,14820,70
7,14821,25
7,14822,167
7,14823,58
7,14824,116
7,14825,-38
7,14826,70
7,14827,115
7,14828,109
7,14829,51
7,14830,160
7,14831,64
7,14832,115
7,14833,32
7,14834,262
7,14835,64
7,14836,115
7,14837,38
7,14838,160
7,14839,96
7,14840,45
7,14841,109
7,14842,115
7,14843,122
7,14844,70
7,14845,51
7,14846,-51
7,14847,269
7,14848,230
7,14849,89
7,14850,224
7,14851,166
7,14852,167
7,14853,70
7,14854,160
7,14855,90
7,14856,179
7,14857,141
7,14858,32
7,14859,108
7,14860,166
7,14861,32
7,14862,52
7,14863,103
7,14864,122
7,14865,109
7,14866,83
7,14867,115
7,14868,108
7,14869,102
7,14870,76
7,14871,77
7,14872,166
7,14873,51
7,14874,32
7,14875,51
7,14876,109
7,14877,77
7,14878,-13
7,14879,45
7,14880,109
7,14881,64
7,14882,122
7,14883,109
7,14884,134
7,14885,51
7,14886,102
7,14887,102
7,14888,134
7,14889,83
7,14890,115
7,14891,71
7,14892,57
7,14893,58
7,14894,-38
7,14895,103
7,14896,365
7,14897,102
7,14898,141
7,14899,-32
7,14900,121
7,14901,58
7,14902,58
7,14903,70
7,14904,64
7,14905,32
7,14906,103
7,14907,391
7,14908,109
7,14909,58
7,14910,166
7,14911,83
7,14912,147
7,14913,109
7,14914,44
7,14915,109
7,14916,135
7,14917,167
7,14918,38
7,14919,64
7,14920,-51
7,14921,38
7,14922,819
7,14923,122
7,14924,96
7,14925,96
7,14926,122
7,14927,121
7,14928,185
7,14929,77
7,14930,96
7,14931,-64
7,14932,141
7,14933,58
7,14934,167
7,14935,115
7,14936,96
7,14937,70
7,14938,90
7,14939,140
7,14940,153
7,14941,70
7,14942,115
7,14943,121
7,14944,109
7,14945,108
7,14946,-25
7,14947,70
7,14948,51
7,14949,160
7,14950,134
7,14951,51
7,14952,64
7,14953,173
7,14954,58
7,14955,179
7,14956,70
7,14957,115
7,14958,96
7,14959,96
7,14960,77
7,14961,77
7,14962,51
7,14963,141
7,14964,32
7,14965,70
7,14966,160
7,14967,77
7,14968,77
7,14969,135
7,14970,77
7,14971,64
7,14972,364
7,14973,71
7,14974,122
7,14975,89
7,14976,128
7,14977,-32
7,14978,224
7,14979,108
7,14980,121
7,14981,-205
7,14982,83
7,14983,51
7,14984,135
7,14985,26
7,14986,51
7,14987,109
7,14988,52
7,14989,58
7,14990,64
7,14991,64
7,14992,70
7,14993,205
7,14994,115
7,14995,102
7,14996,173
7,14997,109
7,14998,115
7,14999,147
7,15000,166
7,15001,70
7,15002,57
7,15003,90
7,15004,83
7,15005,122
7,15006,173
7,15007,109
7,15008,109
7,15009,102
7,15010,116
7,15011,134
7,15012,198
7,15013,102
7,15014,198
7,15015,122
7,15016,166
7,15017,-32
7,15018,32
7,15019,45
7,15020,32
7,15021,64
7,15022,19
7,15023,109
7,15024,109
7,15025,103
7,15026,71
7,15027,160
7,15028,64
7,15029,96
7,15030,64
7,15031,109
7,15032,83
7,15033,51
7,15034,58
7,15035,25
7,15036,32
7,15037,83
7,15038,32
7,15039,122
7,15040,90
7,15041,346
7,15042,32
7,15043,19
7,15044,77
7,15045,51
7,15046,64
7,15047,109
7,15048,-45
7,15049,109
7,15050,135
7,15051,-44
7,15052,109
7,15053,109
7,15054,-45
7,15055,154
7,15056,147
7,15057,51
7,15058,173
7,15059,26
7,15060,109
7,15061,39
7,15062,103
7,15063,32
7,15064,58
7,15065,115
7,15066,77
7,15067,83
7,15068,205
7,15069,58
7,15070,173
7,15071,64
7,15072,83
7,15073,70
7,15074,84
7,15075,57
7,15076,84
7,15077,51
7,15078,64
7,15079,26
7,15080,-44
7,15081,64
7,15082,320
7,15083,147
7,15084,122
7,15085,83
7,15086,25
7,15087,96
7,15088,102
7,15089,84
7,15090,109
7,15091,-237
7,15092,166
7,15093,32
7,15094,115
7,15095,102
7,15096,115
7,15097,70
7,15098,-20
7,15099,134
7,15100,128
7,15101,26
7,15102,64
7,15103,218
7,15104,154
7,15105,32
7,15106,52
7,15107,58
7,15108,77
7,15109,64
7,15110,38
7,15111,121
7,15112,-51
7,15113,140
7,15114,115
7,15115,70
7,15116,205
7,15117,-26
7,15118,147
7,15119,243
7,15120,198
7,15121,96
7,15122,135
7,15123,45
7,15124,90
7,15125,64
7,15126,102
7,15127,96
7,15128,249
7,15129,205
7,15130,205
7,15131,256
7,15132,154
7,15133,-20
7,15134,173
7,15135,109
7,15136,57
7,15137,70
7,15138,32
7,15139,-32
7,15140,153
7,15141,51
7,15142,103
7,15143,103
7,15144,70
7,15145,102
7,15146,25
7,15147,83
7,15148,51
7,15149,84
7,15150,103
7,15151,71
7,15152,64
7,15153,44
7,15154,70
7,15155,154
7,15156,32
7,15157,57
7,15158,84
7,15159,70
7,15160,262
7,15161,83
7,15162,160
7,15163,64
7,15164,153
7,15165,32
7,15166,83
7,15167,103
7,15168,166
7,15169,19
7,15170,51
7,15171,64
7,15172,103
7,15173,38
7,15174,230
7,15175,256
7,15176,25
7,15177,793
7,15178,109
7,15179,768
7,15180,128
7,15181,96
7,15182,109
7,15183,134
7,15184,128
7,15185,51
7,15186,45
7,15187,38
7,15188,122
7,15189,71
7,15190,25
7,15191,70
7,15192,51
7,15193,204
7,15194,64
7,15195,76
7,15196,166
7,15197,70
7,15198,64
7,15199,103
7,15200,115
7,15201,58
7,15202,109
7,15203,378
7,15204,38
7,15205,77
7,15206,121
7,15207,160
7,15208,-44
7,15209,115
7,15210,103
7,15211,122
7,15212,205
7,15213,115
7,15214,128
7,15215,96
7,15216,116
7,15217,-6
7,15218,32
7,15219,-326
7,15220,64
7,15221,90
7,15222,19
7,15223,346
7,15224,32
7,15225,64
7,15226,-45
7,15227,173
7,15228,90
7,15229,115
7,15230,83
7,15231,115
7,15232,90
7,15233,64
7,15234,122
7,15235,115
7,15236,102
7,15237,51
7,15238,275
7,15239,128
7,15240,58
7,15241,115
7,15242,57
7,15243,77
7,15244,109
7,15245,19
7,15246,102
7,15247,64
7,15248,102
7,15249,121
7,15250,172
7,15251,70
7,15252,160
7,15253,160
7,15254,77
7,15255,64
7,15256,109
7,15257,115
7,15258,122
7,15259,102
7,15260,83
7,15261,38
7,15262,51
7,15263,103
7,15264,71
7,15265,58
7,15266,121
7,15267,371
7,15268,108
7,15269,96
7,15270,103
7,15271,109
7,15272,153
7,15273,51
7,15274,-45
7,15275,224
7,15276,103
7,15277,103
7,15278,154
7,15279,179
7,15280,192
7,15281,96
7,15282,160
7,15283,-45
7,15284,179
7,15285,103
7,15286,166
7,15287,103
7,15288,83
7,15289,-128
7,15290,179
7,15291,39
7,15292,70
7,15293,25
7,15294,64
7,15295,77
7,15296,128
7,15297,32
7,15298,122
7,15299,58
7,15300,45
7,15301,71
7,15302,167
7,15303,122
7,15304,96
7,15305,102
7,15306,154
7,15307,115
7,15308,121
7,15309,51
7,15310,64
7,15311,115
7,15312,141
7,15313,58
7,15314,71
7,15315,26
7,15316,141
7,15317,32
7,15318,57
7,15319,128
7,15320,57
7,15321,160
7,15322,160
7,15323,109
7,15324,307
7,15325,218
7,15326,166
7,15327,140
7,15328,102
7,15329,51
7,15330,237
7,15331,70
7,15332,109
7,15333,346
7,15334,70
7,15335,45
7,15336,109
7,15337,167
7,15338,102
7,15339,57
7,15340,166
7,15341,32
7,15342,32
7,15343,121
7,15344,122
7,15345,26
7,15346,45
7,15347,141
7,15348,147
7,15349,38
7,15350,262
7,15351,115
7,15352,51
7,15353,57
7,15354,70
7,15355,122
7,15356,167
7,15357,44
7,15358,192
7,15359,160
7,15360,71
7,15361,70
7,15362,102
7,15363,121
7,15364,83
7,15365,52
7,15366,-32
7,15367,128
7,15368,96
7,15369,51
7,15370,51
7,15371,77
7,15372,96
7,15373,32
7,15374,51
7,15375,58
7,15376,179
7,15377,166
7,15378,83
7,15379,147
7,15380,167
7,15381,51
7,15382,121
7,15383,70
7,15384,83
7,15385,45
7,15386,64
7,15387,102
7,15388,166
7,15389,57
7,15390,32
7,15391,333
7,15392,-512
7,15393,122
7,15394,70
7,15395,192
7,15396,211
7,15397,70
7,15398,115
7,15399,103
7,15400,109
7,15401,96
7,15402,64
7,15403,58
7,15404,109
7,15405,51
7,15406,77
7,15407,57
7,15408,121
7,15409,96
7,15410,64
7,15411,102
7,15412,154
7,15413,51
7,15414,64
7,15415,134
7,15416,185
7,15417,89
7,15418,96
7,15419,109
7,15420,173
7,15421,96
7,15422,19
7,15423,115
7,15424,121
7,15425,160
7,15426,39
7,15427,-19
7,15428,103
7,15429,25
7,15430,25
7,15431,45
7,15432,102
7,15433,39
7,15434,768
7,15435,160
7,15436,135
7,15437,64
7,15438,102
7,15439,134
7,15440,-140
7,15441,25
7,15442,77
7,15443,141
7,15444,52
7,15445,64
7,15446,57
7,15447,109
7,15448,128
7,15449,77
7,15450,64
7,15451,116
7,15452,154
7,15453,116
7,15454,140
7,15455,70
7,15456,58
7,15457,71
7,15458,64
7,15459,70
7,15460,141
7,15461,71
7,15462,70
7,15463,103
7,15464,90
7,15465,96
7,15466,89
7,15467,135
7,15468,141
7,15469,103
7,15470,205
7,15471,231
7,15472,90
7,15473,64
7,15474,64
7,15475,103
7,15476,45
7,15477,71
7,15478,26
7,15479,64
7,15480,96
7,15481,83
7,15482,83
7,15483,134
7,15484,167
7,15485,96
7,15486,108
7,15487,77
7,15488,109
7,15489,-77
7,15490,217
7,15491,103
7,15492,167
7,15493,160
7,15494,51
7,15495,76
7,15496,115
7,15497,57
7,15498,45
7,15499,160
7,15500,44
7,15501,103
7,15502,19
7,15503,83
7,15504,-39
7,15505,167
7,15506,128
7,15507,103
7,15508,122
7,15509,83
7,15510,70
7,15511,102
7,15512,109
7,15513,134
7,15514,109
7,15515,58
7,15516,90
7,15517,64
7,15518,192
7,15519,199
7,15520,109
7,15521,115
7,15522,64
7,15523,115
7,15524,217
7,15525,-51
7,15526,128
7,15527,160
7,15528,77
7,15529,89
7,15530,45
7,15531,109
7,15532,-45
7,15533,83
7,15534,51
7,15535,115
7,15536,115
7,15537,-51
7,15538,128
7,15539,32
7,15540,70
7,15541,109
7,15542,134
7,15543,77
7,15544,154
7,15545,57
7,15546,-52
7,15547,19
7,15548,38
7,15549,96
7,15550,109
7,15551,39
7,15552,51
7,15553,102
7,15554,153
7,15555,102
7,15556,45
7,15557,64
7,15558,32
7,15559,64
7,15560,371
7,15561,102
7,15562,77
7,15563,122
7,15564,128
7,15565,179
7,15566,57
7,15567,71
7,15568,109
7,15569,58
7,15570,71
7,15571,57
7,15572,64
7,15573,58
7,15574,109
7,15575,45
7,15576,371
7,15577,70
7,15578,160
7,15579,121
7,15580,147
7,15581,19
7,15582,154
7,15583,76
7,15584,109
7,15585,25
7,15586,166
7,15587,103
7,15588,128
7,15589,70
7,15590,102
7,15591,83
7,15592,307
7,15593,288
7,15594,83
7,15595,109
7,15596,115
7,15597,-38
7,15598,128
7,15599,192
7,15600,218
7,15601,51
7,15602,109
7,15603,121
7,15604,70
7,15605,38
7,15606,77
7,15607,77
7,15608,154
7,15609,141
7,15610,58
7,15611,153
7,15612,173
7,15613,51
7,15614,-249
7,15615,134
7,15616,45
7,15617,83
7,15618,115
7,15619,58
7,15620,90
7,15621,64
7,15622,499
7,15623,109
7,15624,128
7,15625,-25
7,15626,172
7,15627,134
7,15628,154
7,15629,51
7,15630,77
7,15631,96
7,15632,77
7,15633,90
7,15634,25
7,15635,115
7,15636,96
7,15637,121
7,15638,160
7,15639,122
7,15640,154
7,15641,96
7,15642,83
7,15643,64
7,15644,116
7,15645,-57
7,15646,192
7,15647,77
7,15648,103
7,15649,51
7,15650,57
7,15651,-45
7,15652,103
7,15653,51
7,15654,230
7,15655,121
7,15656,372
7,15657,58
7,15658,109
7,15659,83
7,15660,64
7,15661,26
7,15662,90
7,15663,185
7,15664,102
7,15665,102
7,15666,-26
7,15667,122
7,15668,301
7,15669,38
7,15670,77
7,15671,102
7,15672,147
7,15673,102
7,15674,102
7,15675,64
7,15676,160
7,15677,71
7,15678,32
7,15679,102
7,15680,154
7,15681,51
7,15682,26
7,15683,44
7,15684,-13
7,15685,83
7,15686,166
7,15687,102
7,15688,166
7,15689,1049
7,15690,45
7,15691,806
7,15692,64
7,15693,52
7,15694,89
7,15695,116
7,15696,70
7,15697,-26
7,15698,71
7,15699,26
7,15700,-19
7,15701,108
7,15702,64
7,15703,64
7,15704,116
7,15705,96
7,15706,102
7,15707,102
7,15708,45
7,15709,141
7,15710,102
7,15711,64
7,15712,166
7,15713,32
7,15714,237
7,15715,32
7,15716,32
7,15717,102
7,15718,64
7,15719,211
7,15720,192
7,15721,102
7,15722,128
7,15723,76
7,15724,128
7,15725,160
7,15726,96
7,15727,134
7,15728,378
7,15729,25
7,15730,167
7,15731,-250
7,15732,70
7,15733,109
7,15734,109
7,15735,128
7,15736,115
7,15737,64
7,15738,205
7,15739,154
7,15740,192
7,15741,121
7,15742,128
7,15743,154
7,15744,135
7,15745,38
7,15746,90
7,15747,198
7,15748,179
7,15749,102
7,15750,64
7,15751,198
7,15752,-45
7,15753,-51
7,15754,58
7,15755,135
7,15756,45
7,15757,71
7,15758,70
7,15759,102
7,15760,115
7,15761,167
7,15762,147
7,15763,83
7,15764,121
7,15765,83
7,15766,96
7,15767,102
7,15768,154
7,15769,45
7,15770,32
7,15771,103
7,15772,102
7,15773,51
7,15774,160
7,15775,70
7,15776,115
7,15777,52
7,15778,134
7,15779,103
7,15780,102
7,15781,64
7,15782,153
7,15783,-57
7,15784,224
7,15785,51
7,15786,45
7,15787,83
7,15788,275
7,15789,-45
7,15790,32
7,15791,109
7,15792,141
7,15793,102
7,15794,115
7,15795,173
7,15796,154
7,15797,237
7,15798,109
7,15799,116
7,15800,103
7,15801,57
7,15802,109
7,15803,32
7,15804,64
7,15805,45
7,15806,-26
7,15807,115
7,15808,122
7,15809,160
7,15810,96
7,15811,51
7,15812,166
7,15813,58
7,15814,256
7,15815,76
7,15816,121
7,15817,122
7,15818,135
7,15819,89
7,15820,173
7,15821,77
7,15822,173
7,15823,115
7,15824,71
7,15825,365
7,15826,320
7,15827,128
7,15828,96
7,15829,160
7,15830,-70
7,15831,135
7,15832,64
7,15833,122
7,15834,64
7,15835,198
7,15836,205
7,15837,147
7,15838,179
7,15839,122
7,15840,58
7,15841,26
7,15842,-51
7,15843,77
7,15844,57
7,15845,71
7,15846,19
7,15847,77
7,15848,77
7,15849,64
7,15850,121
7,15851,122
7,15852,371
7,15853,51
7,15854,52
7,15855,122
7,15856,166
7,15857,57
7,15858,-25
7,15859,135
7,15860,71
7,15861,84
7,15862,90
7,15863,26
7,15864,128
7,15865,116
7,15866,77
7,15867,160
7,15868,109
7,15869,115
7,15870,185
7,15871,108
7,15872,128
7,15873,51
7,15874,57
7,15875,141
7,15876,166
7,15877,52
7,15878,64
7,15879,141
7,15880,147
7,15881,51
7,15882,218
7,15883,199
7,15884,109
7,15885,57
7,15886,57
7,15887,64
7,15888,320
7,15889,115
7,15890,-45
7,15891,147
7,15892,108
7,15893,45
7,15894,70
7,15895,115
7,15896,199
7,15897,90
7,15898,57
7,15899,186
7,15900,275
7,15901,83
7,15902,167
7,15903,57
7,15904,58
7,15905,51
7,15906,102
7,15907,122
7,15908,160
7,15909,154
7,15910,77
7,15911,77
7,15912,108
7,15913,45
7,15914,64
7,15915,70
7,15916,26
7,15917,45
7,15918,64
7,15919,108
7,15920,134
7,15921,-26
7,15922,134
7,15923,109
7,15924,109
7,15925,64
7,15926,121
7,15927,96
7,15928,122
7,15929,70
7,15930,108
7,15931,109
7,15932,185
7,15933,51
7,15934,160
7,15935,45
7,15936,116
7,15937,26
7,15938,51
7,15939,57
7,15940,64
7,15941,83
7,15942,121
7,15943,83
7,15944,250
7,15945,109
7,15946,807
7,15947,167
7,15948,116
7,15949,116
7,15950,58
7,15951,51
7,15952,71
7,15953,160
7,15954,-32
7,15955,128
7,15956,372
7,15957,58
7,15958,128
7,15959,70
7,15960,64
7,15961,71
7,15962,116
7,15963,121
7,15964,205
7,15965,109
7,15966,198
7,15967,64
7,15968,83
7,15969,32
7,15970,71
7,15971,115
7,15972,64
7,15973,57
7,15974,57
7,15975,70
7,15976,84
7,15977,160
7,15978,109
7,15979,57
7,15980,121
7,15981,51
7,15982,77
7,15983,153
7,15984,103
7,15985,38
7,15986,70
7,15987,64
7,15988,90
7,15989,109
7,15990,179
7,15991,70
7,15992,160
7,15993,90
7,15994,377
7,15995,121
7,15996,141
7,15997,263
7,15998,141
7,15999,122
7,16000,141
7,16001,83
7,16002,218
7,16003,231
7,16004,115
7,16005,-26
7,16006,96
7,16007,96
7,16008,212
7,16009,211
7,16010,71
7,16011,70
7,16012,153
7,16013,141
7,16014,391
7,16015,108
7,16016,128
7,16017,173
7,16018,89
7,16019,115
7,16020,135
7,16021,180
7,16022,179
7,16023,109
7,16024,115
7,16025,89
7,16026,102
7,16027,57
7,16028,89
7,16029,199
7,16030,64
7,16031,122
7,16032,70
7,16033,109
7,16034,90
7,16035,122
7,16036,122
7,16037,45
7,16038,141
7,16039,103
7,16040,77
7,16041,52
7,16042,-51
7,16043,26
7,16044,192
7,16045,160
7,16046,103
7,16047,115
7,16048,51
7,16049,71
7,16050,32
7,16051,141
7,16052,109
7,16053,45
7,16054,70
7,16055,77
7,16056,154
7,16057,51
7,16058,26
7,16059,64
7,16060,128
7,16061,71
7,16062,173
7,16063,103
7,16064,70
7,16065,64
7,16066,58
7,16067,116
7,16068,371
7,16069,77
7,16070,83
7,16071,-57
7,16072,128
7,16073,109
7,16074,102
7,16075,115
7,16076,116
7,16077,83
7,16078,134
7,16079,173
7,16080,108
7,16081,102
7,16082,160
7,16083,-45
7,16084,77
7,16085,64
7,16086,70
7,16087,115
7,16088,-38
7,16089,166
7,16090,147
7,16091,115
7,16092,147
7,16093,147
7,16094,121
7,16095,77
7,16096,122
7,16097,51
7,16098,45
7,16099,77
7,16100,-12
7,16101,51
7,16102,64
7,16103,122
7,16104,45
7,16105,109
7,16106,70
7,16107,90
7,16108,90
7,16109,-25
7,16110,141
7,16111,109
7,16112,108
7,16113,70
7,16114,71
7,16115,-109
7,16116,115
7,16117,64
7,16118,172
7,16119,52
7,16120,109
7,16121,108
7,16122,147
7,16123,128
7,16124,147
7,16125,51
7,16126,199
7,16127,224
7,16128,71
7,16129,32
7,16130,180
7,16131,25
7,16132,269
7,16133,57
7,16134,96
7,16135,-64
7,16136,173
7,16137,121
7,16138,358
7,16139,83
7,16140,122
7,16141,109
7,16142,115
7,16143,90
7,16144,121
7,16145,83
7,16146,141
7,16147,-71
7,16148,71
7,16149,58
7,16150,141
7,16151,-26
7,16152,71
7,16153,57
7,16154,109
7,16155,77
7,16156,198
7,16157,103
7,16158,166
7,16159,154
7,16160,128
7,16161,90
7,16162,58
7,16163,51
7,16164,102
7,16165,57
7,16166,71
7,16167,57
7,16168,58
7,16169,83
7,16170,103
7,16171,128
7,16172,166
7,16173,250
7,16174,230
7,16175,58
7,16176,57
7,16177,71
7,16178,167
7,16179,89
7,16180,64
7,16181,45
7,16182,89
7,16183,96
7,16184,77
7,16185,70
7,16186,77
7,16187,109
7,16188,781
7,16189,96
7,16190,70
7,16191,108
7,16192,135
7,16193,26
7,16194,32
7,16195,13
7,16196,-262
7,16197,26
7,16198,160
7,16199,71
7,16200,115
7,16201,793
7,16202,205
7,16203,761
7,16204,116
7,16205,70
7,16206,121
7,16207,160
7,16208,108
7,16209,96
7,16210,25
7,16211,192
7,16212,25
7,16213,58
7,16214,83
7,16215,115
7,16216,90
7,16217,58
7,16218,122
7,16219,90
7,16220,103
7,16221,141
7,16222,102
7,16223,166
7,16224,167
7,16225,25
7,16226,52
7,16227,26
7,16228,147
7,16229,90
7,16230,51
7,16231,-45
7,16232,64
7,16233,109
7,16234,77
7,16235,51
7,16236,390
7,16237,57
7,16238,77
7,16239,77
7,16240,64
7,16241,51
7,16242,314
7,16243,52
7,16244,52
7,16245,51
7,16246,173
7,16247,115
7,16248,115
7,16249,58
7,16250,108
7,16251,109
7,16252,25
7,16253,64
7,16254,198
7,16255,140
7,16256,45
7,16257,147
7,16258,64
7,16259,122
7,16260,109
7,16261,365
7,16262,160
7,16263,122
7,16264,90
7,16265,57
7,16266,115
7,16267,83
7,16268,102
7,16269,115
7,16270,160
7,16271,64
7,16272,185
7,16273,314
7,16274,57
7,16275,26
7,16276,109
7,16277,96
7,16278,109
7,16279,89
7,16280,249
7,16281,45
7,16282,108
7,16283,71
7,16284,109
7,16285,77
7,16286,76
7,16287,70
7,16288,109
7,16289,89
7,16290,-45
7,16291,128
7,16292,147
7,16293,153
7,16294,109
7,16295,300
7,16296,147
7,16297,102
7,16298,166
7,16299,122
7,16300,147
7,16301,90
7,16302,147
7,16303,116
7,16304,102
7,16305,96
7,16306,-45
7,16307,205
7,16308,134
7,16309,57
7,16310,96
7,16311,102
7,16312,70
7,16313,58
7,16314,128
7,16315,64
7,16316,51
7,16317,51
7,16318,96
7,16319,51
7,16320,116
7,16321,51
7,16322,109
7,16323,64
7,16324,51
7,16325,51
7,16326,83
7,16327,77
7,16328,122
7,16329,83
7,16330,109
7,16331,109
7,16332,70
7,16333,83
7,16334,109
7,16335,109
7,16336,192
7,16337,32
7,16338,58
7,16339,83
7,16340,83
7,16341,-32
7,16342,128
7,16343,154
7,16344,166
7,16345,83
7,16346,217
7,16347,173
7,16348,77
7,16349,25
7,16350,115
7,16351,102
7,16352,45
7,16353,44
7,16354,-25
7,16355,77
7,16356,58
7,16357,58
7,16358,83
7,16359,77
7,16360,102
7,16361,57
7,16362,116
7,16363,90
7,16364,154
7,16365,109
7,16366,153
7,16367,128
7,16368,140
7,16369,51
7,16370,71
7,16371,51
7,16372,64
7,16373,140
7,16374,19
7,16375,109
7,16376,58
7,16377,205
7,16378,166
7,16379,115
7,16380,166
7,16381,51
7,16382,32
7,16383,58
7,16384,89
7,16385,58
7,16386,160
7,16387,71
7,16388,115
7,16389,70
7,16390,96
7,16391,57
7,16392,109
7,16393,71
7,16394,198
7,16395,58
7,16396,70
7,16397,90
7,16398,83
7,16399,58
7,16400,57
7,16401,57
7,16402,167
7,16403,70
7,16404,64
7,16405,70
7,16406,51
7,16407,71
7,16408,122
7,16409,70
7,16410,64
7,16411,89
7,16412,153
7,16413,108
7,16414,83
7,16415,83
7,16416,64
7,16417,109
7,16418,115
7,16419,167
7,16420,167
7,16421,102
7,16422,96
7,16423,77
7,16424,102
7,16425,64
7,16426,58
7,16427,-77
7,16428,83
7,16429,70
7,16430,121
7,16431,38
7,16432,64
7,16433,64
7,16434,83
7,16435,128
7,16436,153
7,16437,160
7,16438,160
7,16439,115
7,16440,102
7,16441,250
7,16442,26
7,16443,25
7,16444,218
7,16445,77
7,16446,103
7,16447,-58
7,16448,128
7,16449,19
7,16450,32
7,16451,51
7,16452,51
7,16453,52
7,16454,51
7,16455,52
7,16456,109
7,16457,83
7,16458,806
7,16459,115
7,16460,109
7,16461,70
7,16462,25
7,16463,96
7,16464,64
7,16465,32
7,16466,89
7,16467,64
7,16468,64
7,16469,51
7,16470,70
7,16471,76
7,16472,70
7,16473,90
7,16474,51
7,16475,186
7,16476,147
7,16477,326
7,16478,103
7,16479,77
7,16480,70
7,16481,51
7,16482,76
7,16483,26
7,16484,71
7,16485,64
7,16486,160
7,16487,70
7,16488,-58
7,16489,128
7,16490,192
7,16491,102
7,16492,116
7,16493,71
7,16494,224
7,16495,122
7,16496,116
7,16497,51
7,16498,102
7,16499,77
7,16500,32
7,16501,51
7,16502,122
7,16503,160
7,16504,58
7,16505,141
7,16506,121
7,16507,115
7,16508,103
7,16509,51
7,16510,-52
7,16511,128
7,16512,77
7,16513,64
7,16514,83
7,16515,237
7,16516,102
7,16517,71
7,16518,90
7,16519,115
7,16520,204
7,16521,26
7,16522,52
7,16523,64
7,16524,58
7,16525,102
7,16526,179
7,16527,77
7,16528,57
7,16529,109
7,16530,172
7,16531,109
7,16532,-44
7,16533,128
7,16534,211
7,16535,160
7,16536,-13
7,16537,115
7,16538,52
7,16539,71
7,16540,121
7,16541,160
7,16542,198
7,16543,45
7,16544,76
7,16545,96
7,16546,96
7,16547,166
7,16548,102
7,16549,89
7,16550,102
7,16551,192
7,16552,96
7,16553,-7
7,16554,19
7,16555,32
7,16556,103
7,16557,64
7,16558,160
7,16559,90
7,16560,166
7,16561,89
7,16562,115
7,16563,76
7,16564,102
7,16565,103
7,16566,70
7,16567,115
7,16568,167
7,16569,39
7,16570,19
7,16571,58
7,16572,83
7,16573,32
7,16574,96
7,16575,57
7,16576,58
7,16577,45
7,16578,25
7,16579,365
7,16580,128
7,16581,58
7,16582,64
7,16583,115
7,16584,58
7,16585,173
7,16586,128
7,16587,122
7,16588,147
7,16589,70
7,16590,180
7,16591,108
7,16592,51
7,16593,96
7,16594,103
7,16595,-13
7,16596,141
7,16597,-122
7,16598,352
7,16599,128
7,16600,116
7,16601,64
7,16602,160
7,16603,32
7,16604,108
7,16605,102
7,16606,121
7,16607,115
7,16608,115
7,16609,83
7,16610,71
7,16611,128
7,16612,160
7,16613,83
7,16614,-218
7,16615,192
7,16616,167
7,16617,135
7,16618,185
7,16619,192
7,16620,-45
7,16621,134
7,16622,109
7,16623,115
7,16624,135
7,16625,58
7,16626,83
7,16627,224
7,16628,96
7,16629,115
7,16630,26
7,16631,128
7,16632,166
7,16633,109
7,16634,115
7,16635,103
7,16636,122
7,16637,58
7,16638,160
7,16639,58
7,16640,154
7,16641,109
7,16642,77
7,16643,108
7,16644,109
7,16645,77
7,16646,147
7,16647,90
7,16648,84
7,16649,77
7,16650,70
7,16651,64
7,16652,218
7,16653,77
7,16654,77
7,16655,51
7,16656,83
7,16657,102
7,16658,58
7,16659,377
7,16660,96
7,16661,109
7,16662,153
7,16663,64
7,16664,173
7,16665,96
7,16666,70
7,16667,58
7,16668,38
7,16669,25
7,16670,64
7,16671,121
7,16672,102
7,16673,58
7,16674,141
7,16675,109
7,16676,51
7,16677,58
7,16678,76
7,16679,64
7,16680,160
7,16681,77
7,16682,58
7,16683,64
7,16684,83
7,16685,58
7,16686,115
7,16687,84
7,16688,102
7,16689,38
7,16690,51
7,16691,116
7,16692,96
7,16693,58
7,16694,-44
7,16695,122
7,16696,148
7,16697,64
7,16698,52
7,16699,57
7,16700,147
7,16701,58
7,16702,76
7,16703,109
7,16704,121
7,16705,26
7,16706,64
7,16707,109
7,16708,45
7,16709,44
7,16710,115
7,16711,116
7,16712,192
7,16713,812
7,16714,122
7,16715,774
7,16716,128
7,16717,96
7,16718,147
7,16719,77
7,16720,122
7,16721,32
7,16722,-51
7,16723,32
7,16724,32
7,16725,51
7,16726,166
7,16727,121
7,16728,96
7,16729,26
7,16730,45
7,16731,166
7,16732,256
7,16733,102
7,16734,103
7,16735,128
7,16736,173
7,16737,64
7,16738,166
7,16739,51
7,16740,115
7,16741,64
7,16742,-51
7,16743,83
7,16744,103
7,16745,58
7,16746,51
7,16747,116
7,16748,122
7,16749,51
7,16750,167
7,16751,90
7,16752,160
7,16753,38
7,16754,64
7,16755,83
7,16756,70
7,16757,147
7,16758,71
7,16759,160
7,16760,134
7,16761,147
7,16762,115
7,16763,128
7,16764,134
7,16765,89
7,16766,167
7,16767,64
7,16768,70
7,16769,218
7,16770,128
7,16771,64
7,16772,83
7,16773,38
7,16774,76
7,16775,122
7,16776,180
7,16777,135
7,16778,77
7,16779,89
7,16780,64
7,16781,44
7,16782,77
7,16783,115
7,16784,109
7,16785,64
7,16786,64
7,16787,96
7,16788,160
7,16789,359
7,16790,231
7,16791,77
7,16792,160
7,16793,51
7,16794,96
7,16795,121
7,16796,64
7,16797,83
7,16798,115
7,16799,70
7,16800,57
7,16801,371
7,16802,77
7,16803,115
7,16804,96
7,16805,-70
7,16806,102
7,16807,115
7,16808,198
7,16809,70
7,16810,77
7,16811,109
7,16812,38
7,16813,51
7,16814,141
7,16815,173
7,16816,154
7,16817,109
7,16818,108
7,16819,122
7,16820,173
7,16821,-51
7,16822,231
7,16823,121
7,16824,205
7,16825,32
7,16826,71
7,16827,371
7,16828,51
7,16829,51
7,16830,64
7,16831,70
7,16832,128
7,16833,25
7,16834,116
7,16835,32
7,16836,115
7,16837,-32
7,16838,128
7,16839,102
7,16840,128
7,16841,51
7,16842,102
7,16843,103
7,16844,121
7,16845,275
7,16846,71
7,16847,102
7,16848,-25
7,16849,115
7,16850,84
7,16851,77
7,16852,84
7,16853,77
7,16854,199
7,16855,115
7,16856,109
7,16857,102
7,16858,154
7,16859,160
7,16860,160
7,16861,109
7,16862,166
7,16863,147
7,16864,76
7,16865,32
7,16866,57
7,16867,89
7,16868,51
7,16869,-39
7,16870,64
7,16871,108
7,16872,77
7,16873,115
7,16874,153
7,16875,121
7,16876,167
7,16877,192
7,16878,160
7,16879,89
7,16880,173
7,16881,58
7,16882,70
7,16883,96
7,16884,160
7,16885,83
7,16886,32
7,16887,83
7,16888,70
7,16889,122
7,16890,160
7,16891,153
7,16892,128
7,16893,52
7,16894,275
7,16895,109
7,16896,173
7,16897,160
7,16898,160
7,16899,160
7,16900,122
7,16901,70
7,16902,45
7,16903,147
7,16904,128
7,16905,102
7,16906,102
7,16907,57
7,16908,141
7,16909,51
7,16910,64
7,16911,64
7,16912,77
7,16913,-58
7,16914,147
7,16915,109
7,16916,141
7,16917,102
7,16918,64
7,16919,154
7,16920,121
7,16921,19
7,16922,102
7,16923,109
7,16924,115
7,16925,96
7,16926,58
7,16927,70
7,16928,57
7,16929,109
7,16930,109
7,16931,135
7,16932,147
7,16933,96
7,16934,83
7,16935,83
7,16936,135
7,16937,58
7,16938,26
7,16939,58
7,16940,90
7,16941,108
7,16942,20
7,16943,-32
7,16944,166
7,16945,115
7,16946,70
7,16947,160
7,16948,173
7,16949,102
7,16950,90
7,16951,121
7,16952,51
7,16953,64
7,16954,109
7,16955,76
7,16956,147
7,16957,-6
7,16958,25
7,16959,83
7,16960,102
7,16961,51
7,16962,58
7,16963,83
7,16964,115
7,16965,45
7,16966,109
7,16967,262
7,16968,115
7,16969,64
7,16970,659
7,16971,128
7,16972,185
7,16973,160
7,16974,179
7,16975,211
7,16976,140
7,16977,108
7,16978,115
7,16979,115
7,16980,83
7,16981,25
7,16982,116
7,16983,70
7,16984,-45
7,16985,103
7,16986,115
7,16987,109
7,16988,141
7,16989,109
7,16990,122
7,16991,83
7,16992,128
7,16993,39
7,16994,19
7,16995,71
7,16996,83
7,16997,64
7,16998,275
7,16999,-64
7,17000,166
7,17001,96
7,17002,102
7,17003,77
7,17004,109
7,17005,103
7,17006,70
7,17007,115
7,17008,83
7,17009,58
7,17010,51
7,17011,109
7,17012,71
7,17013,70
7,17014,115
7,17015,102
7,17016,77
7,17017,390
7,17018,128
7,17019,154
7,17020,89
7,17021,45
7,17022,51
7,17023,160
7,17024,135
7,17025,108
7,17026,364
7,17027,64
7,17028,83
7,17029,121
7,17030,71
7,17031,141
7,17032,122
7,17033,58
7,17034,103
7,17035,90
7,17036,25
7,17037,-32
7,17038,108
7,17039,64
7,17040,147
7,17041,109
7,17042,128
7,17043,153
7,17044,26
7,17045,70
7,17046,147
7,17047,147
7,17048,154
7,17049,58
7,17050,89
7,17051,109
7,17052,166
7,17053,-6
7,17054,160
7,17055,179
7,17056,39
7,17057,58
7,17058,77
7,17059,109
7,17060,-51
7,17061,128
7,17062,154
7,17063,160
7,17064,25
7,17065,19
7,17066,70
7,17067,25
7,17068,237
7,17069,32
7,17070,83
7,17071,115
7,17072,153
7,17073,109
7,17074,25
7,17075,147
7,17076,121
7,17077,64
7,17078,173
7,17079,102
7,17080,77
7,17081,77
7,17082,32
7,17083,64
7,17084,121
7,17085,45
7,17086,141
7,17087,84
7,17088,364
7,17089,-6
7,17090,173
7,17091,96
7,17092,70
7,17093,90
7,17094,58
7,17095,122
7,17096,122
7,17097,96
7,17098,90
7,17099,115
7,17100,173
7,17101,116
7,17102,205
7,17103,166
7,17104,109
7,17105,116
7,17106,64
7,17107,64
7,17108,102
7,17109,57
7,17110,45
7,17111,44
7,17112,70
7,17113,89
7,17114,179
7,17115,115
7,17116,128
7,17117,103
7,17118,115
7,17119,115
7,17120,148
7,17121,52
7,17122,-64
7,17123,128
7,17124,83
7,17125,51
7,17126,70
7,17127,102
7,17128,167
7,17129,90
7,17130,173
7,17131,109
7,17132,96
7,17133,96
7,17134,147
7,17135,108
7,17136,-147
7,17137,45
7,17138,134
7,17139,102
7,17140,83
7,17141,103
7,17142,89
7,17143,77
7,17144,109
7,17145,109
7,17146,160
7,17147,103
7,17148,134
7,17149,154
7,17150,160
7,17151,160
7,17152,70
7,17153,-51
7,17154,179
7,17155,51
7,17156,153
7,17157,84
7,17158,160
7,17159,51
7,17160,64
7,17161,90
7,17162,96
7,17163,160
7,17164,77
7,17165,109
7,17166,147
7,17167,116
7,17168,122
7,17169,64
7,17170,211
7,17171,102
7,17172,58
7,17173,77
7,17174,153
7,17175,301
7,17176,135
7,17177,167
7,17178,77
7,17179,90
7,17180,109
7,17181,109
7,17182,115
7,17183,128
7,17184,84
7,17185,58
7,17186,166
7,17187,89
7,17188,77
7,17189,96
7,17190,192
7,17191,109
7,17192,173
7,17193,32
7,17194,64
7,17195,77
7,17196,103
7,17197,108
7,17198,205
7,17199,128
7,17200,109
7,17201,90
7,17202,64
7,17203,57
7,17204,166
7,17205,-32
7,17206,275
7,17207,77
7,17208,96
7,17209,108
7,17210,116
7,17211,211
7,17212,263
7,17213,249
7,17214,218
7,17215,224
7,17216,83
7,17217,71
7,17218,32
7,17219,102
7,17220,32
7,17221,109
7,17222,122
7,17223,121
7,17224,109
7,17225,806
7,17226,64
7,17227,826
7,17228,52
7,17229,83
7,17230,51
7,17231,147
7,17232,141
7,17233,45
7,17234,13
7,17235,77
7,17236,58
7,17237,52
7,17238,147
7,17239,52
7,17240,103
7,17241,109
7,17242,269
7,17243,160
7,17244,83
7,17245,166
7,17246,64
7,17247,256
7,17248,-25
7,17249,32
7,17250,77
7,17251,109
7,17252,115
7,17253,147
7,17254,64
7,17255,71
7,17256,64
7,17257,179
7,17258,71
7,17259,154
7,17260,115
7,17261,96
7,17262,166
7,17263,359
7,17264,-51
7,17265,-25
7,17266,134
7,17267,115
7,17268,38
7,17269,327
7,17270,230
7,17271,116
7,17272,71
7,17273,147
7,17274,179
7,17275,128
7,17276,26
7,17277,109
7,17278,218
7,17279,-96
7,17280,121
7,17281,148
7,17282,147
7,17283,115
7,17284,179
7,17285,115
7,17286,57
7,17287,134
7,17288,103
7,17289,96
7,17290,122
7,17291,70
7,17292,51
7,17293,71
7,17294,371
7,17295,218
7,17296,218
7,17297,179
7,17298,282
7,17299,121
7,17300,64
7,17301,166
7,17302,166
7,17303,141
7,17304,128
7,17305,134
7,17306,307
7,17307,160
7,17308,179
7,17309,192
7,17310,339
7,17311,199
7,17312,51
7,17313,300
7,17314,218
7,17315,205
7,17316,116
7,17317,167
7,17318,135
7,17319,77
7,17320,115
7,17321,58
7,17322,25
7,17323,64
7,17324,77
7,17325,51
7,17326,115
7,17327,-38
7,17328,141
7,17329,167
7,17330,77
7,17331,89
7,17332,231
7,17333,52
7,17334,102
7,17335,282
7,17336,576
7,17337,128
7,17338,147
7,17339,115
7,17340,167
7,17341,186
7,17342,205
7,17343,204
7,17344,205
7,17345,-52
7,17346,218
7,17347,45
7,17348,58
7,17349,57
7,17350,166
7,17351,52
7,17352,135
7,17353,173
7,17354,89
7,17355,115
7,17356,128
7,17357,365
7,17358,172
7,17359,256
7,17360,249
7,17361,256
7,17362,212
7,17363,77
7,17364,70
7,17365,288
7,17366,237
7,17367,211
7,17368,519
7,17369,365
7,17370,121
7,17371,58
7,17372,57
7,17373,122
7,17374,192
7,17375,115
7,17376,167
7,17377,51
7,17378,32
7,17379,76
7,17380,160
7,17381,-25
7,17382,173
7,17383,64
7,17384,51
7,17385,147
7,17386,160
7,17387,153
7,17388,103
7,17389,51
7,17390,205
7,17391,121
7,17392,185
7,17393,26
7,17394,166
7,17395,45
7,17396,51
7,17397,-6
7,17398,-25
7,17399,45
7,17400,58
7,17401,141
7,17402,122
7,17403,109
7,17404,71
7,17405,64
7,17406,26
7,17407,128
7,17408,128
7,17409,70
7,17410,57
7,17411,89
7,17412,25
7,17413,217
7,17414,269
7,17415,333
7,17416,211
7,17417,167
7,17418,148
7,17419,122
7,17420,90
7,17421,45
7,17422,134
7,17423,115
7,17424,58
7,17425,102
7,17426,173
7,17427,167
7,17428,121
7,17429,198
7,17430,224
7,17431,224
7,17432,192
7,17433,211
7,17434,237
7,17435,77
7,17436,83
7,17437,58
7,17438,198
7,17439,77
7,17440,90
7,17441,109
7,17442,141
7,17443,147
7,17444,147
7,17445,51
7,17446,109
7,17447,57
7,17448,77
7,17449,115
7,17450,19
7,17451,32
7,17452,44
7,17453,45
7,17454,147
7,17455,134
7,17456,173
7,17457,198
7,17458,173
7,17459,269
7,17460,186
7,17461,301
7,17462,160
7,17463,250
7,17464,192
7,17465,109
7,17466,-32
7,17467,70
7,17468,96
7,17469,51
7,17470,45
7,17471,19
7,17472,122
7,17473,57
7,17474,19
7,17475,358
7,17476,103
7,17477,45
7,17478,307
7,17479,307
7,17480,-205
7,17481,77
7,17482,820
7,17483,38
7,17484,45
7,17485,51
7,17486,154
7,17487,128
7,17488,108
7,17489,32
7,17490,83
7,17491,25
7,17492,70
7,17493,57
7,17494,-237
7,17495,180
7,17496,-25
7,17497,96
7,17498,64
7,17499,135
7,17500,211
7,17501,77
7,17502,218
7,17503,103
7,17504,237
7,17505,64
7,17506,89
7,17507,77
7,17508,32
7,17509,102
7,17510,96
7,17511,167
7,17512,89
7,17513,51
7,17514,51
7,17515,-224
7,17516,128
7,17517,-38
7,17518,64
7,17519,128
7,17520,57
7,17521,70
7,17522,154
7,17523,109
7,17524,121
7,17525,26
7,17526,70
7,17527,58
7,17528,58
7,17529,90
7,17530,71
7,17531,89
7,17532,57
7,17533,89
7,17534,166
7,17535,64
7,17536,121
7,17537,64
7,17538,243
7,17539,154
7,17540,-198
7,17541,96
7,17542,103
7,17543,147
7,17544,96
7,17545,32
7,17546,89
7,17547,64
7,17548,154
7,17549,19
7,17550,160
7,17551,51
7,17552,116
7,17553,103
7,17554,128
7,17555,205
7,17556,45
7,17557,58
7,17558,403
7,17559,64
7,17560,102
7,17561,-51
7,17562,172
7,17563,103
7,17564,83
7,17565,154
7,17566,70
7,17567,71
7,17568,70
7,17569,115
7,17570,19
7,17571,102
7,17572,147
7,17573,71
7,17574,269
7,17575,128
7,17576,166
7,17577,51
7,17578,-26
7,17579,70
7,17580,307
7,17581,109
7,17582,167
7,17583,211
7,17584,115
7,17585,38
7,17586,102
7,17587,122
7,17588,51
7,17589,64
7,17590,371
7,17591,141
7,17592,186
7,17593,44
7,17594,147
7,17595,269
7,17596,109
7,17597,71
7,17598,96
7,17599,90
7,17600,51
7,17601,58
7,17602,44
7,17603,64
7,17604,45
7,17605,109
7,17606,26
7,17607,115
7,17608,70
7,17609,204
7,17610,236
7,17611,307
7,17612,262
7,17613,109
7,17614,51
7,17615,103
7,17616,205
7,17617,90
7,17618,141
7,17619,108
7,17620,102
7,17621,109
7,17622,166
7,17623,121
7,17624,64
7,17625,96
7,17626,160
7,17627,153
7,17628,173
7,17629,115
7,17630,76
7,17631,77
7,17632,403
7,17633,58
7,17634,128
7,17635,218
7,17636,249
7,17637,44
7,17638,269
7,17639,307
7,17640,70
7,17641,160
7,17642,153
7,17643,83
7,17644,211
7,17645,134
7,17646,52
7,17647,307
7,17648,-51
7,17649,115
7,17650,19
7,17651,96
7,17652,179
7,17653,-32
7,17654,154
7,17655,141
7,17656,147
7,17657,115
7,17658,141
7,17659,186
7,17660,115
7,17661,96
7,17662,96
7,17663,84
7,17664,96
7,17665,32
7,17666,180
7,17667,32
7,17668,192
7,17669,-32
7,17670,83
7,17671,96
7,17672,153
7,17673,275
7,17674,224
7,17675,71
7,17676,173
7,17677,115
7,17678,-25
7,17679,224
7,17680,122
7,17681,102
7,17682,115
7,17683,70
7,17684,84
7,17685,45
7,17686,77
7,17687,102
7,17688,32
7,17689,160
7,17690,154
7,17691,102
7,17692,108
7,17693,96
7,17694,166
7,17695,333
7,17696,90
7,17697,25
7,17698,320
7,17699,122
7,17700,205
7,17701,192
7,17702,71
7,17703,160
7,17704,115
7,17705,64
7,17706,122
7,17707,45
7,17708,102
7,17709,83
7,17710,45
7,17711,57
7,17712,83
7,17713,45
7,17714,83
7,17715,103
7,17716,70
7,17717,-205
7,17718,172
7,17719,205
7,17720,89
7,17721,96
7,17722,83
7,17723,122
7,17724,147
7,17725,115
7,17726,64
7,17727,371
7,17728,116
7,17729,-39
7,17730,70
7,17731,77
7,17732,76
7,17733,83
7,17734,44
7,17735,147
7,17736,128
7,17737,800
7,17738,116
7,17739,755
7,17740,186
7,17741,192
7,17742,115
7,17743,45
7,17744,135
7,17745,57
7,17746,103
7,17747,64
7,17748,147
7,17749,166
7,17750,153
7,17751,89
7,17752,57
7,17753,96
7,17754,167
7,17755,160
7,17756,83
7,17757,58
7,17758,141
7,17759,141
7,17760,128
7,17761,96
7,17762,76
7,17763,90
7,17764,135
7,17765,57
7,17766,154
7,17767,103
7,17768,90
7,17769,51
7,17770,45
7,17771,102
7,17772,77
7,17773,103
7,17774,102
7,17775,96
7,17776,115
7,17777,102
7,17778,96
7,17779,51
7,17780,96
7,17781,58
7,17782,57
7,17783,173
7,17784,58
7,17785,186
7,17786,70
7,17787,109
7,17788,166
7,17789,51
7,17790,26
7,17791,121
7,17792,140
7,17793,109
7,17794,154
7,17795,205
7,17796,218
7,17797,147
7,17798,173
7,17799,205
7,17800,166
7,17801,51
7,17802,256
7,17803,71
7,17804,51
7,17805,83
7,17806,167
7,17807,25
7,17808,44
7,17809,71
7,17810,96
7,17811,70
7,17812,58
7,17813,96
7,17814,83
7,17815,141
7,17816,173
7,17817,44
7,17818,32
7,17819,25
7,17820,90
7,17821,-32
7,17822,84
7,17823,-51
7,17824,83
7,17825,102
7,17826,173
7,17827,167
7,17828,154
7,17829,198
7,17830,128
7,17831,314
7,17832,320
7,17833,128
7,17834,32
7,17835,71
7,17836,160
7,17837,45
7,17838,365
7,17839,102
7,17840,57
7,17841,115
7,17842,147
7,17843,160
7,17844,364
7,17845,148
7,17846,109
7,17847,121
7,17848,212
7,17849,90
7,17850,102
7,17851,58
7,17852,122
7,17853,371
7,17854,57
7,17855,96
7,17856,173
7,17857,51
7,17858,128
7,17859,51
7,17860,115
7,17861,77
7,17862,51
7,17863,57
7,17864,64
7,17865,122
7,17866,122
7,17867,166
7,17868,224
7,17869,77
7,17870,109
7,17871,89
7,17872,147
7,17873,77
7,17874,115
7,17875,76
7,17876,115
7,17877,71
7,17878,115
7,17879,-218
7,17880,116
7,17881,76
7,17882,134
7,17883,160
7,17884,128
7,17885,327
7,17886,83
7,17887,141
7,17888,121
7,17889,51
7,17890,103
7,17891,301
7,17892,103
7,17893,84
7,17894,166
7,17895,76
7,17896,83
7,17897,103
7,17898,83
7,17899,109
7,17900,179
7,17901,77
7,17902,282
7,17903,314
7,17904,102
7,17905,52
7,17906,550
7,17907,122
7,17908,77
7,17909,109
7,17910,25
7,17911,121
7,17912,275
7,17913,121
7,17914,121
7,17915,154
7,17916,211
7,17917,160
7,17918,-51
7,17919,160
7,17920,128
7,17921,153
7,17922,179
7,17923,160
7,17924,204
7,17925,108
7,17926,128
7,17927,166
7,17928,166
7,17929,45
7,17930,26
7,17931,77
7,17932,160
7,17933,32
7,17934,70
7,17935,128
7,17936,115
7,17937,96
7,17938,128
7,17939,160
7,17940,167
7,17941,160
7,17942,167
7,17943,166
7,17944,154
7,17945,-38
7,17946,71
7,17947,102
7,17948,148
7,17949,83
7,17950,160
7,17951,70
7,17952,102
7,17953,64
7,17954,108
7,17955,166
7,17956,122
7,17957,64
7,17958,70
7,17959,103
7,17960,122
7,17961,-38
7,17962,96
7,17963,89
7,17964,109
7,17965,103
7,17966,160
7,17967,77
7,17968,115
7,17969,96
7,17970,141
7,17971,121
7,17972,116
7,17973,109
7,17974,115
7,17975,77
7,17976,109
7,17977,-26
7,17978,96
7,17979,103
7,17980,211
7,17981,96
7,17982,71
7,17983,70
7,17984,96
7,17985,51
7,17986,32
7,17987,217
7,17988,141
7,17989,44
7,17990,358
7,17991,115
7,17992,160
7,17993,58
7,17994,774
7,17995,128
7,17996,218
7,17997,115
7,17998,147
7,17999,102
7,18000,147
7,18001,160
7,18002,102
7,18003,128
7,18004,160
7,18005,70
7,18006,134
7,18007,121
7,18008,109
7,18009,58
7,18010,64
7,18011,153
7,18012,185
7,18013,140
7,18014,173
7,18015,108
7,18016,122
7,18017,108
7,18018,314
7,18019,-64
7,18020,71
7,18021,89
7,18022,70
7,18023,39
7,18024,45
7,18025,147
7,18026,231
7,18027,135
7,18028,364
7,18029,116
7,18030,77
7,18031,109
7,18032,384
7,18033,352
7,18034,20
7,18035,77
7,18036,109
7,18037,250
7,18038,294
7,18039,83
7,18040,96
7,18041,153
7,18042,179
7,18043,96
7,18044,179
7,18045,147
7,18046,115
7,18047,166
7,18048,122
7,18049,224
7,18050,108
7,18051,-64
7,18052,116
7,18053,77
7,18054,212
7,18055,70
7,18056,77
7,18057,103
7,18058,57
7,18059,39
7,18060,51
7,18061,166
7,18062,19
7,18063,154
7,18064,154
7,18065,307
7,18066,377
7,18067,115
7,18068,115
7,18069,295
7,18070,108
7,18071,128
7,18072,218
7,18073,141
7,18074,64
7,18075,64
7,18076,102
7,18077,128
7,18078,172
7,18079,147
7,18080,115
7,18081,45
7,18082,19
7,18083,96
7,18084,160
7,18085,211
7,18086,-64
7,18087,-32
7,18088,243
7,18089,52
7,18090,26
7,18091,64
7,18092,58
7,18093,51
7,18094,39
7,18095,96
7,18096,83
7,18097,83
7,18098,58
7,18099,128
7,18100,122
7,18101,243
7,18102,102
7,18103,166
7,18104,192
7,18105,51
7,18106,71
7,18107,365
7,18108,71
7,18109,51
7,18110,57
7,18111,115
7,18112,115
7,18113,108
7,18114,122
7,18115,71
7,18116,45
7,18117,32
7,18118,44
7,18119,140
7,18120,135
7,18121,64
7,18122,76
7,18123,173
7,18124,122
7,18125,90
7,18126,64
7,18127,122
7,18128,64
7,18129,89
7,18130,154
7,18131,70
7,18132,102
7,18133,-45
7,18134,141
7,18135,64
7,18136,205
7,18137,115
7,18138,109
7,18139,121
7,18140,186
7,18141,134
7,18142,205
7,18143,109
7,18144,122
7,18145,96
7,18146,70
7,18147,71
7,18148,141
7,18149,102
7,18150,116
7,18151,141
7,18152,64
7,18153,204
7,18154,173
7,18155,192
7,18156,179
7,18157,166
7,18158,218
7,18159,108
7,18160,211
7,18161,90
7,18162,57
7,18163,71
7,18164,128
7,18165,51
7,18166,128
7,18167,128
7,18168,121
7,18169,109
7,18170,294
7,18171,224
7,18172,154
7,18173,109
7,18174,64
7,18175,121
7,18176,83
7,18177,365
7,18178,83
7,18179,122
7,18180,102
7,18181,103
7,18182,173
7,18183,153
7,18184,173
7,18185,153
7,18186,77
7,18187,-25
7,18188,160
7,18189,64
7,18190,173
7,18191,121
7,18192,160
7,18193,160
7,18194,115
7,18195,154
7,18196,122
7,18197,141
7,18198,211
7,18199,121
7,18200,-44
7,18201,153
7,18202,160
7,18203,179
7,18204,192
7,18205,141
7,18206,89
7,18207,180
7,18208,140
7,18209,64
7,18210,122
7,18211,109
7,18212,-45
7,18213,135
7,18214,172
7,18215,122
7,18216,83
7,18217,116
7,18218,-51
7,18219,-45
7,18220,186
7,18221,70
7,18222,211
7,18223,102
7,18224,140
7,18225,51
7,18226,102
7,18227,205
7,18228,122
7,18229,83
7,18230,64
7,18231,71
7,18232,-52
7,18233,115
7,18234,90
7,18235,115
7,18236,205
7,18237,77
7,18238,166
7,18239,384
7,18240,109
7,18241,20
7,18242,13
7,18243,96
7,18244,77
7,18245,58
7,18246,160
7,18247,115
7,18248,128
7,18249,864
7,18250,70
7,18251,768
7,18252,115
7,18253,77
7,18254,276
7,18255,32
7,18256,211
7,18257,109
7,18258,70
7,18259,71
7,18260,83
7,18261,140
7,18262,160
7,18263,128
7,18264,147
7,18265,141
7,18266,77
7,18267,109
7,18268,173
7,18269,109
7,18270,153
7,18271,141
7,18272,96
7,18273,109
7,18274,-243
7,18275,32
7,18276,83
7,18277,109
7,18278,217
7,18279,89
7,18280,173
7,18281,102
7,18282,25
7,18283,172
7,18284,115
7,18285,70
7,18286,166
7,18287,199
7,18288,116
7,18289,51
7,18290,70
7,18291,180
7,18292,58
7,18293,77
7,18294,154
7,18295,102
7,18296,-38
7,18297,77
7,18298,96
7,18299,128
7,18300,115
7,18301,64
7,18302,185
7,18303,128
7,18304,64
7,18305,71
7,18306,64
7,18307,70
7,18308,-44
7,18309,108
7,18310,71
7,18311,384
7,18312,109
7,18313,51
7,18314,77
7,18315,51
7,18316,83
7,18317,115
7,18318,58
7,18319,122
7,18320,70
7,18321,77
7,18322,109
7,18323,377
7,18324,109
7,18325,186
7,18326,211
7,18327,115
7,18328,198
7,18329,-32
7,18330,-51
7,18331,96
7,18332,198
7,18333,134
7,18334,166
7,18335,90
7,18336,134
7,18337,96
7,18338,71
7,18339,90
7,18340,122
7,18341,76
7,18342,173
7,18343,377
7,18344,166
7,18345,84
7,18346,109
7,18347,134
7,18348,64
7,18349,153
7,18350,64
7,18351,83
7,18352,102
7,18353,173
7,18354,109
7,18355,359
7,18356,128
7,18357,160
7,18358,224
7,18359,109
7,18360,108
7,18361,71
7,18362,51
7,18363,39
7,18364,205
7,18365,58
7,18366,32
7,18367,44
7,18368,71
7,18369,32
7,18370,25
7,18371,51
7,18372,109
7,18373,44
7,18374,70
7,18375,134
7,18376,77
7,18377,109
7,18378,122
7,18379,128
7,18380,147
7,18381,108
7,18382,-64
7,18383,109
7,18384,147
7,18385,109
7,18386,141
7,18387,320
7,18388,90
7,18389,64
7,18390,198
7,18391,154
7,18392,26
7,18393,186
7,18394,115
7,18395,198
7,18396,134
7,18397,-32
7,18398,185
7,18399,90
7,18400,64
7,18401,77
7,18402,103
7,18403,64
7,18404,52
7,18405,57
7,18406,167
7,18407,64
7,18408,45
7,18409,58
7,18410,128
7,18411,122
7,18412,103
7,18413,39
7,18414,128
7,18415,128
7,18416,204
7,18417,32
7,18418,25
7,18419,115
7,18420,115
7,18421,51
7,18422,57
7,18423,135
7,18424,172
7,18425,77
7,18426,64
7,18427,115
7,18428,109
7,18429,96
7,18430,-691
7,18431,115
7,18432,115
7,18433,64
7,18434,71
7,18435,128
7,18436,115
7,18437,77
7,18438,115
7,18439,103
7,18440,64
7,18441,57
7,18442,51
7,18443,64
7,18444,32
7,18445,96
7,18446,116
7,18447,70
7,18448,160
7,18449,128
7,18450,115
7,18451,198
7,18452,147
7,18453,70
7,18454,103
7,18455,83
7,18456,154
7,18457,51
7,18458,71
7,18459,103
7,18460,295
7,18461,58
7,18462,173
7,18463,109
7,18464,102
7,18465,115
7,18466,173
7,18467,173
7,18468,154
7,18469,115
7,18470,115
7,18471,-45
7,18472,154
7,18473,64
7,18474,128
7,18475,121
7,18476,115
7,18477,52
7,18478,173
7,18479,96
7,18480,160
7,18481,140
7,18482,384
7,18483,160
7,18484,166
7,18485,115
7,18486,167
7,18487,122
7,18488,83
7,18489,128
7,18490,141
7,18491,128
7,18492,141
7,18493,64
7,18494,109
7,18495,77
7,18496,128
7,18497,-26
7,18498,185
7,18499,52
7,18500,121
7,18501,128
7,18502,134
7,18503,128
7,18504,128
7,18505,128
7,18506,813
7,18507,173
7,18508,134
7,18509,166
7,18510,205
7,18511,115
7,18512,173
7,18513,64
7,18514,52
7,18515,57
7,18516,64
7,18517,77
7,18518,128
7,18519,121
7,18520,116
7,18521,121
7,18522,128
7,18523,77
7,18524,102
7,18525,128
7,18526,371
7,18527,122
7,18528,166
7,18529,64
7,18530,-64
7,18531,109
7,18532,167
7,18533,153
7,18534,51
7,18535,76
7,18536,154
7,18537,167
7,18538,153
7,18539,122
7,18540,218
7,18541,160
7,18542,96
7,18543,167
7,18544,378
7,18545,52
7,18546,89
7,18547,89
7,18548,166
7,18549,96
7,18550,192
7,18551,122
7,18552,64
7,18553,141
7,18554,128
7,18555,32
7,18556,89
7,18557,64
7,18558,167
7,18559,38
7,18560,77
7,18561,96
7,18562,26
7,18563,153
7,18564,128
7,18565,346
7,18566,147
7,18567,147
7,18568,115
7,18569,64
7,18570,64
7,18571,-19
7,18572,128
7,18573,83
7,18574,64
7,18575,96
7,18576,173
7,18577,84
7,18578,160
7,18579,121
7,18580,103
7,18581,166
7,18582,205
7,18583,135
7,18584,77
7,18585,148
7,18586,83
7,18587,70
7,18588,64
7,18589,154
7,18590,198
7,18591,333
7,18592,64
7,18593,-12
7,18594,205
7,18595,141
7,18596,76
7,18597,109
7,18598,179
7,18599,122
7,18600,70
7,18601,32
7,18602,108
7,18603,70
7,18604,64
7,18605,122
7,18606,77
7,18607,160
7,18608,115
7,18609,-116
7,18610,51
7,18611,172
7,18612,134
7,18613,115
7,18614,109
7,18615,70
7,18616,115
7,18617,51
7,18618,166
7,18619,102
7,18620,71
7,18621,57
7,18622,64
7,18623,122
7,18624,115
7,18625,64
7,18626,26
7,18627,102
7,18628,45
7,18629,71
7,18630,32
7,18631,115
7,18632,-38
7,18633,140
7,18634,141
7,18635,160
7,18636,84
7,18637,153
7,18638,166
7,18639,70
7,18640,121
7,18641,102
7,18642,103
7,18643,26
7,18644,77
7,18645,39
7,18646,115
7,18647,77
7,18648,153
7,18649,71
7,18650,51
7,18651,141
7,18652,134
7,18653,-7
7,18654,84
7,18655,64
7,18656,108
7,18657,51
7,18658,108
7,18659,147
7,18660,51
7,18661,108
7,18662,103
7,18663,77
7,18664,116
7,18665,179
7,18666,358
7,18667,135
7,18668,160
7,18669,147
7,18670,237
7,18671,109
7,18672,64
7,18673,103
7,18674,58
7,18675,64
7,18676,64
7,18677,96
7,18678,77
7,18679,32
7,18680,77
7,18681,70
7,18682,122
7,18683,115
7,18684,217
7,18685,109
7,18686,-45
7,18687,173
7,18688,83
7,18689,38
7,18690,70
7,18691,166
7,18692,-44
7,18693,45
7,18694,179
7,18695,160
7,18696,-51
7,18697,160
7,18698,58
7,18699,89
7,18700,173
7,18701,167
7,18702,70
7,18703,397
7,18704,263
7,18705,172
7,18706,83
7,18707,109
7,18708,160
7,18709,109
7,18710,166
7,18711,135
7,18712,115
7,18713,160
7,18714,77
7,18715,128
7,18716,96
7,18717,77
7,18718,77
7,18719,102
7,18720,192
7,18721,64
7,18722,90
7,18723,64
7,18724,89
7,18725,83
7,18726,19
7,18727,122
7,18728,90
7,18729,57
7,18730,108
7,18731,83
7,18732,185
7,18733,64
7,18734,26
7,18735,371
7,18736,122
7,18737,77
7,18738,96
7,18739,108
7,18740,147
7,18741,218
7,18742,102
7,18743,109
7,18744,109
7,18745,-39
7,18746,77
7,18747,109
7,18748,103
7,18749,83
7,18750,109
7,18751,160
7,18752,52
7,18753,57
7,18754,20
7,18755,109
7,18756,58
7,18757,64
7,18758,102
7,18759,166
7,18760,-51
7,18761,806
7,18762,128
7,18763,1030
7,18764,134
7,18765,109
7,18766,122
7,18767,116
7,18768,147
7,18769,89
7,18770,64
7,18771,77
7,18772,32
7,18773,122
7,18774,160
7,18775,-224
7,18776,128
7,18777,20
7,18778,90
7,18779,90
7,18780,148
7,18781,160
7,18782,198
7,18783,148
7,18784,160
7,18785,77
7,18786,89
7,18787,147
7,18788,115
7,18789,148
7,18790,71
7,18791,90
7,18792,160
7,18793,128
7,18794,121
7,18795,64
7,18796,141
7,18797,198
7,18798,135
7,18799,103
7,18800,179
7,18801,96
7,18802,77
7,18803,115
7,18804,32
7,18805,102
7,18806,224
7,18807,269
7,18808,77
7,18809,147
7,18810,103
7,18811,109
7,18812,147
7,18813,64
7,18814,147
7,18815,154
7,18816,70
7,18817,-180
7,18818,116
7,18819,154
7,18820,102
7,18821,103
7,18822,147
7,18823,205
7,18824,121
7,18825,116
7,18826,26
7,18827,45
7,18828,71
7,18829,263
7,18830,64
7,18831,64
7,18832,102
7,18833,199
7,18834,167
7,18835,404
7,18836,134
7,18837,103
7,18838,102
7,18839,83
7,18840,64
7,18841,26
7,18842,32
7,18843,32
7,18844,76
7,18845,140
7,18846,64
7,18847,64
7,18848,64
7,18849,128
7,18850,115
7,18851,218
7,18852,180
7,18853,147
7,18854,109
7,18855,109
7,18856,147
7,18857,51
7,18858,58
7,18859,115
7,18860,71
7,18861,32
7,18862,160
7,18863,77
7,18864,45
7,18865,57
7,18866,128
7,18867,128
7,18868,199
7,18869,71
7,18870,364
7,18871,115
7,18872,147
7,18873,51
7,18874,166
7,18875,96
7,18876,109
7,18877,154
7,18878,70
7,18879,96
7,18880,90
7,18881,90
7,18882,64
7,18883,25
7,18884,-32
7,18885,160
7,18886,64
7,18887,96
7,18888,166
7,18889,147
7,18890,173
7,18891,166
7,18892,211
7,18893,90
7,18894,77
7,18895,147
7,18896,109
7,18897,45
7,18898,122
7,18899,32
7,18900,160
7,18901,64
7,18902,205
7,18903,96
7,18904,77
7,18905,122
7,18906,128
7,18907,108
7,18908,51
7,18909,115
7,18910,102
7,18911,147
7,18912,96
7,18913,77
7,18914,103
7,18915,115
7,18916,64
7,18917,57
7,18918,90
7,18919,109
7,18920,96
7,18921,102
7,18922,115
7,18923,71
7,18924,71
7,18925,38
7,18926,108
7,18927,84
7,18928,-224
7,18929,51
7,18930,64
7,18931,64
7,18932,154
7,18933,115
7,18934,237
7,18935,71
7,18936,103
7,18937,153
7,18938,115
7,18939,153
7,18940,115
7,18941,128
7,18942,-966
7,18943,135
7,18944,192
7,18945,103
7,18946,180
7,18947,147
7,18948,211
7,18949,160
7,18950,-45
7,18951,77
7,18952,160
7,18953,154
7,18954,70
7,18955,134
7,18956,128
7,18957,51
7,18958,51
7,18959,77
7,18960,64
7,18961,160
7,18962,-52
7,18963,160
7,18964,96
7,18965,109
7,18966,39
7,18967,116
7,18968,122
7,18969,51
7,18970,58
7,18971,89
7,18972,51
7,18973,32
7,18974,-25
7,18975,64
7,18976,102
7,18977,83
7,18978,77
7,18979,115
7,18980,84
7,18981,58
7,18982,64
7,18983,121
7,18984,38
7,18985,57
7,18986,109
7,18987,102
7,18988,58
7,18989,51
7,18990,19
7,18991,45
7,18992,83
7,18993,96
7,18994,-64
7,18995,173
7,18996,211
7,18997,217
7,18998,26
7,18999,141
7,19000,128
7,19001,122
7,19002,52
7,19003,96
7,19004,12
7,19005,44
7,19006,19
7,19007,64
7,19008,96
7,19009,19
7,19010,58
7,19011,90
7,19012,70
7,19013,282
7,19014,58
7,19015,128
7,19016,108
7,19017,64
7,19018,800
7,19019,70
7,19020,364
7,19021,109
7,19022,205
7,19023,179
7,19024,404
7,19025,64
7,19026,44
7,19027,32
7,19028,52
7,19029,115
7,19030,109
7,19031,180
7,19032,115
7,19033,128
7,19034,115
7,19035,217
7,19036,147
7,19037,83
7,19038,109
7,19039,141
7,19040,134
7,19041,83
7,19042,64
7,19043,83
7,19044,153
7,19045,89
7,19046,115
7,19047,108
7,19048,166
7,19049,160
7,19050,109
7,19051,160
7,19052,148
7,19053,147
7,19054,51
7,19055,141
7,19056,173
7,19057,64
7,19058,26
7,19059,115
7,19060,199
7,19061,109
7,19062,-45
7,19063,128
7,19064,154
7,19065,148
7,19066,179
7,19067,96
7,19068,147
7,19069,58
7,19070,205
7,19071,404
7,19072,-45
7,19073,89
7,19074,160
7,19075,185
7,19076,166
7,19077,185
7,19078,116
7,19079,160
7,19080,244
7,19081,115
7,19082,237
7,19083,103
7,19084,64
7,19085,122
7,19086,64
7,19087,115
7,19088,102
7,19089,179
7,19090,121
7,19091,141
7,19092,135
7,19093,115
7,19094,116
7,19095,153
7,19096,154
7,19097,64
7,19098,115
7,19099,76
7,19100,58
7,19101,58
7,19102,365
7,19103,90
7,19104,128
7,19105,70
7,19106,167
7,19107,166
7,19108,128
7,19109,122
7,19110,218
7,19111,102
7,19112,313
7,19113,128
7,19114,64
7,19115,-32
7,19116,70
7,19117,45
7,19118,314
7,19119,122
7,19120,83
7,19121,147
7,19122,51
7,19123,89
7,19124,115
7,19125,108
7,19126,173
7,19127,103
7,19128,103
7,19129,352
7,19130,70
7,19131,115
7,19132,51
7,19133,121
7,19134,96
7,19135,83
7,19136,128
7,19137,71
7,19138,96
7,19139,64
7,19140,70
7,19141,77
7,19142,108
7,19143,154
7,19144,45
7,19145,141
7,19146,70
7,19147,90
7,19148,128
7,19149,64
7,19150,115
7,19151,90
7,19152,218
7,19153,103
7,19154,77
7,19155,70
7,19156,83
7,19157,89
7,19158,64
7,19159,70
7,19160,57
7,19161,76
7,19162,76
7,19163,115
7,19164,211
7,19165,64
7,19166,51
7,19167,115
7,19168,128
7,19169,57
7,19170,19
7,19171,71
7,19172,13
7,19173,128
7,19174,77
7,19175,121
7,19176,122
7,19177,103
7,19178,141
7,19179,160
7,19180,83
7,19181,71
7,19182,160
7,19183,179
7,19184,64
7,19185,45
7,19186,58
7,19187,109
7,19188,320
7,19189,71
7,19190,121
7,19191,-32
7,19192,422
7,19193,115
7,19194,121
7,19195,153
7,19196,77
7,19197,96
7,19198,153
7,19199,115
7,19200,77
7,19201,96
7,19202,71
7,19203,-64
7,19204,77
7,19205,103
7,19206,135
7,19207,147
7,19208,109
7,19209,58
7,19210,109
7,19211,109
7,19212,83
7,19213,38
7,19214,198
7,19215,160
7,19216,167
7,19217,51
7,19218,128
7,19219,77
7,19220,166
7,19221,115
7,19222,90
7,19223,-64
7,19224,192
7,19225,244
7,19226,403
7,19227,128
7,19228,109
7,19229,-51
7,19230,179
7,19231,121
7,19232,64
7,19233,58
7,19234,51
7,19235,-38
7,19236,122
7,19237,39
7,19238,70
7,19239,58
7,19240,58
7,19241,109
7,19242,102
7,19243,102
7,19244,83
7,19245,121
7,19246,122
7,19247,148
7,19248,83
7,19249,90
7,19250,71
7,19251,70
7,19252,64
7,19253,70
7,19254,64
7,19255,39
7,19256,365
7,19257,109
7,19258,359
7,19259,64
7,19260,147
7,19261,57
7,19262,51
7,19263,58
7,19264,96
7,19265,64
7,19266,103
7,19267,57
7,19268,96
7,19269,154
7,19270,122
7,19271,160
7,19272,122
7,19273,845
7,19274,109
7,19275,781
7,19276,173
7,19277,147
7,19278,116
7,19279,160
7,19280,115
7,19281,70
7,19282,153
7,19283,70
7,19284,134
7,19285,64
7,19286,102
7,19287,83
7,19288,122
7,19289,-45
7,19290,122
7,19291,160
7,19292,211
7,19293,153
7,19294,141
7,19295,102
7,19296,102
7,19297,109
7,19298,70
7,19299,70
7,19300,90
7,19301,96
7,19302,84
7,19303,90
7,19304,134
7,19305,160
7,19306,64
7,19307,141
7,19308,173
7,19309,109
7,19310,103
7,19311,128
7,19312,64
7,19313,39
7,19314,64
7,19315,83
7,19316,64
7,19317,64
7,19318,166
7,19319,77
7,19320,192
7,19321,122
7,19322,121
7,19323,153
7,19324,166
7,19325,-7
7,19326,192
7,19327,160
7,19328,84
7,19329,83
7,19330,102
7,19331,83
7,19332,71
7,19333,102
7,19334,64
7,19335,122
7,19336,199
7,19337,58
7,19338,19
7,19339,179
7,19340,26
7,19341,160
7,19342,58
7,19343,166
7,19344,58
7,19345,96
7,19346,173
7,19347,89
7,19348,141
7,19349,141
7,19350,115
7,19351,51
7,19352,160
7,19353,51
7,19354,128
7,19355,122
7,19356,122
7,19357,122
7,19358,173
7,19359,121
7,19360,186
7,19361,89
7,19362,173
7,19363,134
7,19364,160
7,19365,83
7,19366,173
7,19367,243
7,19368,115
7,19369,109
7,19370,122
7,19371,179
7,19372,185
7,19373,205
7,19374,77
7,19375,58
7,19376,109
7,19377,102
7,19378,211
7,19379,121
7,19380,148
7,19381,140
7,19382,77
7,19383,-38
7,19384,102
7,19385,25
7,19386,64
7,19387,103
7,19388,64
7,19389,58
7,19390,25
7,19391,102
7,19392,-45
7,19393,45
7,19394,-19
7,19395,45
7,19396,102
7,19397,19
7,19398,352
7,19399,83
7,19400,90
7,19401,70
7,19402,89
7,19403,371
7,19404,160
7,19405,83
7,19406,109
7,19407,377
7,19408,160
7,19409,141
7,19410,25
7,19411,109
7,19412,166
7,19413,58
7,19414,64
7,19415,90
7,19416,70
7,19417,160
7,19418,76
7,19419,173
7,19420,166
7,19421,90
7,19422,57
7,19423,115
7,19424,58
7,19425,237
7,19426,-32
7,19427,141
7,19428,58
7,19429,57
7,19430,70
7,19431,116
7,19432,115
7,19433,122
7,19434,89
7,19435,70
7,19436,-45
7,19437,76
7,19438,52
7,19439,109
7,19440,-211
7,19441,96
7,19442,90
7,19443,96
7,19444,121
7,19445,103
7,19446,26
7,19447,153
7,19448,154
7,19449,186
7,19450,148
7,19451,307
7,19452,179
7,19453,102
7,19454,-749
7,19455,167
7,19456,102
7,19457,58
7,19458,378
7,19459,134
7,19460,71
7,19461,71
7,19462,25
7,19463,128
7,19464,121
7,19465,58
7,19466,269
7,19467,51
7,19468,115
7,19469,58
7,19470,109
7,19471,115
7,19472,103
7,19473,70
7,19474,102
7,19475,77
7,19476,121
7,19477,57
7,19478,108
7,19479,89
7,19480,141
7,19481,90
7,19482,90
7,19483,115
7,19484,211
7,19485,83
7,19486,19
7,19487,141
7,19488,116
7,19489,109
7,19490,166
7,19491,103
7,19492,167
7,19493,173
7,19494,96
7,19495,115
7,19496,71
7,19497,103
7,19498,141
7,19499,64
7,19500,109
7,19501,109
7,19502,70
7,19503,135
7,19504,64
7,19505,45
7,19506,179
7,19507,160
7,19508,166
7,19509,141
7,19510,115
7,19511,166
7,19512,140
7,19513,32
7,19514,70
7,19515,96
7,19516,160
7,19517,58
7,19518,58
7,19519,109
7,19520,45
7,19521,32
7,19522,57
7,19523,109
7,19524,64
7,19525,26
7,19526,102
7,19527,167
7,19528,90
7,19529,64
7,19530,768
7,19531,71
7,19532,109
7,19533,115
7,19534,141
7,19535,-32
7,19536,115
7,19537,96
7,19538,19
7,19539,77
7,19540,102
7,19541,153
7,19542,179
7,19543,70
7,19544,109
7,19545,128
7,19546,333
7,19547,153
7,19548,128
7,19549,109
7,19550,218
7,19551,122
7,19552,166
7,19553,70
7,19554,115
7,19555,64
7,19556,77
7,19557,71
7,19558,64
7,19559,166
7,19560,153
7,19561,199
7,19562,371
7,19563,103
7,19564,153
7,19565,51
7,19566,166
7,19567,173
7,19568,96
7,19569,58
7,19570,154
7,19571,-12
7,19572,45
7,19573,52
7,19574,109
7,19575,70
7,19576,135
7,19577,154
7,19578,378
7,19579,154
7,19580,160
7,19581,52
7,19582,397
7,19583,128
7,19584,58
7,19585,-38
7,19586,160
7,19587,38
7,19588,58
7,19589,205
7,19590,115
7,19591,147
7,19592,384
7,19593,307
7,19594,96
7,19595,103
7,19596,83
7,19597,89
7,19598,109
7,19599,71
7,19600,96
7,19601,115
7,19602,71
7,19603,83
7,19604,218
7,19605,198
7,19606,185
7,19607,153
7,19608,192
7,19609,51
7,19610,19
7,19611,25
7,19612,102
7,19613,32
7,19614,364
7,19615,77
7,19616,90
7,19617,128
7,19618,83
7,19619,160
7,19620,121
7,19621,83
7,19622,172
7,19623,83
7,19624,116
7,19625,192
7,19626,103
7,19627,109
7,19628,77
7,19629,52
7,19630,-32
7,19631,134
7,19632,44
7,19633,90
7,19634,64
7,19635,134
7,19636,109
7,19637,141
7,19638,83
7,19639,77
7,19640,109
7,19641,205
7,19642,64
7,19643,160
7,19644,83
7,19645,58
7,19646,58
7,19647,64
7,19648,90
7,19649,52
7,19650,51
7,19651,77
7,19652,-45
7,19653,64
7,19654,58
7,19655,64
7,19656,109
7,19657,154
7,19658,77
7,19659,154
7,19660,167
7,19661,109
7,19662,115
7,19663,205
7,19664,76
7,19665,58
7,19666,32
7,19667,-26
7,19668,339
7,19669,96
7,19670,160
7,19671,-70
7,19672,135
7,19673,212
7,19674,115
7,19675,83
7,19676,109
7,19677,160
7,19678,173
7,19679,77
7,19680,115
7,19681,96
7,19682,32
7,19683,70
7,19684,51
7,19685,115
7,19686,173
7,19687,-19
7,19688,83
7,19689,115
7,19690,173
7,19691,173
7,19692,211
7,19693,-51
7,19694,108
7,19695,198
7,19696,166
7,19697,51
7,19698,-38
7,19699,147
7,19700,211
7,19701,51
7,19702,70
7,19703,71
7,19704,51
7,19705,96
7,19706,128
7,19707,122
7,19708,167
7,19709,51
7,19710,179
7,19711,70
7,19712,77
7,19713,32
7,19714,83
7,19715,83
7,19716,64
7,19717,103
7,19718,115
7,19719,115
7,19720,121
7,19721,103
7,19722,115
7,19723,102
7,19724,147
7,19725,84
7,19726,90
7,19727,167
7,19728,64
7,19729,70
7,19730,96
7,19731,58
7,19732,58
7,19733,102
7,19734,147
7,19735,64
7,19736,77
7,19737,116
7,19738,70
7,19739,122
7,19740,70
7,19741,45
7,19742,25
7,19743,90
7,19744,122
7,19745,58
7,19746,-20
7,19747,185
7,19748,403
7,19749,-45
7,19750,58
7,19751,109
7,19752,-13
7,19753,116
7,19754,102
7,19755,64
7,19756,141
7,19757,102
7,19758,179
7,19759,115
7,19760,38
7,19761,32
7,19762,25
7,19763,122
7,19764,230
7,19765,57
7,19766,-64
7,19767,115
7,19768,70
7,19769,122
7,19770,166
7,19771,83
7,19772,147
7,19773,108
7,19774,205
7,19775,90
7,19776,102
7,19777,-6
7,19778,71
7,19779,51
7,19780,51
7,19781,154
7,19782,51
7,19783,115
7,19784,115
7,19785,838
7,19786,141
7,19787,768
7,19788,365
7,19789,115
7,19790,115
7,19791,217
7,19792,122
7,19793,109
7,19794,38
7,19795,115
7,19796,58
7,19797,109
7,19798,211
7,19799,173
7,19800,128
7,19801,109
7,19802,77
7,19803,199
7,19804,103
7,19805,172
7,19806,102
7,19807,147
7,19808,102
7,19809,64
7,19810,51
7,19811,64
7,19812,90
7,19813,109
7,19814,121
7,19815,70
7,19816,160
7,19817,38
7,19818,147
7,19819,134
7,19820,179
7,19821,147
7,19822,121
7,19823,167
7,19824,167
7,19825,128
7,19826,371
7,19827,141
7,19828,64
7,19829,96
7,19830,173
7,19831,103
7,19832,115
7,19833,122
7,19834,109
7,19835,135
7,19836,154
7,19837,32
7,19838,109
7,19839,96
7,19840,275
7,19841,115
7,19842,19
7,19843,109
7,19844,109
7,19845,186
7,19846,115
7,19847,77
7,19848,160
7,19849,64
7,19850,147
7,19851,64
7,19852,71
7,19853,71
7,19854,51
7,19855,64
7,19856,38
7,19857,160
7,19858,-25
7,19859,83
7,19860,58
7,19861,115
7,19862,77
7,19863,128
7,19864,122
7,19865,70
7,19866,64
7,19867,102
7,19868,109
7,19869,109
7,19870,192
7,19871,76
7,19872,128
7,19873,141
7,19874,128
7,19875,160
7,19876,153
7,19877,134
7,19878,179
7,19879,301
7,19880,116
7,19881,64
7,19882,160
7,19883,122
7,19884,115
7,19885,109
7,19886,109
7,19887,141
7,19888,64
7,19889,96
7,19890,89
7,19891,185
7,19892,70
7,19893,96
7,19894,83
7,19895,115
7,19896,83
7,19897,38
7,19898,57
7,19899,70
7,19900,-39
7,19901,51
7,19902,71
7,19903,64
7,19904,-51
7,19905,121
7,19906,19
7,19907,109
7,19908,57
7,19909,108
7,19910,-64
7,19911,135
7,19912,167
7,19913,166
7,19914,166
7,19915,115
7,19916,173
7,19917,109
7,19918,109
7,19919,90
7,19920,122
7,19921,83
7,19922,39
7,19923,147
7,19924,76
7,19925,52
7,19926,166
7,19927,115
7,19928,45
7,19929,109
7,19930,352
7,19931,160
7,19932,244
7,19933,109
7,19934,51
7,19935,96
7,19936,58
7,19937,19
7,19938,77
7,19939,122
7,19940,109
7,19941,103
7,19942,-64
7,19943,109
7,19944,70
7,19945,102
7,19946,115
7,19947,384
7,19948,-44
7,19949,77
7,19950,116
7,19951,141
7,19952,109
7,19953,44
7,19954,102
7,19955,153
7,19956,57
7,19957,154
7,19958,186
7,19959,103
7,19960,115
7,19961,147
7,19962,141
7,19963,167
7,19964,135
7,19965,148
7,19966,205
7,19967,70
7,19968,173
7,19969,116
7,19970,167
7,19971,147
7,19972,141
7,19973,116
7,19974,148
7,19975,160
7,19976,153
7,19977,109
7,19978,71
7,19979,192
7,19980,160
7,19981,128
7,19982,102
7,19983,44
7,19984,25
7,19985,109
7,19986,160
7,19987,122
7,19988,115
7,19989,26
7,19990,90
7,19991,83
7,19992,115
7,19993,102
7,19994,96
7,19995,102
7,19996,71
7,19997,89
7,19998,-25
7,19999,83
7,20000,173
8,1,-441
8,2,166
8,3,77
8,4,38
8,5,52
8,6,32
8,7,-243
8,8,70
8,9,45
8,10,64
8,11,71
8,12,51
8,13,26
8,14,51
8,15,64
8,16,39
8,17,339
8,18,218
8,19,-198
8,20,256
8,21,218
8,22,173
8,23,58
8,24,64
8,25,115
8,26,58
8,27,-45
8,28,89
8,29,26
8,30,275
8,31,57
8,32,77
8,33,51
8,34,13
8,35,32
8,36,301
8,37,116
8,38,186
8,39,211
8,40,173
8,41,263
8,42,800
8,43,147
8,44,115
8,45,109
8,46,32
8,47,58
8,48,102
8,49,-52
8,50,45
8,51,26
8,52,57
8,53,64
8,54,166
8,55,102
8,56,26
8,57,44
8,58,70
8,59,83
8,60,90
8,61,352
8,62,77
8,63,-205
8,64,154
8,65,148
8,66,26
8,67,51
8,68,57
8,69,70
8,70,71
8,71,64
8,72,26
8,73,109
8,74,58
8,75,96
8,76,45
8,77,211
8,78,180
8,79,83
8,80,103
8,81,25
8,82,58
8,83,51
8,84,365
8,85,39
8,86,64
8,87,58
8,88,32
8,89,25
8,90,96
8,91,83
8,92,103
8,93,378
8,94,102
8,95,108
8,96,70
8,97,64
8,98,186
8,99,83
8,100,32
8,101,26
8,102,109
8,103,77
8,104,-52
8,105,-32
8,106,32
8,107,51
8,108,51
8,109,64
8,110,224
8,111,166
8,112,83
8,113,217
8,114,89
8,115,116
8,116,140
8,117,26
8,118,64
8,119,263
8,120,115
8,121,45
8,122,51
8,123,64
8,124,58
8,125,-26
8,126,70
8,127,64
8,128,64
8,129,83
8,130,25
8,131,128
8,132,160
8,133,71
8,134,57
8,135,109
8,136,-45
8,137,-32
8,138,25
8,139,32
8,140,-32
8,141,-52
8,142,39
8,143,39
8,144,64
8,145,77
8,146,58
8,147,83
8,148,109
8,149,96
8,150,70
8,151,103
8,152,83
8,153,58
8,154,51
8,155,71
8,156,25
8,157,32
8,158,64
8,159,64
8,160,77
8,161,71
8,162,32
8,163,-52
8,164,45
8,165,160
8,166,64
8,167,71
8,168,70
8,169,90
8,170,89
8,171,147
8,172,103
8,173,218
8,174,32
8,175,211
8,176,77
8,177,52
8,178,26
8,179,25
8,180,89
8,181,70
8,182,167
8,183,19
8,184,26
8,185,77
8,186,109
8,187,108
8,188,128
8,189,83
8,190,179
8,191,-256
8,192,230
8,193,211
8,194,51
8,195,58
8,196,204
8,197,198
8,198,218
8,199,173
8,200,160
8,201,70
8,202,147
8,203,77
8,204,64
8,205,160
8,206,83
8,207,70
8,208,212
8,209,-52
8,210,198
8,211,19
8,212,58
8,213,121
8,214,557
8,215,19
8,216,57
8,217,96
8,218,51
8,219,-217
8,220,70
8,221,32
8,222,70
8,223,102
8,224,77
8,225,57
8,226,154
8,227,160
8,228,52
8,229,32
8,230,71
8,231,64
8,232,90
8,233,51
8,234,58
8,235,64
8,236,205
8,237,218
8,238,58
8,239,64
8,240,90
8,241,51
8,242,64
8,243,102
8,244,89
8,245,57
8,246,64
8,247,51
8,248,39
8,249,64
8,250,102
8,251,103
8,252,51
8,253,-19
8,254,148
8,255,71
8,256,153
8,257,44
8,258,25
8,259,199
8,260,38
8,261,-44
8,262,64
8,263,71
8,264,64
8,265,154
8,266,204
8,267,32
8,268,173
8,269,172
8,270,26
8,271,89
8,272,77
8,273,51
8,274,39
8,275,115
8,276,64
8,277,45
8,278,57
8,279,76
8,280,64
8,281,64
8,282,71
8,283,38
8,284,192
8,285,58
8,286,122
8,287,-231
8,288,224
8,289,326
8,290,57
8,291,26
8,292,64
8,293,58
8,294,115
8,295,115
8,296,39
8,297,820
8,298,26
8,299,775
8,300,64
8,301,70
8,302,160
8,303,64
8,304,141
8,305,307
8,306,-26
8,307,26
8,308,77
8,309,45
8,310,32
8,311,89
8,312,70
8,313,71
8,314,64
8,315,57
8,316,109
8,317,115
8,318,90
8,319,116
8,320,64
8,321,58
8,322,-51
8,323,26
8,324,38
8,325,307
8,326,51
8,327,71
8,328,115
8,329,96
8,330,109
8,331,58
8,332,-44
8,333,218
8,334,64
8,335,218
8,336,115
8,337,26
8,338,-13
8,339,-26
8,340,51
8,341,-51
8,342,121
8,343,51
8,344,44
8,345,51
8,346,70
8,347,70
8,348,134
8,349,77
8,350,128
8,351,173
8,352,64
8,353,122
8,354,205
8,355,121
8,356,90
8,357,52
8,358,109
8,359,77
8,360,58
8,361,96
8,362,64
8,363,58
8,364,58
8,365,109
8,366,25
8,367,90
8,368,64
8,369,96
8,370,26
8,371,77
8,372,109
8,373,-39
8,374,109
8,375,70
8,376,83
8,377,19
8,378,51
8,379,57
8,380,71
8,381,64
8,382,71
8,383,-288
8,384,90
8,385,-26
8,386,109
8,387,102
8,388,58
8,389,51
8,390,39
8,391,77
8,392,108
8,393,52
8,394,249
8,395,25
8,396,166
8,397,179
8,398,51
8,399,51
8,400,-44
8,401,96
8,402,38
8,403,108
8,404,115
8,405,-352
8,406,64
8,407,70
8,408,57
8,409,26
8,410,19
8,411,32
8,412,64
8,413,25
8,414,20
8,415,-192
8,416,90
8,417,77
8,418,205
8,419,-288
8,420,77
8,421,38
8,422,77
8,423,45
8,424,70
8,425,64
8,426,205
8,427,269
8,428,109
8,429,205
8,430,103
8,431,-217
8,432,102
8,433,96
8,434,64
8,435,26
8,436,51
8,437,115
8,438,70
8,439,83
8,440,64
8,441,122
8,442,70
8,443,115
8,444,70
8,445,96
8,446,70
8,447,135
8,448,96
8,449,38
8,450,26
8,451,32
8,452,51
8,453,52
8,454,58
8,455,26
8,456,327
8,457,96
8,458,70
8,459,84
8,460,109
8,461,71
8,462,320
8,463,359
8,464,52
8,465,26
8,466,57
8,467,32
8,468,52
8,469,32
8,470,76
8,471,57
8,472,64
8,473,116
8,474,109
8,475,102
8,476,64
8,477,172
8,478,121
8,479,-51
8,480,108
8,481,90
8,482,90
8,483,121
8,484,115
8,485,109
8,486,19
8,487,83
8,488,-115
8,489,384
8,490,96
8,491,64
8,492,57
8,493,32
8,494,58
8,495,58
8,496,64
8,497,211
8,498,64
8,499,71
8,500,211
8,501,108
8,502,102
8,503,115
8,504,77
8,505,359
8,506,32
8,507,64
8,508,70
8,509,346
8,510,58
8,511,102
8,512,70
8,513,51
8,514,52
8,515,320
8,516,89
8,517,77
8,518,115
8,519,122
8,520,-192
8,521,71
8,522,64
8,523,51
8,524,103
8,525,58
8,526,64
8,527,71
8,528,58
8,529,103
8,530,115
8,531,173
8,532,39
8,533,64
8,534,70
8,535,96
8,536,39
8,537,51
8,538,25
8,539,70
8,540,660
8,541,160
8,542,-51
8,543,19
8,544,166
8,545,109
8,546,96
8,547,314
8,548,-32
8,549,115
8,550,64
8,551,173
8,552,115
8,553,108
8,554,780
8,555,108
8,556,109
8,557,122
8,558,122
8,559,45
8,560,70
8,561,57
8,562,77
8,563,154
8,564,57
8,565,102
8,566,19
8,567,109
8,568,102
8,569,-45
8,570,83
8,571,115
8,572,103
8,573,83
8,574,-26
8,575,141
8,576,128
8,577,102
8,578,58
8,579,102
8,580,57
8,581,70
8,582,71
8,583,70
8,584,134
8,585,102
8,586,71
8,587,147
8,588,153
8,589,122
8,590,71
8,591,115
8,592,116
8,593,51
8,594,25
8,595,211
8,596,57
8,597,83
8,598,96
8,599,103
8,600,25
8,601,153
8,602,103
8,603,128
8,604,160
8,605,115
8,606,32
8,607,135
8,608,103
8,609,103
8,610,186
8,611,70
8,612,147
8,613,64
8,614,173
8,615,371
8,616,-45
8,617,141
8,618,51
8,619,26
8,620,89
8,621,185
8,622,160
8,623,90
8,624,57
8,625,199
8,626,410
8,627,109
8,628,45
8,629,160
8,630,77
8,631,-32
8,632,167
8,633,122
8,634,64
8,635,58
8,636,121
8,637,166
8,638,109
8,639,84
8,640,38
8,641,115
8,642,148
8,643,153
8,644,166
8,645,173
8,646,109
8,647,160
8,648,128
8,649,51
8,650,64
8,651,102
8,652,70
8,653,-32
8,654,179
8,655,109
8,656,102
8,657,160
8,658,205
8,659,141
8,660,-38
8,661,237
8,662,205
8,663,121
8,664,77
8,665,58
8,666,26
8,667,32
8,668,38
8,669,108
8,670,58
8,671,103
8,672,109
8,673,51
8,674,396
8,675,84
8,676,45
8,677,96
8,678,64
8,679,64
8,680,218
8,681,115
8,682,122
8,683,147
8,684,166
8,685,77
8,686,160
8,687,250
8,688,346
8,689,-7
8,690,84
8,691,109
8,692,115
8,693,90
8,694,192
8,695,83
8,696,109
8,697,77
8,698,103
8,699,128
8,700,218
8,701,147
8,702,83
8,703,122
8,704,115
8,705,90
8,706,64
8,707,51
8,708,128
8,709,116
8,710,77
8,711,160
8,712,108
8,713,192
8,714,109
8,715,115
8,716,128
8,717,103
8,718,19
8,719,135
8,720,83
8,721,-51
8,722,141
8,723,25
8,724,116
8,725,148
8,726,167
8,727,26
8,728,89
8,729,205
8,730,102
8,731,166
8,732,179
8,733,83
8,734,96
8,735,230
8,736,141
8,737,160
8,738,525
8,739,108
8,740,70
8,741,109
8,742,109
8,743,122
8,744,147
8,745,115
8,746,83
8,747,172
8,748,122
8,749,108
8,750,109
8,751,83
8,752,186
8,753,115
8,754,64
8,755,102
8,756,96
8,757,96
8,758,166
8,759,76
8,760,154
8,761,96
8,762,64
8,763,109
8,764,147
8,765,51
8,766,122
8,767,128
8,768,218
8,769,96
8,770,26
8,771,57
8,772,64
8,773,167
8,774,134
8,775,70
8,776,45
8,777,84
8,778,51
8,779,192
8,780,71
8,781,64
8,782,64
8,783,64
8,784,153
8,785,102
8,786,58
8,787,83
8,788,83
8,789,109
8,790,51
8,791,116
8,792,109
8,793,192
8,794,77
8,795,103
8,796,115
8,797,122
8,798,122
8,799,109
8,800,109
8,801,51
8,802,77
8,803,70
8,804,153
8,805,103
8,806,51
8,807,45
8,808,109
8,809,794
8,810,140
8,811,768
8,812,115
8,813,77
8,814,103
8,815,134
8,816,102
8,817,39
8,818,13
8,819,135
8,820,122
8,821,166
8,822,70
8,823,128
8,824,51
8,825,52
8,826,89
8,827,102
8,828,173
8,829,83
8,830,166
8,831,25
8,832,102
8,833,109
8,834,45
8,835,25
8,836,70
8,837,128
8,838,26
8,839,135
8,840,83
8,841,180
8,842,64
8,843,160
8,844,160
8,845,237
8,846,135
8,847,217
8,848,147
8,849,70
8,850,32
8,851,166
8,852,70
8,853,-39
8,854,77
8,855,128
8,856,38
8,857,57
8,858,160
8,859,192
8,860,103
8,861,128
8,862,64
8,863,173
8,864,147
8,865,109
8,866,115
8,867,122
8,868,108
8,869,250
8,870,134
8,871,109
8,872,211
8,873,262
8,874,64
8,875,39
8,876,102
8,877,122
8,878,140
8,879,84
8,880,115
8,881,71
8,882,128
8,883,166
8,884,51
8,885,96
8,886,212
8,887,154
8,888,64
8,889,109
8,890,116
8,891,45
8,892,134
8,893,134
8,894,115
8,895,262
8,896,58
8,897,172
8,898,102
8,899,96
8,900,243
8,901,160
8,902,141
8,903,135
8,904,153
8,905,64
8,906,64
8,907,64
8,908,51
8,909,121
8,910,154
8,911,103
8,912,122
8,913,83
8,914,103
8,915,115
8,916,166
8,917,108
8,918,71
8,919,115
8,920,115
8,921,96
8,922,83
8,923,89
8,924,115
8,925,96
8,926,-51
8,927,83
8,928,198
8,929,45
8,930,154
8,931,153
8,932,154
8,933,38
8,934,89
8,935,89
8,936,57
8,937,256
8,938,179
8,939,153
8,940,166
8,941,45
8,942,115
8,943,90
8,944,128
8,945,109
8,946,64
8,947,90
8,948,84
8,949,96
8,950,121
8,951,103
8,952,128
8,953,211
8,954,122
8,955,160
8,956,109
8,957,147
8,958,77
8,959,77
8,960,218
8,961,-26
8,962,96
8,963,160
8,964,-32
8,965,71
8,966,71
8,967,90
8,968,102
8,969,166
8,970,32
8,971,154
8,972,115
8,973,57
8,974,173
8,975,109
8,976,77
8,977,51
8,978,109
8,979,198
8,980,153
8,981,122
8,982,192
8,983,-115
8,984,365
8,985,371
8,986,38
8,987,153
8,988,103
8,989,115
8,990,64
8,991,103
8,992,160
8,993,102
8,994,116
8,995,77
8,996,147
8,997,58
8,998,64
8,999,-64
8,1000,192
8,1001,51
8,1002,-45
8,1003,84
8,1004,121
8,1005,51
8,1006,64
8,1007,32
8,1008,38
8,1009,109
8,1010,90
8,1011,64
8,1012,262
8,1013,166
8,1014,109
8,1015,103
8,1016,-58
8,1017,57
8,1018,115
8,1019,71
8,1020,109
8,1021,-20
8,1022,83
8,1023,26
8,1024,71
8,1025,128
8,1026,52
8,1027,64
8,1028,115
8,1029,58
8,1030,103
8,1031,76
8,1032,-51
8,1033,45
8,1034,83
8,1035,32
8,1036,108
8,1037,307
8,1038,70
8,1039,44
8,1040,275
8,1041,217
8,1042,102
8,1043,76
8,1044,115
8,1045,108
8,1046,109
8,1047,102
8,1048,77
8,1049,109
8,1050,134
8,1051,166
8,1052,147
8,1053,-25
8,1054,96
8,1055,19
8,1056,108
8,1057,51
8,1058,77
8,1059,-44
8,1060,134
8,1061,71
8,1062,326
8,1063,102
8,1064,-26
8,1065,-26
8,1066,806
8,1067,84
8,1068,89
8,1069,122
8,1070,160
8,1071,135
8,1072,166
8,1073,211
8,1074,32
8,1075,39
8,1076,32
8,1077,58
8,1078,26
8,1079,32
8,1080,122
8,1081,173
8,1082,205
8,1083,147
8,1084,116
8,1085,25
8,1086,269
8,1087,102
8,1088,122
8,1089,89
8,1090,51
8,1091,-64
8,1092,51
8,1093,96
8,1094,173
8,1095,96
8,1096,57
8,1097,64
8,1098,89
8,1099,51
8,1100,90
8,1101,26
8,1102,205
8,1103,122
8,1104,141
8,1105,58
8,1106,108
8,1107,77
8,1108,108
8,1109,269
8,1110,115
8,1111,147
8,1112,38
8,1113,384
8,1114,160
8,1115,102
8,1116,288
8,1117,83
8,1118,122
8,1119,102
8,1120,147
8,1121,109
8,1122,167
8,1123,26
8,1124,172
8,1125,109
8,1126,212
8,1127,109
8,1128,77
8,1129,83
8,1130,116
8,1131,26
8,1132,339
8,1133,108
8,1134,173
8,1135,44
8,1136,288
8,1137,134
8,1138,153
8,1139,83
8,1140,71
8,1141,52
8,1142,103
8,1143,83
8,1144,115
8,1145,-25
8,1146,-13
8,1147,84
8,1148,115
8,1149,64
8,1150,218
8,1151,102
8,1152,135
8,1153,51
8,1154,109
8,1155,52
8,1156,147
8,1157,109
8,1158,166
8,1159,160
8,1160,224
8,1161,38
8,1162,64
8,1163,58
8,1164,57
8,1165,90
8,1166,115
8,1167,109
8,1168,154
8,1169,64
8,1170,166
8,1171,128
8,1172,141
8,1173,141
8,1174,346
8,1175,-45
8,1176,135
8,1177,115
8,1178,90
8,1179,51
8,1180,70
8,1181,51
8,1182,153
8,1183,109
8,1184,51
8,1185,-32
8,1186,77
8,1187,76
8,1188,77
8,1189,51
8,1190,122
8,1191,128
8,1192,103
8,1193,51
8,1194,77
8,1195,230
8,1196,77
8,1197,51
8,1198,160
8,1199,141
8,1200,64
8,1201,58
8,1202,121
8,1203,90
8,1204,77
8,1205,-7
8,1206,64
8,1207,83
8,1208,57
8,1209,51
8,1210,102
8,1211,135
8,1212,122
8,1213,77
8,1214,32
8,1215,70
8,1216,108
8,1217,-32
8,1218,84
8,1219,108
8,1220,140
8,1221,365
8,1222,166
8,1223,52
8,1224,115
8,1225,84
8,1226,128
8,1227,332
8,1228,102
8,1229,77
8,1230,115
8,1231,71
8,1232,103
8,1233,25
8,1234,160
8,1235,103
8,1236,115
8,1237,45
8,1238,90
8,1239,26
8,1240,84
8,1241,96
8,1242,134
8,1243,135
8,1244,109
8,1245,51
8,1246,231
8,1247,58
8,1248,102
8,1249,-7
8,1250,166
8,1251,115
8,1252,115
8,1253,109
8,1254,205
8,1255,198
8,1256,58
8,1257,103
8,1258,121
8,1259,64
8,1260,115
8,1261,51
8,1262,115
8,1263,-19
8,1264,103
8,1265,390
8,1266,173
8,1267,121
8,1268,116
8,1269,32
8,1270,77
8,1271,58
8,1272,122
8,1273,109
8,1274,57
8,1275,147
8,1276,192
8,1277,103
8,1278,167
8,1279,121
8,1280,115
8,1281,45
8,1282,96
8,1283,51
8,1284,77
8,1285,70
8,1286,96
8,1287,108
8,1288,-205
8,1289,70
8,1290,160
8,1291,166
8,1292,70
8,1293,51
8,1294,96
8,1295,64
8,1296,121
8,1297,51
8,1298,109
8,1299,39
8,1300,122
8,1301,57
8,1302,76
8,1303,77
8,1304,83
8,1305,96
8,1306,70
8,1307,108
8,1308,70
8,1309,102
8,1310,122
8,1311,83
8,1312,122
8,1313,58
8,1314,71
8,1315,64
8,1316,64
8,1317,32
8,1318,103
8,1319,205
8,1320,166
8,1321,812
8,1322,166
8,1323,884
8,1324,102
8,1325,57
8,1326,173
8,1327,25
8,1328,122
8,1329,38
8,1330,64
8,1331,19
8,1332,51
8,1333,96
8,1334,57
8,1335,77
8,1336,122
8,1337,115
8,1338,186
8,1339,147
8,1340,64
8,1341,83
8,1342,390
8,1343,147
8,1344,122
8,1345,64
8,1346,96
8,1347,70
8,1348,121
8,1349,58
8,1350,58
8,1351,32
8,1352,71
8,1353,109
8,1354,154
8,1355,77
8,1356,64
8,1357,217
8,1358,102
8,1359,-39
8,1360,128
8,1361,51
8,1362,64
8,1363,20
8,1364,45
8,1365,90
8,1366,154
8,1367,-32
8,1368,96
8,1369,70
8,1370,166
8,1371,102
8,1372,199
8,1373,64
8,1374,359
8,1375,64
8,1376,83
8,1377,153
8,1378,121
8,1379,115
8,1380,409
8,1381,115
8,1382,71
8,1383,58
8,1384,109
8,1385,51
8,1386,57
8,1387,51
8,1388,70
8,1389,71
8,1390,83
8,1391,19
8,1392,103
8,1393,70
8,1394,166
8,1395,301
8,1396,160
8,1397,128
8,1398,135
8,1399,115
8,1400,128
8,1401,51
8,1402,-25
8,1403,89
8,1404,71
8,1405,134
8,1406,198
8,1407,57
8,1408,121
8,1409,70
8,1410,179
8,1411,128
8,1412,180
8,1413,51
8,1414,167
8,1415,186
8,1416,128
8,1417,102
8,1418,64
8,1419,52
8,1420,51
8,1421,32
8,1422,96
8,1423,45
8,1424,58
8,1425,39
8,1426,51
8,1427,77
8,1428,116
8,1429,109
8,1430,64
8,1431,135
8,1432,115
8,1433,32
8,1434,147
8,1435,26
8,1436,154
8,1437,262
8,1438,64
8,1439,64
8,1440,122
8,1441,32
8,1442,141
8,1443,51
8,1444,13
8,1445,89
8,1446,90
8,1447,57
8,1448,102
8,1449,71
8,1450,-32
8,1451,121
8,1452,115
8,1453,77
8,1454,108
8,1455,147
8,1456,121
8,1457,51
8,1458,180
8,1459,26
8,1460,-38
8,1461,58
8,1462,122
8,1463,70
8,1464,51
8,1465,109
8,1466,115
8,1467,180
8,1468,154
8,1469,64
8,1470,122
8,1471,103
8,1472,128
8,1473,39
8,1474,83
8,1475,77
8,1476,6
8,1477,45
8,1478,26
8,1479,109
8,1480,83
8,1481,71
8,1482,96
8,1483,173
8,1484,115
8,1485,-58
8,1486,140
8,1487,115
8,1488,167
8,1489,58
8,1490,83
8,1491,45
8,1492,115
8,1493,89
8,1494,32
8,1495,307
8,1496,-45
8,1497,185
8,1498,115
8,1499,96
8,1500,89
8,1501,147
8,1502,128
8,1503,26
8,1504,140
8,1505,70
8,1506,134
8,1507,173
8,1508,212
8,1509,90
8,1510,198
8,1511,83
8,1512,122
8,1513,148
8,1514,141
8,1515,115
8,1516,134
8,1517,160
8,1518,166
8,1519,58
8,1520,166
8,1521,186
8,1522,166
8,1523,121
8,1524,153
8,1525,122
8,1526,173
8,1527,90
8,1528,102
8,1529,96
8,1530,115
8,1531,32
8,1532,77
8,1533,57
8,1534,96
8,1535,19
8,1536,160
8,1537,51
8,1538,115
8,1539,64
8,1540,83
8,1541,102
8,1542,167
8,1543,89
8,1544,76
8,1545,96
8,1546,96
8,1547,64
8,1548,147
8,1549,-38
8,1550,122
8,1551,44
8,1552,103
8,1553,96
8,1554,160
8,1555,192
8,1556,115
8,1557,77
8,1558,-19
8,1559,77
8,1560,83
8,1561,64
8,1562,109
8,1563,26
8,1564,77
8,1565,90
8,1566,58
8,1567,26
8,1568,108
8,1569,51
8,1570,160
8,1571,71
8,1572,57
8,1573,122
8,1574,70
8,1575,96
8,1576,122
8,1577,115
8,1578,787
8,1579,109
8,1580,172
8,1581,45
8,1582,192
8,1583,51
8,1584,64
8,1585,45
8,1586,57
8,1587,-25
8,1588,83
8,1589,115
8,1590,378
8,1591,128
8,1592,115
8,1593,115
8,1594,51
8,1595,224
8,1596,250
8,1597,122
8,1598,147
8,1599,154
8,1600,134
8,1601,64
8,1602,141
8,1603,45
8,1604,148
8,1605,76
8,1606,121
8,1607,115
8,1608,96
8,1609,71
8,1610,77
8,1611,192
8,1612,89
8,1613,109
8,1614,115
8,1615,186
8,1616,147
8,1617,333
8,1618,-45
8,1619,83
8,1620,109
8,1621,51
8,1622,64
8,1623,13
8,1624,103
8,1625,64
8,1626,128
8,1627,90
8,1628,147
8,1629,70
8,1630,52
8,1631,71
8,1632,122
8,1633,51
8,1634,211
8,1635,76
8,1636,108
8,1637,115
8,1638,160
8,1639,71
8,1640,122
8,1641,90
8,1642,57
8,1643,70
8,1644,58
8,1645,102
8,1646,180
8,1647,116
8,1648,108
8,1649,70
8,1650,128
8,1651,58
8,1652,172
8,1653,102
8,1654,134
8,1655,64
8,1656,83
8,1657,44
8,1658,121
8,1659,19
8,1660,128
8,1661,51
8,1662,166
8,1663,64
8,1664,64
8,1665,115
8,1666,109
8,1667,160
8,1668,128
8,1669,89
8,1670,26
8,1671,64
8,1672,115
8,1673,51
8,1674,45
8,1675,25
8,1676,313
8,1677,51
8,1678,64
8,1679,173
8,1680,96
8,1681,58
8,1682,147
8,1683,77
8,1684,64
8,1685,-26
8,1686,160
8,1687,103
8,1688,167
8,1689,70
8,1690,77
8,1691,83
8,1692,153
8,1693,-25
8,1694,122
8,1695,281
8,1696,102
8,1697,-52
8,1698,122
8,1699,172
8,1700,173
8,1701,172
8,1702,64
8,1703,83
8,1704,70
8,1705,109
8,1706,32
8,1707,64
8,1708,38
8,1709,83
8,1710,141
8,1711,58
8,1712,70
8,1713,96
8,1714,102
8,1715,64
8,1716,64
8,1717,32
8,1718,70
8,1719,38
8,1720,58
8,1721,205
8,1722,90
8,1723,128
8,1724,116
8,1725,84
8,1726,141
8,1727,64
8,1728,102
8,1729,70
8,1730,89
8,1731,70
8,1732,52
8,1733,77
8,1734,109
8,1735,121
8,1736,58
8,1737,57
8,1738,128
8,1739,109
8,1740,134
8,1741,83
8,1742,141
8,1743,128
8,1744,122
8,1745,77
8,1746,83
8,1747,115
8,1748,109
8,1749,58
8,1750,102
8,1751,70
8,1752,51
8,1753,44
8,1754,116
8,1755,-51
8,1756,154
8,1757,115
8,1758,64
8,1759,121
8,1760,108
8,1761,32
8,1762,89
8,1763,51
8,1764,160
8,1765,57
8,1766,51
8,1767,90
8,1768,83
8,1769,96
8,1770,64
8,1771,58
8,1772,147
8,1773,64
8,1774,71
8,1775,166
8,1776,77
8,1777,96
8,1778,121
8,1779,70
8,1780,153
8,1781,83
8,1782,230
8,1783,154
8,1784,154
8,1785,70
8,1786,84
8,1787,109
8,1788,102
8,1789,108
8,1790,192
8,1791,70
8,1792,103
8,1793,58
8,1794,141
8,1795,83
8,1796,58
8,1797,38
8,1798,64
8,1799,64
8,1800,115
8,1801,64
8,1802,166
8,1803,231
8,1804,83
8,1805,64
8,1806,121
8,1807,96
8,1808,90
8,1809,102
8,1810,64
8,1811,32
8,1812,77
8,1813,58
8,1814,121
8,1815,77
8,1816,102
8,1817,51
8,1818,90
8,1819,96
8,1820,121
8,1821,314
8,1822,217
8,1823,115
8,1824,57
8,1825,103
8,1826,109
8,1827,51
8,1828,39
8,1829,26
8,1830,77
8,1831,58
8,1832,166
8,1833,780
8,1834,154
8,1835,755
8,1836,128
8,1837,160
8,1838,70
8,1839,122
8,1840,141
8,1841,45
8,1842,83
8,1843,26
8,1844,128
8,1845,57
8,1846,108
8,1847,26
8,1848,102
8,1849,64
8,1850,64
8,1851,51
8,1852,96
8,1853,128
8,1854,166
8,1855,116
8,1856,173
8,1857,64
8,1858,160
8,1859,352
8,1860,64
8,1861,51
8,1862,173
8,1863,64
8,1864,102
8,1865,115
8,1866,179
8,1867,128
8,1868,96
8,1869,96
8,1870,115
8,1871,115
8,1872,89
8,1873,96
8,1874,102
8,1875,371
8,1876,147
8,1877,160
8,1878,198
8,1879,205
8,1880,128
8,1881,51
8,1882,185
8,1883,147
8,1884,103
8,1885,96
8,1886,45
8,1887,57
8,1888,153
8,1889,58
8,1890,173
8,1891,275
8,1892,-39
8,1893,109
8,1894,-218
8,1895,-198
8,1896,70
8,1897,90
8,1898,185
8,1899,83
8,1900,51
8,1901,198
8,1902,109
8,1903,199
8,1904,71
8,1905,51
8,1906,212
8,1907,90
8,1908,141
8,1909,39
8,1910,173
8,1911,70
8,1912,64
8,1913,212
8,1914,77
8,1915,13
8,1916,45
8,1917,26
8,1918,77
8,1919,96
8,1920,166
8,1921,128
8,1922,77
8,1923,122
8,1924,160
8,1925,58
8,1926,134
8,1927,103
8,1928,141
8,1929,70
8,1930,64
8,1931,77
8,1932,76
8,1933,57
8,1934,64
8,1935,57
8,1936,51
8,1937,52
8,1938,109
8,1939,64
8,1940,44
8,1941,58
8,1942,70
8,1943,52
8,1944,109
8,1945,-135
8,1946,26
8,1947,25
8,1948,76
8,1949,64
8,1950,115
8,1951,32
8,1952,166
8,1953,89
8,1954,103
8,1955,26
8,1956,166
8,1957,58
8,1958,20
8,1959,371
8,1960,128
8,1961,64
8,1962,212
8,1963,71
8,1964,115
8,1965,-39
8,1966,198
8,1967,83
8,1968,172
8,1969,96
8,1970,83
8,1971,32
8,1972,64
8,1973,32
8,1974,71
8,1975,122
8,1976,115
8,1977,-26
8,1978,192
8,1979,160
8,1980,134
8,1981,128
8,1982,160
8,1983,83
8,1984,83
8,1985,51
8,1986,90
8,1987,25
8,1988,39
8,1989,109
8,1990,96
8,1991,115
8,1992,103
8,1993,52
8,1994,153
8,1995,77
8,1996,109
8,1997,44
8,1998,179
8,1999,128
8,2000,96
8,2001,77
8,2002,173
8,2003,77
8,2004,70
8,2005,89
8,2006,122
8,2007,77
8,2008,64
8,2009,83
8,2010,185
8,2011,167
8,2012,148
8,2013,96
8,2014,141
8,2015,153
8,2016,154
8,2017,89
8,2018,173
8,2019,109
8,2020,128
8,2021,26
8,2022,333
8,2023,57
8,2024,122
8,2025,64
8,2026,58
8,2027,51
8,2028,71
8,2029,51
8,2030,89
8,2031,102
8,2032,345
8,2033,153
8,2034,109
8,2035,70
8,2036,134
8,2037,371
8,2038,173
8,2039,-51
8,2040,71
8,2041,38
8,2042,160
8,2043,58
8,2044,109
8,2045,44
8,2046,122
8,2047,64
8,2048,58
8,2049,77
8,2050,134
8,2051,141
8,2052,313
8,2053,204
8,2054,179
8,2055,115
8,2056,179
8,2057,205
8,2058,237
8,2059,122
8,2060,109
8,2061,58
8,2062,141
8,2063,77
8,2064,38
8,2065,147
8,2066,141
8,2067,160
8,2068,122
8,2069,116
8,2070,96
8,2071,83
8,2072,52
8,2073,44
8,2074,83
8,2075,327
8,2076,160
8,2077,45
8,2078,32
8,2079,96
8,2080,205
8,2081,121
8,2082,140
8,2083,76
8,2084,90
8,2085,32
8,2086,179
8,2087,77
8,2088,64
8,2089,71
8,2090,800
8,2091,128
8,2092,103
8,2093,96
8,2094,128
8,2095,76
8,2096,122
8,2097,45
8,2098,83
8,2099,70
8,2100,58
8,2101,26
8,2102,109
8,2103,102
8,2104,134
8,2105,57
8,2106,141
8,2107,153
8,2108,115
8,2109,64
8,2110,224
8,2111,102
8,2112,64
8,2113,58
8,2114,64
8,2115,70
8,2116,77
8,2117,52
8,2118,166
8,2119,58
8,2120,154
8,2121,109
8,2122,179
8,2123,166
8,2124,166
8,2125,64
8,2126,167
8,2127,96
8,2128,83
8,2129,51
8,2130,103
8,2131,115
8,2132,51
8,2133,-25
8,2134,89
8,2135,89
8,2136,103
8,2137,109
8,2138,128
8,2139,122
8,2140,77
8,2141,77
8,2142,204
8,2143,-39
8,2144,186
8,2145,-19
8,2146,147
8,2147,64
8,2148,122
8,2149,167
8,2150,172
8,2151,115
8,2152,128
8,2153,45
8,2154,160
8,2155,327
8,2156,83
8,2157,109
8,2158,199
8,2159,103
8,2160,103
8,2161,134
8,2162,141
8,2163,32
8,2164,128
8,2165,52
8,2166,71
8,2167,51
8,2168,44
8,2169,45
8,2170,147
8,2171,64
8,2172,122
8,2173,172
8,2174,230
8,2175,25
8,2176,109
8,2177,51
8,2178,211
8,2179,109
8,2180,153
8,2181,51
8,2182,166
8,2183,109
8,2184,84
8,2185,-38
8,2186,128
8,2187,-13
8,2188,71
8,2189,51
8,2190,167
8,2191,-64
8,2192,135
8,2193,84
8,2194,77
8,2195,166
8,2196,102
8,2197,-25
8,2198,135
8,2199,76
8,2200,96
8,2201,26
8,2202,160
8,2203,32
8,2204,51
8,2205,45
8,2206,26
8,2207,58
8,2208,96
8,2209,51
8,2210,109
8,2211,26
8,2212,-32
8,2213,64
8,2214,109
8,2215,77
8,2216,-32
8,2217,77
8,2218,64
8,2219,45
8,2220,70
8,2221,102
8,2222,352
8,2223,90
8,2224,58
8,2225,51
8,2226,51
8,2227,70
8,2228,57
8,2229,57
8,2230,96
8,2231,77
8,2232,96
8,2233,-38
8,2234,313
8,2235,71
8,2236,128
8,2237,19
8,2238,153
8,2239,96
8,2240,76
8,2241,103
8,2242,128
8,2243,96
8,2244,135
8,2245,103
8,2246,83
8,2247,147
8,2248,71
8,2249,-26
8,2250,134
8,2251,121
8,2252,103
8,2253,32
8,2254,115
8,2255,154
8,2256,90
8,2257,77
8,2258,160
8,2259,70
8,2260,307
8,2261,51
8,2262,109
8,2263,122
8,2264,64
8,2265,96
8,2266,115
8,2267,102
8,2268,58
8,2269,-19
8,2270,173
8,2271,64
8,2272,77
8,2273,115
8,2274,115
8,2275,96
8,2276,64
8,2277,57
8,2278,64
8,2279,64
8,2280,51
8,2281,-26
8,2282,173
8,2283,116
8,2284,109
8,2285,76
8,2286,205
8,2287,109
8,2288,76
8,2289,108
8,2290,211
8,2291,90
8,2292,58
8,2293,51
8,2294,173
8,2295,57
8,2296,198
8,2297,96
8,2298,128
8,2299,77
8,2300,51
8,2301,90
8,2302,51
8,2303,147
8,2304,58
8,2305,45
8,2306,128
8,2307,102
8,2308,115
8,2309,57
8,2310,57
8,2311,96
8,2312,51
8,2313,96
8,2314,166
8,2315,64
8,2316,109
8,2317,96
8,2318,198
8,2319,32
8,2320,167
8,2321,45
8,2322,109
8,2323,116
8,2324,58
8,2325,64
8,2326,192
8,2327,64
8,2328,211
8,2329,76
8,2330,128
8,2331,102
8,2332,128
8,2333,96
8,2334,166
8,2335,102
8,2336,77
8,2337,90
8,2338,116
8,2339,52
8,2340,64
8,2341,180
8,2342,77
8,2343,365
8,2344,77
8,2345,793
8,2346,116
8,2347,838
8,2348,102
8,2349,217
8,2350,96
8,2351,96
8,2352,128
8,2353,102
8,2354,115
8,2355,109
8,2356,154
8,2357,109
8,2358,372
8,2359,109
8,2360,115
8,2361,128
8,2362,211
8,2363,51
8,2364,115
8,2365,-39
8,2366,186
8,2367,141
8,2368,83
8,2369,64
8,2370,64
8,2371,51
8,2372,103
8,2373,32
8,2374,198
8,2375,359
8,2376,109
8,2377,-32
8,2378,185
8,2379,103
8,2380,115
8,2381,32
8,2382,250
8,2383,83
8,2384,403
8,2385,25
8,2386,160
8,2387,70
8,2388,58
8,2389,13
8,2390,160
8,2391,64
8,2392,109
8,2393,51
8,2394,147
8,2395,83
8,2396,377
8,2397,51
8,2398,198
8,2399,103
8,2400,103
8,2401,51
8,2402,116
8,2403,-51
8,2404,32
8,2405,199
8,2406,204
8,2407,57
8,2408,153
8,2409,-58
8,2410,147
8,2411,160
8,2412,51
8,2413,102
8,2414,64
8,2415,102
8,2416,57
8,2417,122
8,2418,103
8,2419,77
8,2420,96
8,2421,109
8,2422,371
8,2423,128
8,2424,128
8,2425,141
8,2426,160
8,2427,13
8,2428,154
8,2429,51
8,2430,166
8,2431,70
8,2432,141
8,2433,134
8,2434,167
8,2435,-64
8,2436,141
8,2437,108
8,2438,185
8,2439,134
8,2440,83
8,2441,51
8,2442,115
8,2443,45
8,2444,64
8,2445,-32
8,2446,108
8,2447,58
8,2448,44
8,2449,32
8,2450,116
8,2451,154
8,2452,89
8,2453,39
8,2454,84
8,2455,109
8,2456,83
8,2457,26
8,2458,147
8,2459,25
8,2460,115
8,2461,19
8,2462,77
8,2463,26
8,2464,141
8,2465,51
8,2466,122
8,2467,121
8,2468,108
8,2469,83
8,2470,19
8,2471,83
8,2472,89
8,2473,76
8,2474,70
8,2475,115
8,2476,179
8,2477,84
8,2478,64
8,2479,122
8,2480,115
8,2481,51
8,2482,147
8,2483,76
8,2484,76
8,2485,51
8,2486,102
8,2487,90
8,2488,76
8,2489,115
8,2490,185
8,2491,90
8,2492,128
8,2493,64
8,2494,173
8,2495,76
8,2496,83
8,2497,122
8,2498,128
8,2499,64
8,2500,154
8,2501,109
8,2502,116
8,2503,103
8,2504,211
8,2505,115
8,2506,134
8,2507,64
8,2508,147
8,2509,51
8,2510,77
8,2511,45
8,2512,173
8,2513,45
8,2514,57
8,2515,115
8,2516,51
8,2517,109
8,2518,25
8,2519,58
8,2520,154
8,2521,116
8,2522,109
8,2523,102
8,2524,204
8,2525,96
8,2526,192
8,2527,320
8,2528,102
8,2529,102
8,2530,160
8,2531,128
8,2532,134
8,2533,90
8,2534,199
8,2535,135
8,2536,140
8,2537,96
8,2538,269
8,2539,128
8,2540,192
8,2541,38
8,2542,204
8,2543,108
8,2544,122
8,2545,-58
8,2546,186
8,2547,134
8,2548,167
8,2549,77
8,2550,-26
8,2551,141
8,2552,153
8,2553,96
8,2554,122
8,2555,115
8,2556,115
8,2557,26
8,2558,134
8,2559,96
8,2560,-77
8,2561,147
8,2562,256
8,2563,57
8,2564,160
8,2565,314
8,2566,128
8,2567,77
8,2568,134
8,2569,64
8,2570,102
8,2571,109
8,2572,-45
8,2573,64
8,2574,211
8,2575,64
8,2576,32
8,2577,57
8,2578,141
8,2579,109
8,2580,115
8,2581,160
8,2582,134
8,2583,115
8,2584,103
8,2585,83
8,2586,116
8,2587,25
8,2588,77
8,2589,32
8,2590,52
8,2591,51
8,2592,288
8,2593,26
8,2594,76
8,2595,51
8,2596,167
8,2597,44
8,2598,89
8,2599,102
8,2600,116
8,2601,173
8,2602,774
8,2603,205
8,2604,121
8,2605,108
8,2606,115
8,2607,166
8,2608,121
8,2609,52
8,2610,26
8,2611,39
8,2612,263
8,2613,51
8,2614,51
8,2615,122
8,2616,154
8,2617,108
8,2618,249
8,2619,263
8,2620,64
8,2621,192
8,2622,217
8,2623,83
8,2624,64
8,2625,44
8,2626,25
8,2627,58
8,2628,83
8,2629,70
8,2630,122
8,2631,58
8,2632,77
8,2633,58
8,2634,77
8,2635,147
8,2636,109
8,2637,32
8,2638,51
8,2639,115
8,2640,-39
8,2641,45
8,2642,64
8,2643,25
8,2644,135
8,2645,-71
8,2646,173
8,2647,64
8,2648,115
8,2649,103
8,2650,109
8,2651,166
8,2652,147
8,2653,205
8,2654,70
8,2655,166
8,2656,45
8,2657,96
8,2658,154
8,2659,39
8,2660,102
8,2661,70
8,2662,108
8,2663,64
8,2664,173
8,2665,25
8,2666,-32
8,2667,44
8,2668,45
8,2669,102
8,2670,51
8,2671,167
8,2672,-26
8,2673,128
8,2674,179
8,2675,121
8,2676,96
8,2677,135
8,2678,109
8,2679,90
8,2680,135
8,2681,102
8,2682,121
8,2683,19
8,2684,70
8,2685,57
8,2686,314
8,2687,109
8,2688,-32
8,2689,32
8,2690,909
8,2691,109
8,2692,90
8,2693,77
8,2694,160
8,2695,340
8,2696,57
8,2697,167
8,2698,172
8,2699,51
8,2700,102
8,2701,45
8,2702,77
8,2703,76
8,2704,109
8,2705,77
8,2706,160
8,2707,103
8,2708,109
8,2709,102
8,2710,166
8,2711,115
8,2712,83
8,2713,58
8,2714,122
8,2715,19
8,2716,84
8,2717,-7
8,2718,89
8,2719,102
8,2720,103
8,2721,96
8,2722,64
8,2723,26
8,2724,51
8,2725,58
8,2726,90
8,2727,32
8,2728,71
8,2729,359
8,2730,108
8,2731,84
8,2732,64
8,2733,116
8,2734,205
8,2735,52
8,2736,77
8,2737,90
8,2738,77
8,2739,-38
8,2740,416
8,2741,147
8,2742,52
8,2743,166
8,2744,64
8,2745,-32
8,2746,435
8,2747,212
8,2748,185
8,2749,103
8,2750,147
8,2751,70
8,2752,103
8,2753,32
8,2754,160
8,2755,-32
8,2756,121
8,2757,89
8,2758,39
8,2759,153
8,2760,365
8,2761,90
8,2762,243
8,2763,76
8,2764,211
8,2765,58
8,2766,51
8,2767,102
8,2768,103
8,2769,45
8,2770,64
8,2771,-57
8,2772,77
8,2773,19
8,2774,13
8,2775,77
8,2776,122
8,2777,109
8,2778,160
8,2779,109
8,2780,90
8,2781,-20
8,2782,198
8,2783,58
8,2784,115
8,2785,71
8,2786,128
8,2787,57
8,2788,58
8,2789,51
8,2790,250
8,2791,70
8,2792,256
8,2793,89
8,2794,154
8,2795,128
8,2796,109
8,2797,103
8,2798,115
8,2799,77
8,2800,115
8,2801,83
8,2802,122
8,2803,83
8,2804,58
8,2805,45
8,2806,26
8,2807,64
8,2808,102
8,2809,160
8,2810,141
8,2811,102
8,2812,32
8,2813,77
8,2814,224
8,2815,83
8,2816,19
8,2817,51
8,2818,103
8,2819,103
8,2820,108
8,2821,51
8,2822,-25
8,2823,358
8,2824,141
8,2825,52
8,2826,32
8,2827,77
8,2828,32
8,2829,96
8,2830,70
8,2831,154
8,2832,64
8,2833,52
8,2834,64
8,2835,115
8,2836,90
8,2837,83
8,2838,96
8,2839,76
8,2840,96
8,2841,26
8,2842,58
8,2843,231
8,2844,141
8,2845,390
8,2846,51
8,2847,256
8,2848,51
8,2849,25
8,2850,64
8,2851,-13
8,2852,77
8,2853,64
8,2854,518
8,2855,57
8,2856,211
8,2857,793
8,2858,237
8,2859,781
8,2860,102
8,2861,83
8,2862,231
8,2863,211
8,2864,269
8,2865,198
8,2866,25
8,2867,153
8,2868,71
8,2869,173
8,2870,58
8,2871,160
8,2872,115
8,2873,45
8,2874,122
8,2875,64
8,2876,96
8,2877,51
8,2878,141
8,2879,64
8,2880,64
8,2881,51
8,2882,167
8,2883,51
8,2884,96
8,2885,90
8,2886,57
8,2887,122
8,2888,103
8,2889,58
8,2890,154
8,2891,58
8,2892,186
8,2893,52
8,2894,160
8,2895,148
8,2896,371
8,2897,90
8,2898,185
8,2899,26
8,2900,64
8,2901,32
8,2902,90
8,2903,83
8,2904,58
8,2905,90
8,2906,83
8,2907,121
8,2908,128
8,2909,89
8,2910,70
8,2911,109
8,2912,256
8,2913,135
8,2914,128
8,2915,115
8,2916,128
8,2917,275
8,2918,115
8,2919,-45
8,2920,77
8,2921,51
8,2922,115
8,2923,103
8,2924,32
8,2925,70
8,2926,90
8,2927,38
8,2928,275
8,2929,205
8,2930,134
8,2931,90
8,2932,122
8,2933,211
8,2934,345
8,2935,83
8,2936,121
8,2937,51
8,2938,109
8,2939,96
8,2940,58
8,2941,122
8,2942,102
8,2943,64
8,2944,109
8,2945,51
8,2946,121
8,2947,102
8,2948,90
8,2949,147
8,2950,32
8,2951,320
8,2952,77
8,2953,58
8,2954,58
8,2955,64
8,2956,51
8,2957,108
8,2958,153
8,2959,96
8,2960,122
8,2961,45
8,2962,275
8,2963,180
8,2964,147
8,2965,64
8,2966,115
8,2967,71
8,2968,154
8,2969,38
8,2970,19
8,2971,58
8,2972,218
8,2973,64
8,2974,166
8,2975,45
8,2976,64
8,2977,96
8,2978,128
8,2979,13
8,2980,32
8,2981,154
8,2982,102
8,2983,32
8,2984,103
8,2985,64
8,2986,167
8,2987,26
8,2988,211
8,2989,44
8,2990,108
8,2991,116
8,2992,64
8,2993,32
8,2994,96
8,2995,57
8,2996,45
8,2997,51
8,2998,77
8,2999,64
8,3000,7
8,3001,160
8,3002,371
8,3003,103
8,3004,57
8,3005,58
8,3006,19
8,3007,57
8,3008,96
8,3009,346
8,3010,-64
8,3011,96
8,3012,96
8,3013,166
8,3014,26
8,3015,64
8,3016,71
8,3017,109
8,3018,147
8,3019,115
8,3020,64
8,3021,70
8,3022,96
8,3023,230
8,3024,-39
8,3025,96
8,3026,128
8,3027,58
8,3028,121
8,3029,205
8,3030,109
8,3031,102
8,3032,38
8,3033,141
8,3034,147
8,3035,64
8,3036,115
8,3037,77
8,3038,141
8,3039,26
8,3040,58
8,3041,-38
8,3042,185
8,3043,109
8,3044,115
8,3045,58
8,3046,58
8,3047,26
8,3048,160
8,3049,32
8,3050,199
8,3051,121
8,3052,20
8,3053,109
8,3054,160
8,3055,19
8,3056,96
8,3057,76
8,3058,121
8,3059,115
8,3060,115
8,3061,109
8,3062,64
8,3063,122
8,3064,90
8,3065,51
8,3066,115
8,3067,64
8,3068,122
8,3069,115
8,3070,83
8,3071,-64
8,3072,192
8,3073,76
8,3074,-19
8,3075,115
8,3076,102
8,3077,-38
8,3078,147
8,3079,45
8,3080,211
8,3081,58
8,3082,147
8,3083,64
8,3084,109
8,3085,57
8,3086,64
8,3087,76
8,3088,71
8,3089,70
8,3090,128
8,3091,109
8,3092,154
8,3093,58
8,3094,141
8,3095,103
8,3096,108
8,3097,51
8,3098,147
8,3099,230
8,3100,128
8,3101,64
8,3102,121
8,3103,-45
8,3104,109
8,3105,64
8,3106,141
8,3107,51
8,3108,64
8,3109,121
8,3110,134
8,3111,58
8,3112,173
8,3113,109
8,3114,774
8,3115,89
8,3116,179
8,3117,134
8,3118,166
8,3119,122
8,3120,103
8,3121,51
8,3122,154
8,3123,58
8,3124,70
8,3125,108
8,3126,51
8,3127,109
8,3128,166
8,3129,64
8,3130,179
8,3131,70
8,3132,90
8,3133,377
8,3134,108
8,3135,-64
8,3136,173
8,3137,57
8,3138,102
8,3139,71
8,3140,77
8,3141,58
8,3142,26
8,3143,96
8,3144,352
8,3145,256
8,3146,141
8,3147,116
8,3148,64
8,3149,134
8,3150,32
8,3151,103
8,3152,109
8,3153,102
8,3154,179
8,3155,52
8,3156,64
8,3157,32
8,3158,179
8,3159,308
8,3160,205
8,3161,140
8,3162,128
8,3163,102
8,3164,90
8,3165,115
8,3166,141
8,3167,205
8,3168,109
8,3169,58
8,3170,218
8,3171,25
8,3172,102
8,3173,109
8,3174,172
8,3175,57
8,3176,83
8,3177,51
8,3178,128
8,3179,64
8,3180,51
8,3181,236
8,3182,134
8,3183,71
8,3184,109
8,3185,134
8,3186,148
8,3187,70
8,3188,122
8,3189,70
8,3190,218
8,3191,115
8,3192,339
8,3193,-6
8,3194,185
8,3195,44
8,3196,115
8,3197,102
8,3198,198
8,3199,57
8,3200,64
8,3201,32
8,3202,64
8,3203,70
8,3204,45
8,3205,160
8,3206,109
8,3207,179
8,3208,109
8,3209,-32
8,3210,128
8,3211,64
8,3212,109
8,3213,64
8,3214,76
8,3215,102
8,3216,122
8,3217,58
8,3218,51
8,3219,64
8,3220,160
8,3221,141
8,3222,83
8,3223,115
8,3224,76
8,3225,38
8,3226,64
8,3227,83
8,3228,-39
8,3229,45
8,3230,-32
8,3231,128
8,3232,96
8,3233,57
8,3234,64
8,3235,19
8,3236,70
8,3237,45
8,3238,160
8,3239,122
8,3240,44
8,3241,90
8,3242,96
8,3243,154
8,3244,70
8,3245,108
8,3246,160
8,3247,109
8,3248,109
8,3249,32
8,3250,58
8,3251,-19
8,3252,115
8,3253,32
8,3254,198
8,3255,58
8,3256,70
8,3257,371
8,3258,179
8,3259,115
8,3260,115
8,3261,121
8,3262,102
8,3263,108
8,3264,71
8,3265,45
8,3266,263
8,3267,109
8,3268,173
8,3269,52
8,3270,84
8,3271,26
8,3272,115
8,3273,102
8,3274,173
8,3275,109
8,3276,121
8,3277,96
8,3278,205
8,3279,109
8,3280,96
8,3281,20
8,3282,-333
8,3283,26
8,3284,32
8,3285,89
8,3286,-205
8,3287,64
8,3288,128
8,3289,38
8,3290,109
8,3291,115
8,3292,102
8,3293,51
8,3294,32
8,3295,116
8,3296,-45
8,3297,90
8,3298,147
8,3299,32
8,3300,115
8,3301,160
8,3302,186
8,3303,378
8,3304,205
8,3305,77
8,3306,64
8,3307,76
8,3308,115
8,3309,70
8,3310,224
8,3311,-19
8,3312,96
8,3313,64
8,3314,103
8,3315,96
8,3316,70
8,3317,192
8,3318,167
8,3319,365
8,3320,70
8,3321,135
8,3322,135
8,3323,70
8,3324,90
8,3325,96
8,3326,185
8,3327,-211
8,3328,38
8,3329,45
8,3330,172
8,3331,96
8,3332,116
8,3333,141
8,3334,205
8,3335,205
8,3336,77
8,3337,45
8,3338,148
8,3339,70
8,3340,115
8,3341,89
8,3342,134
8,3343,83
8,3344,102
8,3345,39
8,3346,160
8,3347,185
8,3348,44
8,3349,45
8,3350,122
8,3351,109
8,3352,128
8,3353,83
8,3354,122
8,3355,109
8,3356,166
8,3357,243
8,3358,160
8,3359,-32
8,3360,89
8,3361,83
8,3362,71
8,3363,64
8,3364,51
8,3365,64
8,3366,102
8,3367,45
8,3368,109
8,3369,794
8,3370,71
8,3371,793
8,3372,102
8,3373,115
8,3374,173
8,3375,109
8,3376,121
8,3377,32
8,3378,-44
8,3379,76
8,3380,58
8,3381,269
8,3382,154
8,3383,115
8,3384,115
8,3385,64
8,3386,83
8,3387,122
8,3388,45
8,3389,52
8,3390,173
8,3391,89
8,3392,77
8,3393,70
8,3394,153
8,3395,51
8,3396,57
8,3397,89
8,3398,58
8,3399,71
8,3400,96
8,3401,115
8,3402,186
8,3403,76
8,3404,115
8,3405,51
8,3406,224
8,3407,84
8,3408,122
8,3409,58
8,3410,192
8,3411,77
8,3412,58
8,3413,-13
8,3414,256
8,3415,115
8,3416,108
8,3417,115
8,3418,154
8,3419,96
8,3420,102
8,3421,45
8,3422,103
8,3423,-205
8,3424,96
8,3425,115
8,3426,128
8,3427,166
8,3428,96
8,3429,141
8,3430,115
8,3431,70
8,3432,83
8,3433,115
8,3434,160
8,3435,45
8,3436,58
8,3437,58
8,3438,64
8,3439,109
8,3440,71
8,3441,83
8,3442,179
8,3443,109
8,3444,77
8,3445,250
8,3446,154
8,3447,77
8,3448,128
8,3449,83
8,3450,153
8,3451,45
8,3452,77
8,3453,38
8,3454,211
8,3455,109
8,3456,70
8,3457,390
8,3458,153
8,3459,84
8,3460,103
8,3461,102
8,3462,115
8,3463,57
8,3464,115
8,3465,26
8,3466,70
8,3467,64
8,3468,64
8,3469,57
8,3470,-13
8,3471,32
8,3472,45
8,3473,-38
8,3474,186
8,3475,83
8,3476,51
8,3477,282
8,3478,-44
8,3479,77
8,3480,58
8,3481,-32
8,3482,90
8,3483,-19
8,3484,70
8,3485,134
8,3486,102
8,3487,57
8,3488,51
8,3489,26
8,3490,147
8,3491,96
8,3492,12
8,3493,160
8,3494,64
8,3495,64
8,3496,57
8,3497,71
8,3498,70
8,3499,102
8,3500,115
8,3501,96
8,3502,115
8,3503,26
8,3504,-44
8,3505,45
8,3506,116
8,3507,64
8,3508,58
8,3509,122
8,3510,166
8,3511,116
8,3512,122
8,3513,198
8,3514,147
8,3515,121
8,3516,96
8,3517,70
8,3518,166
8,3519,84
8,3520,154
8,3521,-20
8,3522,135
8,3523,70
8,3524,51
8,3525,39
8,3526,148
8,3527,19
8,3528,90
8,3529,102
8,3530,217
8,3531,96
8,3532,108
8,3533,51
8,3534,38
8,3535,64
8,3536,64
8,3537,19
8,3538,89
8,3539,121
8,3540,83
8,3541,58
8,3542,134
8,3543,89
8,3544,89
8,3545,128
8,3546,314
8,3547,-57
8,3548,64
8,3549,96
8,3550,166
8,3551,-38
8,3552,102
8,3553,128
8,3554,179
8,3555,122
8,3556,102
8,3557,25
8,3558,128
8,3559,103
8,3560,83
8,3561,-26
8,3562,141
8,3563,71
8,3564,121
8,3565,26
8,3566,52
8,3567,71
8,3568,122
8,3569,141
8,3570,121
8,3571,121
8,3572,96
8,3573,96
8,3574,116
8,3575,307
8,3576,167
8,3577,58
8,3578,294
8,3579,25
8,3580,109
8,3581,64
8,3582,115
8,3583,64
8,3584,44
8,3585,122
8,3586,141
8,3587,77
8,3588,115
8,3589,180
8,3590,167
8,3591,128
8,3592,416
8,3593,64
8,3594,77
8,3595,140
8,3596,109
8,3597,64
8,3598,116
8,3599,77
8,3600,64
8,3601,103
8,3602,121
8,3603,83
8,3604,108
8,3605,89
8,3606,96
8,3607,102
8,3608,38
8,3609,83
8,3610,167
8,3611,32
8,3612,781
8,3613,38
8,3614,26
8,3615,185
8,3616,198
8,3617,58
8,3618,122
8,3619,64
8,3620,122
8,3621,64
8,3622,77
8,3623,58
8,3624,121
8,3625,371
8,3626,857
8,3627,116
8,3628,167
8,3629,160
8,3630,102
8,3631,64
8,3632,109
8,3633,70
8,3634,147
8,3635,64
8,3636,57
8,3637,77
8,3638,83
8,3639,102
8,3640,141
8,3641,103
8,3642,128
8,3643,103
8,3644,77
8,3645,102
8,3646,211
8,3647,70
8,3648,122
8,3649,77
8,3650,32
8,3651,364
8,3652,25
8,3653,70
8,3654,167
8,3655,-19
8,3656,135
8,3657,96
8,3658,109
8,3659,64
8,3660,103
8,3661,64
8,3662,204
8,3663,128
8,3664,160
8,3665,115
8,3666,77
8,3667,108
8,3668,134
8,3669,38
8,3670,167
8,3671,77
8,3672,51
8,3673,96
8,3674,115
8,3675,51
8,3676,167
8,3677,96
8,3678,205
8,3679,71
8,3680,103
8,3681,140
8,3682,64
8,3683,83
8,3684,115
8,3685,148
8,3686,160
8,3687,70
8,3688,186
8,3689,64
8,3690,154
8,3691,52
8,3692,115
8,3693,109
8,3694,263
8,3695,115
8,3696,109
8,3697,96
8,3698,167
8,3699,384
8,3700,147
8,3701,166
8,3702,211
8,3703,32
8,3704,166
8,3705,102
8,3706,64
8,3707,52
8,3708,153
8,3709,154
8,3710,172
8,3711,32
8,3712,51
8,3713,109
8,3714,102
8,3715,83
8,3716,135
8,3717,172
8,3718,121
8,3719,83
8,3720,70
8,3721,-32
8,3722,32
8,3723,19
8,3724,45
8,3725,-52
8,3726,64
8,3727,102
8,3728,115
8,3729,96
8,3730,83
8,3731,122
8,3732,96
8,3733,179
8,3734,147
8,3735,89
8,3736,358
8,3737,-32
8,3738,32
8,3739,26
8,3740,32
8,3741,52
8,3742,-45
8,3743,77
8,3744,109
8,3745,83
8,3746,-38
8,3747,115
8,3748,32
8,3749,64
8,3750,58
8,3751,115
8,3752,167
8,3753,141
8,3754,83
8,3755,83
8,3756,96
8,3757,167
8,3758,52
8,3759,64
8,3760,64
8,3761,71
8,3762,211
8,3763,269
8,3764,147
8,3765,102
8,3766,166
8,3767,90
8,3768,135
8,3769,64
8,3770,211
8,3771,179
8,3772,173
8,3773,141
8,3774,199
8,3775,109
8,3776,122
8,3777,51
8,3778,121
8,3779,32
8,3780,77
8,3781,64
8,3782,134
8,3783,121
8,3784,90
8,3785,116
8,3786,148
8,3787,172
8,3788,122
8,3789,148
8,3790,121
8,3791,154
8,3792,121
8,3793,45
8,3794,26
8,3795,19
8,3796,52
8,3797,38
8,3798,217
8,3799,116
8,3800,116
8,3801,116
8,3802,217
8,3803,64
8,3804,180
8,3805,108
8,3806,83
8,3807,102
8,3808,-45
8,3809,103
8,3810,173
8,3811,19
8,3812,115
8,3813,58
8,3814,135
8,3815,71
8,3816,90
8,3817,96
8,3818,160
8,3819,58
8,3820,115
8,3821,51
8,3822,102
8,3823,71
8,3824,115
8,3825,64
8,3826,115
8,3827,128
8,3828,96
8,3829,96
8,3830,153
8,3831,44
8,3832,109
8,3833,57
8,3834,109
8,3835,19
8,3836,76
8,3837,64
8,3838,198
8,3839,57
8,3840,314
8,3841,26
8,3842,64
8,3843,77
8,3844,173
8,3845,45
8,3846,64
8,3847,70
8,3848,109
8,3849,25
8,3850,115
8,3851,90
8,3852,128
8,3853,58
8,3854,199
8,3855,90
8,3856,109
8,3857,64
8,3858,77
8,3859,64
8,3860,64
8,3861,-39
8,3862,141
8,3863,58
8,3864,52
8,3865,102
8,3866,160
8,3867,57
8,3868,160
8,3869,64
8,3870,147
8,3871,-52
8,3872,77
8,3873,307
8,3874,147
8,3875,26
8,3876,167
8,3877,352
8,3878,70
8,3879,128
8,3880,180
8,3881,800
8,3882,185
8,3883,794
8,3884,109
8,3885,90
8,3886,115
8,3887,115
8,3888,378
8,3889,90
8,3890,109
8,3891,115
8,3892,153
8,3893,71
8,3894,160
8,3895,70
8,3896,122
8,3897,77
8,3898,71
8,3899,256
8,3900,128
8,3901,83
8,3902,128
8,3903,269
8,3904,205
8,3905,51
8,3906,141
8,3907,25
8,3908,115
8,3909,109
8,3910,-141
8,3911,134
8,3912,199
8,3913,147
8,3914,160
8,3915,281
8,3916,211
8,3917,70
8,3918,211
8,3919,116
8,3920,134
8,3921,51
8,3922,121
8,3923,84
8,3924,103
8,3925,58
8,3926,172
8,3927,76
8,3928,58
8,3929,51
8,3930,64
8,3931,109
8,3932,115
8,3933,128
8,3934,140
8,3935,236
8,3936,26
8,3937,-26
8,3938,192
8,3939,64
8,3940,116
8,3941,64
8,3942,83
8,3943,64
8,3944,122
8,3945,51
8,3946,115
8,3947,102
8,3948,115
8,3949,89
8,3950,58
8,3951,103
8,3952,77
8,3953,64
8,3954,204
8,3955,96
8,3956,64
8,3957,108
8,3958,166
8,3959,64
8,3960,77
8,3961,71
8,3962,96
8,3963,51
8,3964,108
8,3965,32
8,3966,294
8,3967,109
8,3968,64
8,3969,179
8,3970,64
8,3971,102
8,3972,115
8,3973,103
8,3974,263
8,3975,71
8,3976,166
8,3977,51
8,3978,294
8,3979,64
8,3980,134
8,3981,32
8,3982,102
8,3983,103
8,3984,64
8,3985,64
8,3986,160
8,3987,122
8,3988,115
8,3989,102
8,3990,71
8,3991,77
8,3992,154
8,3993,44
8,3994,71
8,3995,115
8,3996,166
8,3997,45
8,3998,237
8,3999,109
8,4000,115
8,4001,52
8,4002,96
8,4003,32
8,4004,147
8,4005,52
8,4006,77
8,4007,108
8,4008,102
8,4009,51
8,4010,205
8,4011,166
8,4012,160
8,4013,154
8,4014,212
8,4015,103
8,4016,102
8,4017,51
8,4018,89
8,4019,90
8,4020,115
8,4021,25
8,4022,148
8,4023,77
8,4024,103
8,4025,51
8,4026,115
8,4027,153
8,4028,83
8,4029,77
8,4030,186
8,4031,128
8,4032,70
8,4033,109
8,4034,109
8,4035,64
8,4036,153
8,4037,58
8,4038,26
8,4039,-26
8,4040,134
8,4041,108
8,4042,167
8,4043,90
8,4044,64
8,4045,64
8,4046,89
8,4047,108
8,4048,115
8,4049,64
8,4050,58
8,4051,109
8,4052,96
8,4053,96
8,4054,57
8,4055,147
8,4056,115
8,4057,192
8,4058,160
8,4059,122
8,4060,192
8,4061,249
8,4062,122
8,4063,109
8,4064,135
8,4065,70
8,4066,269
8,4067,77
8,4068,77
8,4069,51
8,4070,166
8,4071,134
8,4072,141
8,4073,51
8,4074,154
8,4075,77
8,4076,51
8,4077,103
8,4078,192
8,4079,45
8,4080,83
8,4081,108
8,4082,147
8,4083,57
8,4084,83
8,4085,52
8,4086,179
8,4087,70
8,4088,140
8,4089,109
8,4090,25
8,4091,64
8,4092,64
8,4093,167
8,4094,51
8,4095,51
8,4096,32
8,4097,167
8,4098,147
8,4099,96
8,4100,102
8,4101,102
8,4102,141
8,4103,262
8,4104,134
8,4105,51
8,4106,89
8,4107,64
8,4108,160
8,4109,64
8,4110,122
8,4111,64
8,4112,115
8,4113,70
8,4114,135
8,4115,109
8,4116,115
8,4117,58
8,4118,307
8,4119,167
8,4120,198
8,4121,51
8,4122,70
8,4123,172
8,4124,77
8,4125,51
8,4126,128
8,4127,102
8,4128,166
8,4129,109
8,4130,167
8,4131,57
8,4132,128
8,4133,38
8,4134,128
8,4135,115
8,4136,-45
8,4137,45
8,4138,826
8,4139,70
8,4140,115
8,4141,96
8,4142,128
8,4143,121
8,4144,115
8,4145,90
8,4146,76
8,4147,96
8,4148,71
8,4149,57
8,4150,180
8,4151,26
8,4152,154
8,4153,45
8,4154,217
8,4155,141
8,4156,128
8,4157,115
8,4158,160
8,4159,128
8,4160,166
8,4161,141
8,4162,70
8,4163,70
8,4164,96
8,4165,64
8,4166,122
8,4167,108
8,4168,115
8,4169,148
8,4170,185
8,4171,57
8,4172,122
8,4173,70
8,4174,179
8,4175,71
8,4176,122
8,4177,64
8,4178,26
8,4179,96
8,4180,96
8,4181,122
8,4182,141
8,4183,84
8,4184,122
8,4185,301
8,4186,153
8,4187,71
8,4188,205
8,4189,148
8,4190,154
8,4191,70
8,4192,167
8,4193,102
8,4194,364
8,4195,26
8,4196,89
8,4197,128
8,4198,186
8,4199,134
8,4200,25
8,4201,-45
8,4202,172
8,4203,83
8,4204,64
8,4205,154
8,4206,-64
8,4207,58
8,4208,103
8,4209,102
8,4210,205
8,4211,57
8,4212,64
8,4213,109
8,4214,346
8,4215,26
8,4216,109
8,4217,103
8,4218,25
8,4219,57
8,4220,166
8,4221,32
8,4222,173
8,4223,25
8,4224,96
8,4225,51
8,4226,390
8,4227,77
8,4228,167
8,4229,77
8,4230,154
8,4231,102
8,4232,64
8,4233,-13
8,4234,186
8,4235,64
8,4236,102
8,4237,103
8,4238,32
8,4239,103
8,4240,167
8,4241,96
8,4242,237
8,4243,122
8,4244,121
8,4245,115
8,4246,70
8,4247,-19
8,4248,122
8,4249,32
8,4250,128
8,4251,64
8,4252,32
8,4253,45
8,4254,103
8,4255,70
8,4256,83
8,4257,-52
8,4258,390
8,4259,64
8,4260,32
8,4261,90
8,4262,58
8,4263,90
8,4264,103
8,4265,96
8,4266,154
8,4267,115
8,4268,70
8,4269,192
8,4270,173
8,4271,83
8,4272,77
8,4273,32
8,4274,134
8,4275,19
8,4276,154
8,4277,109
8,4278,211
8,4279,58
8,4280,102
8,4281,102
8,4282,173
8,4283,-57
8,4284,269
8,4285,90
8,4286,109
8,4287,141
8,4288,115
8,4289,45
8,4290,115
8,4291,77
8,4292,45
8,4293,115
8,4294,108
8,4295,96
8,4296,77
8,4297,115
8,4298,128
8,4299,103
8,4300,167
8,4301,96
8,4302,71
8,4303,71
8,4304,109
8,4305,26
8,4306,64
8,4307,70
8,4308,64
8,4309,58
8,4310,180
8,4311,64
8,4312,70
8,4313,102
8,4314,153
8,4315,102
8,4316,64
8,4317,45
8,4318,180
8,4319,51
8,4320,179
8,4321,89
8,4322,102
8,4323,26
8,4324,128
8,4325,45
8,4326,96
8,4327,58
8,4328,147
8,4329,84
8,4330,160
8,4331,57
8,4332,211
8,4333,44
8,4334,90
8,4335,102
8,4336,103
8,4337,58
8,4338,90
8,4339,122
8,4340,64
8,4341,89
8,4342,51
8,4343,70
8,4344,147
8,4345,102
8,4346,77
8,4347,64
8,4348,128
8,4349,45
8,4350,103
8,4351,45
8,4352,102
8,4353,109
8,4354,122
8,4355,45
8,4356,167
8,4357,83
8,4358,64
8,4359,25
8,4360,70
8,4361,64
8,4362,116
8,4363,96
8,4364,96
8,4365,77
8,4366,160
8,4367,103
8,4368,89
8,4369,70
8,4370,45
8,4371,77
8,4372,90
8,4373,314
8,4374,77
8,4375,122
8,4376,71
8,4377,76
8,4378,115
8,4379,-32
8,4380,231
8,4381,71
8,4382,70
8,4383,70
8,4384,77
8,4385,77
8,4386,64
8,4387,70
8,4388,39
8,4389,96
8,4390,147
8,4391,77
8,4392,76
8,4393,819
8,4394,128
8,4395,775
8,4396,109
8,4397,51
8,4398,57
8,4399,70
8,4400,77
8,4401,-32
8,4402,128
8,4403,115
8,4404,32
8,4405,51
8,4406,77
8,4407,96
8,4408,192
8,4409,64
8,4410,96
8,4411,102
8,4412,122
8,4413,109
8,4414,57
8,4415,102
8,4416,109
8,4417,51
8,4418,160
8,4419,96
8,4420,116
8,4421,-38
8,4422,128
8,4423,26
8,4424,115
8,4425,51
8,4426,410
8,4427,58
8,4428,128
8,4429,102
8,4430,372
8,4431,103
8,4432,128
8,4433,51
8,4434,147
8,4435,32
8,4436,-32
8,4437,109
8,4438,160
8,4439,52
8,4440,77
8,4441,83
8,4442,141
8,4443,64
8,4444,154
8,4445,128
8,4446,179
8,4447,-25
8,4448,166
8,4449,141
8,4450,102
8,4451,147
8,4452,77
8,4453,-39
8,4454,128
8,4455,102
8,4456,134
8,4457,51
8,4458,128
8,4459,115
8,4460,154
8,4461,70
8,4462,173
8,4463,109
8,4464,64
8,4465,108
8,4466,128
8,4467,166
8,4468,409
8,4469,45
8,4470,128
8,4471,115
8,4472,167
8,4473,83
8,4474,64
8,4475,-39
8,4476,70
8,4477,83
8,4478,121
8,4479,25
8,4480,64
8,4481,128
8,4482,51
8,4483,211
8,4484,141
8,4485,96
8,4486,166
8,4487,135
8,4488,103
8,4489,51
8,4490,140
8,4491,70
8,4492,64
8,4493,70
8,4494,160
8,4495,115
8,4496,96
8,4497,77
8,4498,141
8,4499,167
8,4500,116
8,4501,102
8,4502,186
8,4503,108
8,4504,134
8,4505,64
8,4506,160
8,4507,-32
8,4508,77
8,4509,51
8,4510,-58
8,4511,76
8,4512,64
8,4513,77
8,4514,77
8,4515,51
8,4516,167
8,4517,32
8,4518,160
8,4519,71
8,4520,83
8,4521,70
8,4522,90
8,4523,147
8,4524,122
8,4525,199
8,4526,122
8,4527,102
8,4528,83
8,4529,52
8,4530,77
8,4531,19
8,4532,-32
8,4533,77
8,4534,147
8,4535,64
8,4536,-51
8,4537,109
8,4538,173
8,4539,134
8,4540,89
8,4541,70
8,4542,166
8,4543,147
8,4544,90
8,4545,103
8,4546,167
8,4547,44
8,4548,102
8,4549,64
8,4550,154
8,4551,71
8,4552,148
8,4553,141
8,4554,211
8,4555,102
8,4556,115
8,4557,32
8,4558,198
8,4559,102
8,4560,83
8,4561,51
8,4562,166
8,4563,52
8,4564,167
8,4565,32
8,4566,90
8,4567,179
8,4568,122
8,4569,108
8,4570,140
8,4571,140
8,4572,115
8,4573,109
8,4574,173
8,4575,57
8,4576,76
8,4577,135
8,4578,199
8,4579,167
8,4580,167
8,4581,58
8,4582,32
8,4583,365
8,4584,96
8,4585,77
8,4586,71
8,4587,84
8,4588,71
8,4589,320
8,4590,-32
8,4591,83
8,4592,122
8,4593,89
8,4594,212
8,4595,141
8,4596,167
8,4597,58
8,4598,167
8,4599,115
8,4600,198
8,4601,19
8,4602,-26
8,4603,83
8,4604,192
8,4605,58
8,4606,256
8,4607,57
8,4608,57
8,4609,109
8,4610,160
8,4611,64
8,4612,109
8,4613,45
8,4614,102
8,4615,-45
8,4616,109
8,4617,102
8,4618,160
8,4619,26
8,4620,84
8,4621,32
8,4622,71
8,4623,89
8,4624,103
8,4625,71
8,4626,160
8,4627,147
8,4628,70
8,4629,103
8,4630,147
8,4631,38
8,4632,173
8,4633,96
8,4634,121
8,4635,51
8,4636,96
8,4637,45
8,4638,148
8,4639,70
8,4640,192
8,4641,70
8,4642,179
8,4643,45
8,4644,70
8,4645,51
8,4646,160
8,4647,51
8,4648,89
8,4649,140
8,4650,780
8,4651,160
8,4652,148
8,4653,115
8,4654,179
8,4655,19
8,4656,250
8,4657,160
8,4658,121
8,4659,58
8,4660,147
8,4661,58
8,4662,64
8,4663,90
8,4664,128
8,4665,51
8,4666,160
8,4667,64
8,4668,160
8,4669,96
8,4670,192
8,4671,39
8,4672,109
8,4673,115
8,4674,20
8,4675,45
8,4676,121
8,4677,70
8,4678,365
8,4679,96
8,4680,58
8,4681,51
8,4682,109
8,4683,96
8,4684,64
8,4685,51
8,4686,115
8,4687,77
8,4688,154
8,4689,372
8,4690,-19
8,4691,90
8,4692,32
8,4693,211
8,4694,115
8,4695,32
8,4696,96
8,4697,102
8,4698,134
8,4699,109
8,4700,172
8,4701,134
8,4702,76
8,4703,116
8,4704,212
8,4705,141
8,4706,192
8,4707,-32
8,4708,160
8,4709,77
8,4710,384
8,4711,109
8,4712,154
8,4713,70
8,4714,128
8,4715,243
8,4716,359
8,4717,64
8,4718,64
8,4719,45
8,4720,167
8,4721,57
8,4722,198
8,4723,115
8,4724,108
8,4725,32
8,4726,77
8,4727,71
8,4728,115
8,4729,32
8,4730,77
8,4731,26
8,4732,166
8,4733,70
8,4734,166
8,4735,89
8,4736,179
8,4737,32
8,4738,218
8,4739,45
8,4740,121
8,4741,115
8,4742,-51
8,4743,77
8,4744,128
8,4745,96
8,4746,166
8,4747,57
8,4748,32
8,4749,64
8,4750,250
8,4751,90
8,4752,90
8,4753,77
8,4754,166
8,4755,64
8,4756,173
8,4757,167
8,4758,-45
8,4759,134
8,4760,64
8,4761,45
8,4762,128
8,4763,25
8,4764,13
8,4765,38
8,4766,154
8,4767,103
8,4768,378
8,4769,70
8,4770,141
8,4771,64
8,4772,122
8,4773,89
8,4774,167
8,4775,25
8,4776,71
8,4777,58
8,4778,134
8,4779,128
8,4780,185
8,4781,83
8,4782,90
8,4783,153
8,4784,64
8,4785,230
8,4786,96
8,4787,20
8,4788,166
8,4789,32
8,4790,205
8,4791,173
8,4792,109
8,4793,57
8,4794,154
8,4795,108
8,4796,115
8,4797,109
8,4798,160
8,4799,64
8,4800,83
8,4801,51
8,4802,154
8,4803,32
8,4804,166
8,4805,96
8,4806,102
8,4807,64
8,4808,102
8,4809,109
8,4810,-128
8,4811,147
8,4812,108
8,4813,71
8,4814,167
8,4815,116
8,4816,148
8,4817,102
8,4818,147
8,4819,25
8,4820,64
8,4821,51
8,4822,173
8,4823,51
8,4824,147
8,4825,122
8,4826,153
8,4827,-64
8,4828,121
8,4829,58
8,4830,51
8,4831,288
8,4832,147
8,4833,102
8,4834,179
8,4835,25
8,4836,154
8,4837,58
8,4838,160
8,4839,102
8,4840,109
8,4841,116
8,4842,109
8,4843,71
8,4844,243
8,4845,51
8,4846,115
8,4847,64
8,4848,96
8,4849,109
8,4850,96
8,4851,96
8,4852,102
8,4853,147
8,4854,121
8,4855,70
8,4856,103
8,4857,51
8,4858,192
8,4859,45
8,4860,64
8,4861,122
8,4862,13
8,4863,115
8,4864,57
8,4865,109
8,4866,71
8,4867,52
8,4868,45
8,4869,64
8,4870,147
8,4871,84
8,4872,116
8,4873,52
8,4874,102
8,4875,135
8,4876,148
8,4877,108
8,4878,26
8,4879,32
8,4880,51
8,4881,45
8,4882,115
8,4883,64
8,4884,160
8,4885,64
8,4886,167
8,4887,128
8,4888,77
8,4889,32
8,4890,115
8,4891,128
8,4892,160
8,4893,71
8,4894,141
8,4895,32
8,4896,135
8,4897,45
8,4898,96
8,4899,64
8,4900,57
8,4901,32
8,4902,128
8,4903,64
8,4904,108
8,4905,826
8,4906,122
8,4907,800
8,4908,109
8,4909,45
8,4910,160
8,4911,154
8,4912,166
8,4913,116
8,4914,96
8,4915,89
8,4916,77
8,4917,96
8,4918,122
8,4919,115
8,4920,109
8,4921,84
8,4922,365
8,4923,71
8,4924,77
8,4925,96
8,4926,57
8,4927,115
8,4928,179
8,4929,26
8,4930,115
8,4931,19
8,4932,115
8,4933,32
8,4934,147
8,4935,102
8,4936,64
8,4937,166
8,4938,32
8,4939,128
8,4940,115
8,4941,52
8,4942,167
8,4943,90
8,4944,109
8,4945,45
8,4946,76
8,4947,64
8,4948,32
8,4949,57
8,4950,77
8,4951,45
8,4952,64
8,4953,108
8,4954,192
8,4955,128
8,4956,160
8,4957,122
8,4958,45
8,4959,198
8,4960,70
8,4961,96
8,4962,217
8,4963,109
8,4964,192
8,4965,64
8,4966,173
8,4967,372
8,4968,90
8,4969,90
8,4970,-51
8,4971,122
8,4972,115
8,4973,83
8,4974,160
8,4975,51
8,4976,26
8,4977,121
8,4978,167
8,4979,115
8,4980,167
8,4981,102
8,4982,90
8,4983,140
8,4984,121
8,4985,26
8,4986,96
8,4987,77
8,4988,192
8,4989,103
8,4990,51
8,4991,141
8,4992,115
8,4993,115
8,4994,103
8,4995,109
8,4996,147
8,4997,109
8,4998,192
8,4999,109
8,5000,115
8,5001,64
8,5002,-25
8,5003,90
8,5004,58
8,5005,109
8,5006,121
8,5007,64
8,5008,83
8,5009,83
8,5010,179
8,5011,134
8,5012,70
8,5013,108
8,5014,205
8,5015,58
8,5016,166
8,5017,45
8,5018,58
8,5019,13
8,5020,70
8,5021,51
8,5022,115
8,5023,103
8,5024,167
8,5025,64
8,5026,153
8,5027,45
8,5028,51
8,5029,84
8,5030,121
8,5031,108
8,5032,12
8,5033,-77
8,5034,237
8,5035,103
8,5036,153
8,5037,115
8,5038,211
8,5039,77
8,5040,109
8,5041,64
8,5042,186
8,5043,326
8,5044,25
8,5045,38
8,5046,167
8,5047,90
8,5048,115
8,5049,128
8,5050,205
8,5051,109
8,5052,167
8,5053,90
8,5054,77
8,5055,51
8,5056,179
8,5057,45
8,5058,179
8,5059,90
8,5060,90
8,5061,26
8,5062,199
8,5063,326
8,5064,13
8,5065,102
8,5066,141
8,5067,90
8,5068,148
8,5069,64
8,5070,89
8,5071,58
8,5072,115
8,5073,70
8,5074,128
8,5075,115
8,5076,141
8,5077,96
8,5078,153
8,5079,32
8,5080,109
8,5081,108
8,5082,173
8,5083,115
8,5084,89
8,5085,19
8,5086,167
8,5087,135
8,5088,115
8,5089,90
8,5090,108
8,5091,167
8,5092,121
8,5093,64
8,5094,57
8,5095,115
8,5096,122
8,5097,-52
8,5098,179
8,5099,102
8,5100,102
8,5101,77
8,5102,51
8,5103,70
8,5104,103
8,5105,185
8,5106,340
8,5107,70
8,5108,121
8,5109,96
8,5110,70
8,5111,64
8,5112,77
8,5113,26
8,5114,70
8,5115,64
8,5116,116
8,5117,103
8,5118,32
8,5119,64
8,5120,64
8,5121,102
8,5122,198
8,5123,141
8,5124,199
8,5125,51
8,5126,160
8,5127,-64
8,5128,76
8,5129,160
8,5130,122
8,5131,51
8,5132,275
8,5133,121
8,5134,25
8,5135,51
8,5136,96
8,5137,64
8,5138,134
8,5139,166
8,5140,153
8,5141,64
8,5142,128
8,5143,71
8,5144,90
8,5145,96
8,5146,199
8,5147,109
8,5148,204
8,5149,90
8,5150,160
8,5151,71
8,5152,237
8,5153,211
8,5154,89
8,5155,83
8,5156,39
8,5157,51
8,5158,160
8,5159,-51
8,5160,185
8,5161,89
8,5162,825
8,5163,38
8,5164,115
8,5165,58
8,5166,166
8,5167,70
8,5168,96
8,5169,57
8,5170,128
8,5171,-45
8,5172,45
8,5173,51
8,5174,25
8,5175,70
8,5176,141
8,5177,102
8,5178,198
8,5179,77
8,5180,198
8,5181,44
8,5182,166
8,5183,64
8,5184,128
8,5185,96
8,5186,-205
8,5187,70
8,5188,70
8,5189,52
8,5190,204
8,5191,109
8,5192,90
8,5193,148
8,5194,70
8,5195,160
8,5196,70
8,5197,122
8,5198,128
8,5199,121
8,5200,359
8,5201,365
8,5202,128
8,5203,96
8,5204,57
8,5205,109
8,5206,-52
8,5207,141
8,5208,141
8,5209,109
8,5210,96
8,5211,115
8,5212,109
8,5213,44
8,5214,180
8,5215,167
8,5216,166
8,5217,103
8,5218,115
8,5219,26
8,5220,128
8,5221,108
8,5222,70
8,5223,121
8,5224,153
8,5225,52
8,5226,58
8,5227,-294
8,5228,-51
8,5229,58
8,5230,64
8,5231,102
8,5232,70
8,5233,103
8,5234,128
8,5235,102
8,5236,121
8,5237,58
8,5238,102
8,5239,154
8,5240,64
8,5241,44
8,5242,224
8,5243,26
8,5244,115
8,5245,173
8,5246,45
8,5247,103
8,5248,51
8,5249,109
8,5250,116
8,5251,160
8,5252,109
8,5253,70
8,5254,-45
8,5255,179
8,5256,58
8,5257,25
8,5258,134
8,5259,-32
8,5260,333
8,5261,128
8,5262,167
8,5263,128
8,5264,166
8,5265,109
8,5266,-25
8,5267,185
8,5268,172
8,5269,71
8,5270,64
8,5271,103
8,5272,109
8,5273,39
8,5274,115
8,5275,-19
8,5276,121
8,5277,51
8,5278,45
8,5279,122
8,5280,51
8,5281,147
8,5282,70
8,5283,25
8,5284,96
8,5285,135
8,5286,103
8,5287,77
8,5288,-38
8,5289,109
8,5290,128
8,5291,109
8,5292,122
8,5293,70
8,5294,154
8,5295,372
8,5296,115
8,5297,96
8,5298,166
8,5299,57
8,5300,71
8,5301,109
8,5302,26
8,5303,71
8,5304,167
8,5305,64
8,5306,-45
8,5307,64
8,5308,166
8,5309,26
8,5310,25
8,5311,26
8,5312,38
8,5313,58
8,5314,116
8,5315,64
8,5316,134
8,5317,153
8,5318,-12
8,5319,77
8,5320,121
8,5321,121
8,5322,141
8,5323,128
8,5324,83
8,5325,64
8,5326,64
8,5327,71
8,5328,115
8,5329,51
8,5330,141
8,5331,58
8,5332,64
8,5333,57
8,5334,64
8,5335,102
8,5336,198
8,5337,70
8,5338,160
8,5339,51
8,5340,160
8,5341,64
8,5342,173
8,5343,25
8,5344,109
8,5345,102
8,5346,52
8,5347,64
8,5348,77
8,5349,32
8,5350,70
8,5351,102
8,5352,128
8,5353,70
8,5354,172
8,5355,102
8,5356,64
8,5357,-7
8,5358,70
8,5359,339
8,5360,102
8,5361,32
8,5362,153
8,5363,140
8,5364,115
8,5365,83
8,5366,211
8,5367,52
8,5368,51
8,5369,-58
8,5370,173
8,5371,57
8,5372,115
8,5373,32
8,5374,263
8,5375,39
8,5376,58
8,5377,51
8,5378,83
8,5379,45
8,5380,244
8,5381,64
8,5382,70
8,5383,-45
8,5384,186
8,5385,96
8,5386,147
8,5387,128
8,5388,71
8,5389,51
8,5390,64
8,5391,326
8,5392,77
8,5393,64
8,5394,153
8,5395,71
8,5396,51
8,5397,83
8,5398,83
8,5399,121
8,5400,167
8,5401,-32
8,5402,179
8,5403,371
8,5404,128
8,5405,128
8,5406,77
8,5407,115
8,5408,96
8,5409,32
8,5410,237
8,5411,212
8,5412,160
8,5413,102
8,5414,307
8,5415,83
8,5416,153
8,5417,787
8,5418,52
8,5419,755
8,5420,179
8,5421,96
8,5422,237
8,5423,115
8,5424,122
8,5425,26
8,5426,128
8,5427,89
8,5428,32
8,5429,57
8,5430,58
8,5431,116
8,5432,103
8,5433,58
8,5434,58
8,5435,102
8,5436,96
8,5437,96
8,5438,70
8,5439,115
8,5440,109
8,5441,83
8,5442,77
8,5443,339
8,5444,103
8,5445,51
8,5446,154
8,5447,51
8,5448,122
8,5449,77
8,5450,64
8,5451,64
8,5452,83
8,5453,45
8,5454,167
8,5455,70
8,5456,237
8,5457,70
8,5458,45
8,5459,51
8,5460,26
8,5461,64
8,5462,134
8,5463,70
8,5464,173
8,5465,51
8,5466,160
8,5467,77
8,5468,122
8,5469,371
8,5470,70
8,5471,102
8,5472,128
8,5473,-19
8,5474,76
8,5475,474
8,5476,192
8,5477,96
8,5478,128
8,5479,122
8,5480,64
8,5481,58
8,5482,32
8,5483,26
8,5484,38
8,5485,-147
8,5486,-32
8,5487,121
8,5488,108
8,5489,116
8,5490,166
8,5491,121
8,5492,128
8,5493,77
8,5494,141
8,5495,371
8,5496,147
8,5497,57
8,5498,166
8,5499,84
8,5500,39
8,5501,58
8,5502,58
8,5503,45
8,5504,121
8,5505,141
8,5506,115
8,5507,167
8,5508,218
8,5509,96
8,5510,77
8,5511,32
8,5512,64
8,5513,64
8,5514,25
8,5515,64
8,5516,108
8,5517,249
8,5518,77
8,5519,64
8,5520,102
8,5521,51
8,5522,166
8,5523,58
8,5524,160
8,5525,115
8,5526,327
8,5527,96
8,5528,198
8,5529,45
8,5530,147
8,5531,77
8,5532,172
8,5533,45
8,5534,199
8,5535,77
8,5536,179
8,5537,84
8,5538,83
8,5539,26
8,5540,52
8,5541,32
8,5542,32
8,5543,64
8,5544,58
8,5545,109
8,5546,154
8,5547,121
8,5548,115
8,5549,71
8,5550,135
8,5551,77
8,5552,77
8,5553,160
8,5554,108
8,5555,71
8,5556,45
8,5557,32
8,5558,179
8,5559,58
8,5560,77
8,5561,96
8,5562,102
8,5563,103
8,5564,333
8,5565,58
8,5566,103
8,5567,90
8,5568,109
8,5569,57
8,5570,397
8,5571,58
8,5572,71
8,5573,64
8,5574,218
8,5575,26
8,5576,58
8,5577,89
8,5578,102
8,5579,58
8,5580,141
8,5581,64
8,5582,64
8,5583,58
8,5584,115
8,5585,32
8,5586,70
8,5587,89
8,5588,71
8,5589,70
8,5590,410
8,5591,154
8,5592,77
8,5593,141
8,5594,121
8,5595,128
8,5596,51
8,5597,58
8,5598,77
8,5599,166
8,5600,64
8,5601,84
8,5602,211
8,5603,160
8,5604,128
8,5605,96
8,5606,64
8,5607,90
8,5608,115
8,5609,51
8,5610,26
8,5611,32
8,5612,204
8,5613,83
8,5614,57
8,5615,64
8,5616,121
8,5617,103
8,5618,122
8,5619,102
8,5620,121
8,5621,70
8,5622,154
8,5623,-45
8,5624,128
8,5625,44
8,5626,128
8,5627,25
8,5628,147
8,5629,13
8,5630,90
8,5631,32
8,5632,77
8,5633,70
8,5634,71
8,5635,71
8,5636,103
8,5637,57
8,5638,256
8,5639,102
8,5640,83
8,5641,198
8,5642,128
8,5643,115
8,5644,115
8,5645,52
8,5646,153
8,5647,378
8,5648,116
8,5649,109
8,5650,-20
8,5651,134
8,5652,64
8,5653,71
8,5654,77
8,5655,90
8,5656,115
8,5657,89
8,5658,77
8,5659,84
8,5660,108
8,5661,76
8,5662,76
8,5663,44
8,5664,52
8,5665,186
8,5666,-25
8,5667,45
8,5668,-32
8,5669,38
8,5670,19
8,5671,102
8,5672,83
8,5673,58
8,5674,819
8,5675,173
8,5676,160
8,5677,96
8,5678,122
8,5679,77
8,5680,-45
8,5681,64
8,5682,32
8,5683,58
8,5684,141
8,5685,77
8,5686,173
8,5687,83
8,5688,64
8,5689,58
8,5690,51
8,5691,147
8,5692,115
8,5693,83
8,5694,211
8,5695,96
8,5696,167
8,5697,96
8,5698,153
8,5699,32
8,5700,77
8,5701,313
8,5702,102
8,5703,64
8,5704,109
8,5705,58
8,5706,115
8,5707,51
8,5708,102
8,5709,51
8,5710,224
8,5711,103
8,5712,115
8,5713,51
8,5714,148
8,5715,19
8,5716,153
8,5717,89
8,5718,96
8,5719,108
8,5720,147
8,5721,172
8,5722,128
8,5723,122
8,5724,84
8,5725,109
8,5726,160
8,5727,-26
8,5728,147
8,5729,115
8,5730,166
8,5731,51
8,5732,96
8,5733,38
8,5734,51
8,5735,96
8,5736,109
8,5737,147
8,5738,26
8,5739,45
8,5740,77
8,5741,51
8,5742,83
8,5743,26
8,5744,58
8,5745,77
8,5746,128
8,5747,115
8,5748,102
8,5749,51
8,5750,167
8,5751,89
8,5752,58
8,5753,58
8,5754,51
8,5755,25
8,5756,57
8,5757,102
8,5758,147
8,5759,102
8,5760,71
8,5761,96
8,5762,166
8,5763,83
8,5764,224
8,5765,116
8,5766,186
8,5767,160
8,5768,70
8,5769,-32
8,5770,359
8,5771,108
8,5772,52
8,5773,96
8,5774,160
8,5775,-13
8,5776,128
8,5777,-38
8,5778,134
8,5779,77
8,5780,185
8,5781,83
8,5782,103
8,5783,70
8,5784,148
8,5785,52
8,5786,70
8,5787,-51
8,5788,51
8,5789,83
8,5790,320
8,5791,89
8,5792,154
8,5793,51
8,5794,115
8,5795,52
8,5796,147
8,5797,147
8,5798,51
8,5799,115
8,5800,51
8,5801,134
8,5802,173
8,5803,83
8,5804,147
8,5805,64
8,5806,-51
8,5807,84
8,5808,77
8,5809,115
8,5810,141
8,5811,108
8,5812,339
8,5813,115
8,5814,13
8,5815,134
8,5816,256
8,5817,103
8,5818,365
8,5819,167
8,5820,141
8,5821,57
8,5822,57
8,5823,115
8,5824,108
8,5825,32
8,5826,51
8,5827,103
8,5828,77
8,5829,141
8,5830,180
8,5831,64
8,5832,-45
8,5833,160
8,5834,115
8,5835,102
8,5836,122
8,5837,-32
8,5838,179
8,5839,57
8,5840,128
8,5841,32
8,5842,122
8,5843,147
8,5844,77
8,5845,90
8,5846,217
8,5847,96
8,5848,96
8,5849,141
8,5850,115
8,5851,96
8,5852,122
8,5853,-32
8,5854,57
8,5855,128
8,5856,154
8,5857,71
8,5858,121
8,5859,76
8,5860,103
8,5861,109
8,5862,83
8,5863,77
8,5864,121
8,5865,64
8,5866,173
8,5867,25
8,5868,115
8,5869,77
8,5870,166
8,5871,71
8,5872,199
8,5873,109
8,5874,166
8,5875,96
8,5876,134
8,5877,109
8,5878,115
8,5879,64
8,5880,83
8,5881,102
8,5882,160
8,5883,64
8,5884,115
8,5885,25
8,5886,122
8,5887,96
8,5888,70
8,5889,52
8,5890,115
8,5891,51
8,5892,70
8,5893,96
8,5894,211
8,5895,109
8,5896,57
8,5897,51
8,5898,109
8,5899,45
8,5900,141
8,5901,51
8,5902,96
8,5903,115
8,5904,57
8,5905,90
8,5906,102
8,5907,-39
8,5908,76
8,5909,45
8,5910,58
8,5911,391
8,5912,173
8,5913,57
8,5914,154
8,5915,96
8,5916,90
8,5917,90
8,5918,166
8,5919,57
8,5920,45
8,5921,96
8,5922,167
8,5923,58
8,5924,108
8,5925,64
8,5926,167
8,5927,96
8,5928,166
8,5929,806
8,5930,45
8,5931,813
8,5932,135
8,5933,-38
8,5934,179
8,5935,160
8,5936,115
8,5937,51
8,5938,89
8,5939,212
8,5940,179
8,5941,103
8,5942,134
8,5943,58
8,5944,116
8,5945,-38
8,5946,96
8,5947,128
8,5948,70
8,5949,-39
8,5950,179
8,5951,96
8,5952,116
8,5953,83
8,5954,140
8,5955,-25
8,5956,71
8,5957,44
8,5958,135
8,5959,371
8,5960,109
8,5961,102
8,5962,147
8,5963,103
8,5964,71
8,5965,154
8,5966,64
8,5967,77
8,5968,109
8,5969,58
8,5970,64
8,5971,45
8,5972,109
8,5973,45
8,5974,320
8,5975,32
8,5976,173
8,5977,109
8,5978,154
8,5979,103
8,5980,116
8,5981,58
8,5982,128
8,5983,148
8,5984,122
8,5985,71
8,5986,148
8,5987,-32
8,5988,128
8,5989,134
8,5990,205
8,5991,102
8,5992,160
8,5993,71
8,5994,32
8,5995,102
8,5996,89
8,5997,102
8,5998,204
8,5999,64
8,6000,154
8,6001,192
8,6002,148
8,6003,128
8,6004,135
8,6005,109
8,6006,134
8,6007,57
8,6008,122
8,6009,51
8,6010,96
8,6011,25
8,6012,45
8,6013,32
8,6014,166
8,6015,51
8,6016,96
8,6017,141
8,6018,346
8,6019,121
8,6020,83
8,6021,51
8,6022,384
8,6023,128
8,6024,109
8,6025,58
8,6026,13
8,6027,96
8,6028,64
8,6029,45
8,6030,51
8,6031,102
8,6032,64
8,6033,327
8,6034,115
8,6035,77
8,6036,52
8,6037,205
8,6038,153
8,6039,121
8,6040,90
8,6041,44
8,6042,57
8,6043,103
8,6044,102
8,6045,103
8,6046,147
8,6047,58
8,6048,89
8,6049,51
8,6050,134
8,6051,58
8,6052,77
8,6053,89
8,6054,384
8,6055,58
8,6056,115
8,6057,96
8,6058,173
8,6059,128
8,6060,371
8,6061,109
8,6062,109
8,6063,64
8,6064,64
8,6065,96
8,6066,122
8,6067,109
8,6068,51
8,6069,179
8,6070,64
8,6071,115
8,6072,109
8,6073,109
8,6074,109
8,6075,160
8,6076,122
8,6077,116
8,6078,167
8,6079,116
8,6080,103
8,6081,160
8,6082,-32
8,6083,-244
8,6084,115
8,6085,38
8,6086,115
8,6087,45
8,6088,70
8,6089,122
8,6090,141
8,6091,147
8,6092,141
8,6093,32
8,6094,116
8,6095,173
8,6096,116
8,6097,250
8,6098,160
8,6099,160
8,6100,115
8,6101,103
8,6102,77
8,6103,122
8,6104,147
8,6105,83
8,6106,147
8,6107,109
8,6108,84
8,6109,71
8,6110,147
8,6111,109
8,6112,57
8,6113,84
8,6114,205
8,6115,128
8,6116,57
8,6117,115
8,6118,-32
8,6119,128
8,6120,154
8,6121,58
8,6122,77
8,6123,115
8,6124,71
8,6125,51
8,6126,153
8,6127,58
8,6128,58
8,6129,116
8,6130,167
8,6131,205
8,6132,160
8,6133,52
8,6134,58
8,6135,147
8,6136,70
8,6137,39
8,6138,128
8,6139,128
8,6140,154
8,6141,-45
8,6142,90
8,6143,57
8,6144,103
8,6145,140
8,6146,121
8,6147,128
8,6148,167
8,6149,109
8,6150,167
8,6151,70
8,6152,109
8,6153,44
8,6154,166
8,6155,45
8,6156,102
8,6157,51
8,6158,160
8,6159,358
8,6160,77
8,6161,32
8,6162,96
8,6163,153
8,6164,148
8,6165,96
8,6166,103
8,6167,115
8,6168,64
8,6169,90
8,6170,153
8,6171,102
8,6172,160
8,6173,58
8,6174,167
8,6175,134
8,6176,77
8,6177,45
8,6178,121
8,6179,57
8,6180,45
8,6181,26
8,6182,154
8,6183,83
8,6184,109
8,6185,51
8,6186,820
8,6187,135
8,6188,77
8,6189,57
8,6190,198
8,6191,64
8,6192,102
8,6193,90
8,6194,83
8,6195,77
8,6196,102
8,6197,57
8,6198,128
8,6199,89
8,6200,115
8,6201,96
8,6202,128
8,6203,96
8,6204,121
8,6205,57
8,6206,166
8,6207,58
8,6208,160
8,6209,58
8,6210,32
8,6211,128
8,6212,154
8,6213,96
8,6214,205
8,6215,89
8,6216,58
8,6217,45
8,6218,218
8,6219,173
8,6220,167
8,6221,83
8,6222,173
8,6223,115
8,6224,109
8,6225,51
8,6226,26
8,6227,64
8,6228,58
8,6229,128
8,6230,160
8,6231,102
8,6232,83
8,6233,102
8,6234,122
8,6235,-32
8,6236,134
8,6237,58
8,6238,115
8,6239,115
8,6240,224
8,6241,147
8,6242,160
8,6243,64
8,6244,84
8,6245,269
8,6246,166
8,6247,70
8,6248,141
8,6249,32
8,6250,167
8,6251,19
8,6252,58
8,6253,57
8,6254,307
8,6255,89
8,6256,71
8,6257,103
8,6258,154
8,6259,64
8,6260,58
8,6261,102
8,6262,45
8,6263,154
8,6264,173
8,6265,-6
8,6266,64
8,6267,103
8,6268,103
8,6269,83
8,6270,96
8,6271,20
8,6272,64
8,6273,116
8,6274,83
8,6275,122
8,6276,-25
8,6277,77
8,6278,140
8,6279,77
8,6280,70
8,6281,32
8,6282,-281
8,6283,71
8,6284,77
8,6285,64
8,6286,224
8,6287,122
8,6288,115
8,6289,90
8,6290,96
8,6291,90
8,6292,70
8,6293,57
8,6294,205
8,6295,58
8,6296,64
8,6297,64
8,6298,26
8,6299,32
8,6300,57
8,6301,25
8,6302,627
8,6303,-45
8,6304,77
8,6305,109
8,6306,102
8,6307,199
8,6308,64
8,6309,64
8,6310,173
8,6311,-77
8,6312,96
8,6313,237
8,6314,173
8,6315,71
8,6316,141
8,6317,77
8,6318,83
8,6319,109
8,6320,77
8,6321,58
8,6322,-13
8,6323,77
8,6324,103
8,6325,51
8,6326,121
8,6327,326
8,6328,70
8,6329,109
8,6330,121
8,6331,135
8,6332,167
8,6333,32
8,6334,186
8,6335,103
8,6336,109
8,6337,64
8,6338,140
8,6339,64
8,6340,-45
8,6341,179
8,6342,160
8,6343,77
8,6344,173
8,6345,109
8,6346,109
8,6347,122
8,6348,109
8,6349,77
8,6350,160
8,6351,167
8,6352,166
8,6353,90
8,6354,128
8,6355,71
8,6356,109
8,6357,51
8,6358,147
8,6359,64
8,6360,179
8,6361,256
8,6362,128
8,6363,205
8,6364,115
8,6365,90
8,6366,153
8,6367,115
8,6368,186
8,6369,89
8,6370,147
8,6371,121
8,6372,71
8,6373,90
8,6374,116
8,6375,77
8,6376,128
8,6377,76
8,6378,160
8,6379,57
8,6380,115
8,6381,108
8,6382,243
8,6383,141
8,6384,83
8,6385,70
8,6386,71
8,6387,70
8,6388,115
8,6389,109
8,6390,198
8,6391,102
8,6392,77
8,6393,89
8,6394,172
8,6395,128
8,6396,77
8,6397,102
8,6398,89
8,6399,70
8,6400,71
8,6401,70
8,6402,199
8,6403,57
8,6404,77
8,6405,51
8,6406,96
8,6407,77
8,6408,96
8,6409,109
8,6410,160
8,6411,109
8,6412,71
8,6413,64
8,6414,71
8,6415,64
8,6416,-45
8,6417,-32
8,6418,64
8,6419,71
8,6420,109
8,6421,89
8,6422,147
8,6423,-64
8,6424,186
8,6425,90
8,6426,109
8,6427,128
8,6428,160
8,6429,365
8,6430,90
8,6431,116
8,6432,-45
8,6433,32
8,6434,109
8,6435,57
8,6436,38
8,6437,45
8,6438,141
8,6439,102
8,6440,115
8,6441,416
8,6442,83
8,6443,787
8,6444,108
8,6445,96
8,6446,205
8,6447,128
8,6448,122
8,6449,32
8,6450,52
8,6451,58
8,6452,128
8,6453,76
8,6454,84
8,6455,89
8,6456,83
8,6457,102
8,6458,160
8,6459,122
8,6460,44
8,6461,115
8,6462,64
8,6463,103
8,6464,103
8,6465,57
8,6466,108
8,6467,64
8,6468,51
8,6469,96
8,6470,83
8,6471,64
8,6472,96
8,6473,77
8,6474,186
8,6475,115
8,6476,83
8,6477,77
8,6478,160
8,6479,77
8,6480,109
8,6481,90
8,6482,26
8,6483,39
8,6484,71
8,6485,64
8,6486,135
8,6487,109
8,6488,83
8,6489,83
8,6490,70
8,6491,108
8,6492,96
8,6493,51
8,6494,160
8,6495,109
8,6496,173
8,6497,141
8,6498,173
8,6499,64
8,6500,148
8,6501,122
8,6502,128
8,6503,-45
8,6504,147
8,6505,64
8,6506,109
8,6507,71
8,6508,205
8,6509,64
8,6510,70
8,6511,57
8,6512,32
8,6513,109
8,6514,154
8,6515,108
8,6516,109
8,6517,51
8,6518,199
8,6519,128
8,6520,128
8,6521,96
8,6522,-212
8,6523,32
8,6524,103
8,6525,51
8,6526,186
8,6527,359
8,6528,51
8,6529,52
8,6530,102
8,6531,141
8,6532,109
8,6533,96
8,6534,615
8,6535,71
8,6536,77
8,6537,45
8,6538,103
8,6539,25
8,6540,89
8,6541,70
8,6542,45
8,6543,122
8,6544,141
8,6545,52
8,6546,192
8,6547,77
8,6548,134
8,6549,58
8,6550,96
8,6551,-70
8,6552,147
8,6553,32
8,6554,51
8,6555,26
8,6556,153
8,6557,38
8,6558,166
8,6559,90
8,6560,333
8,6561,314
8,6562,160
8,6563,38
8,6564,71
8,6565,71
8,6566,154
8,6567,7
8,6568,64
8,6569,89
8,6570,121
8,6571,147
8,6572,64
8,6573,38
8,6574,90
8,6575,64
8,6576,115
8,6577,71
8,6578,122
8,6579,25
8,6580,51
8,6581,-45
8,6582,173
8,6583,70
8,6584,70
8,6585,103
8,6586,140
8,6587,160
8,6588,96
8,6589,45
8,6590,52
8,6591,102
8,6592,115
8,6593,32
8,6594,141
8,6595,64
8,6596,84
8,6597,32
8,6598,166
8,6599,77
8,6600,192
8,6601,96
8,6602,109
8,6603,-19
8,6604,147
8,6605,51
8,6606,166
8,6607,96
8,6608,102
8,6609,147
8,6610,64
8,6611,122
8,6612,58
8,6613,96
8,6614,160
8,6615,64
8,6616,70
8,6617,243
8,6618,160
8,6619,262
8,6620,115
8,6621,122
8,6622,186
8,6623,121
8,6624,58
8,6625,-26
8,6626,167
8,6627,45
8,6628,109
8,6629,64
8,6630,134
8,6631,115
8,6632,128
8,6633,64
8,6634,166
8,6635,103
8,6636,-26
8,6637,76
8,6638,160
8,6639,71
8,6640,154
8,6641,128
8,6642,160
8,6643,70
8,6644,128
8,6645,64
8,6646,-26
8,6647,70
8,6648,122
8,6649,51
8,6650,96
8,6651,19
8,6652,70
8,6653,32
8,6654,147
8,6655,77
8,6656,64
8,6657,-45
8,6658,102
8,6659,77
8,6660,128
8,6661,102
8,6662,186
8,6663,32
8,6664,173
8,6665,115
8,6666,326
8,6667,-45
8,6668,186
8,6669,64
8,6670,160
8,6671,51
8,6672,109
8,6673,109
8,6674,192
8,6675,115
8,6676,108
8,6677,103
8,6678,122
8,6679,103
8,6680,109
8,6681,96
8,6682,128
8,6683,19
8,6684,153
8,6685,51
8,6686,96
8,6687,141
8,6688,64
8,6689,115
8,6690,179
8,6691,96
8,6692,103
8,6693,-57
8,6694,180
8,6695,103
8,6696,109
8,6697,58
8,6698,806
8,6699,102
8,6700,122
8,6701,58
8,6702,205
8,6703,58
8,6704,116
8,6705,39
8,6706,109
8,6707,26
8,6708,186
8,6709,19
8,6710,167
8,6711,51
8,6712,140
8,6713,103
8,6714,102
8,6715,115
8,6716,115
8,6717,77
8,6718,108
8,6719,32
8,6720,39
8,6721,38
8,6722,128
8,6723,32
8,6724,102
8,6725,58
8,6726,160
8,6727,121
8,6728,224
8,6729,51
8,6730,-26
8,6731,134
8,6732,109
8,6733,58
8,6734,141
8,6735,128
8,6736,109
8,6737,-45
8,6738,122
8,6739,77
8,6740,230
8,6741,58
8,6742,109
8,6743,57
8,6744,307
8,6745,58
8,6746,147
8,6747,166
8,6748,109
8,6749,262
8,6750,192
8,6751,115
8,6752,121
8,6753,58
8,6754,173
8,6755,70
8,6756,109
8,6757,64
8,6758,172
8,6759,121
8,6760,134
8,6761,32
8,6762,26
8,6763,32
8,6764,-26
8,6765,64
8,6766,76
8,6767,58
8,6768,115
8,6769,96
8,6770,231
8,6771,116
8,6772,108
8,6773,83
8,6774,96
8,6775,153
8,6776,71
8,6777,64
8,6778,45
8,6779,77
8,6780,64
8,6781,51
8,6782,-32
8,6783,70
8,6784,89
8,6785,58
8,6786,77
8,6787,71
8,6788,108
8,6789,64
8,6790,109
8,6791,147
8,6792,121
8,6793,-359
8,6794,-52
8,6795,45
8,6796,38
8,6797,38
8,6798,160
8,6799,83
8,6800,83
8,6801,83
8,6802,153
8,6803,102
8,6804,115
8,6805,51
8,6806,57
8,6807,103
8,6808,186
8,6809,57
8,6810,102
8,6811,70
8,6812,45
8,6813,141
8,6814,25
8,6815,58
8,6816,173
8,6817,102
8,6818,115
8,6819,154
8,6820,32
8,6821,52
8,6822,116
8,6823,-32
8,6824,83
8,6825,141
8,6826,84
8,6827,83
8,6828,160
8,6829,102
8,6830,172
8,6831,116
8,6832,70
8,6833,64
8,6834,25
8,6835,58
8,6836,96
8,6837,45
8,6838,192
8,6839,64
8,6840,173
8,6841,359
8,6842,217
8,6843,173
8,6844,154
8,6845,57
8,6846,90
8,6847,70
8,6848,-51
8,6849,115
8,6850,128
8,6851,166
8,6852,51
8,6853,115
8,6854,64
8,6855,365
8,6856,103
8,6857,179
8,6858,154
8,6859,115
8,6860,71
8,6861,52
8,6862,179
8,6863,128
8,6864,64
8,6865,45
8,6866,-237
8,6867,26
8,6868,45
8,6869,45
8,6870,160
8,6871,109
8,6872,77
8,6873,160
8,6874,173
8,6875,51
8,6876,371
8,6877,45
8,6878,166
8,6879,77
8,6880,57
8,6881,108
8,6882,115
8,6883,51
8,6884,109
8,6885,71
8,6886,218
8,6887,77
8,6888,172
8,6889,70
8,6890,83
8,6891,109
8,6892,121
8,6893,115
8,6894,211
8,6895,58
8,6896,102
8,6897,115
8,6898,199
8,6899,211
8,6900,64
8,6901,64
8,6902,-64
8,6903,44
8,6904,147
8,6905,115
8,6906,115
8,6907,154
8,6908,7
8,6909,45
8,6910,128
8,6911,89
8,6912,-44
8,6913,64
8,6914,57
8,6915,25
8,6916,115
8,6917,-38
8,6918,160
8,6919,70
8,6920,109
8,6921,83
8,6922,115
8,6923,70
8,6924,108
8,6925,326
8,6926,128
8,6927,83
8,6928,-51
8,6929,71
8,6930,25
8,6931,64
8,6932,70
8,6933,96
8,6934,199
8,6935,64
8,6936,64
8,6937,64
8,6938,45
8,6939,32
8,6940,13
8,6941,141
8,6942,160
8,6943,70
8,6944,38
8,6945,32
8,6946,160
8,6947,32
8,6948,51
8,6949,70
8,6950,269
8,6951,83
8,6952,109
8,6953,832
8,6954,236
8,6955,807
8,6956,147
8,6957,102
8,6958,121
8,6959,179
8,6960,83
8,6961,192
8,6962,-39
8,6963,-122
8,6964,38
8,6965,58
8,6966,77
8,6967,128
8,6968,77
8,6969,83
8,6970,160
8,6971,64
8,6972,262
8,6973,58
8,6974,147
8,6975,77
8,6976,204
8,6977,64
8,6978,109
8,6979,57
8,6980,115
8,6981,76
8,6982,186
8,6983,167
8,6984,134
8,6985,58
8,6986,135
8,6987,102
8,6988,83
8,6989,64
8,6990,224
8,6991,128
8,6992,173
8,6993,-13
8,6994,364
8,6995,115
8,6996,58
8,6997,128
8,6998,89
8,6999,103
8,7000,70
8,7001,96
8,7002,205
8,7003,103
8,7004,96
8,7005,32
8,7006,154
8,7007,115
8,7008,77
8,7009,-32
8,7010,224
8,7011,115
8,7012,128
8,7013,121
8,7014,173
8,7015,122
8,7016,64
8,7017,64
8,7018,154
8,7019,115
8,7020,57
8,7021,58
8,7022,45
8,7023,45
8,7024,-51
8,7025,109
8,7026,115
8,7027,64
8,7028,109
8,7029,358
8,7030,116
8,7031,108
8,7032,116
8,7033,57
8,7034,115
8,7035,51
8,7036,102
8,7037,19
8,7038,179
8,7039,19
8,7040,102
8,7041,-32
8,7042,167
8,7043,71
8,7044,109
8,7045,-32
8,7046,263
8,7047,199
8,7048,115
8,7049,32
8,7050,103
8,7051,90
8,7052,-39
8,7053,70
8,7054,141
8,7055,32
8,7056,109
8,7057,-38
8,7058,217
8,7059,64
8,7060,109
8,7061,-57
8,7062,231
8,7063,32
8,7064,109
8,7065,32
8,7066,154
8,7067,64
8,7068,57
8,7069,58
8,7070,25
8,7071,57
8,7072,71
8,7073,-51
8,7074,84
8,7075,32
8,7076,45
8,7077,51
8,7078,76
8,7079,109
8,7080,83
8,7081,134
8,7082,96
8,7083,32
8,7084,148
8,7085,96
8,7086,179
8,7087,109
8,7088,-32
8,7089,96
8,7090,64
8,7091,25
8,7092,96
8,7093,58
8,7094,147
8,7095,70
8,7096,211
8,7097,115
8,7098,102
8,7099,-25
8,7100,96
8,7101,64
8,7102,90
8,7103,77
8,7104,122
8,7105,64
8,7106,140
8,7107,51
8,7108,58
8,7109,-7
8,7110,51
8,7111,135
8,7112,77
8,7113,64
8,7114,185
8,7115,-32
8,7116,186
8,7117,102
8,7118,96
8,7119,109
8,7120,96
8,7121,-58
8,7122,122
8,7123,58
8,7124,45
8,7125,38
8,7126,167
8,7127,147
8,7128,89
8,7129,77
8,7130,128
8,7131,115
8,7132,167
8,7133,109
8,7134,166
8,7135,64
8,7136,115
8,7137,103
8,7138,148
8,7139,121
8,7140,217
8,7141,44
8,7142,122
8,7143,160
8,7144,102
8,7145,96
8,7146,96
8,7147,19
8,7148,84
8,7149,58
8,7150,166
8,7151,64
8,7152,71
8,7153,77
8,7154,147
8,7155,116
8,7156,140
8,7157,38
8,7158,141
8,7159,64
8,7160,103
8,7161,58
8,7162,58
8,7163,26
8,7164,39
8,7165,77
8,7166,160
8,7167,57
8,7168,109
8,7169,102
8,7170,160
8,7171,153
8,7172,147
8,7173,71
8,7174,77
8,7175,70
8,7176,96
8,7177,64
8,7178,173
8,7179,32
8,7180,77
8,7181,263
8,7182,57
8,7183,96
8,7184,39
8,7185,96
8,7186,109
8,7187,115
8,7188,173
8,7189,51
8,7190,179
8,7191,103
8,7192,109
8,7193,57
8,7194,115
8,7195,70
8,7196,172
8,7197,45
8,7198,64
8,7199,102
8,7200,154
8,7201,39
8,7202,172
8,7203,115
8,7204,96
8,7205,26
8,7206,57
8,7207,192
8,7208,39
8,7209,64
8,7210,813
8,7211,71
8,7212,122
8,7213,103
8,7214,122
8,7215,84
8,7216,96
8,7217,58
8,7218,172
8,7219,313
8,7220,71
8,7221,83
8,7222,167
8,7223,70
8,7224,-38
8,7225,89
8,7226,121
8,7227,166
8,7228,185
8,7229,96
8,7230,71
8,7231,115
8,7232,192
8,7233,102
8,7234,121
8,7235,391
8,7236,294
8,7237,71
8,7238,173
8,7239,147
8,7240,140
8,7241,103
8,7242,134
8,7243,173
8,7244,179
8,7245,-7
8,7246,167
8,7247,121
8,7248,134
8,7249,-64
8,7250,128
8,7251,32
8,7252,45
8,7253,109
8,7254,160
8,7255,70
8,7256,116
8,7257,-32
8,7258,186
8,7259,115
8,7260,39
8,7261,-6
8,7262,71
8,7263,122
8,7264,154
8,7265,103
8,7266,141
8,7267,71
8,7268,102
8,7269,115
8,7270,198
8,7271,179
8,7272,140
8,7273,-26
8,7274,96
8,7275,51
8,7276,77
8,7277,109
8,7278,160
8,7279,102
8,7280,102
8,7281,116
8,7282,115
8,7283,76
8,7284,199
8,7285,51
8,7286,166
8,7287,77
8,7288,128
8,7289,58
8,7290,32
8,7291,32
8,7292,32
8,7293,64
8,7294,166
8,7295,19
8,7296,128
8,7297,51
8,7298,128
8,7299,160
8,7300,134
8,7301,57
8,7302,333
8,7303,217
8,7304,32
8,7305,89
8,7306,19
8,7307,45
8,7308,32
8,7309,89
8,7310,166
8,7311,102
8,7312,192
8,7313,89
8,7314,243
8,7315,96
8,7316,70
8,7317,102
8,7318,160
8,7319,77
8,7320,64
8,7321,-6
8,7322,77
8,7323,83
8,7324,58
8,7325,89
8,7326,185
8,7327,96
8,7328,115
8,7329,96
8,7330,89
8,7331,96
8,7332,38
8,7333,102
8,7334,64
8,7335,96
8,7336,128
8,7337,148
8,7338,115
8,7339,128
8,7340,121
8,7341,-32
8,7342,160
8,7343,108
8,7344,109
8,7345,96
8,7346,352
8,7347,76
8,7348,64
8,7349,44
8,7350,186
8,7351,51
8,7352,64
8,7353,96
8,7354,103
8,7355,167
8,7356,116
8,7357,57
8,7358,77
8,7359,83
8,7360,122
8,7361,58
8,7362,64
8,7363,128
8,7364,147
8,7365,109
8,7366,211
8,7367,96
8,7368,83
8,7369,109
8,7370,141
8,7371,57
8,7372,179
8,7373,76
8,7374,83
8,7375,128
8,7376,109
8,7377,51
8,7378,26
8,7379,109
8,7380,51
8,7381,-58
8,7382,179
8,7383,96
8,7384,64
8,7385,64
8,7386,90
8,7387,109
8,7388,109
8,7389,96
8,7390,230
8,7391,116
8,7392,192
8,7393,70
8,7394,108
8,7395,70
8,7396,147
8,7397,90
8,7398,173
8,7399,64
8,7400,166
8,7401,19
8,7402,51
8,7403,116
8,7404,173
8,7405,103
8,7406,116
8,7407,103
8,7408,108
8,7409,103
8,7410,26
8,7411,57
8,7412,211
8,7413,51
8,7414,26
8,7415,204
8,7416,122
8,7417,154
8,7418,160
8,7419,64
8,7420,70
8,7421,102
8,7422,140
8,7423,102
8,7424,-52
8,7425,96
8,7426,128
8,7427,51
8,7428,90
8,7429,64
8,7430,77
8,7431,103
8,7432,109
8,7433,32
8,7434,134
8,7435,64
8,7436,83
8,7437,141
8,7438,109
8,7439,-13
8,7440,71
8,7441,44
8,7442,121
8,7443,173
8,7444,64
8,7445,70
8,7446,109
8,7447,96
8,7448,134
8,7449,57
8,7450,128
8,7451,71
8,7452,154
8,7453,147
8,7454,160
8,7455,32
8,7456,64
8,7457,51
8,7458,-26
8,7459,115
8,7460,109
8,7461,58
8,7462,167
8,7463,109
8,7464,102
8,7465,774
8,7466,198
8,7467,781
8,7468,128
8,7469,115
8,7470,83
8,7471,154
8,7472,115
8,7473,45
8,7474,83
8,7475,71
8,7476,44
8,7477,52
8,7478,32
8,7479,51
8,7480,153
8,7481,96
8,7482,198
8,7483,45
8,7484,154
8,7485,51
8,7486,64
8,7487,84
8,7488,102
8,7489,58
8,7490,147
8,7491,25
8,7492,26
8,7493,345
8,7494,166
8,7495,64
8,7496,179
8,7497,77
8,7498,205
8,7499,26
8,7500,-19
8,7501,77
8,7502,32
8,7503,102
8,7504,140
8,7505,-6
8,7506,45
8,7507,83
8,7508,109
8,7509,70
8,7510,83
8,7511,25
8,7512,109
8,7513,77
8,7514,397
8,7515,70
8,7516,128
8,7517,77
8,7518,179
8,7519,-44
8,7520,205
8,7521,153
8,7522,205
8,7523,58
8,7524,140
8,7525,154
8,7526,212
8,7527,51
8,7528,64
8,7529,96
8,7530,83
8,7531,32
8,7532,109
8,7533,89
8,7534,166
8,7535,-39
8,7536,128
8,7537,115
8,7538,199
8,7539,116
8,7540,115
8,7541,205
8,7542,198
8,7543,57
8,7544,115
8,7545,64
8,7546,173
8,7547,45
8,7548,58
8,7549,19
8,7550,128
8,7551,-71
8,7552,-51
8,7553,64
8,7554,122
8,7555,108
8,7556,167
8,7557,77
8,7558,167
8,7559,77
8,7560,122
8,7561,64
8,7562,102
8,7563,90
8,7564,-45
8,7565,39
8,7566,71
8,7567,-45
8,7568,89
8,7569,57
8,7570,108
8,7571,154
8,7572,154
8,7573,-38
8,7574,199
8,7575,147
8,7576,167
8,7577,58
8,7578,102
8,7579,96
8,7580,90
8,7581,39
8,7582,166
8,7583,-51
8,7584,134
8,7585,89
8,7586,186
8,7587,122
8,7588,96
8,7589,45
8,7590,122
8,7591,77
8,7592,141
8,7593,115
8,7594,166
8,7595,154
8,7596,122
8,7597,64
8,7598,166
8,7599,45
8,7600,128
8,7601,89
8,7602,134
8,7603,45
8,7604,64
8,7605,39
8,7606,58
8,7607,77
8,7608,102
8,7609,154
8,7610,83
8,7611,76
8,7612,115
8,7613,103
8,7614,173
8,7615,90
8,7616,57
8,7617,51
8,7618,147
8,7619,45
8,7620,121
8,7621,45
8,7622,38
8,7623,64
8,7624,83
8,7625,57
8,7626,64
8,7627,70
8,7628,128
8,7629,44
8,7630,-45
8,7631,103
8,7632,70
8,7633,19
8,7634,70
8,7635,58
8,7636,122
8,7637,45
8,7638,26
8,7639,51
8,7640,52
8,7641,147
8,7642,160
8,7643,115
8,7644,115
8,7645,71
8,7646,77
8,7647,108
8,7648,122
8,7649,102
8,7650,109
8,7651,167
8,7652,198
8,7653,52
8,7654,83
8,7655,102
8,7656,135
8,7657,57
8,7658,64
8,7659,58
8,7660,102
8,7661,26
8,7662,45
8,7663,57
8,7664,51
8,7665,70
8,7666,154
8,7667,96
8,7668,186
8,7669,51
8,7670,198
8,7671,147
8,7672,154
8,7673,-19
8,7674,141
8,7675,32
8,7676,45
8,7677,45
8,7678,64
8,7679,64
8,7680,19
8,7681,96
8,7682,230
8,7683,160
8,7684,167
8,7685,102
8,7686,134
8,7687,83
8,7688,160
8,7689,102
8,7690,147
8,7691,58
8,7692,109
8,7693,90
8,7694,135
8,7695,25
8,7696,58
8,7697,64
8,7698,109
8,7699,64
8,7700,77
8,7701,90
8,7702,121
8,7703,26
8,7704,64
8,7705,83
8,7706,115
8,7707,51
8,7708,109
8,7709,96
8,7710,58
8,7711,121
8,7712,58
8,7713,32
8,7714,71
8,7715,45
8,7716,58
8,7717,39
8,7718,108
8,7719,109
8,7720,57
8,7721,-58
8,7722,800
8,7723,173
8,7724,115
8,7725,160
8,7726,71
8,7727,115
8,7728,64
8,7729,51
8,7730,90
8,7731,57
8,7732,83
8,7733,103
8,7734,441
8,7735,70
8,7736,96
8,7737,77
8,7738,166
8,7739,90
8,7740,116
8,7741,166
8,7742,249
8,7743,115
8,7744,70
8,7745,83
8,7746,122
8,7747,32
8,7748,-38
8,7749,147
8,7750,352
8,7751,-64
8,7752,173
8,7753,58
8,7754,167
8,7755,135
8,7756,358
8,7757,83
8,7758,109
8,7759,147
8,7760,121
8,7761,26
8,7762,192
8,7763,26
8,7764,57
8,7765,26
8,7766,359
8,7767,96
8,7768,-32
8,7769,-12
8,7770,77
8,7771,115
8,7772,103
8,7773,38
8,7774,166
8,7775,76
8,7776,64
8,7777,147
8,7778,32
8,7779,32
8,7780,218
8,7781,211
8,7782,26
8,7783,38
8,7784,64
8,7785,64
8,7786,116
8,7787,128
8,7788,70
8,7789,102
8,7790,224
8,7791,102
8,7792,83
8,7793,64
8,7794,115
8,7795,115
8,7796,135
8,7797,51
8,7798,-32
8,7799,58
8,7800,160
8,7801,45
8,7802,115
8,7803,77
8,7804,122
8,7805,160
8,7806,51
8,7807,57
8,7808,70
8,7809,116
8,7810,109
8,7811,108
8,7812,154
8,7813,96
8,7814,135
8,7815,115
8,7816,166
8,7817,25
8,7818,58
8,7819,102
8,7820,64
8,7821,52
8,7822,108
8,7823,58
8,7824,180
8,7825,147
8,7826,166
8,7827,-51
8,7828,154
8,7829,64
8,7830,167
8,7831,64
8,7832,58
8,7833,58
8,7834,128
8,7835,32
8,7836,365
8,7837,128
8,7838,179
8,7839,84
8,7840,166
8,7841,90
8,7842,160
8,7843,77
8,7844,57
8,7845,58
8,7846,109
8,7847,71
8,7848,109
8,7849,70
8,7850,122
8,7851,160
8,7852,166
8,7853,45
8,7854,83
8,7855,64
8,7856,51
8,7857,71
8,7858,141
8,7859,26
8,7860,198
8,7861,58
8,7862,26
8,7863,32
8,7864,153
8,7865,26
8,7866,198
8,7867,116
8,7868,186
8,7869,103
8,7870,212
8,7871,-26
8,7872,224
8,7873,76
8,7874,121
8,7875,64
8,7876,134
8,7877,103
8,7878,83
8,7879,32
8,7880,96
8,7881,102
8,7882,-64
8,7883,102
8,7884,64
8,7885,89
8,7886,71
8,7887,147
8,7888,64
8,7889,102
8,7890,173
8,7891,76
8,7892,52
8,7893,256
8,7894,-249
8,7895,57
8,7896,153
8,7897,108
8,7898,179
8,7899,64
8,7900,109
8,7901,83
8,7902,160
8,7903,-38
8,7904,192
8,7905,109
8,7906,365
8,7907,77
8,7908,147
8,7909,51
8,7910,103
8,7911,20
8,7912,38
8,7913,51
8,7914,205
8,7915,96
8,7916,122
8,7917,77
8,7918,211
8,7919,64
8,7920,70
8,7921,-122
8,7922,198
8,7923,115
8,7924,58
8,7925,64
8,7926,108
8,7927,122
8,7928,64
8,7929,160
8,7930,134
8,7931,64
8,7932,96
8,7933,109
8,7934,115
8,7935,-45
8,7936,96
8,7937,90
8,7938,102
8,7939,102
8,7940,83
8,7941,102
8,7942,371
8,7943,83
8,7944,166
8,7945,58
8,7946,109
8,7947,64
8,7948,90
8,7949,45
8,7950,122
8,7951,-25
8,7952,192
8,7953,51
8,7954,115
8,7955,96
8,7956,-45
8,7957,45
8,7958,32
8,7959,25
8,7960,154
8,7961,32
8,7962,58
8,7963,58
8,7964,154
8,7965,70
8,7966,64
8,7967,64
8,7968,358
8,7969,45
8,7970,134
8,7971,64
8,7972,84
8,7973,70
8,7974,173
8,7975,96
8,7976,166
8,7977,832
8,7978,236
8,7979,755
8,7980,-32
8,7981,167
8,7982,173
8,7983,96
8,7984,96
8,7985,39
8,7986,90
8,7987,26
8,7988,77
8,7989,58
8,7990,71
8,7991,96
8,7992,13
8,7993,84
8,7994,167
8,7995,135
8,7996,166
8,7997,103
8,7998,-25
8,7999,140
8,8000,179
8,8001,45
8,8002,83
8,8003,-19
8,8004,102
8,8005,-32
8,8006,179
8,8007,58
8,8008,115
8,8009,96
8,8010,153
8,8011,147
8,8012,128
8,8013,147
8,8014,70
8,8015,83
8,8016,115
8,8017,-38
8,8018,134
8,8019,64
8,8020,148
8,8021,64
8,8022,167
8,8023,70
8,8024,377
8,8025,51
8,8026,25
8,8027,128
8,8028,57
8,8029,108
8,8030,166
8,8031,108
8,8032,77
8,8033,51
8,8034,89
8,8035,115
8,8036,108
8,8037,-38
8,8038,167
8,8039,115
8,8040,57
8,8041,45
8,8042,359
8,8043,-64
8,8044,77
8,8045,39
8,8046,115
8,8047,83
8,8048,70
8,8049,77
8,8050,211
8,8051,58
8,8052,148
8,8053,64
8,8054,109
8,8055,77
8,8056,134
8,8057,115
8,8058,32
8,8059,26
8,8060,83
8,8061,45
8,8062,51
8,8063,32
8,8064,96
8,8065,134
8,8066,121
8,8067,102
8,8068,141
8,8069,83
8,8070,83
8,8071,96
8,8072,314
8,8073,397
8,8074,109
8,8075,70
8,8076,89
8,8077,77
8,8078,160
8,8079,32
8,8080,102
8,8081,44
8,8082,96
8,8083,52
8,8084,108
8,8085,58
8,8086,115
8,8087,160
8,8088,148
8,8089,141
8,8090,109
8,8091,64
8,8092,108
8,8093,25
8,8094,128
8,8095,25
8,8096,58
8,8097,51
8,8098,77
8,8099,19
8,8100,76
8,8101,109
8,8102,77
8,8103,108
8,8104,122
8,8105,71
8,8106,134
8,8107,109
8,8108,96
8,8109,96
8,8110,77
8,8111,90
8,8112,57
8,8113,51
8,8114,70
8,8115,32
8,8116,38
8,8117,38
8,8118,109
8,8119,96
8,8120,89
8,8121,102
8,8122,96
8,8123,109
8,8124,211
8,8125,173
8,8126,96
8,8127,199
8,8128,153
8,8129,39
8,8130,77
8,8131,25
8,8132,365
8,8133,-38
8,8134,141
8,8135,52
8,8136,70
8,8137,327
8,8138,122
8,8139,103
8,8140,128
8,8141,51
8,8142,77
8,8143,109
8,8144,89
8,8145,64
8,8146,26
8,8147,83
8,8148,167
8,8149,77
8,8150,64
8,8151,83
8,8152,122
8,8153,20
8,8154,135
8,8155,122
8,8156,102
8,8157,51
8,8158,115
8,8159,64
8,8160,64
8,8161,115
8,8162,109
8,8163,64
8,8164,-51
8,8165,45
8,8166,160
8,8167,96
8,8168,211
8,8169,32
8,8170,32
8,8171,115
8,8172,96
8,8173,372
8,8174,205
8,8175,57
8,8176,121
8,8177,135
8,8178,121
8,8179,160
8,8180,96
8,8181,51
8,8182,326
8,8183,83
8,8184,115
8,8185,32
8,8186,26
8,8187,64
8,8188,58
8,8189,57
8,8190,64
8,8191,64
8,8192,45
8,8193,122
8,8194,390
8,8195,102
8,8196,-58
8,8197,76
8,8198,173
8,8199,51
8,8200,108
8,8201,64
8,8202,116
8,8203,70
8,8204,179
8,8205,32
8,8206,77
8,8207,64
8,8208,96
8,8209,57
8,8210,103
8,8211,83
8,8212,102
8,8213,45
8,8214,71
8,8215,83
8,8216,128
8,8217,70
8,8218,70
8,8219,109
8,8220,180
8,8221,64
8,8222,173
8,8223,70
8,8224,160
8,8225,64
8,8226,115
8,8227,-32
8,8228,90
8,8229,51
8,8230,84
8,8231,90
8,8232,-38
8,8233,77
8,8234,781
8,8235,103
8,8236,64
8,8237,147
8,8238,212
8,8239,90
8,8240,172
8,8241,51
8,8242,140
8,8243,32
8,8244,96
8,8245,84
8,8246,109
8,8247,83
8,8248,115
8,8249,58
8,8250,70
8,8251,147
8,8252,115
8,8253,57
8,8254,167
8,8255,135
8,8256,192
8,8257,39
8,8258,102
8,8259,84
8,8260,109
8,8261,26
8,8262,268
8,8263,70
8,8264,77
8,8265,96
8,8266,122
8,8267,76
8,8268,109
8,8269,70
8,8270,58
8,8271,84
8,8272,378
8,8273,-6
8,8274,102
8,8275,116
8,8276,64
8,8277,282
8,8278,128
8,8279,122
8,8280,128
8,8281,57
8,8282,192
8,8283,140
8,8284,179
8,8285,51
8,8286,102
8,8287,89
8,8288,262
8,8289,186
8,8290,211
8,8291,102
8,8292,211
8,8293,71
8,8294,102
8,8295,58
8,8296,122
8,8297,64
8,8298,122
8,8299,249
8,8300,96
8,8301,-32
8,8302,192
8,8303,57
8,8304,57
8,8305,96
8,8306,160
8,8307,58
8,8308,115
8,8309,96
8,8310,109
8,8311,89
8,8312,115
8,8313,-39
8,8314,77
8,8315,179
8,8316,147
8,8317,45
8,8318,57
8,8319,96
8,8320,108
8,8321,102
8,8322,115
8,8323,115
8,8324,160
8,8325,103
8,8326,153
8,8327,153
8,8328,160
8,8329,32
8,8330,115
8,8331,115
8,8332,90
8,8333,57
8,8334,172
8,8335,115
8,8336,102
8,8337,64
8,8338,147
8,8339,103
8,8340,167
8,8341,90
8,8342,-64
8,8343,128
8,8344,121
8,8345,45
8,8346,96
8,8347,64
8,8348,71
8,8349,45
8,8350,173
8,8351,122
8,8352,173
8,8353,57
8,8354,77
8,8355,147
8,8356,134
8,8357,122
8,8358,147
8,8359,51
8,8360,121
8,8361,89
8,8362,83
8,8363,71
8,8364,160
8,8365,51
8,8366,160
8,8367,83
8,8368,77
8,8369,57
8,8370,121
8,8371,-26
8,8372,147
8,8373,90
8,8374,19
8,8375,58
8,8376,179
8,8377,51
8,8378,109
8,8379,96
8,8380,167
8,8381,70
8,8382,-32
8,8383,179
8,8384,115
8,8385,90
8,8386,70
8,8387,109
8,8388,122
8,8389,51
8,8390,83
8,8391,45
8,8392,64
8,8393,103
8,8394,135
8,8395,109
8,8396,115
8,8397,134
8,8398,57
8,8399,109
8,8400,109
8,8401,339
8,8402,96
8,8403,19
8,8404,179
8,8405,71
8,8406,134
8,8407,64
8,8408,153
8,8409,58
8,8410,166
8,8411,70
8,8412,76
8,8413,160
8,8414,109
8,8415,128
8,8416,122
8,8417,89
8,8418,121
8,8419,71
8,8420,166
8,8421,51
8,8422,70
8,8423,160
8,8424,224
8,8425,58
8,8426,128
8,8427,25
8,8428,396
8,8429,115
8,8430,109
8,8431,128
8,8432,140
8,8433,64
8,8434,173
8,8435,52
8,8436,51
8,8437,109
8,8438,154
8,8439,25
8,8440,115
8,8441,64
8,8442,-51
8,8443,45
8,8444,70
8,8445,64
8,8446,64
8,8447,108
8,8448,96
8,8449,90
8,8450,358
8,8451,71
8,8452,115
8,8453,96
8,8454,172
8,8455,109
8,8456,32
8,8457,77
8,8458,64
8,8459,365
8,8460,115
8,8461,109
8,8462,-51
8,8463,128
8,8464,115
8,8465,32
8,8466,185
8,8467,64
8,8468,109
8,8469,102
8,8470,128
8,8471,77
8,8472,32
8,8473,90
8,8474,90
8,8475,64
8,8476,153
8,8477,96
8,8478,32
8,8479,409
8,8480,121
8,8481,84
8,8482,167
8,8483,32
8,8484,77
8,8485,109
8,8486,58
8,8487,71
8,8488,64
8,8489,838
8,8490,134
8,8491,813
8,8492,115
8,8493,147
8,8494,211
8,8495,103
8,8496,167
8,8497,-7
8,8498,77
8,8499,52
8,8500,77
8,8501,26
8,8502,103
8,8503,121
8,8504,83
8,8505,102
8,8506,141
8,8507,108
8,8508,58
8,8509,83
8,8510,57
8,8511,77
8,8512,109
8,8513,64
8,8514,83
8,8515,45
8,8516,115
8,8517,77
8,8518,109
8,8519,57
8,8520,116
8,8521,109
8,8522,147
8,8523,148
8,8524,116
8,8525,109
8,8526,160
8,8527,90
8,8528,83
8,8529,52
8,8530,166
8,8531,64
8,8532,71
8,8533,51
8,8534,115
8,8535,109
8,8536,70
8,8537,333
8,8538,167
8,8539,96
8,8540,70
8,8541,70
8,8542,57
8,8543,115
8,8544,128
8,8545,109
8,8546,154
8,8547,135
8,8548,45
8,8549,64
8,8550,167
8,8551,109
8,8552,115
8,8553,160
8,8554,83
8,8555,64
8,8556,116
8,8557,109
8,8558,333
8,8559,25
8,8560,64
8,8561,58
8,8562,211
8,8563,57
8,8564,116
8,8565,122
8,8566,141
8,8567,83
8,8568,108
8,8569,76
8,8570,64
8,8571,39
8,8572,39
8,8573,57
8,8574,58
8,8575,122
8,8576,102
8,8577,51
8,8578,186
8,8579,-205
8,8580,224
8,8581,44
8,8582,89
8,8583,-115
8,8584,135
8,8585,19
8,8586,51
8,8587,51
8,8588,32
8,8589,77
8,8590,39
8,8591,96
8,8592,64
8,8593,71
8,8594,77
8,8595,77
8,8596,167
8,8597,103
8,8598,32
8,8599,76
8,8600,89
8,8601,64
8,8602,64
8,8603,19
8,8604,115
8,8605,58
8,8606,77
8,8607,64
8,8608,115
8,8609,26
8,8610,-26
8,8611,58
8,8612,77
8,8613,32
8,8614,121
8,8615,154
8,8616,-44
8,8617,166
8,8618,173
8,8619,103
8,8620,154
8,8621,64
8,8622,32
8,8623,64
8,8624,64
8,8625,64
8,8626,25
8,8627,333
8,8628,-128
8,8629,70
8,8630,160
8,8631,121
8,8632,102
8,8633,71
8,8634,102
8,8635,103
8,8636,64
8,8637,64
8,8638,71
8,8639,102
8,8640,116
8,8641,25
8,8642,26
8,8643,70
8,8644,-38
8,8645,64
8,8646,205
8,8647,51
8,8648,57
8,8649,89
8,8650,147
8,8651,64
8,8652,96
8,8653,51
8,8654,109
8,8655,96
8,8656,211
8,8657,45
8,8658,32
8,8659,109
8,8660,-26
8,8661,116
8,8662,115
8,8663,96
8,8664,51
8,8665,39
8,8666,109
8,8667,89
8,8668,128
8,8669,51
8,8670,167
8,8671,64
8,8672,77
8,8673,141
8,8674,531
8,8675,-64
8,8676,141
8,8677,51
8,8678,102
8,8679,51
8,8680,147
8,8681,102
8,8682,102
8,8683,64
8,8684,172
8,8685,-346
8,8686,76
8,8687,32
8,8688,64
8,8689,96
8,8690,204
8,8691,70
8,8692,108
8,8693,52
8,8694,71
8,8695,160
8,8696,115
8,8697,52
8,8698,64
8,8699,32
8,8700,224
8,8701,58
8,8702,64
8,8703,57
8,8704,71
8,8705,148
8,8706,160
8,8707,102
8,8708,185
8,8709,-237
8,8710,122
8,8711,166
8,8712,154
8,8713,-39
8,8714,179
8,8715,64
8,8716,58
8,8717,51
8,8718,115
8,8719,64
8,8720,64
8,8721,262
8,8722,-32
8,8723,-128
8,8724,134
8,8725,58
8,8726,70
8,8727,77
8,8728,109
8,8729,58
8,8730,108
8,8731,64
8,8732,800
8,8733,39
8,8734,26
8,8735,89
8,8736,70
8,8737,115
8,8738,64
8,8739,198
8,8740,103
8,8741,57
8,8742,77
8,8743,-25
8,8744,269
8,8745,243
8,8746,787
8,8747,167
8,8748,77
8,8749,102
8,8750,58
8,8751,96
8,8752,128
8,8753,64
8,8754,115
8,8755,51
8,8756,89
8,8757,301
8,8758,109
8,8759,122
8,8760,51
8,8761,109
8,8762,45
8,8763,115
8,8764,166
8,8765,71
8,8766,128
8,8767,249
8,8768,58
8,8769,83
8,8770,19
8,8771,25
8,8772,148
8,8773,320
8,8774,-39
8,8775,26
8,8776,58
8,8777,64
8,8778,77
8,8779,173
8,8780,147
8,8781,103
8,8782,268
8,8783,212
8,8784,327
8,8785,486
8,8786,224
8,8787,160
8,8788,122
8,8789,217
8,8790,211
8,8791,25
8,8792,64
8,8793,160
8,8794,173
8,8795,64
8,8796,51
8,8797,90
8,8798,185
8,8799,32
8,8800,-57
8,8801,134
8,8802,96
8,8803,25
8,8804,51
8,8805,147
8,8806,-141
8,8807,96
8,8808,128
8,8809,108
8,8810,19
8,8811,38
8,8812,64
8,8813,51
8,8814,103
8,8815,70
8,8816,32
8,8817,141
8,8818,122
8,8819,64
8,8820,121
8,8821,103
8,8822,212
8,8823,141
8,8824,90
8,8825,32
8,8826,52
8,8827,19
8,8828,32
8,8829,71
8,8830,167
8,8831,26
8,8832,39
8,8833,64
8,8834,122
8,8835,115
8,8836,192
8,8837,236
8,8838,-32
8,8839,128
8,8840,64
8,8841,39
8,8842,115
8,8843,-52
8,8844,64
8,8845,51
8,8846,160
8,8847,109
8,8848,122
8,8849,102
8,8850,76
8,8851,64
8,8852,153
8,8853,89
8,8854,77
8,8855,90
8,8856,115
8,8857,20
8,8858,173
8,8859,32
8,8860,38
8,8861,96
8,8862,244
8,8863,122
8,8864,109
8,8865,32
8,8866,173
8,8867,64
8,8868,38
8,8869,-25
8,8870,122
8,8871,102
8,8872,96
8,8873,90
8,8874,172
8,8875,160
8,8876,147
8,8877,141
8,8878,211
8,8879,77
8,8880,102
8,8881,38
8,8882,116
8,8883,57
8,8884,148
8,8885,58
8,8886,128
8,8887,192
8,8888,51
8,8889,134
8,8890,116
8,8891,115
8,8892,109
8,8893,83
8,8894,179
8,8895,64
8,8896,89
8,8897,57
8,8898,51
8,8899,58
8,8900,109
8,8901,192
8,8902,39
8,8903,102
8,8904,-32
8,8905,76
8,8906,364
8,8907,57
8,8908,108
8,8909,52
8,8910,115
8,8911,121
8,8912,166
8,8913,70
8,8914,32
8,8915,26
8,8916,64
8,8917,44
8,8918,45
8,8919,19
8,8920,166
8,8921,58
8,8922,115
8,8923,70
8,8924,90
8,8925,64
8,8926,160
8,8927,64
8,8928,70
8,8929,90
8,8930,154
8,8931,70
8,8932,96
8,8933,345
8,8934,77
8,8935,64
8,8936,71
8,8937,25
8,8938,102
8,8939,205
8,8940,77
8,8941,71
8,8942,167
8,8943,96
8,8944,147
8,8945,51
8,8946,179
8,8947,64
8,8948,64
8,8949,96
8,8950,134
8,8951,96
8,8952,172
8,8953,173
8,8954,282
8,8955,70
8,8956,64
8,8957,108
8,8958,365
8,8959,57
8,8960,140
8,8961,103
8,8962,166
8,8963,64
8,8964,89
8,8965,57
8,8966,64
8,8967,32
8,8968,173
8,8969,57
8,8970,83
8,8971,198
8,8972,45
8,8973,32
8,8974,77
8,8975,377
8,8976,96
8,8977,51
8,8978,108
8,8979,109
8,8980,51
8,8981,83
8,8982,173
8,8983,71
8,8984,51
8,8985,64
8,8986,148
8,8987,71
8,8988,103
8,8989,102
8,8990,166
8,8991,134
8,8992,102
8,8993,52
8,8994,90
8,8995,26
8,8996,307
8,8997,58
8,8998,167
8,8999,122
8,9000,218
8,9001,800
8,9002,90
8,9003,762
8,9004,173
8,9005,147
8,9006,173
8,9007,115
8,9008,140
8,9009,39
8,9010,57
8,9011,26
8,9012,70
8,9013,89
8,9014,173
8,9015,64
8,9016,173
8,9017,51
8,9018,-32
8,9019,76
8,9020,109
8,9021,115
8,9022,461
8,9023,122
8,9024,128
8,9025,45
8,9026,51
8,9027,32
8,9028,-32
8,9029,141
8,9030,58
8,9031,115
8,9032,128
8,9033,-128
8,9034,230
8,9035,83
8,9036,166
8,9037,77
8,9038,108
8,9039,77
8,9040,76
8,9041,51
8,9042,102
8,9043,57
8,9044,64
8,9045,96
8,9046,134
8,9047,-32
8,9048,57
8,9049,64
8,9050,70
8,9051,58
8,9052,71
8,9053,51
8,9054,192
8,9055,134
8,9056,122
8,9057,26
8,9058,212
8,9059,96
8,9060,70
8,9061,102
8,9062,71
8,9063,64
8,9064,109
8,9065,96
8,9066,141
8,9067,32
8,9068,160
8,9069,320
8,9070,45
8,9071,77
8,9072,58
8,9073,51
8,9074,372
8,9075,134
8,9076,70
8,9077,51
8,9078,160
8,9079,77
8,9080,109
8,9081,32
8,9082,121
8,9083,64
8,9084,109
8,9085,-25
8,9086,173
8,9087,122
8,9088,64
8,9089,116
8,9090,179
8,9091,115
8,9092,90
8,9093,51
8,9094,153
8,9095,64
8,9096,160
8,9097,45
8,9098,134
8,9099,77
8,9100,84
8,9101,-45
8,9102,167
8,9103,109
8,9104,102
8,9105,58
8,9106,179
8,9107,-38
8,9108,134
8,9109,70
8,9110,154
8,9111,70
8,9112,173
8,9113,294
8,9114,160
8,9115,64
8,9116,57
8,9117,26
8,9118,57
8,9119,32
8,9120,64
8,9121,38
8,9122,141
8,9123,19
8,9124,249
8,9125,51
8,9126,128
8,9127,-51
8,9128,198
8,9129,32
8,9130,109
8,9131,70
8,9132,128
8,9133,45
8,9134,109
8,9135,90
8,9136,122
8,9137,96
8,9138,89
8,9139,-44
8,9140,64
8,9141,83
8,9142,339
8,9143,135
8,9144,90
8,9145,70
8,9146,160
8,9147,160
8,9148,115
8,9149,96
8,9150,32
8,9151,109
8,9152,294
8,9153,58
8,9154,134
8,9155,70
8,9156,103
8,9157,58
8,9158,115
8,9159,-44
8,9160,96
8,9161,96
8,9162,160
8,9163,102
8,9164,180
8,9165,64
8,9166,115
8,9167,160
8,9168,614
8,9169,32
8,9170,19
8,9171,25
8,9172,84
8,9173,70
8,9174,26
8,9175,205
8,9176,52
8,9177,103
8,9178,249
8,9179,121
8,9180,83
8,9181,38
8,9182,115
8,9183,64
8,9184,102
8,9185,52
8,9186,166
8,9187,71
8,9188,166
8,9189,90
8,9190,84
8,9191,122
8,9192,148
8,9193,64
8,9194,109
8,9195,64
8,9196,70
8,9197,45
8,9198,64
8,9199,76
8,9200,57
8,9201,96
8,9202,76
8,9203,121
8,9204,128
8,9205,58
8,9206,32
8,9207,128
8,9208,108
8,9209,167
8,9210,96
8,9211,32
8,9212,64
8,9213,51
8,9214,64
8,9215,102
8,9216,70
8,9217,134
8,9218,179
8,9219,128
8,9220,160
8,9221,103
8,9222,371
8,9223,121
8,9224,77
8,9225,109
8,9226,109
8,9227,89
8,9228,121
8,9229,51
8,9230,64
8,9231,77
8,9232,90
8,9233,109
8,9234,128
8,9235,71
8,9236,135
8,9237,64
8,9238,64
8,9239,109
8,9240,45
8,9241,140
8,9242,122
8,9243,167
8,9244,243
8,9245,109
8,9246,160
8,9247,77
8,9248,147
8,9249,90
8,9250,70
8,9251,57
8,9252,64
8,9253,-32
8,9254,77
8,9255,102
8,9256,102
8,9257,84
8,9258,787
8,9259,58
8,9260,-25
8,9261,70
8,9262,147
8,9263,32
8,9264,77
8,9265,128
8,9266,108
8,9267,109
8,9268,160
8,9269,51
8,9270,58
8,9271,109
8,9272,128
8,9273,77
8,9274,134
8,9275,358
8,9276,173
8,9277,89
8,9278,64
8,9279,109
8,9280,122
8,9281,77
8,9282,115
8,9283,115
8,9284,128
8,9285,45
8,9286,192
8,9287,32
8,9288,109
8,9289,128
8,9290,237
8,9291,70
8,9292,83
8,9293,58
8,9294,84
8,9295,51
8,9296,198
8,9297,52
8,9298,57
8,9299,64
8,9300,96
8,9301,58
8,9302,26
8,9303,83
8,9304,192
8,9305,116
8,9306,102
8,9307,-32
8,9308,166
8,9309,57
8,9310,160
8,9311,167
8,9312,96
8,9313,115
8,9314,205
8,9315,96
8,9316,83
8,9317,-38
8,9318,192
8,9319,108
8,9320,103
8,9321,26
8,9322,70
8,9323,64
8,9324,77
8,9325,167
8,9326,480
8,9327,108
8,9328,89
8,9329,128
8,9330,109
8,9331,76
8,9332,128
8,9333,64
8,9334,109
8,9335,134
8,9336,122
8,9337,32
8,9338,109
8,9339,52
8,9340,58
8,9341,39
8,9342,32
8,9343,-26
8,9344,192
8,9345,103
8,9346,179
8,9347,115
8,9348,77
8,9349,71
8,9350,102
8,9351,122
8,9352,77
8,9353,57
8,9354,276
8,9355,83
8,9356,160
8,9357,83
8,9358,89
8,9359,115
8,9360,167
8,9361,83
8,9362,121
8,9363,115
8,9364,377
8,9365,109
8,9366,205
8,9367,71
8,9368,64
8,9369,-32
8,9370,275
8,9371,134
8,9372,-32
8,9373,64
8,9374,179
8,9375,52
8,9376,-39
8,9377,64
8,9378,141
8,9379,102
8,9380,102
8,9381,52
8,9382,26
8,9383,102
8,9384,109
8,9385,102
8,9386,-115
8,9387,154
8,9388,147
8,9389,166
8,9390,102
8,9391,90
8,9392,77
8,9393,109
8,9394,38
8,9395,58
8,9396,173
8,9397,147
8,9398,173
8,9399,77
8,9400,122
8,9401,103
8,9402,211
8,9403,83
8,9404,128
8,9405,96
8,9406,64
8,9407,71
8,9408,148
8,9409,70
8,9410,148
8,9411,109
8,9412,115
8,9413,58
8,9414,32
8,9415,108
8,9416,77
8,9417,109
8,9418,378
8,9419,153
8,9420,128
8,9421,288
8,9422,96
8,9423,70
8,9424,166
8,9425,-19
8,9426,70
8,9427,154
8,9428,108
8,9429,148
8,9430,70
8,9431,-51
8,9432,-38
8,9433,135
8,9434,96
8,9435,109
8,9436,58
8,9437,-38
8,9438,224
8,9439,64
8,9440,121
8,9441,-13
8,9442,141
8,9443,-64
8,9444,147
8,9445,58
8,9446,64
8,9447,44
8,9448,26
8,9449,70
8,9450,147
8,9451,115
8,9452,71
8,9453,32
8,9454,96
8,9455,96
8,9456,102
8,9457,109
8,9458,135
8,9459,77
8,9460,70
8,9461,51
8,9462,454
8,9463,19
8,9464,-45
8,9465,166
8,9466,358
8,9467,64
8,9468,115
8,9469,57
8,9470,58
8,9471,19
8,9472,141
8,9473,102
8,9474,160
8,9475,64
8,9476,45
8,9477,96
8,9478,26
8,9479,57
8,9480,218
8,9481,-32
8,9482,173
8,9483,128
8,9484,51
8,9485,-39
8,9486,102
8,9487,64
8,9488,109
8,9489,77
8,9490,58
8,9491,83
8,9492,211
8,9493,109
8,9494,167
8,9495,109
8,9496,109
8,9497,166
8,9498,76
8,9499,70
8,9500,192
8,9501,140
8,9502,211
8,9503,58
8,9504,115
8,9505,89
8,9506,160
8,9507,89
8,9508,64
8,9509,147
8,9510,160
8,9511,121
8,9512,57
8,9513,813
8,9514,141
8,9515,787
8,9516,116
8,9517,25
8,9518,179
8,9519,102
8,9520,192
8,9521,19
8,9522,115
8,9523,26
8,9524,45
8,9525,77
8,9526,-256
8,9527,84
8,9528,109
8,9529,103
8,9530,70
8,9531,64
8,9532,115
8,9533,109
8,9534,116
8,9535,83
8,9536,173
8,9537,19
8,9538,122
8,9539,44
8,9540,122
8,9541,128
8,9542,179
8,9543,32
8,9544,166
8,9545,83
8,9546,179
8,9547,102
8,9548,109
8,9549,38
8,9550,122
8,9551,32
8,9552,108
8,9553,96
8,9554,71
8,9555,70
8,9556,128
8,9557,96
8,9558,51
8,9559,57
8,9560,108
8,9561,52
8,9562,71
8,9563,166
8,9564,122
8,9565,153
8,9566,89
8,9567,115
8,9568,237
8,9569,103
8,9570,128
8,9571,-262
8,9572,140
8,9573,128
8,9574,109
8,9575,58
8,9576,77
8,9577,45
8,9578,77
8,9579,77
8,9580,166
8,9581,96
8,9582,135
8,9583,109
8,9584,103
8,9585,115
8,9586,115
8,9587,-39
8,9588,109
8,9589,121
8,9590,122
8,9591,-128
8,9592,192
8,9593,140
8,9594,198
8,9595,64
8,9596,115
8,9597,122
8,9598,172
8,9599,58
8,9600,384
8,9601,109
8,9602,96
8,9603,84
8,9604,102
8,9605,64
8,9606,90
8,9607,64
8,9608,116
8,9609,51
8,9610,154
8,9611,77
8,9612,102
8,9613,-26
8,9614,51
8,9615,77
8,9616,77
8,9617,89
8,9618,192
8,9619,115
8,9620,173
8,9621,103
8,9622,166
8,9623,96
8,9624,205
8,9625,-51
8,9626,32
8,9627,64
8,9628,109
8,9629,39
8,9630,122
8,9631,84
8,9632,218
8,9633,32
8,9634,122
8,9635,19
8,9636,-25
8,9637,166
8,9638,153
8,9639,109
8,9640,64
8,9641,128
8,9642,166
8,9643,135
8,9644,339
8,9645,90
8,9646,179
8,9647,20
8,9648,70
8,9649,38
8,9650,64
8,9651,89
8,9652,102
8,9653,192
8,9654,-32
8,9655,128
8,9656,102
8,9657,51
8,9658,128
8,9659,64
8,9660,102
8,9661,102
8,9662,173
8,9663,70
8,9664,262
8,9665,263
8,9666,26
8,9667,51
8,9668,154
8,9669,301
8,9670,-25
8,9671,140
8,9672,109
8,9673,115
8,9674,167
8,9675,115
8,9676,186
8,9677,96
8,9678,77
8,9679,90
8,9680,109
8,9681,102
8,9682,20
8,9683,51
8,9684,160
8,9685,52
8,9686,147
8,9687,25
8,9688,122
8,9689,116
8,9690,103
8,9691,58
8,9692,96
8,9693,135
8,9694,166
8,9695,-179
8,9696,167
8,9697,64
8,9698,147
8,9699,115
8,9700,115
8,9701,109
8,9702,58
8,9703,116
8,9704,71
8,9705,45
8,9706,391
8,9707,115
8,9708,154
8,9709,26
8,9710,167
8,9711,109
8,9712,160
8,9713,121
8,9714,199
8,9715,166
8,9716,217
8,9717,51
8,9718,102
8,9719,96
8,9720,192
8,9721,-32
8,9722,19
8,9723,359
8,9724,64
8,9725,64
8,9726,57
8,9727,70
8,9728,64
8,9729,-32
8,9730,179
8,9731,173
8,9732,166
8,9733,102
8,9734,115
8,9735,141
8,9736,102
8,9737,186
8,9738,90
8,9739,58
8,9740,58
8,9741,64
8,9742,116
8,9743,70
8,9744,39
8,9745,-32
8,9746,166
8,9747,115
8,9748,103
8,9749,102
8,9750,147
8,9751,70
8,9752,71
8,9753,51
8,9754,166
8,9755,32
8,9756,115
8,9757,-38
8,9758,103
8,9759,-51
8,9760,134
8,9761,-39
8,9762,134
8,9763,90
8,9764,147
8,9765,83
8,9766,89
8,9767,102
8,9768,121
8,9769,89
8,9770,800
8,9771,102
8,9772,115
8,9773,102
8,9774,153
8,9775,-32
8,9776,109
8,9777,-147
8,9778,71
8,9779,64
8,9780,90
8,9781,58
8,9782,128
8,9783,58
8,9784,58
8,9785,108
8,9786,115
8,9787,58
8,9788,128
8,9789,77
8,9790,77
8,9791,90
8,9792,185
8,9793,58
8,9794,96
8,9795,26
8,9796,96
8,9797,51
8,9798,179
8,9799,64
8,9800,180
8,9801,147
8,9802,96
8,9803,39
8,9804,122
8,9805,96
8,9806,154
8,9807,-39
8,9808,141
8,9809,52
8,9810,108
8,9811,122
8,9812,103
8,9813,141
8,9814,167
8,9815,71
8,9816,52
8,9817,51
8,9818,224
8,9819,77
8,9820,108
8,9821,109
8,9822,102
8,9823,77
8,9824,102
8,9825,109
8,9826,186
8,9827,115
8,9828,199
8,9829,83
8,9830,147
8,9831,96
8,9832,77
8,9833,70
8,9834,102
8,9835,57
8,9836,32
8,9837,64
8,9838,173
8,9839,64
8,9840,89
8,9841,96
8,9842,58
8,9843,134
8,9844,403
8,9845,103
8,9846,166
8,9847,121
8,9848,128
8,9849,122
8,9850,25
8,9851,57
8,9852,52
8,9853,89
8,9854,205
8,9855,51
8,9856,166
8,9857,109
8,9858,173
8,9859,364
8,9860,167
8,9861,45
8,9862,204
8,9863,70
8,9864,51
8,9865,57
8,9866,115
8,9867,58
8,9868,26
8,9869,76
8,9870,-32
8,9871,148
8,9872,70
8,9873,90
8,9874,90
8,9875,64
8,9876,128
8,9877,109
8,9878,115
8,9879,71
8,9880,134
8,9881,371
8,9882,166
8,9883,64
8,9884,83
8,9885,57
8,9886,128
8,9887,96
8,9888,128
8,9889,96
8,9890,96
8,9891,-38
8,9892,0
8,9893,38
8,9894,25
8,9895,-25
8,9896,71
8,9897,109
8,9898,160
8,9899,160
8,9900,128
8,9901,-32
8,9902,166
8,9903,122
8,9904,102
8,9905,89
8,9906,26
8,9907,148
8,9908,45
8,9909,51
8,9910,115
8,9911,403
8,9912,103
8,9913,-115
8,9914,154
8,9915,102
8,9916,57
8,9917,160
8,9918,77
8,9919,116
8,9920,115
8,9921,103
8,9922,109
8,9923,109
8,9924,64
8,9925,167
8,9926,32
8,9927,32
8,9928,64
8,9929,154
8,9930,167
8,9931,96
8,9932,116
8,9933,135
8,9934,205
8,9935,160
8,9936,199
8,9937,51
8,9938,160
8,9939,333
8,9940,102
8,9941,70
8,9942,173
8,9943,70
8,9944,64
8,9945,45
8,9946,122
8,9947,64
8,9948,122
8,9949,71
8,9950,115
8,9951,70
8,9952,115
8,9953,109
8,9954,166
8,9955,89
8,9956,359
8,9957,51
8,9958,51
8,9959,109
8,9960,115
8,9961,52
8,9962,160
8,9963,96
8,9964,116
8,9965,44
8,9966,57
8,9967,109
8,9968,89
8,9969,90
8,9970,135
8,9971,83
8,9972,70
8,9973,39
8,9974,51
8,9975,102
8,9976,71
8,9977,-26
8,9978,116
8,9979,57
8,9980,173
8,9981,262
8,9982,166
8,9983,51
8,9984,70
8,9985,134
8,9986,121
8,9987,57
8,9988,128
8,9989,45
8,9990,-26
8,9991,77
8,9992,76
8,9993,358
8,9994,186
8,9995,77
8,9996,84
8,9997,32
8,9998,90
8,9999,64
8,10000,58
8,10001,103
8,10002,71
8,10003,141
8,10004,109
8,10005,64
8,10006,128
8,10007,128
8,10008,147
8,10009,96
8,10010,71
8,10011,250
8,10012,192
8,10013,64
8,10014,70
8,10015,32
8,10016,103
8,10017,64
8,10018,70
8,10019,102
8,10020,70
8,10021,51
8,10022,96
8,10023,103
8,10024,115
8,10025,807
8,10026,167
8,10027,806
8,10028,224
8,10029,90
8,10030,141
8,10031,192
8,10032,167
8,10033,51
8,10034,70
8,10035,57
8,10036,64
8,10037,64
8,10038,167
8,10039,58
8,10040,103
8,10041,205
8,10042,-205
8,10043,140
8,10044,192
8,10045,192
8,10046,64
8,10047,141
8,10048,109
8,10049,32
8,10050,102
8,10051,76
8,10052,77
8,10053,109
8,10054,52
8,10055,-64
8,10056,172
8,10057,109
8,10058,70
8,10059,115
8,10060,300
8,10061,64
8,10062,77
8,10063,77
8,10064,108
8,10065,339
8,10066,-26
8,10067,83
8,10068,147
8,10069,102
8,10070,-45
8,10071,121
8,10072,32
8,10073,148
8,10074,115
8,10075,115
8,10076,64
8,10077,198
8,10078,109
8,10079,147
8,10080,359
8,10081,70
8,10082,-32
8,10083,160
8,10084,121
8,10085,102
8,10086,109
8,10087,52
8,10088,166
8,10089,89
8,10090,45
8,10091,140
8,10092,76
8,10093,89
8,10094,121
8,10095,57
8,10096,70
8,10097,128
8,10098,-52
8,10099,96
8,10100,167
8,10101,64
8,10102,115
8,10103,45
8,10104,102
8,10105,32
8,10106,115
8,10107,90
8,10108,179
8,10109,102
8,10110,89
8,10111,71
8,10112,45
8,10113,102
8,10114,103
8,10115,147
8,10116,122
8,10117,115
8,10118,186
8,10119,115
8,10120,109
8,10121,70
8,10122,90
8,10123,103
8,10124,250
8,10125,51
8,10126,96
8,10127,64
8,10128,58
8,10129,71
8,10130,102
8,10131,116
8,10132,134
8,10133,166
8,10134,173
8,10135,115
8,10136,57
8,10137,160
8,10138,51
8,10139,51
8,10140,96
8,10141,51
8,10142,25
8,10143,77
8,10144,192
8,10145,71
8,10146,103
8,10147,45
8,10148,-26
8,10149,108
8,10150,116
8,10151,154
8,10152,96
8,10153,116
8,10154,378
8,10155,115
8,10156,122
8,10157,109
8,10158,167
8,10159,121
8,10160,166
8,10161,135
8,10162,70
8,10163,70
8,10164,89
8,10165,77
8,10166,58
8,10167,58
8,10168,141
8,10169,51
8,10170,102
8,10171,179
8,10172,147
8,10173,122
8,10174,102
8,10175,365
8,10176,109
8,10177,58
8,10178,45
8,10179,-250
8,10180,77
8,10181,51
8,10182,-32
8,10183,71
8,10184,83
8,10185,173
8,10186,173
8,10187,153
8,10188,121
8,10189,179
8,10190,186
8,10191,122
8,10192,135
8,10193,58
8,10194,58
8,10195,70
8,10196,51
8,10197,141
8,10198,64
8,10199,115
8,10200,121
8,10201,115
8,10202,102
8,10203,134
8,10204,71
8,10205,71
8,10206,153
8,10207,70
8,10208,109
8,10209,-32
8,10210,135
8,10211,122
8,10212,160
8,10213,96
8,10214,115
8,10215,109
8,10216,77
8,10217,58
8,10218,77
8,10219,115
8,10220,51
8,10221,102
8,10222,192
8,10223,57
8,10224,141
8,10225,154
8,10226,96
8,10227,160
8,10228,199
8,10229,205
8,10230,102
8,10231,58
8,10232,108
8,10233,-755
8,10234,70
8,10235,134
8,10236,-32
8,10237,128
8,10238,45
8,10239,57
8,10240,45
8,10241,121
8,10242,96
8,10243,103
8,10244,288
8,10245,77
8,10246,77
8,10247,83
8,10248,70
8,10249,77
8,10250,224
8,10251,96
8,10252,122
8,10253,58
8,10254,20
8,10255,77
8,10256,84
8,10257,76
8,10258,122
8,10259,134
8,10260,147
8,10261,96
8,10262,121
8,10263,96
8,10264,96
8,10265,211
8,10266,116
8,10267,-64
8,10268,160
8,10269,57
8,10270,211
8,10271,83
8,10272,44
8,10273,57
8,10274,32
8,10275,77
8,10276,71
8,10277,116
8,10278,26
8,10279,378
8,10280,32
8,10281,57
8,10282,806
8,10283,154
8,10284,90
8,10285,102
8,10286,76
8,10287,89
8,10288,102
8,10289,64
8,10290,39
8,10291,51
8,10292,51
8,10293,51
8,10294,166
8,10295,128
8,10296,71
8,10297,109
8,10298,173
8,10299,154
8,10300,109
8,10301,327
8,10302,-269
8,10303,70
8,10304,103
8,10305,52
8,10306,64
8,10307,90
8,10308,186
8,10309,102
8,10310,103
8,10311,19
8,10312,58
8,10313,64
8,10314,-64
8,10315,173
8,10316,128
8,10317,19
8,10318,109
8,10319,179
8,10320,102
8,10321,160
8,10322,19
8,10323,307
8,10324,135
8,10325,141
8,10326,167
8,10327,109
8,10328,102
8,10329,71
8,10330,147
8,10331,153
8,10332,64
8,10333,160
8,10334,154
8,10335,192
8,10336,134
8,10337,96
8,10338,116
8,10339,115
8,10340,64
8,10341,198
8,10342,140
8,10343,153
8,10344,109
8,10345,45
8,10346,64
8,10347,64
8,10348,58
8,10349,103
8,10350,38
8,10351,57
8,10352,64
8,10353,128
8,10354,103
8,10355,108
8,10356,102
8,10357,102
8,10358,109
8,10359,121
8,10360,12
8,10361,58
8,10362,19
8,10363,38
8,10364,64
8,10365,103
8,10366,64
8,10367,96
8,10368,39
8,10369,77
8,10370,64
8,10371,96
8,10372,83
8,10373,102
8,10374,115
8,10375,141
8,10376,154
8,10377,301
8,10378,64
8,10379,77
8,10380,70
8,10381,218
8,10382,32
8,10383,70
8,10384,84
8,10385,64
8,10386,64
8,10387,76
8,10388,128
8,10389,51
8,10390,25
8,10391,160
8,10392,115
8,10393,38
8,10394,32
8,10395,115
8,10396,64
8,10397,96
8,10398,192
8,10399,173
8,10400,166
8,10401,96
8,10402,167
8,10403,224
8,10404,39
8,10405,134
8,10406,173
8,10407,103
8,10408,64
8,10409,109
8,10410,90
8,10411,166
8,10412,115
8,10413,154
8,10414,103
8,10415,71
8,10416,77
8,10417,148
8,10418,57
8,10419,115
8,10420,108
8,10421,128
8,10422,71
8,10423,90
8,10424,83
8,10425,83
8,10426,115
8,10427,83
8,10428,148
8,10429,89
8,10430,51
8,10431,116
8,10432,224
8,10433,51
8,10434,102
8,10435,128
8,10436,51
8,10437,102
8,10438,-461
8,10439,89
8,10440,115
8,10441,64
8,10442,103
8,10443,160
8,10444,90
8,10445,89
8,10446,199
8,10447,115
8,10448,90
8,10449,64
8,10450,108
8,10451,275
8,10452,102
8,10453,147
8,10454,205
8,10455,-250
8,10456,167
8,10457,147
8,10458,102
8,10459,166
8,10460,147
8,10461,102
8,10462,115
8,10463,154
8,10464,167
8,10465,109
8,10466,115
8,10467,64
8,10468,128
8,10469,51
8,10470,77
8,10471,77
8,10472,116
8,10473,83
8,10474,90
8,10475,121
8,10476,64
8,10477,58
8,10478,340
8,10479,128
8,10480,96
8,10481,51
8,10482,32
8,10483,77
8,10484,128
8,10485,103
8,10486,-51
8,10487,173
8,10488,70
8,10489,96
8,10490,102
8,10491,186
8,10492,70
8,10493,115
8,10494,339
8,10495,90
8,10496,96
8,10497,45
8,10498,199
8,10499,135
8,10500,166
8,10501,-39
8,10502,-32
8,10503,352
8,10504,90
8,10505,51
8,10506,147
8,10507,108
8,10508,70
8,10509,115
8,10510,64
8,10511,121
8,10512,102
8,10513,90
8,10514,96
8,10515,160
8,10516,64
8,10517,70
8,10518,-32
8,10519,84
8,10520,141
8,10521,57
8,10522,64
8,10523,109
8,10524,160
8,10525,71
8,10526,192
8,10527,115
8,10528,121
8,10529,25
8,10530,70
8,10531,64
8,10532,173
8,10533,141
8,10534,121
8,10535,64
8,10536,147
8,10537,800
8,10538,134
8,10539,768
8,10540,153
8,10541,116
8,10542,70
8,10543,160
8,10544,128
8,10545,390
8,10546,13
8,10547,71
8,10548,51
8,10549,102
8,10550,-45
8,10551,179
8,10552,103
8,10553,115
8,10554,58
8,10555,108
8,10556,51
8,10557,64
8,10558,102
8,10559,115
8,10560,76
8,10561,25
8,10562,51
8,10563,122
8,10564,51
8,10565,96
8,10566,19
8,10567,115
8,10568,102
8,10569,109
8,10570,115
8,10571,77
8,10572,25
8,10573,58
8,10574,109
8,10575,58
8,10576,-51
8,10577,45
8,10578,-20
8,10579,128
8,10580,32
8,10581,64
8,10582,70
8,10583,70
8,10584,64
8,10585,90
8,10586,160
8,10587,96
8,10588,218
8,10589,64
8,10590,186
8,10591,102
8,10592,365
8,10593,204
8,10594,64
8,10595,102
8,10596,83
8,10597,90
8,10598,185
8,10599,57
8,10600,84
8,10601,51
8,10602,58
8,10603,26
8,10604,83
8,10605,96
8,10606,44
8,10607,365
8,10608,90
8,10609,57
8,10610,77
8,10611,38
8,10612,77
8,10613,64
8,10614,103
8,10615,71
8,10616,160
8,10617,57
8,10618,64
8,10619,378
8,10620,64
8,10621,109
8,10622,179
8,10623,58
8,10624,71
8,10625,128
8,10626,103
8,10627,109
8,10628,70
8,10629,39
8,10630,51
8,10631,102
8,10632,166
8,10633,45
8,10634,26
8,10635,58
8,10636,134
8,10637,64
8,10638,-230
8,10639,166
8,10640,26
8,10641,45
8,10642,160
8,10643,147
8,10644,211
8,10645,77
8,10646,51
8,10647,58
8,10648,179
8,10649,58
8,10650,51
8,10651,70
8,10652,148
8,10653,109
8,10654,103
8,10655,51
8,10656,83
8,10657,90
8,10658,84
8,10659,32
8,10660,90
8,10661,96
8,10662,122
8,10663,51
8,10664,64
8,10665,205
8,10666,205
8,10667,115
8,10668,154
8,10669,179
8,10670,198
8,10671,314
8,10672,115
8,10673,147
8,10674,77
8,10675,115
8,10676,51
8,10677,83
8,10678,70
8,10679,115
8,10680,102
8,10681,358
8,10682,109
8,10683,-64
8,10684,224
8,10685,96
8,10686,-115
8,10687,134
8,10688,64
8,10689,32
8,10690,103
8,10691,89
8,10692,64
8,10693,77
8,10694,167
8,10695,70
8,10696,102
8,10697,108
8,10698,198
8,10699,109
8,10700,160
8,10701,83
8,10702,339
8,10703,128
8,10704,108
8,10705,58
8,10706,71
8,10707,96
8,10708,160
8,10709,89
8,10710,57
8,10711,115
8,10712,83
8,10713,122
8,10714,371
8,10715,26
8,10716,109
8,10717,320
8,10718,90
8,10719,32
8,10720,76
8,10721,109
8,10722,217
8,10723,83
8,10724,116
8,10725,96
8,10726,20
8,10727,153
8,10728,70
8,10729,313
8,10730,103
8,10731,83
8,10732,116
8,10733,134
8,10734,96
8,10735,58
8,10736,166
8,10737,147
8,10738,166
8,10739,166
8,10740,160
8,10741,83
8,10742,173
8,10743,154
8,10744,115
8,10745,32
8,10746,64
8,10747,64
8,10748,39
8,10749,103
8,10750,122
8,10751,64
8,10752,96
8,10753,109
8,10754,64
8,10755,160
8,10756,173
8,10757,147
8,10758,198
8,10759,103
8,10760,128
8,10761,64
8,10762,-32
8,10763,160
8,10764,64
8,10765,141
8,10766,160
8,10767,116
8,10768,90
8,10769,160
8,10770,89
8,10771,153
8,10772,90
8,10773,109
8,10774,166
8,10775,160
8,10776,166
8,10777,288
8,10778,83
8,10779,217
8,10780,102
8,10781,77
8,10782,51
8,10783,77
8,10784,116
8,10785,-32
8,10786,83
8,10787,89
8,10788,109
8,10789,109
8,10790,172
8,10791,115
8,10792,109
8,10793,103
8,10794,813
8,10795,102
8,10796,83
8,10797,77
8,10798,147
8,10799,115
8,10800,89
8,10801,186
8,10802,83
8,10803,90
8,10804,102
8,10805,76
8,10806,96
8,10807,77
8,10808,70
8,10809,90
8,10810,57
8,10811,147
8,10812,89
8,10813,102
8,10814,-32
8,10815,153
8,10816,96
8,10817,58
8,10818,58
8,10819,64
8,10820,403
8,10821,96
8,10822,64
8,10823,58
8,10824,89
8,10825,109
8,10826,-44
8,10827,77
8,10828,58
8,10829,96
8,10830,77
8,10831,116
8,10832,77
8,10833,51
8,10834,51
8,10835,250
8,10836,-45
8,10837,128
8,10838,167
8,10839,58
8,10840,45
8,10841,52
8,10842,115
8,10843,180
8,10844,108
8,10845,70
8,10846,57
8,10847,109
8,10848,109
8,10849,109
8,10850,173
8,10851,115
8,10852,90
8,10853,58
8,10854,109
8,10855,160
8,10856,109
8,10857,45
8,10858,115
8,10859,154
8,10860,58
8,10861,70
8,10862,77
8,10863,58
8,10864,134
8,10865,160
8,10866,218
8,10867,84
8,10868,128
8,10869,103
8,10870,103
8,10871,-45
8,10872,166
8,10873,89
8,10874,26
8,10875,102
8,10876,70
8,10877,147
8,10878,51
8,10879,51
8,10880,115
8,10881,108
8,10882,96
8,10883,52
8,10884,199
8,10885,77
8,10886,166
8,10887,115
8,10888,153
8,10889,51
8,10890,32
8,10891,103
8,10892,153
8,10893,83
8,10894,25
8,10895,64
8,10896,71
8,10897,83
8,10898,148
8,10899,103
8,10900,128
8,10901,160
8,10902,185
8,10903,89
8,10904,115
8,10905,32
8,10906,25
8,10907,76
8,10908,32
8,10909,-26
8,10910,147
8,10911,103
8,10912,25
8,10913,109
8,10914,70
8,10915,-25
8,10916,115
8,10917,64
8,10918,70
8,10919,115
8,10920,90
8,10921,70
8,10922,83
8,10923,147
8,10924,250
8,10925,83
8,10926,96
8,10927,109
8,10928,89
8,10929,-57
8,10930,77
8,10931,102
8,10932,70
8,10933,109
8,10934,64
8,10935,83
8,10936,160
8,10937,122
8,10938,115
8,10939,122
8,10940,-45
8,10941,128
8,10942,122
8,10943,109
8,10944,217
8,10945,134
8,10946,64
8,10947,160
8,10948,141
8,10949,116
8,10950,71
8,10951,128
8,10952,135
8,10953,96
8,10954,96
8,10955,160
8,10956,109
8,10957,102
8,10958,102
8,10959,211
8,10960,64
8,10961,32
8,10962,83
8,10963,115
8,10964,154
8,10965,-32
8,10966,185
8,10967,115
8,10968,77
8,10969,115
8,10970,70
8,10971,147
8,10972,115
8,10973,96
8,10974,167
8,10975,115
8,10976,-39
8,10977,83
8,10978,103
8,10979,109
8,10980,115
8,10981,51
8,10982,32
8,10983,70
8,10984,115
8,10985,102
8,10986,103
8,10987,147
8,10988,77
8,10989,109
8,10990,83
8,10991,109
8,10992,51
8,10993,52
8,10994,333
8,10995,83
8,10996,109
8,10997,154
8,10998,204
8,10999,109
8,11000,39
8,11001,39
8,11002,103
8,11003,102
8,11004,64
8,11005,58
8,11006,173
8,11007,-38
8,11008,83
8,11009,77
8,11010,71
8,11011,90
8,11012,58
8,11013,51
8,11014,84
8,11015,135
8,11016,108
8,11017,51
8,11018,96
8,11019,115
8,11020,186
8,11021,128
8,11022,134
8,11023,70
8,11024,102
8,11025,96
8,11026,64
8,11027,102
8,11028,167
8,11029,70
8,11030,192
8,11031,19
8,11032,89
8,11033,122
8,11034,115
8,11035,58
8,11036,96
8,11037,121
8,11038,204
8,11039,141
8,11040,109
8,11041,217
8,11042,70
8,11043,109
8,11044,70
8,11045,51
8,11046,70
8,11047,103
8,11048,172
8,11049,832
8,11050,224
8,11051,775
8,11052,135
8,11053,205
8,11054,109
8,11055,147
8,11056,109
8,11057,51
8,11058,13
8,11059,64
8,11060,51
8,11061,58
8,11062,-45
8,11063,179
8,11064,109
8,11065,89
8,11066,141
8,11067,147
8,11068,-52
8,11069,134
8,11070,121
8,11071,160
8,11072,70
8,11073,77
8,11074,167
8,11075,147
8,11076,77
8,11077,160
8,11078,205
8,11079,89
8,11080,153
8,11081,96
8,11082,173
8,11083,116
8,11084,26
8,11085,147
8,11086,135
8,11087,192
8,11088,51
8,11089,115
8,11090,64
8,11091,192
8,11092,32
8,11093,77
8,11094,205
8,11095,103
8,11096,32
8,11097,51
8,11098,103
8,11099,-45
8,11100,148
8,11101,179
8,11102,109
8,11103,141
8,11104,64
8,11105,70
8,11106,186
8,11107,167
8,11108,32
8,11109,71
8,11110,135
8,11111,172
8,11112,173
8,11113,166
8,11114,339
8,11115,77
8,11116,51
8,11117,89
8,11118,301
8,11119,58
8,11120,64
8,11121,77
8,11122,102
8,11123,64
8,11124,294
8,11125,116
8,11126,166
8,11127,160
8,11128,103
8,11129,96
8,11130,109
8,11131,25
8,11132,51
8,11133,96
8,11134,89
8,11135,89
8,11136,102
8,11137,115
8,11138,83
8,11139,115
8,11140,172
8,11141,51
8,11142,77
8,11143,58
8,11144,160
8,11145,115
8,11146,51
8,11147,77
8,11148,-45
8,11149,115
8,11150,71
8,11151,83
8,11152,51
8,11153,103
8,11154,26
8,11155,148
8,11156,90
8,11157,51
8,11158,70
8,11159,108
8,11160,288
8,11161,51
8,11162,96
8,11163,96
8,11164,109
8,11165,-6
8,11166,58
8,11167,96
8,11168,135
8,11169,51
8,11170,121
8,11171,333
8,11172,128
8,11173,166
8,11174,205
8,11175,70
8,11176,173
8,11177,173
8,11178,115
8,11179,128
8,11180,160
8,11181,180
8,11182,192
8,11183,64
8,11184,147
8,11185,154
8,11186,102
8,11187,141
8,11188,102
8,11189,64
8,11190,109
8,11191,122
8,11192,45
8,11193,397
8,11194,25
8,11195,160
8,11196,108
8,11197,192
8,11198,115
8,11199,109
8,11200,115
8,11201,57
8,11202,128
8,11203,71
8,11204,167
8,11205,51
8,11206,166
8,11207,108
8,11208,115
8,11209,141
8,11210,-26
8,11211,224
8,11212,57
8,11213,51
8,11214,122
8,11215,77
8,11216,96
8,11217,58
8,11218,96
8,11219,288
8,11220,115
8,11221,154
8,11222,115
8,11223,76
8,11224,84
8,11225,64
8,11226,141
8,11227,115
8,11228,76
8,11229,108
8,11230,166
8,11231,115
8,11232,108
8,11233,76
8,11234,64
8,11235,115
8,11236,102
8,11237,51
8,11238,262
8,11239,166
8,11240,-45
8,11241,108
8,11242,76
8,11243,160
8,11244,116
8,11245,83
8,11246,109
8,11247,64
8,11248,57
8,11249,141
8,11250,122
8,11251,116
8,11252,115
8,11253,121
8,11254,19
8,11255,166
8,11256,70
8,11257,108
8,11258,57
8,11259,108
8,11260,109
8,11261,84
8,11262,64
8,11263,103
8,11264,51
8,11265,128
8,11266,128
8,11267,122
8,11268,90
8,11269,57
8,11270,70
8,11271,102
8,11272,51
8,11273,38
8,11274,84
8,11275,102
8,11276,45
8,11277,71
8,11278,-51
8,11279,160
8,11280,38
8,11281,153
8,11282,103
8,11283,109
8,11284,276
8,11285,115
8,11286,108
8,11287,352
8,11288,160
8,11289,134
8,11290,-25
8,11291,109
8,11292,154
8,11293,58
8,11294,147
8,11295,77
8,11296,96
8,11297,26
8,11298,64
8,11299,32
8,11300,102
8,11301,116
8,11302,77
8,11303,103
8,11304,116
8,11305,96
8,11306,820
8,11307,134
8,11308,154
8,11309,192
8,11310,57
8,11311,76
8,11312,147
8,11313,173
8,11314,64
8,11315,122
8,11316,-38
8,11317,83
8,11318,96
8,11319,70
8,11320,96
8,11321,102
8,11322,109
8,11323,199
8,11324,57
8,11325,192
8,11326,115
8,11327,115
8,11328,153
8,11329,103
8,11330,57
8,11331,122
8,11332,26
8,11333,83
8,11334,64
8,11335,-64
8,11336,115
8,11337,52
8,11338,205
8,11339,90
8,11340,199
8,11341,57
8,11342,90
8,11343,148
8,11344,121
8,11345,57
8,11346,32
8,11347,51
8,11348,103
8,11349,58
8,11350,64
8,11351,96
8,11352,51
8,11353,-141
8,11354,134
8,11355,116
8,11356,173
8,11357,115
8,11358,102
8,11359,109
8,11360,359
8,11361,205
8,11362,77
8,11363,371
8,11364,-13
8,11365,128
8,11366,275
8,11367,-38
8,11368,77
8,11369,77
8,11370,51
8,11371,51
8,11372,64
8,11373,71
8,11374,57
8,11375,96
8,11376,249
8,11377,109
8,11378,153
8,11379,115
8,11380,76
8,11381,135
8,11382,154
8,11383,109
8,11384,205
8,11385,77
8,11386,89
8,11387,217
8,11388,83
8,11389,103
8,11390,19
8,11391,77
8,11392,109
8,11393,147
8,11394,377
8,11395,-13
8,11396,84
8,11397,160
8,11398,173
8,11399,-45
8,11400,121
8,11401,71
8,11402,115
8,11403,58
8,11404,32
8,11405,109
8,11406,116
8,11407,102
8,11408,295
8,11409,243
8,11410,102
8,11411,141
8,11412,128
8,11413,186
8,11414,57
8,11415,122
8,11416,115
8,11417,71
8,11418,58
8,11419,102
8,11420,71
8,11421,115
8,11422,96
8,11423,102
8,11424,70
8,11425,83
8,11426,19
8,11427,51
8,11428,141
8,11429,339
8,11430,25
8,11431,96
8,11432,141
8,11433,115
8,11434,77
8,11435,122
8,11436,83
8,11437,90
8,11438,96
8,11439,122
8,11440,103
8,11441,-32
8,11442,192
8,11443,51
8,11444,102
8,11445,-26
8,11446,109
8,11447,70
8,11448,83
8,11449,160
8,11450,64
8,11451,103
8,11452,115
8,11453,108
8,11454,217
8,11455,51
8,11456,135
8,11457,70
8,11458,70
8,11459,58
8,11460,64
8,11461,115
8,11462,365
8,11463,108
8,11464,70
8,11465,185
8,11466,166
8,11467,166
8,11468,102
8,11469,102
8,11470,173
8,11471,160
8,11472,96
8,11473,90
8,11474,96
8,11475,64
8,11476,102
8,11477,102
8,11478,179
8,11479,128
8,11480,185
8,11481,160
8,11482,166
8,11483,-70
8,11484,192
8,11485,186
8,11486,192
8,11487,108
8,11488,116
8,11489,-51
8,11490,70
8,11491,122
8,11492,71
8,11493,96
8,11494,128
8,11495,76
8,11496,166
8,11497,134
8,11498,-199
8,11499,121
8,11500,364
8,11501,167
8,11502,153
8,11503,103
8,11504,109
8,11505,115
8,11506,90
8,11507,141
8,11508,70
8,11509,58
8,11510,71
8,11511,83
8,11512,83
8,11513,45
8,11514,128
8,11515,71
8,11516,205
8,11517,173
8,11518,51
8,11519,147
8,11520,154
8,11521,103
8,11522,326
8,11523,20
8,11524,45
8,11525,64
8,11526,77
8,11527,102
8,11528,109
8,11529,90
8,11530,115
8,11531,115
8,11532,122
8,11533,109
8,11534,147
8,11535,115
8,11536,192
8,11537,204
8,11538,153
8,11539,179
8,11540,122
8,11541,96
8,11542,173
8,11543,115
8,11544,115
8,11545,121
8,11546,19
8,11547,122
8,11548,570
8,11549,256
8,11550,371
8,11551,269
8,11552,185
8,11553,-45
8,11554,128
8,11555,109
8,11556,77
8,11557,58
8,11558,64
8,11559,71
8,11560,134
8,11561,813
8,11562,141
8,11563,768
8,11564,186
8,11565,103
8,11566,167
8,11567,160
8,11568,57
8,11569,51
8,11570,160
8,11571,154
8,11572,83
8,11573,70
8,11574,166
8,11575,121
8,11576,140
8,11577,128
8,11578,160
8,11579,-58
8,11580,153
8,11581,141
8,11582,173
8,11583,134
8,11584,84
8,11585,108
8,11586,64
8,11587,103
8,11588,58
8,11589,204
8,11590,153
8,11591,44
8,11592,121
8,11593,90
8,11594,116
8,11595,122
8,11596,134
8,11597,288
8,11598,179
8,11599,90
8,11600,135
8,11601,108
8,11602,103
8,11603,64
8,11604,51
8,11605,179
8,11606,32
8,11607,115
8,11608,115
8,11609,71
8,11610,64
8,11611,19
8,11612,121
8,11613,211
8,11614,365
8,11615,122
8,11616,90
8,11617,134
8,11618,128
8,11619,160
8,11620,64
8,11621,108
8,11622,103
8,11623,70
8,11624,102
8,11625,102
8,11626,77
8,11627,115
8,11628,45
8,11629,231
8,11630,96
8,11631,70
8,11632,83
8,11633,192
8,11634,211
8,11635,192
8,11636,58
8,11637,64
8,11638,167
8,11639,180
8,11640,116
8,11641,103
8,11642,19
8,11643,154
8,11644,64
8,11645,179
8,11646,102
8,11647,102
8,11648,173
8,11649,83
8,11650,160
8,11651,109
8,11652,102
8,11653,134
8,11654,102
8,11655,96
8,11656,70
8,11657,64
8,11658,-38
8,11659,102
8,11660,64
8,11661,109
8,11662,44
8,11663,-64
8,11664,71
8,11665,96
8,11666,122
8,11667,128
8,11668,109
8,11669,64
8,11670,103
8,11671,128
8,11672,89
8,11673,83
8,11674,32
8,11675,103
8,11676,51
8,11677,160
8,11678,57
8,11679,96
8,11680,109
8,11681,64
8,11682,32
8,11683,58
8,11684,64
8,11685,109
8,11686,83
8,11687,45
8,11688,339
8,11689,70
8,11690,70
8,11691,121
8,11692,115
8,11693,102
8,11694,77
8,11695,109
8,11696,77
8,11697,96
8,11698,32
8,11699,70
8,11700,64
8,11701,71
8,11702,64
8,11703,103
8,11704,70
8,11705,64
8,11706,45
8,11707,102
8,11708,167
8,11709,96
8,11710,173
8,11711,64
8,11712,70
8,11713,64
8,11714,64
8,11715,25
8,11716,52
8,11717,64
8,11718,96
8,11719,90
8,11720,32
8,11721,96
8,11722,102
8,11723,160
8,11724,115
8,11725,102
8,11726,365
8,11727,70
8,11728,109
8,11729,32
8,11730,64
8,11731,96
8,11732,147
8,11733,102
8,11734,25
8,11735,314
8,11736,57
8,11737,102
8,11738,57
8,11739,179
8,11740,115
8,11741,116
8,11742,-25
8,11743,116
8,11744,96
8,11745,90
8,11746,167
8,11747,263
8,11748,-38
8,11749,71
8,11750,58
8,11751,26
8,11752,128
8,11753,96
8,11754,172
8,11755,179
8,11756,397
8,11757,109
8,11758,71
8,11759,173
8,11760,64
8,11761,128
8,11762,140
8,11763,64
8,11764,148
8,11765,77
8,11766,256
8,11767,76
8,11768,57
8,11769,45
8,11770,70
8,11771,70
8,11772,58
8,11773,57
8,11774,84
8,11775,70
8,11776,115
8,11777,147
8,11778,166
8,11779,218
8,11780,205
8,11781,115
8,11782,103
8,11783,115
8,11784,166
8,11785,122
8,11786,71
8,11787,32
8,11788,160
8,11789,64
8,11790,89
8,11791,116
8,11792,109
8,11793,109
8,11794,147
8,11795,89
8,11796,166
8,11797,70
8,11798,103
8,11799,121
8,11800,141
8,11801,-32
8,11802,167
8,11803,109
8,11804,109
8,11805,64
8,11806,89
8,11807,153
8,11808,58
8,11809,32
8,11810,51
8,11811,77
8,11812,84
8,11813,71
8,11814,128
8,11815,128
8,11816,-57
8,11817,135
8,11818,800
8,11819,154
8,11820,185
8,11821,115
8,11822,198
8,11823,77
8,11824,115
8,11825,45
8,11826,64
8,11827,83
8,11828,147
8,11829,58
8,11830,109
8,11831,115
8,11832,115
8,11833,102
8,11834,116
8,11835,71
8,11836,109
8,11837,57
8,11838,96
8,11839,77
8,11840,154
8,11841,58
8,11842,108
8,11843,83
8,11844,70
8,11845,64
8,11846,128
8,11847,224
8,11848,109
8,11849,160
8,11850,71
8,11851,109
8,11852,135
8,11853,39
8,11854,128
8,11855,109
8,11856,102
8,11857,57
8,11858,-44
8,11859,134
8,11860,115
8,11861,365
8,11862,70
8,11863,76
8,11864,160
8,11865,115
8,11866,102
8,11867,116
8,11868,179
8,11869,135
8,11870,83
8,11871,122
8,11872,377
8,11873,109
8,11874,64
8,11875,71
8,11876,301
8,11877,135
8,11878,320
8,11879,147
8,11880,70
8,11881,51
8,11882,26
8,11883,89
8,11884,70
8,11885,154
8,11886,134
8,11887,89
8,11888,109
8,11889,199
8,11890,122
8,11891,57
8,11892,115
8,11893,102
8,11894,128
8,11895,96
8,11896,147
8,11897,90
8,11898,51
8,11899,70
8,11900,96
8,11901,160
8,11902,122
8,11903,32
8,11904,51
8,11905,-32
8,11906,115
8,11907,141
8,11908,166
8,11909,109
8,11910,102
8,11911,115
8,11912,160
8,11913,115
8,11914,25
8,11915,237
8,11916,32
8,11917,57
8,11918,71
8,11919,122
8,11920,64
8,11921,57
8,11922,89
8,11923,109
8,11924,83
8,11925,71
8,11926,96
8,11927,154
8,11928,115
8,11929,51
8,11930,13
8,11931,77
8,11932,108
8,11933,147
8,11934,192
8,11935,103
8,11936,83
8,11937,122
8,11938,103
8,11939,96
8,11940,122
8,11941,64
8,11942,141
8,11943,128
8,11944,115
8,11945,77
8,11946,160
8,11947,141
8,11948,256
8,11949,103
8,11950,173
8,11951,84
8,11952,96
8,11953,128
8,11954,103
8,11955,108
8,11956,109
8,11957,51
8,11958,192
8,11959,109
8,11960,115
8,11961,154
8,11962,154
8,11963,77
8,11964,153
8,11965,64
8,11966,192
8,11967,83
8,11968,141
8,11969,109
8,11970,58
8,11971,115
8,11972,154
8,11973,109
8,11974,70
8,11975,122
8,11976,70
8,11977,179
8,11978,25
8,11979,115
8,11980,108
8,11981,102
8,11982,237
8,11983,25
8,11984,167
8,11985,160
8,11986,51
8,11987,115
8,11988,96
8,11989,109
8,11990,115
8,11991,58
8,11992,96
8,11993,173
8,11994,115
8,11995,167
8,11996,109
8,11997,109
8,11998,45
8,11999,64
8,12000,77
8,12001,38
8,12002,140
8,12003,26
8,12004,115
8,12005,103
8,12006,109
8,12007,153
8,12008,84
8,12009,96
8,12010,-51
8,12011,154
8,12012,115
8,12013,64
8,12014,153
8,12015,70
8,12016,64
8,12017,115
8,12018,77
8,12019,70
8,12020,154
8,12021,58
8,12022,122
8,12023,19
8,12024,-45
8,12025,122
8,12026,64
8,12027,115
8,12028,64
8,12029,83
8,12030,109
8,12031,25
8,12032,147
8,12033,96
8,12034,154
8,12035,58
8,12036,57
8,12037,51
8,12038,64
8,12039,71
8,12040,109
8,12041,77
8,12042,-51
8,12043,134
8,12044,128
8,12045,160
8,12046,90
8,12047,103
8,12048,122
8,12049,96
8,12050,70
8,12051,103
8,12052,108
8,12053,134
8,12054,121
8,12055,122
8,12056,96
8,12057,39
8,12058,58
8,12059,57
8,12060,153
8,12061,160
8,12062,217
8,12063,115
8,12064,359
8,12065,51
8,12066,64
8,12067,77
8,12068,103
8,12069,57
8,12070,26
8,12071,51
8,12072,339
8,12073,768
8,12074,77
8,12075,723
8,12076,96
8,12077,173
8,12078,205
8,12079,122
8,12080,134
8,12081,64
8,12082,51
8,12083,160
8,12084,39
8,12085,70
8,12086,39
8,12087,109
8,12088,122
8,12089,115
8,12090,102
8,12091,167
8,12092,116
8,12093,64
8,12094,-32
8,12095,173
8,12096,167
8,12097,32
8,12098,115
8,12099,147
8,12100,64
8,12101,96
8,12102,109
8,12103,70
8,12104,64
8,12105,109
8,12106,147
8,12107,180
8,12108,83
8,12109,128
8,12110,-32
8,12111,211
8,12112,167
8,12113,19
8,12114,26
8,12115,109
8,12116,121
8,12117,179
8,12118,51
8,12119,365
8,12120,83
8,12121,96
8,12122,128
8,12123,109
8,12124,64
8,12125,160
8,12126,64
8,12127,115
8,12128,147
8,12129,103
8,12130,83
8,12131,211
8,12132,109
8,12133,128
8,12134,147
8,12135,58
8,12136,57
8,12137,268
8,12138,77
8,12139,51
8,12140,57
8,12141,128
8,12142,141
8,12143,122
8,12144,90
8,12145,134
8,12146,147
8,12147,64
8,12148,218
8,12149,148
8,12150,128
8,12151,76
8,12152,115
8,12153,89
8,12154,19
8,12155,84
8,12156,115
8,12157,76
8,12158,122
8,12159,64
8,12160,109
8,12161,102
8,12162,154
8,12163,116
8,12164,109
8,12165,64
8,12166,141
8,12167,160
8,12168,83
8,12169,83
8,12170,57
8,12171,96
8,12172,45
8,12173,58
8,12174,57
8,12175,19
8,12176,122
8,12177,102
8,12178,135
8,12179,160
8,12180,128
8,12181,70
8,12182,103
8,12183,115
8,12184,135
8,12185,32
8,12186,45
8,12187,64
8,12188,160
8,12189,64
8,12190,77
8,12191,77
8,12192,121
8,12193,64
8,12194,58
8,12195,71
8,12196,102
8,12197,52
8,12198,166
8,12199,-64
8,12200,166
8,12201,115
8,12202,115
8,12203,173
8,12204,122
8,12205,128
8,12206,-45
8,12207,140
8,12208,64
8,12209,84
8,12210,25
8,12211,58
8,12212,-44
8,12213,77
8,12214,109
8,12215,-45
8,12216,128
8,12217,90
8,12218,160
8,12219,212
8,12220,83
8,12221,64
8,12222,96
8,12223,109
8,12224,154
8,12225,26
8,12226,103
8,12227,102
8,12228,116
8,12229,84
8,12230,128
8,12231,64
8,12232,71
8,12233,-32
8,12234,160
8,12235,141
8,12236,115
8,12237,154
8,12238,108
8,12239,90
8,12240,103
8,12241,90
8,12242,282
8,12243,122
8,12244,77
8,12245,77
8,12246,153
8,12247,32
8,12248,77
8,12249,109
8,12250,83
8,12251,109
8,12252,128
8,12253,64
8,12254,115
8,12255,71
8,12256,173
8,12257,115
8,12258,263
8,12259,108
8,12260,109
8,12261,64
8,12262,256
8,12263,96
8,12264,64
8,12265,64
8,12266,83
8,12267,51
8,12268,122
8,12269,109
8,12270,90
8,12271,109
8,12272,57
8,12273,109
8,12274,122
8,12275,115
8,12276,122
8,12277,70
8,12278,109
8,12279,32
8,12280,128
8,12281,51
8,12282,51
8,12283,77
8,12284,51
8,12285,51
8,12286,77
8,12287,90
8,12288,-58
8,12289,121
8,12290,128
8,12291,192
8,12292,148
8,12293,109
8,12294,166
8,12295,115
8,12296,64
8,12297,83
8,12298,71
8,12299,77
8,12300,64
8,12301,51
8,12302,26
8,12303,115
8,12304,58
8,12305,116
8,12306,160
8,12307,186
8,12308,115
8,12309,217
8,12310,192
8,12311,84
8,12312,115
8,12313,122
8,12314,57
8,12315,39
8,12316,410
8,12317,148
8,12318,186
8,12319,103
8,12320,38
8,12321,122
8,12322,-115
8,12323,102
8,12324,64
8,12325,64
8,12326,96
8,12327,115
8,12328,51
8,12329,103
8,12330,793
8,12331,141
8,12332,58
8,12333,135
8,12334,249
8,12335,154
8,12336,38
8,12337,147
8,12338,-51
8,12339,25
8,12340,167
8,12341,57
8,12342,166
8,12343,-58
8,12344,121
8,12345,166
8,12346,103
8,12347,128
8,12348,-45
8,12349,153
8,12350,179
8,12351,173
8,12352,122
8,12353,109
8,12354,108
8,12355,103
8,12356,64
8,12357,64
8,12358,192
8,12359,32
8,12360,172
8,12361,108
8,12362,192
8,12363,122
8,12364,90
8,12365,116
8,12366,218
8,12367,153
8,12368,58
8,12369,51
8,12370,160
8,12371,167
8,12372,173
8,12373,103
8,12374,26
8,12375,122
8,12376,77
8,12377,199
8,12378,115
8,12379,109
8,12380,83
8,12381,71
8,12382,51
8,12383,269
8,12384,-12
8,12385,122
8,12386,96
8,12387,77
8,12388,121
8,12389,103
8,12390,109
8,12391,154
8,12392,122
8,12393,51
8,12394,115
8,12395,58
8,12396,128
8,12397,45
8,12398,64
8,12399,109
8,12400,122
8,12401,160
8,12402,109
8,12403,122
8,12404,83
8,12405,90
8,12406,153
8,12407,134
8,12408,108
8,12409,45
8,12410,58
8,12411,115
8,12412,32
8,12413,51
8,12414,167
8,12415,-32
8,12416,115
8,12417,102
8,12418,192
8,12419,154
8,12420,102
8,12421,-32
8,12422,224
8,12423,192
8,12424,140
8,12425,147
8,12426,32
8,12427,64
8,12428,179
8,12429,77
8,12430,71
8,12431,90
8,12432,103
8,12433,96
8,12434,19
8,12435,128
8,12436,364
8,12437,-25
8,12438,32
8,12439,90
8,12440,90
8,12441,51
8,12442,64
8,12443,-38
8,12444,83
8,12445,20
8,12446,141
8,12447,102
8,12448,121
8,12449,-44
8,12450,77
8,12451,90
8,12452,19
8,12453,96
8,12454,45
8,12455,102
8,12456,205
8,12457,153
8,12458,90
8,12459,122
8,12460,160
8,12461,102
8,12462,103
8,12463,116
8,12464,121
8,12465,58
8,12466,64
8,12467,64
8,12468,333
8,12469,185
8,12470,83
8,12471,84
8,12472,70
8,12473,115
8,12474,96
8,12475,128
8,12476,154
8,12477,32
8,12478,199
8,12479,64
8,12480,166
8,12481,58
8,12482,45
8,12483,64
8,12484,135
8,12485,25
8,12486,25
8,12487,128
8,12488,96
8,12489,122
8,12490,148
8,12491,102
8,12492,76
8,12493,198
8,12494,-71
8,12495,167
8,12496,103
8,12497,102
8,12498,64
8,12499,218
8,12500,160
8,12501,122
8,12502,109
8,12503,25
8,12504,90
8,12505,211
8,12506,333
8,12507,103
8,12508,173
8,12509,148
8,12510,166
8,12511,77
8,12512,77
8,12513,70
8,12514,89
8,12515,90
8,12516,128
8,12517,64
8,12518,70
8,12519,180
8,12520,121
8,12521,-32
8,12522,115
8,12523,372
8,12524,135
8,12525,147
8,12526,96
8,12527,115
8,12528,96
8,12529,134
8,12530,51
8,12531,109
8,12532,-38
8,12533,121
8,12534,102
8,12535,173
8,12536,160
8,12537,116
8,12538,148
8,12539,64
8,12540,58
8,12541,-140
8,12542,154
8,12543,109
8,12544,135
8,12545,51
8,12546,32
8,12547,103
8,12548,64
8,12549,102
8,12550,180
8,12551,77
8,12552,64
8,12553,45
8,12554,26
8,12555,122
8,12556,108
8,12557,64
8,12558,89
8,12559,116
8,12560,96
8,12561,140
8,12562,19
8,12563,115
8,12564,64
8,12565,51
8,12566,51
8,12567,103
8,12568,96
8,12569,51
8,12570,71
8,12571,83
8,12572,147
8,12573,134
8,12574,141
8,12575,186
8,12576,115
8,12577,51
8,12578,51
8,12579,103
8,12580,166
8,12581,77
8,12582,147
8,12583,83
8,12584,173
8,12585,800
8,12586,186
8,12587,781
8,12588,173
8,12589,64
8,12590,166
8,12591,109
8,12592,115
8,12593,102
8,12594,64
8,12595,58
8,12596,103
8,12597,77
8,12598,102
8,12599,134
8,12600,76
8,12601,90
8,12602,64
8,12603,141
8,12604,64
8,12605,96
8,12606,121
8,12607,128
8,12608,179
8,12609,90
8,12610,51
8,12611,71
8,12612,51
8,12613,96
8,12614,64
8,12615,58
8,12616,-38
8,12617,-32
8,12618,172
8,12619,121
8,12620,45
8,12621,64
8,12622,102
8,12623,147
8,12624,154
8,12625,84
8,12626,108
8,12627,249
8,12628,173
8,12629,122
8,12630,128
8,12631,115
8,12632,64
8,12633,115
8,12634,109
8,12635,109
8,12636,96
8,12637,102
8,12638,166
8,12639,166
8,12640,147
8,12641,115
8,12642,115
8,12643,64
8,12644,51
8,12645,96
8,12646,167
8,12647,141
8,12648,77
8,12649,57
8,12650,109
8,12651,154
8,12652,96
8,12653,141
8,12654,90
8,12655,51
8,12656,108
8,12657,192
8,12658,377
8,12659,64
8,12660,71
8,12661,109
8,12662,313
8,12663,121
8,12664,205
8,12665,115
8,12666,70
8,12667,102
8,12668,57
8,12669,44
8,12670,198
8,12671,51
8,12672,403
8,12673,70
8,12674,160
8,12675,83
8,12676,115
8,12677,108
8,12678,212
8,12679,-32
8,12680,109
8,12681,58
8,12682,89
8,12683,96
8,12684,77
8,12685,57
8,12686,128
8,12687,103
8,12688,160
8,12689,160
8,12690,179
8,12691,84
8,12692,160
8,12693,256
8,12694,109
8,12695,147
8,12696,198
8,12697,51
8,12698,64
8,12699,64
8,12700,135
8,12701,102
8,12702,166
8,12703,51
8,12704,77
8,12705,-13
8,12706,166
8,12707,108
8,12708,77
8,12709,148
8,12710,128
8,12711,71
8,12712,76
8,12713,52
8,12714,108
8,12715,141
8,12716,90
8,12717,-7
8,12718,173
8,12719,160
8,12720,96
8,12721,90
8,12722,-25
8,12723,115
8,12724,70
8,12725,154
8,12726,269
8,12727,64
8,12728,51
8,12729,103
8,12730,102
8,12731,115
8,12732,211
8,12733,70
8,12734,77
8,12735,135
8,12736,51
8,12737,25
8,12738,71
8,12739,84
8,12740,109
8,12741,89
8,12742,128
8,12743,64
8,12744,128
8,12745,71
8,12746,109
8,12747,109
8,12748,185
8,12749,57
8,12750,185
8,12751,70
8,12752,314
8,12753,262
8,12754,51
8,12755,77
8,12756,64
8,12757,173
8,12758,192
8,12759,121
8,12760,141
8,12761,154
8,12762,198
8,12763,109
8,12764,154
8,12765,154
8,12766,172
8,12767,167
8,12768,70
8,12769,109
8,12770,-26
8,12771,134
8,12772,211
8,12773,154
8,12774,-39
8,12775,83
8,12776,122
8,12777,58
8,12778,70
8,12779,179
8,12780,96
8,12781,77
8,12782,160
8,12783,96
8,12784,57
8,12785,96
8,12786,141
8,12787,172
8,12788,96
8,12789,224
8,12790,32
8,12791,147
8,12792,108
8,12793,76
8,12794,45
8,12795,102
8,12796,-38
8,12797,115
8,12798,39
8,12799,211
8,12800,64
8,12801,199
8,12802,212
8,12803,-147
8,12804,224
8,12805,134
8,12806,109
8,12807,109
8,12808,141
8,12809,58
8,12810,103
8,12811,64
8,12812,109
8,12813,-32
8,12814,134
8,12815,51
8,12816,26
8,12817,-58
8,12818,180
8,12819,160
8,12820,45
8,12821,45
8,12822,262
8,12823,249
8,12824,70
8,12825,154
8,12826,141
8,12827,103
8,12828,134
8,12829,-13
8,12830,166
8,12831,103
8,12832,134
8,12833,25
8,12834,102
8,12835,77
8,12836,83
8,12837,-51
8,12838,77
8,12839,115
8,12840,96
8,12841,153
8,12842,793
8,12843,569
8,12844,-39
8,12845,128
8,12846,192
8,12847,128
8,12848,64
8,12849,64
8,12850,96
8,12851,71
8,12852,102
8,12853,70
8,12854,64
8,12855,84
8,12856,109
8,12857,121
8,12858,173
8,12859,128
8,12860,51
8,12861,128
8,12862,121
8,12863,199
8,12864,64
8,12865,45
8,12866,160
8,12867,147
8,12868,109
8,12869,121
8,12870,186
8,12871,45
8,12872,154
8,12873,147
8,12874,212
8,12875,90
8,12876,51
8,12877,102
8,12878,57
8,12879,109
8,12880,58
8,12881,51
8,12882,57
8,12883,70
8,12884,32
8,12885,-32
8,12886,71
8,12887,115
8,12888,372
8,12889,108
8,12890,103
8,12891,109
8,12892,83
8,12893,115
8,12894,25
8,12895,109
8,12896,192
8,12897,64
8,12898,76
8,12899,70
8,12900,403
8,12901,45
8,12902,64
8,12903,19
8,12904,102
8,12905,32
8,12906,153
8,12907,-45
8,12908,83
8,12909,58
8,12910,160
8,12911,57
8,12912,-45
8,12913,96
8,12914,116
8,12915,115
8,12916,57
8,12917,135
8,12918,154
8,12919,121
8,12920,153
8,12921,90
8,12922,26
8,12923,70
8,12924,25
8,12925,26
8,12926,57
8,12927,90
8,12928,192
8,12929,108
8,12930,153
8,12931,211
8,12932,109
8,12933,-26
8,12934,128
8,12935,128
8,12936,116
8,12937,58
8,12938,211
8,12939,-32
8,12940,-45
8,12941,57
8,12942,166
8,12943,154
8,12944,102
8,12945,57
8,12946,115
8,12947,103
8,12948,121
8,12949,83
8,12950,103
8,12951,122
8,12952,64
8,12953,58
8,12954,64
8,12955,26
8,12956,32
8,12957,64
8,12958,160
8,12959,108
8,12960,160
8,12961,-6
8,12962,77
8,12963,83
8,12964,-13
8,12965,134
8,12966,103
8,12967,103
8,12968,166
8,12969,377
8,12970,26
8,12971,160
8,12972,141
8,12973,115
8,12974,90
8,12975,192
8,12976,96
8,12977,128
8,12978,167
8,12979,198
8,12980,77
8,12981,44
8,12982,205
8,12983,102
8,12984,121
8,12985,186
8,12986,154
8,12987,115
8,12988,135
8,12989,109
8,12990,173
8,12991,32
8,12992,147
8,12993,44
8,12994,89
8,12995,-32
8,12996,103
8,12997,134
8,12998,77
8,12999,77
8,13000,90
8,13001,-39
8,13002,192
8,13003,147
8,13004,179
8,13005,108
8,13006,26
8,13007,122
8,13008,58
8,13009,102
8,13010,45
8,13011,84
8,13012,371
8,13013,128
8,13014,192
8,13015,-32
8,13016,128
8,13017,173
8,13018,147
8,13019,121
8,13020,192
8,13021,134
8,13022,192
8,13023,109
8,13024,58
8,13025,64
8,13026,109
8,13027,58
8,13028,51
8,13029,109
8,13030,192
8,13031,57
8,13032,58
8,13033,128
8,13034,77
8,13035,147
8,13036,96
8,13037,-38
8,13038,218
8,13039,83
8,13040,64
8,13041,58
8,13042,166
8,13043,64
8,13044,51
8,13045,102
8,13046,-346
8,13047,39
8,13048,77
8,13049,77
8,13050,90
8,13051,102
8,13052,26
8,13053,153
8,13054,58
8,13055,84
8,13056,90
8,13057,45
8,13058,89
8,13059,96
8,13060,115
8,13061,71
8,13062,20
8,13063,64
8,13064,179
8,13065,38
8,13066,147
8,13067,58
8,13068,90
8,13069,109
8,13070,83
8,13071,70
8,13072,64
8,13073,32
8,13074,77
8,13075,83
8,13076,96
8,13077,64
8,13078,83
8,13079,90
8,13080,57
8,13081,103
8,13082,52
8,13083,141
8,13084,141
8,13085,83
8,13086,32
8,13087,90
8,13088,77
8,13089,90
8,13090,70
8,13091,301
8,13092,-45
8,13093,64
8,13094,141
8,13095,147
8,13096,115
8,13097,365
8,13098,-26
8,13099,762
8,13100,154
8,13101,-32
8,13102,186
8,13103,64
8,13104,103
8,13105,90
8,13106,64
8,13107,-39
8,13108,39
8,13109,26
8,13110,173
8,13111,148
8,13112,58
8,13113,160
8,13114,102
8,13115,115
8,13116,115
8,13117,186
8,13118,96
8,13119,77
8,13120,154
8,13121,211
8,13122,102
8,13123,109
8,13124,115
8,13125,77
8,13126,77
8,13127,-13
8,13128,71
8,13129,71
8,13130,167
8,13131,64
8,13132,96
8,13133,166
8,13134,186
8,13135,102
8,13136,109
8,13137,39
8,13138,19
8,13139,-64
8,13140,134
8,13141,122
8,13142,90
8,13143,103
8,13144,192
8,13145,77
8,13146,135
8,13147,141
8,13148,58
8,13149,134
8,13150,179
8,13151,115
8,13152,84
8,13153,147
8,13154,160
8,13155,58
8,13156,89
8,13157,160
8,13158,167
8,13159,76
8,13160,109
8,13161,57
8,13162,116
8,13163,70
8,13164,64
8,13165,122
8,13166,166
8,13167,64
8,13168,83
8,13169,205
8,13170,115
8,13171,-45
8,13172,179
8,13173,96
8,13174,288
8,13175,140
8,13176,115
8,13177,109
8,13178,109
8,13179,57
8,13180,102
8,13181,160
8,13182,134
8,13183,25
8,13184,77
8,13185,167
8,13186,109
8,13187,128
8,13188,147
8,13189,64
8,13190,-13
8,13191,51
8,13192,115
8,13193,172
8,13194,134
8,13195,166
8,13196,211
8,13197,-57
8,13198,134
8,13199,77
8,13200,84
8,13201,160
8,13202,186
8,13203,147
8,13204,109
8,13205,154
8,13206,211
8,13207,116
8,13208,83
8,13209,32
8,13210,25
8,13211,115
8,13212,102
8,13213,77
8,13214,160
8,13215,128
8,13216,160
8,13217,352
8,13218,70
8,13219,109
8,13220,77
8,13221,179
8,13222,166
8,13223,90
8,13224,167
8,13225,115
8,13226,109
8,13227,109
8,13228,64
8,13229,109
8,13230,166
8,13231,-108
8,13232,148
8,13233,58
8,13234,25
8,13235,45
8,13236,45
8,13237,90
8,13238,-51
8,13239,135
8,13240,205
8,13241,141
8,13242,103
8,13243,96
8,13244,103
8,13245,160
8,13246,64
8,13247,365
8,13248,102
8,13249,58
8,13250,25
8,13251,103
8,13252,58
8,13253,64
8,13254,83
8,13255,121
8,13256,51
8,13257,109
8,13258,122
8,13259,109
8,13260,39
8,13261,32
8,13262,134
8,13263,115
8,13264,-51
8,13265,115
8,13266,115
8,13267,77
8,13268,83
8,13269,295
8,13270,64
8,13271,89
8,13272,64
8,13273,70
8,13274,76
8,13275,185
8,13276,102
8,13277,64
8,13278,148
8,13279,115
8,13280,103
8,13281,96
8,13282,160
8,13283,134
8,13284,115
8,13285,102
8,13286,198
8,13287,154
8,13288,121
8,13289,32
8,13290,32
8,13291,96
8,13292,102
8,13293,57
8,13294,128
8,13295,-64
8,13296,45
8,13297,-147
8,13298,64
8,13299,96
8,13300,122
8,13301,116
8,13302,-32
8,13303,96
8,13304,141
8,13305,64
8,13306,25
8,13307,345
8,13308,186
8,13309,45
8,13310,64
8,13311,352
8,13312,71
8,13313,141
8,13314,102
8,13315,141
8,13316,320
8,13317,147
8,13318,115
8,13319,70
8,13320,70
8,13321,58
8,13322,70
8,13323,-32
8,13324,128
8,13325,70
8,13326,32
8,13327,115
8,13328,32
8,13329,77
8,13330,128
8,13331,108
8,13332,173
8,13333,134
8,13334,109
8,13335,115
8,13336,90
8,13337,83
8,13338,115
8,13339,128
8,13340,51
8,13341,51
8,13342,51
8,13343,359
8,13344,154
8,13345,57
8,13346,77
8,13347,64
8,13348,179
8,13349,51
8,13350,115
8,13351,115
8,13352,58
8,13353,96
8,13354,871
8,13355,96
8,13356,147
8,13357,109
8,13358,211
8,13359,173
8,13360,116
8,13361,19
8,13362,115
8,13363,77
8,13364,282
8,13365,71
8,13366,160
8,13367,64
8,13368,77
8,13369,64
8,13370,70
8,13371,103
8,13372,116
8,13373,38
8,13374,365
8,13375,128
8,13376,71
8,13377,116
8,13378,154
8,13379,109
8,13380,58
8,13381,64
8,13382,173
8,13383,83
8,13384,128
8,13385,141
8,13386,230
8,13387,122
8,13388,102
8,13389,70
8,13390,166
8,13391,109
8,13392,160
8,13393,58
8,13394,32
8,13395,70
8,13396,51
8,13397,90
8,13398,135
8,13399,83
8,13400,122
8,13401,96
8,13402,217
8,13403,122
8,13404,116
8,13405,160
8,13406,84
8,13407,122
8,13408,109
8,13409,51
8,13410,115
8,13411,121
8,13412,410
8,13413,166
8,13414,205
8,13415,160
8,13416,122
8,13417,51
8,13418,180
8,13419,109
8,13420,109
8,13421,58
8,13422,372
8,13423,96
8,13424,116
8,13425,109
8,13426,83
8,13427,166
8,13428,153
8,13429,58
8,13430,128
8,13431,147
8,13432,122
8,13433,26
8,13434,32
8,13435,84
8,13436,52
8,13437,301
8,13438,71
8,13439,109
8,13440,103
8,13441,70
8,13442,58
8,13443,77
8,13444,83
8,13445,108
8,13446,102
8,13447,397
8,13448,147
8,13449,108
8,13450,192
8,13451,121
8,13452,166
8,13453,378
8,13454,108
8,13455,249
8,13456,135
8,13457,102
8,13458,160
8,13459,192
8,13460,83
8,13461,96
8,13462,160
8,13463,173
8,13464,102
8,13465,51
8,13466,26
8,13467,128
8,13468,32
8,13469,45
8,13470,122
8,13471,-58
8,13472,77
8,13473,19
8,13474,115
8,13475,122
8,13476,76
8,13477,109
8,13478,199
8,13479,109
8,13480,77
8,13481,-38
8,13482,121
8,13483,121
8,13484,109
8,13485,108
8,13486,77
8,13487,154
8,13488,115
8,13489,89
8,13490,122
8,13491,64
8,13492,51
8,13493,96
8,13494,301
8,13495,192
8,13496,70
8,13497,121
8,13498,153
8,13499,141
8,13500,102
8,13501,77
8,13502,173
8,13503,64
8,13504,89
8,13505,25
8,13506,32
8,13507,64
8,13508,45
8,13509,96
8,13510,153
8,13511,-32
8,13512,128
8,13513,96
8,13514,102
8,13515,153
8,13516,45
8,13517,141
8,13518,102
8,13519,121
8,13520,64
8,13521,52
8,13522,52
8,13523,115
8,13524,70
8,13525,90
8,13526,25
8,13527,71
8,13528,198
8,13529,160
8,13530,166
8,13531,160
8,13532,122
8,13533,57
8,13534,77
8,13535,83
8,13536,103
8,13537,96
8,13538,-134
8,13539,115
8,13540,391
8,13541,45
8,13542,70
8,13543,115
8,13544,147
8,13545,83
8,13546,77
8,13547,103
8,13548,154
8,13549,83
8,13550,384
8,13551,122
8,13552,134
8,13553,90
8,13554,103
8,13555,64
8,13556,70
8,13557,25
8,13558,141
8,13559,128
8,13560,64
8,13561,103
8,13562,192
8,13563,90
8,13564,58
8,13565,83
8,13566,147
8,13567,77
8,13568,109
8,13569,51
8,13570,84
8,13571,71
8,13572,45
8,13573,-32
8,13574,135
8,13575,51
8,13576,147
8,13577,57
8,13578,96
8,13579,70
8,13580,77
8,13581,64
8,13582,218
8,13583,70
8,13584,122
8,13585,83
8,13586,115
8,13587,173
8,13588,76
8,13589,77
8,13590,128
8,13591,172
8,13592,154
8,13593,295
8,13594,58
8,13595,121
8,13596,109
8,13597,103
8,13598,19
8,13599,180
8,13600,70
8,13601,51
8,13602,122
8,13603,64
8,13604,64
8,13605,51
8,13606,64
8,13607,192
8,13608,160
8,13609,807
8,13610,77
8,13611,819
8,13612,179
8,13613,115
8,13614,103
8,13615,70
8,13616,115
8,13617,52
8,13618,58
8,13619,58
8,13620,90
8,13621,83
8,13622,173
8,13623,-64
8,13624,83
8,13625,109
8,13626,83
8,13627,109
8,13628,109
8,13629,103
8,13630,64
8,13631,122
8,13632,83
8,13633,39
8,13634,32
8,13635,-45
8,13636,45
8,13637,38
8,13638,96
8,13639,64
8,13640,83
8,13641,103
8,13642,103
8,13643,26
8,13644,102
8,13645,57
8,13646,128
8,13647,64
8,13648,102
8,13649,32
8,13650,70
8,13651,102
8,13652,64
8,13653,121
8,13654,58
8,13655,122
8,13656,102
8,13657,109
8,13658,153
8,13659,217
8,13660,122
8,13661,135
8,13662,-217
8,13663,211
8,13664,166
8,13665,102
8,13666,173
8,13667,160
8,13668,45
8,13669,115
8,13670,-26
8,13671,128
8,13672,109
8,13673,154
8,13674,76
8,13675,89
8,13676,96
8,13677,109
8,13678,141
8,13679,141
8,13680,103
8,13681,51
8,13682,115
8,13683,154
8,13684,154
8,13685,224
8,13686,147
8,13687,122
8,13688,103
8,13689,64
8,13690,109
8,13691,51
8,13692,-38
8,13693,116
8,13694,26
8,13695,109
8,13696,147
8,13697,89
8,13698,83
8,13699,147
8,13700,116
8,13701,-39
8,13702,276
8,13703,84
8,13704,115
8,13705,44
8,13706,57
8,13707,83
8,13708,77
8,13709,38
8,13710,122
8,13711,186
8,13712,108
8,13713,115
8,13714,135
8,13715,160
8,13716,109
8,13717,109
8,13718,-13
8,13719,135
8,13720,103
8,13721,38
8,13722,71
8,13723,141
8,13724,45
8,13725,52
8,13726,160
8,13727,109
8,13728,-89
8,13729,58
8,13730,71
8,13731,-19
8,13732,134
8,13733,70
8,13734,173
8,13735,76
8,13736,103
8,13737,109
8,13738,160
8,13739,148
8,13740,173
8,13741,76
8,13742,96
8,13743,25
8,13744,83
8,13745,109
8,13746,58
8,13747,57
8,13748,90
8,13749,109
8,13750,26
8,13751,115
8,13752,140
8,13753,71
8,13754,308
8,13755,160
8,13756,83
8,13757,103
8,13758,83
8,13759,121
8,13760,102
8,13761,51
8,13762,51
8,13763,103
8,13764,70
8,13765,58
8,13766,-25
8,13767,96
8,13768,122
8,13769,70
8,13770,166
8,13771,153
8,13772,90
8,13773,109
8,13774,192
8,13775,109
8,13776,70
8,13777,109
8,13778,32
8,13779,109
8,13780,83
8,13781,-25
8,13782,128
8,13783,70
8,13784,70
8,13785,115
8,13786,212
8,13787,122
8,13788,77
8,13789,90
8,13790,64
8,13791,109
8,13792,-39
8,13793,90
8,13794,198
8,13795,135
8,13796,166
8,13797,141
8,13798,70
8,13799,134
8,13800,102
8,13801,83
8,13802,102
8,13803,173
8,13804,103
8,13805,58
8,13806,166
8,13807,77
8,13808,128
8,13809,122
8,13810,109
8,13811,160
8,13812,89
8,13813,32
8,13814,116
8,13815,83
8,13816,147
8,13817,103
8,13818,51
8,13819,103
8,13820,57
8,13821,57
8,13822,281
8,13823,102
8,13824,32
8,13825,64
8,13826,121
8,13827,64
8,13828,378
8,13829,115
8,13830,96
8,13831,108
8,13832,51
8,13833,89
8,13834,83
8,13835,71
8,13836,64
8,13837,147
8,13838,77
8,13839,90
8,13840,77
8,13841,192
8,13842,134
8,13843,128
8,13844,160
8,13845,121
8,13846,160
8,13847,77
8,13848,77
8,13849,70
8,13850,121
8,13851,77
8,13852,173
8,13853,90
8,13854,64
8,13855,-38
8,13856,103
8,13857,38
8,13858,76
8,13859,90
8,13860,-45
8,13861,128
8,13862,51
8,13863,83
8,13864,109
8,13865,244
8,13866,806
8,13867,102
8,13868,109
8,13869,51
8,13870,103
8,13871,115
8,13872,70
8,13873,38
8,13874,52
8,13875,121
8,13876,64
8,13877,57
8,13878,77
8,13879,121
8,13880,51
8,13881,115
8,13882,64
8,13883,153
8,13884,109
8,13885,77
8,13886,166
8,13887,64
8,13888,96
8,13889,25
8,13890,83
8,13891,71
8,13892,26
8,13893,83
8,13894,128
8,13895,167
8,13896,-38
8,13897,128
8,13898,90
8,13899,102
8,13900,64
8,13901,102
8,13902,109
8,13903,141
8,13904,122
8,13905,64
8,13906,108
8,13907,121
8,13908,-45
8,13909,90
8,13910,115
8,13911,84
8,13912,51
8,13913,90
8,13914,-32
8,13915,128
8,13916,71
8,13917,58
8,13918,128
8,13919,205
8,13920,90
8,13921,64
8,13922,141
8,13923,76
8,13924,109
8,13925,108
8,13926,109
8,13927,96
8,13928,109
8,13929,51
8,13930,32
8,13931,51
8,13932,32
8,13933,90
8,13934,153
8,13935,84
8,13936,109
8,13937,109
8,13938,128
8,13939,116
8,13940,38
8,13941,77
8,13942,64
8,13943,153
8,13944,122
8,13945,103
8,13946,-39
8,13947,77
8,13948,58
8,13949,90
8,13950,57
8,13951,90
8,13952,70
8,13953,140
8,13954,96
8,13955,134
8,13956,76
8,13957,102
8,13958,205
8,13959,109
8,13960,141
8,13961,57
8,13962,109
8,13963,109
8,13964,83
8,13965,90
8,13966,166
8,13967,64
8,13968,141
8,13969,58
8,13970,116
8,13971,121
8,13972,109
8,13973,83
8,13974,205
8,13975,198
8,13976,64
8,13977,83
8,13978,116
8,13979,96
8,13980,52
8,13981,58
8,13982,90
8,13983,64
8,13984,26
8,13985,115
8,13986,90
8,13987,64
8,13988,39
8,13989,20
8,13990,45
8,13991,77
8,13992,166
8,13993,160
8,13994,115
8,13995,109
8,13996,167
8,13997,115
8,13998,166
8,13999,179
8,14000,128
8,14001,70
8,14002,121
8,14003,77
8,14004,58
8,14005,77
8,14006,263
8,14007,89
8,14008,166
8,14009,102
8,14010,122
8,14011,109
8,14012,192
8,14013,32
8,14014,25
8,14015,58
8,14016,172
8,14017,32
8,14018,71
8,14019,102
8,14020,89
8,14021,39
8,14022,281
8,14023,128
8,14024,96
8,14025,160
8,14026,154
8,14027,166
8,14028,-45
8,14029,102
8,14030,173
8,14031,89
8,14032,166
8,14033,103
8,14034,-44
8,14035,-70
8,14036,51
8,14037,45
8,14038,167
8,14039,102
8,14040,128
8,14041,90
8,14042,108
8,14043,128
8,14044,102
8,14045,51
8,14046,172
8,14047,83
8,14048,-13
8,14049,39
8,14050,166
8,14051,115
8,14052,26
8,14053,51
8,14054,115
8,14055,121
8,14056,109
8,14057,103
8,14058,109
8,14059,89
8,14060,51
8,14061,96
8,14062,115
8,14063,115
8,14064,102
8,14065,70
8,14066,320
8,14067,121
8,14068,109
8,14069,45
8,14070,58
8,14071,77
8,14072,96
8,14073,122
8,14074,83
8,14075,166
8,14076,77
8,14077,90
8,14078,64
8,14079,186
8,14080,-45
8,14081,44
8,14082,77
8,14083,77
8,14084,64
8,14085,-26
8,14086,180
8,14087,64
8,14088,76
8,14089,58
8,14090,96
8,14091,103
8,14092,109
8,14093,57
8,14094,70
8,14095,102
8,14096,166
8,14097,51
8,14098,64
8,14099,77
8,14100,71
8,14101,70
8,14102,51
8,14103,108
8,14104,115
8,14105,96
8,14106,32
8,14107,96
8,14108,153
8,14109,77
8,14110,160
8,14111,154
8,14112,96
8,14113,-7
8,14114,77
8,14115,19
8,14116,71
8,14117,160
8,14118,-45
8,14119,128
8,14120,154
8,14121,787
8,14122,141
8,14123,800
8,14124,135
8,14125,64
8,14126,122
8,14127,116
8,14128,-44
8,14129,-32
8,14130,26
8,14131,103
8,14132,-25
8,14133,116
8,14134,115
8,14135,103
8,14136,167
8,14137,141
8,14138,102
8,14139,115
8,14140,77
8,14141,76
8,14142,167
8,14143,71
8,14144,-39
8,14145,32
8,14146,77
8,14147,83
8,14148,64
8,14149,70
8,14150,-38
8,14151,122
8,14152,57
8,14153,70
8,14154,71
8,14155,64
8,14156,115
8,14157,102
8,14158,90
8,14159,167
8,14160,84
8,14161,-51
8,14162,147
8,14163,160
8,14164,32
8,14165,45
8,14166,167
8,14167,115
8,14168,102
8,14169,58
8,14170,115
8,14171,128
8,14172,51
8,14173,147
8,14174,179
8,14175,378
8,14176,71
8,14177,128
8,14178,205
8,14179,154
8,14180,109
8,14181,167
8,14182,102
8,14183,116
8,14184,121
8,14185,109
8,14186,26
8,14187,44
8,14188,-45
8,14189,115
8,14190,135
8,14191,64
8,14192,64
8,14193,102
8,14194,109
8,14195,58
8,14196,109
8,14197,83
8,14198,204
8,14199,71
8,14200,102
8,14201,128
8,14202,109
8,14203,83
8,14204,64
8,14205,58
8,14206,71
8,14207,58
8,14208,45
8,14209,186
8,14210,115
8,14211,128
8,14212,179
8,14213,365
8,14214,160
8,14215,115
8,14216,128
8,14217,64
8,14218,89
8,14219,109
8,14220,76
8,14221,90
8,14222,103
8,14223,365
8,14224,64
8,14225,-26
8,14226,166
8,14227,122
8,14228,115
8,14229,-38
8,14230,218
8,14231,243
8,14232,160
8,14233,51
8,14234,84
8,14235,71
8,14236,51
8,14237,58
8,14238,198
8,14239,108
8,14240,147
8,14241,102
8,14242,147
8,14243,153
8,14244,13
8,14245,39
8,14246,109
8,14247,102
8,14248,121
8,14249,96
8,14250,64
8,14251,128
8,14252,122
8,14253,109
8,14254,70
8,14255,154
8,14256,103
8,14257,-45
8,14258,134
8,14259,70
8,14260,64
8,14261,44
8,14262,45
8,14263,90
8,14264,25
8,14265,108
8,14266,96
8,14267,205
8,14268,102
8,14269,109
8,14270,57
8,14271,-44
8,14272,51
8,14273,51
8,14274,122
8,14275,83
8,14276,64
8,14277,83
8,14278,83
8,14279,122
8,14280,51
8,14281,96
8,14282,409
8,14283,185
8,14284,64
8,14285,173
8,14286,64
8,14287,141
8,14288,217
8,14289,32
8,14290,25
8,14291,71
8,14292,90
8,14293,205
8,14294,52
8,14295,166
8,14296,77
8,14297,103
8,14298,76
8,14299,115
8,14300,116
8,14301,64
8,14302,160
8,14303,109
8,14304,103
8,14305,122
8,14306,116
8,14307,96
8,14308,141
8,14309,51
8,14310,58
8,14311,128
8,14312,115
8,14313,128
8,14314,109
8,14315,153
8,14316,76
8,14317,77
8,14318,135
8,14319,109
8,14320,103
8,14321,116
8,14322,211
8,14323,102
8,14324,128
8,14325,77
8,14326,83
8,14327,160
8,14328,83
8,14329,109
8,14330,115
8,14331,141
8,14332,77
8,14333,256
8,14334,147
8,14335,58
8,14336,109
8,14337,147
8,14338,141
8,14339,199
8,14340,173
8,14341,52
8,14342,121
8,14343,96
8,14344,-51
8,14345,70
8,14346,102
8,14347,108
8,14348,64
8,14349,45
8,14350,71
8,14351,58
8,14352,167
8,14353,154
8,14354,147
8,14355,128
8,14356,218
8,14357,160
8,14358,179
8,14359,243
8,14360,57
8,14361,160
8,14362,32
8,14363,89
8,14364,122
8,14365,378
8,14366,25
8,14367,102
8,14368,58
8,14369,96
8,14370,57
8,14371,128
8,14372,153
8,14373,51
8,14374,64
8,14375,64
8,14376,160
8,14377,-6
8,14378,813
8,14379,160
8,14380,115
8,14381,109
8,14382,166
8,14383,192
8,14384,122
8,14385,45
8,14386,51
8,14387,57
8,14388,-44
8,14389,77
8,14390,134
8,14391,84
8,14392,77
8,14393,115
8,14394,83
8,14395,148
8,14396,96
8,14397,32
8,14398,109
8,14399,64
8,14400,172
8,14401,51
8,14402,128
8,14403,96
8,14404,-45
8,14405,109
8,14406,58
8,14407,71
8,14408,122
8,14409,64
8,14410,134
8,14411,140
8,14412,108
8,14413,115
8,14414,122
8,14415,103
8,14416,102
8,14417,45
8,14418,57
8,14419,109
8,14420,108
8,14421,122
8,14422,57
8,14423,76
8,14424,38
8,14425,173
8,14426,147
8,14427,122
8,14428,154
8,14429,-39
8,14430,147
8,14431,166
8,14432,102
8,14433,186
8,14434,320
8,14435,90
8,14436,141
8,14437,141
8,14438,51
8,14439,58
8,14440,90
8,14441,58
8,14442,32
8,14443,45
8,14444,70
8,14445,90
8,14446,160
8,14447,70
8,14448,71
8,14449,64
8,14450,103
8,14451,-64
8,14452,122
8,14453,57
8,14454,180
8,14455,121
8,14456,116
8,14457,32
8,14458,19
8,14459,51
8,14460,51
8,14461,160
8,14462,179
8,14463,58
8,14464,96
8,14465,90
8,14466,211
8,14467,134
8,14468,147
8,14469,153
8,14470,372
8,14471,115
8,14472,103
8,14473,32
8,14474,51
8,14475,102
8,14476,116
8,14477,25
8,14478,108
8,14479,121
8,14480,71
8,14481,76
8,14482,64
8,14483,160
8,14484,77
8,14485,83
8,14486,44
8,14487,83
8,14488,115
8,14489,58
8,14490,32
8,14491,77
8,14492,83
8,14493,51
8,14494,71
8,14495,19
8,14496,224
8,14497,32
8,14498,173
8,14499,102
8,14500,64
8,14501,52
8,14502,77
8,14503,121
8,14504,58
8,14505,154
8,14506,115
8,14507,141
8,14508,198
8,14509,116
8,14510,205
8,14511,160
8,14512,25
8,14513,102
8,14514,109
8,14515,70
8,14516,45
8,14517,64
8,14518,160
8,14519,52
8,14520,147
8,14521,115
8,14522,134
8,14523,109
8,14524,160
8,14525,108
8,14526,116
8,14527,84
8,14528,115
8,14529,44
8,14530,45
8,14531,25
8,14532,153
8,14533,39
8,14534,32
8,14535,122
8,14536,147
8,14537,103
8,14538,224
8,14539,141
8,14540,122
8,14541,102
8,14542,167
8,14543,83
8,14544,102
8,14545,44
8,14546,51
8,14547,160
8,14548,90
8,14549,96
8,14550,384
8,14551,77
8,14552,109
8,14553,153
8,14554,186
8,14555,109
8,14556,109
8,14557,32
8,14558,71
8,14559,122
8,14560,154
8,14561,128
8,14562,122
8,14563,70
8,14564,70
8,14565,109
8,14566,128
8,14567,71
8,14568,140
8,14569,102
8,14570,77
8,14571,96
8,14572,77
8,14573,154
8,14574,39
8,14575,122
8,14576,121
8,14577,121
8,14578,58
8,14579,64
8,14580,70
8,14581,167
8,14582,115
8,14583,116
8,14584,83
8,14585,102
8,14586,25
8,14587,-51
8,14588,102
8,14589,64
8,14590,109
8,14591,-13
8,14592,179
8,14593,51
8,14594,64
8,14595,108
8,14596,96
8,14597,83
8,14598,390
8,14599,147
8,14600,115
8,14601,52
8,14602,-185
8,14603,128
8,14604,179
8,14605,109
8,14606,122
8,14607,108
8,14608,109
8,14609,160
8,14610,371
8,14611,128
8,14612,64
8,14613,109
8,14614,71
8,14615,134
8,14616,135
8,14617,153
8,14618,64
8,14619,58
8,14620,141
8,14621,160
8,14622,167
8,14623,103
8,14624,115
8,14625,96
8,14626,102
8,14627,64
8,14628,70
8,14629,-32
8,14630,-32
8,14631,109
8,14632,58
8,14633,787
8,14634,121
8,14635,781
8,14636,83
8,14637,38
8,14638,76
8,14639,397
8,14640,71
8,14641,77
8,14642,26
8,14643,109
8,14644,70
8,14645,166
8,14646,122
8,14647,109
8,14648,58
8,14649,102
8,14650,116
8,14651,96
8,14652,115
8,14653,121
8,14654,44
8,14655,64
8,14656,167
8,14657,-52
8,14658,147
8,14659,51
8,14660,116
8,14661,-32
8,14662,-52
8,14663,116
8,14664,77
8,14665,26
8,14666,57
8,14667,90
8,14668,115
8,14669,108
8,14670,103
8,14671,128
8,14672,108
8,14673,96
8,14674,57
8,14675,115
8,14676,77
8,14677,64
8,14678,115
8,14679,64
8,14680,313
8,14681,128
8,14682,121
8,14683,122
8,14684,205
8,14685,44
8,14686,378
8,14687,45
8,14688,45
8,14689,128
8,14690,128
8,14691,89
8,14692,109
8,14693,115
8,14694,96
8,14695,102
8,14696,108
8,14697,108
8,14698,103
8,14699,109
8,14700,128
8,14701,148
8,14702,103
8,14703,-45
8,14704,77
8,14705,-25
8,14706,109
8,14707,147
8,14708,103
8,14709,70
8,14710,141
8,14711,147
8,14712,83
8,14713,51
8,14714,384
8,14715,70
8,14716,115
8,14717,109
8,14718,83
8,14719,58
8,14720,64
8,14721,58
8,14722,121
8,14723,173
8,14724,103
8,14725,77
8,14726,45
8,14727,90
8,14728,89
8,14729,96
8,14730,103
8,14731,89
8,14732,45
8,14733,52
8,14734,45
8,14735,64
8,14736,58
8,14737,102
8,14738,167
8,14739,173
8,14740,-186
8,14741,77
8,14742,160
8,14743,160
8,14744,192
8,14745,160
8,14746,83
8,14747,102
8,14748,70
8,14749,77
8,14750,211
8,14751,26
8,14752,154
8,14753,58
8,14754,115
8,14755,77
8,14756,77
8,14757,57
8,14758,115
8,14759,102
8,14760,103
8,14761,160
8,14762,128
8,14763,160
8,14764,167
8,14765,96
8,14766,173
8,14767,147
8,14768,64
8,14769,45
8,14770,96
8,14771,96
8,14772,377
8,14773,58
8,14774,76
8,14775,32
8,14776,109
8,14777,109
8,14778,141
8,14779,128
8,14780,166
8,14781,102
8,14782,102
8,14783,103
8,14784,39
8,14785,45
8,14786,83
8,14787,115
8,14788,57
8,14789,109
8,14790,96
8,14791,116
8,14792,64
8,14793,96
8,14794,103
8,14795,122
8,14796,103
8,14797,64
8,14798,25
8,14799,109
8,14800,90
8,14801,314
8,14802,57
8,14803,116
8,14804,58
8,14805,57
8,14806,45
8,14807,70
8,14808,160
8,14809,205
8,14810,166
8,14811,167
8,14812,115
8,14813,166
8,14814,153
8,14815,160
8,14816,96
8,14817,103
8,14818,122
8,14819,358
8,14820,109
8,14821,103
8,14822,166
8,14823,89
8,14824,-51
8,14825,135
8,14826,90
8,14827,160
8,14828,102
8,14829,44
8,14830,122
8,14831,115
8,14832,103
8,14833,103
8,14834,109
8,14835,371
8,14836,39
8,14837,58
8,14838,121
8,14839,109
8,14840,-51
8,14841,77
8,14842,109
8,14843,64
8,14844,134
8,14845,44
8,14846,134
8,14847,140
8,14848,115
8,14849,103
8,14850,218
8,14851,371
8,14852,135
8,14853,57
8,14854,115
8,14855,371
8,14856,70
8,14857,52
8,14858,160
8,14859,51
8,14860,154
8,14861,70
8,14862,-26
8,14863,128
8,14864,71
8,14865,141
8,14866,122
8,14867,121
8,14868,96
8,14869,154
8,14870,160
8,14871,121
8,14872,58
8,14873,77
8,14874,90
8,14875,153
8,14876,116
8,14877,-26
8,14878,51
8,14879,109
8,14880,71
8,14881,25
8,14882,102
8,14883,26
8,14884,148
8,14885,51
8,14886,58
8,14887,58
8,14888,51
8,14889,70
8,14890,832
8,14891,115
8,14892,186
8,14893,32
8,14894,115
8,14895,167
8,14896,140
8,14897,44
8,14898,71
8,14899,45
8,14900,96
8,14901,115
8,14902,77
8,14903,25
8,14904,58
8,14905,103
8,14906,58
8,14907,109
8,14908,166
8,14909,147
8,14910,84
8,14911,122
8,14912,96
8,14913,70
8,14914,51
8,14915,70
8,14916,51
8,14917,96
8,14918,45
8,14919,-51
8,14920,115
8,14921,32
8,14922,70
8,14923,115
8,14924,153
8,14925,83
8,14926,128
8,14927,115
8,14928,89
8,14929,96
8,14930,211
8,14931,64
8,14932,64
8,14933,19
8,14934,160
8,14935,-52
8,14936,128
8,14937,173
8,14938,102
8,14939,135
8,14940,77
8,14941,70
8,14942,211
8,14943,58
8,14944,154
8,14945,96
8,14946,122
8,14947,147
8,14948,71
8,14949,141
8,14950,147
8,14951,109
8,14952,83
8,14953,-26
8,14954,-25
8,14955,70
8,14956,77
8,14957,90
8,14958,58
8,14959,64
8,14960,64
8,14961,89
8,14962,90
8,14963,103
8,14964,76
8,14965,186
8,14966,102
8,14967,121
8,14968,102
8,14969,20
8,14970,45
8,14971,71
8,14972,32
8,14973,148
8,14974,52
8,14975,122
8,14976,64
8,14977,102
8,14978,77
8,14979,140
8,14980,134
8,14981,102
8,14982,192
8,14983,19
8,14984,77
8,14985,45
8,14986,64
8,14987,64
8,14988,26
8,14989,103
8,14990,103
8,14991,71
8,14992,96
8,14993,147
8,14994,134
8,14995,166
8,14996,166
8,14997,121
8,14998,154
8,14999,70
8,15000,180
8,15001,57
8,15002,52
8,15003,128
8,15004,-45
8,15005,71
8,15006,96
8,15007,44
8,15008,90
8,15009,-38
8,15010,71
8,15011,58
8,15012,32
8,15013,116
8,15014,71
8,15015,109
8,15016,128
8,15017,51
8,15018,172
8,15019,128
8,15020,121
8,15021,128
8,15022,128
8,15023,64
8,15024,384
8,15025,77
8,15026,96
8,15027,13
8,15028,83
8,15029,64
8,15030,70
8,15031,122
8,15032,179
8,15033,147
8,15034,166
8,15035,185
8,15036,167
8,15037,102
8,15038,115
8,15039,160
8,15040,115
8,15041,44
8,15042,115
8,15043,116
8,15044,58
8,15045,173
8,15046,103
8,15047,115
8,15048,166
8,15049,108
8,15050,109
8,15051,115
8,15052,90
8,15053,96
8,15054,77
8,15055,179
8,15056,38
8,15057,141
8,15058,173
8,15059,70
8,15060,102
8,15061,57
8,15062,89
8,15063,96
8,15064,154
8,15065,134
8,15066,128
8,15067,-45
8,15068,147
8,15069,51
8,15070,45
8,15071,102
8,15072,64
8,15073,-70
8,15074,89
8,15075,77
8,15076,109
8,15077,-39
8,15078,180
8,15079,64
8,15080,116
8,15081,96
8,15082,134
8,15083,71
8,15084,64
8,15085,102
8,15086,154
8,15087,70
8,15088,147
8,15089,121
8,15090,71
8,15091,116
8,15092,71
8,15093,103
8,15094,365
8,15095,115
8,15096,77
8,15097,122
8,15098,121
8,15099,134
8,15100,51
8,15101,96
8,15102,32
8,15103,90
8,15104,109
8,15105,64
8,15106,26
8,15107,51
8,15108,102
8,15109,166
8,15110,71
8,15111,134
8,15112,83
8,15113,116
8,15114,153
8,15115,70
8,15116,339
8,15117,153
8,15118,121
8,15119,128
8,15120,108
8,15121,83
8,15122,102
8,15123,160
8,15124,134
8,15125,103
8,15126,71
8,15127,90
8,15128,109
8,15129,205
8,15130,20
8,15131,154
8,15132,409
8,15133,160
8,15134,-45
8,15135,173
8,15136,115
8,15137,-71
8,15138,-25
8,15139,77
8,15140,58
8,15141,32
8,15142,70
8,15143,128
8,15144,185
8,15145,813
8,15146,224
8,15147,793
8,15148,109
8,15149,64
8,15150,71
8,15151,109
8,15152,153
8,15153,45
8,15154,45
8,15155,90
8,15156,57
8,15157,115
8,15158,166
8,15159,128
8,15160,109
8,15161,102
8,15162,102
8,15163,154
8,15164,192
8,15165,77
8,15166,121
8,15167,147
8,15168,147
8,15169,32
8,15170,121
8,15171,64
8,15172,371
8,15173,102
8,15174,116
8,15175,115
8,15176,122
8,15177,77
8,15178,71
8,15179,90
8,15180,211
8,15181,77
8,15182,205
8,15183,-57
8,15184,83
8,15185,83
8,15186,64
8,15187,71
8,15188,96
8,15189,64
8,15190,147
8,15191,115
8,15192,416
8,15193,141
8,15194,70
8,15195,103
8,15196,58
8,15197,102
8,15198,71
8,15199,153
8,15200,166
8,15201,141
8,15202,122
8,15203,70
8,15204,153
8,15205,102
8,15206,205
8,15207,96
8,15208,121
8,15209,51
8,15210,365
8,15211,70
8,15212,115
8,15213,160
8,15214,224
8,15215,90
8,15216,116
8,15217,166
8,15218,128
8,15219,64
8,15220,115
8,15221,115
8,15222,102
8,15223,83
8,15224,38
8,15225,45
8,15226,71
8,15227,26
8,15228,32
8,15229,83
8,15230,-51
8,15231,154
8,15232,58
8,15233,64
8,15234,122
8,15235,122
8,15236,403
8,15237,102
8,15238,45
8,15239,121
8,15240,141
8,15241,64
8,15242,96
8,15243,77
8,15244,89
8,15245,83
8,15246,13
8,15247,122
8,15248,160
8,15249,58
8,15250,230
8,15251,70
8,15252,121
8,15253,147
8,15254,102
8,15255,109
8,15256,64
8,15257,77
8,15258,-71
8,15259,128
8,15260,122
8,15261,96
8,15262,109
8,15263,71
8,15264,96
8,15265,108
8,15266,166
8,15267,128
8,15268,115
8,15269,103
8,15270,103
8,15271,102
8,15272,237
8,15273,-45
8,15274,179
8,15275,148
8,15276,108
8,15277,57
8,15278,115
8,15279,102
8,15280,77
8,15281,39
8,15282,57
8,15283,51
8,15284,57
8,15285,108
8,15286,45
8,15287,109
8,15288,89
8,15289,147
8,15290,90
8,15291,160
8,15292,102
8,15293,109
8,15294,205
8,15295,160
8,15296,45
8,15297,26
8,15298,90
8,15299,154
8,15300,45
8,15301,109
8,15302,134
8,15303,148
8,15304,167
8,15305,64
8,15306,64
8,15307,147
8,15308,173
8,15309,-32
8,15310,173
8,15311,148
8,15312,108
8,15313,51
8,15314,64
8,15315,109
8,15316,57
8,15317,51
8,15318,102
8,15319,115
8,15320,-32
8,15321,218
8,15322,90
8,15323,128
8,15324,77
8,15325,64
8,15326,71
8,15327,122
8,15328,135
8,15329,70
8,15330,173
8,15331,45
8,15332,218
8,15333,83
8,15334,83
8,15335,121
8,15336,173
8,15337,45
8,15338,-51
8,15339,102
8,15340,416
8,15341,26
8,15342,26
8,15343,77
8,15344,70
8,15345,167
8,15346,134
8,15347,77
8,15348,76
8,15349,109
8,15350,-135
8,15351,128
8,15352,96
8,15353,103
8,15354,19
8,15355,115
8,15356,109
8,15357,51
8,15358,25
8,15359,122
8,15360,352
8,15361,301
8,15362,160
8,15363,153
8,15364,154
8,15365,64
8,15366,77
8,15367,89
8,15368,58
8,15369,141
8,15370,64
8,15371,45
8,15372,96
8,15373,-57
8,15374,26
8,15375,76
8,15376,89
8,15377,115
8,15378,52
8,15379,166
8,15380,198
8,15381,167
8,15382,275
8,15383,173
8,15384,115
8,15385,134
8,15386,32
8,15387,45
8,15388,96
8,15389,70
8,15390,64
8,15391,45
8,15392,96
8,15393,45
8,15394,19
8,15395,109
8,15396,89
8,15397,102
8,15398,19
8,15399,83
8,15400,64
8,15401,109
8,15402,813
8,15403,135
8,15404,115
8,15405,96
8,15406,77
8,15407,148
8,15408,115
8,15409,160
8,15410,64
8,15411,103
8,15412,32
8,15413,64
8,15414,83
8,15415,115
8,15416,96
8,15417,122
8,15418,115
8,15419,166
8,15420,140
8,15421,153
8,15422,147
8,15423,83
8,15424,211
8,15425,77
8,15426,26
8,15427,116
8,15428,103
8,15429,96
8,15430,58
8,15431,58
8,15432,45
8,15433,45
8,15434,64
8,15435,121
8,15436,141
8,15437,96
8,15438,32
8,15439,76
8,15440,96
8,15441,122
8,15442,115
8,15443,71
8,15444,179
8,15445,58
8,15446,205
8,15447,77
8,15448,121
8,15449,141
8,15450,83
8,15451,89
8,15452,115
8,15453,64
8,15454,166
8,15455,77
8,15456,128
8,15457,128
8,15458,167
8,15459,141
8,15460,153
8,15461,198
8,15462,77
8,15463,115
8,15464,122
8,15465,109
8,15466,64
8,15467,57
8,15468,58
8,15469,64
8,15470,64
8,15471,372
8,15472,64
8,15473,121
8,15474,-39
8,15475,70
8,15476,128
8,15477,51
8,15478,71
8,15479,141
8,15480,134
8,15481,44
8,15482,64
8,15483,77
8,15484,32
8,15485,141
8,15486,71
8,15487,64
8,15488,51
8,15489,134
8,15490,135
8,15491,109
8,15492,134
8,15493,173
8,15494,211
8,15495,121
8,15496,166
8,15497,51
8,15498,128
8,15499,116
8,15500,160
8,15501,166
8,15502,70
8,15503,358
8,15504,135
8,15505,52
8,15506,102
8,15507,160
8,15508,109
8,15509,166
8,15510,19
8,15511,141
8,15512,108
8,15513,77
8,15514,96
8,15515,64
8,15516,71
8,15517,128
8,15518,20
8,15519,115
8,15520,121
8,15521,275
8,15522,116
8,15523,51
8,15524,64
8,15525,83
8,15526,128
8,15527,39
8,15528,52
8,15529,58
8,15530,147
8,15531,-45
8,15532,-52
8,15533,64
8,15534,211
8,15535,-134
8,15536,71
8,15537,32
8,15538,64
8,15539,51
8,15540,51
8,15541,70
8,15542,25
8,15543,57
8,15544,45
8,15545,58
8,15546,115
8,15547,77
8,15548,89
8,15549,180
8,15550,45
8,15551,109
8,15552,57
8,15553,52
8,15554,128
8,15555,58
8,15556,109
8,15557,147
8,15558,-276
8,15559,141
8,15560,153
8,15561,294
8,15562,-25
8,15563,134
8,15564,115
8,15565,70
8,15566,263
8,15567,90
8,15568,116
8,15569,102
8,15570,167
8,15571,57
8,15572,32
8,15573,116
8,15574,179
8,15575,64
8,15576,77
8,15577,148
8,15578,115
8,15579,160
8,15580,103
8,15581,109
8,15582,-51
8,15583,89
8,15584,109
8,15585,109
8,15586,102
8,15587,45
8,15588,77
8,15589,70
8,15590,141
8,15591,121
8,15592,135
8,15593,116
8,15594,-38
8,15595,121
8,15596,70
8,15597,77
8,15598,102
8,15599,301
8,15600,83
8,15601,83
8,15602,84
8,15603,103
8,15604,45
8,15605,109
8,15606,64
8,15607,109
8,15608,-51
8,15609,141
8,15610,115
8,15611,198
8,15612,77
8,15613,84
8,15614,51
8,15615,103
8,15616,32
8,15617,44
8,15618,44
8,15619,83
8,15620,70
8,15621,90
8,15622,64
8,15623,64
8,15624,70
8,15625,96
8,15626,90
8,15627,77
8,15628,83
8,15629,128
8,15630,179
8,15631,116
8,15632,204
8,15633,276
8,15634,103
8,15635,109
8,15636,121
8,15637,301
8,15638,71
8,15639,109
8,15640,103
8,15641,96
8,15642,26
8,15643,224
8,15644,166
8,15645,115
8,15646,147
8,15647,153
8,15648,70
8,15649,134
8,15650,84
8,15651,109
8,15652,58
8,15653,64
8,15654,26
8,15655,141
8,15656,109
8,15657,813
8,15658,71
8,15659,819
8,15660,121
8,15661,77
8,15662,89
8,15663,109
8,15664,115
8,15665,32
8,15666,26
8,15667,58
8,15668,147
8,15669,76
8,15670,32
8,15671,128
8,15672,109
8,15673,64
8,15674,-44
8,15675,166
8,15676,205
8,15677,365
8,15678,167
8,15679,147
8,15680,77
8,15681,52
8,15682,90
8,15683,32
8,15684,281
8,15685,102
8,15686,122
8,15687,58
8,15688,134
8,15689,45
8,15690,160
8,15691,231
8,15692,135
8,15693,359
8,15694,141
8,15695,141
8,15696,192
8,15697,58
8,15698,128
8,15699,26
8,15700,83
8,15701,160
8,15702,186
8,15703,96
8,15704,77
8,15705,102
8,15706,141
8,15707,77
8,15708,115
8,15709,198
8,15710,-26
8,15711,147
8,15712,96
8,15713,64
8,15714,173
8,15715,199
8,15716,-45
8,15717,84
8,15718,109
8,15719,205
8,15720,83
8,15721,364
8,15722,51
8,15723,96
8,15724,64
8,15725,90
8,15726,25
8,15727,51
8,15728,64
8,15729,89
8,15730,-160
8,15731,154
8,15732,154
8,15733,154
8,15734,179
8,15735,115
8,15736,172
8,15737,51
8,15738,83
8,15739,89
8,15740,141
8,15741,64
8,15742,166
8,15743,77
8,15744,44
8,15745,90
8,15746,109
8,15747,70
8,15748,44
8,15749,109
8,15750,103
8,15751,83
8,15752,58
8,15753,64
8,15754,44
8,15755,103
8,15756,122
8,15757,89
8,15758,25
8,15759,64
8,15760,211
8,15761,77
8,15762,115
8,15763,135
8,15764,134
8,15765,186
8,15766,173
8,15767,102
8,15768,141
8,15769,83
8,15770,179
8,15771,70
8,15772,57
8,15773,89
8,15774,32
8,15775,77
8,15776,83
8,15777,-26
8,15778,96
8,15779,102
8,15780,-45
8,15781,96
8,15782,32
8,15783,109
8,15784,122
8,15785,90
8,15786,147
8,15787,115
8,15788,153
8,15789,83
8,15790,115
8,15791,71
8,15792,83
8,15793,71
8,15794,122
8,15795,96
8,15796,64
8,15797,103
8,15798,90
8,15799,116
8,15800,103
8,15801,-26
8,15802,77
8,15803,109
8,15804,167
8,15805,108
8,15806,58
8,15807,134
8,15808,39
8,15809,51
8,15810,320
8,15811,108
8,15812,90
8,15813,64
8,15814,352
8,15815,109
8,15816,96
8,15817,77
8,15818,70
8,15819,102
8,15820,90
8,15821,71
8,15822,96
8,15823,64
8,15824,96
8,15825,39
8,15826,32
8,15827,70
8,15828,96
8,15829,39
8,15830,268
8,15831,77
8,15832,83
8,15833,147
8,15834,128
8,15835,141
8,15836,211
8,15837,128
8,15838,71
8,15839,153
8,15840,83
8,15841,141
8,15842,345
8,15843,154
8,15844,147
8,15845,115
8,15846,135
8,15847,167
8,15848,243
8,15849,128
8,15850,70
8,15851,320
8,15852,122
8,15853,122
8,15854,179
8,15855,32
8,15856,109
8,15857,160
8,15858,128
8,15859,141
8,15860,77
8,15861,70
8,15862,173
8,15863,84
8,15864,96
8,15865,147
8,15866,166
8,15867,148
8,15868,218
8,15869,153
8,15870,192
8,15871,218
8,15872,52
8,15873,167
8,15874,166
8,15875,-39
8,15876,185
8,15877,90
8,15878,109
8,15879,70
8,15880,96
8,15881,64
8,15882,51
8,15883,173
8,15884,64
8,15885,90
8,15886,71
8,15887,250
8,15888,77
8,15889,122
8,15890,147
8,15891,122
8,15892,122
8,15893,108
8,15894,-32
8,15895,128
8,15896,103
8,15897,70
8,15898,205
8,15899,102
8,15900,121
8,15901,90
8,15902,198
8,15903,115
8,15904,26
8,15905,58
8,15906,58
8,15907,45
8,15908,103
8,15909,122
8,15910,90
8,15911,96
8,15912,102
8,15913,70
8,15914,800
8,15915,121
8,15916,96
8,15917,102
8,15918,217
8,15919,77
8,15920,166
8,15921,64
8,15922,76
8,15923,70
8,15924,108
8,15925,243
8,15926,-20
8,15927,134
8,15928,198
8,15929,45
8,15930,64
8,15931,140
8,15932,109
8,15933,116
8,15934,76
8,15935,115
8,15936,103
8,15937,70
8,15938,58
8,15939,115
8,15940,64
8,15941,51
8,15942,199
8,15943,32
8,15944,109
8,15945,58
8,15946,96
8,15947,115
8,15948,90
8,15949,45
8,15950,141
8,15951,122
8,15952,-25
8,15953,121
8,15954,58
8,15955,83
8,15956,102
8,15957,109
8,15958,198
8,15959,77
8,15960,77
8,15961,96
8,15962,186
8,15963,83
8,15964,173
8,15965,96
8,15966,71
8,15967,76
8,15968,128
8,15969,96
8,15970,134
8,15971,115
8,15972,179
8,15973,186
8,15974,173
8,15975,109
8,15976,115
8,15977,57
8,15978,77
8,15979,122
8,15980,25
8,15981,153
8,15982,172
8,15983,102
8,15984,58
8,15985,192
8,15986,173
8,15987,77
8,15988,109
8,15989,115
8,15990,186
8,15991,115
8,15992,128
8,15993,51
8,15994,64
8,15995,57
8,15996,-25
8,15997,121
8,15998,204
8,15999,64
8,16000,102
8,16001,-38
8,16002,141
8,16003,102
8,16004,167
8,16005,186
8,16006,154
8,16007,198
8,16008,115
8,16009,77
8,16010,26
8,16011,109
8,16012,45
8,16013,115
8,16014,51
8,16015,-64
8,16016,77
8,16017,57
8,16018,108
8,16019,115
8,16020,77
8,16021,115
8,16022,70
8,16023,115
8,16024,147
8,16025,173
8,16026,326
8,16027,205
8,16028,116
8,16029,103
8,16030,-45
8,16031,89
8,16032,-32
8,16033,70
8,16034,57
8,16035,70
8,16036,32
8,16037,89
8,16038,160
8,16039,153
8,16040,217
8,16041,198
8,16042,128
8,16043,134
8,16044,115
8,16045,58
8,16046,160
8,16047,179
8,16048,77
8,16049,70
8,16050,109
8,16051,57
8,16052,77
8,16053,77
8,16054,70
8,16055,25
8,16056,109
8,16057,83
8,16058,64
8,16059,153
8,16060,134
8,16061,122
8,16062,32
8,16063,83
8,16064,166
8,16065,25
8,16066,90
8,16067,109
8,16068,84
8,16069,173
8,16070,70
8,16071,109
8,16072,102
8,16073,160
8,16074,90
8,16075,121
8,16076,64
8,16077,141
8,16078,160
8,16079,167
8,16080,102
8,16081,58
8,16082,70
8,16083,19
8,16084,64
8,16085,115
8,16086,116
8,16087,-44
8,16088,211
8,16089,115
8,16090,109
8,16091,109
8,16092,160
8,16093,58
8,16094,83
8,16095,115
8,16096,121
8,16097,51
8,16098,32
8,16099,102
8,16100,115
8,16101,115
8,16102,115
8,16103,109
8,16104,102
8,16105,58
8,16106,84
8,16107,58
8,16108,147
8,16109,141
8,16110,109
8,16111,115
8,16112,141
8,16113,89
8,16114,38
8,16115,71
8,16116,-83
8,16117,115
8,16118,134
8,16119,96
8,16120,103
8,16121,186
8,16122,83
8,16123,128
8,16124,154
8,16125,115
8,16126,103
8,16127,122
8,16128,64
8,16129,-26
8,16130,108
8,16131,38
8,16132,96
8,16133,58
8,16134,121
8,16135,121
8,16136,115
8,16137,76
8,16138,19
8,16139,89
8,16140,115
8,16141,109
8,16142,172
8,16143,116
8,16144,115
8,16145,71
8,16146,71
8,16147,134
8,16148,64
8,16149,51
8,16150,172
8,16151,122
8,16152,25
8,16153,109
8,16154,173
8,16155,218
8,16156,173
8,16157,96
8,16158,134
8,16159,64
8,16160,121
8,16161,58
8,16162,51
8,16163,109
8,16164,372
8,16165,51
8,16166,108
8,16167,-12
8,16168,186
8,16169,793
8,16170,180
8,16171,788
8,16172,115
8,16173,58
8,16174,121
8,16175,192
8,16176,122
8,16177,102
8,16178,109
8,16179,109
8,16180,71
8,16181,134
8,16182,256
8,16183,128
8,16184,147
8,16185,134
8,16186,160
8,16187,154
8,16188,179
8,16189,122
8,16190,77
8,16191,64
8,16192,77
8,16193,32
8,16194,268
8,16195,64
8,16196,96
8,16197,102
8,16198,96
8,16199,96
8,16200,64
8,16201,57
8,16202,102
8,16203,115
8,16204,77
8,16205,57
8,16206,160
8,16207,128
8,16208,115
8,16209,103
8,16210,83
8,16211,269
8,16212,83
8,16213,109
8,16214,256
8,16215,103
8,16216,96
8,16217,96
8,16218,77
8,16219,64
8,16220,185
8,16221,83
8,16222,166
8,16223,121
8,16224,128
8,16225,153
8,16226,115
8,16227,71
8,16228,121
8,16229,102
8,16230,45
8,16231,102
8,16232,147
8,16233,64
8,16234,26
8,16235,153
8,16236,77
8,16237,-19
8,16238,57
8,16239,103
8,16240,71
8,16241,122
8,16242,64
8,16243,64
8,16244,115
8,16245,108
8,16246,173
8,16247,109
8,16248,108
8,16249,45
8,16250,44
8,16251,77
8,16252,90
8,16253,96
8,16254,25
8,16255,64
8,16256,51
8,16257,57
8,16258,103
8,16259,-64
8,16260,141
8,16261,109
8,16262,314
8,16263,109
8,16264,180
8,16265,89
8,16266,32
8,16267,141
8,16268,76
8,16269,160
8,16270,52
8,16271,83
8,16272,39
8,16273,77
8,16274,320
8,16275,109
8,16276,135
8,16277,51
8,16278,83
8,16279,135
8,16280,160
8,16281,19
8,16282,83
8,16283,167
8,16284,77
8,16285,64
8,16286,19
8,16287,96
8,16288,153
8,16289,71
8,16290,96
8,16291,39
8,16292,90
8,16293,20
8,16294,52
8,16295,70
8,16296,121
8,16297,108
8,16298,102
8,16299,108
8,16300,166
8,16301,96
8,16302,70
8,16303,109
8,16304,115
8,16305,64
8,16306,-19
8,16307,70
8,16308,64
8,16309,77
8,16310,70
8,16311,102
8,16312,77
8,16313,109
8,16314,122
8,16315,173
8,16316,115
8,16317,96
8,16318,160
8,16319,115
8,16320,153
8,16321,64
8,16322,64
8,16323,32
8,16324,109
8,16325,115
8,16326,268
8,16327,102
8,16328,70
8,16329,103
8,16330,148
8,16331,147
8,16332,90
8,16333,141
8,16334,160
8,16335,122
8,16336,262
8,16337,314
8,16338,51
8,16339,77
8,16340,121
8,16341,167
8,16342,115
8,16343,115
8,16344,115
8,16345,135
8,16346,166
8,16347,-192
8,16348,167
8,16349,109
8,16350,212
8,16351,256
8,16352,378
8,16353,147
8,16354,70
8,16355,128
8,16356,115
8,16357,51
8,16358,58
8,16359,134
8,16360,109
8,16361,52
8,16362,109
8,16363,77
8,16364,39
8,16365,96
8,16366,192
8,16367,199
8,16368,83
8,16369,77
8,16370,115
8,16371,38
8,16372,102
8,16373,70
8,16374,96
8,16375,70
8,16376,70
8,16377,64
8,16378,51
8,16379,70
8,16380,83
8,16381,45
8,16382,57
8,16383,26
8,16384,52
8,16385,153
8,16386,116
8,16387,116
8,16388,173
8,16389,108
8,16390,199
8,16391,115
8,16392,116
8,16393,32
8,16394,102
8,16395,217
8,16396,39
8,16397,148
8,16398,51
8,16399,58
8,16400,-39
8,16401,128
8,16402,122
8,16403,173
8,16404,109
8,16405,154
8,16406,121
8,16407,89
8,16408,153
8,16409,115
8,16410,64
8,16411,109
8,16412,154
8,16413,96
8,16414,26
8,16415,122
8,16416,154
8,16417,199
8,16418,32
8,16419,77
8,16420,32
8,16421,57
8,16422,103
8,16423,77
8,16424,58
8,16425,102
8,16426,813
8,16427,134
8,16428,192
8,16429,128
8,16430,135
8,16431,192
8,16432,109
8,16433,58
8,16434,160
8,16435,70
8,16436,115
8,16437,64
8,16438,77
8,16439,160
8,16440,115
8,16441,141
8,16442,108
8,16443,134
8,16444,122
8,16445,147
8,16446,359
8,16447,147
8,16448,121
8,16449,134
8,16450,25
8,16451,172
8,16452,122
8,16453,51
8,16454,71
8,16455,25
8,16456,122
8,16457,128
8,16458,345
8,16459,19
8,16460,192
8,16461,64
8,16462,90
8,16463,211
8,16464,166
8,16465,-39
8,16466,96
8,16467,90
8,16468,134
8,16469,-51
8,16470,192
8,16471,77
8,16472,64
8,16473,109
8,16474,71
8,16475,26
8,16476,186
8,16477,64
8,16478,64
8,16479,25
8,16480,173
8,16481,115
8,16482,121
8,16483,115
8,16484,160
8,16485,102
8,16486,-244
8,16487,77
8,16488,128
8,16489,147
8,16490,352
8,16491,52
8,16492,96
8,16493,84
8,16494,185
8,16495,115
8,16496,-13
8,16497,-32
8,16498,160
8,16499,96
8,16500,64
8,16501,76
8,16502,141
8,16503,109
8,16504,109
8,16505,32
8,16506,51
8,16507,-58
8,16508,83
8,16509,83
8,16510,70
8,16511,83
8,16512,102
8,16513,109
8,16514,115
8,16515,160
8,16516,211
8,16517,115
8,16518,102
8,16519,167
8,16520,147
8,16521,44
8,16522,173
8,16523,-64
8,16524,121
8,16525,58
8,16526,32
8,16527,89
8,16528,90
8,16529,-70
8,16530,141
8,16531,122
8,16532,83
8,16533,96
8,16534,186
8,16535,121
8,16536,51
8,16537,38
8,16538,-20
8,16539,109
8,16540,32
8,16541,148
8,16542,167
8,16543,96
8,16544,77
8,16545,25
8,16546,109
8,16547,70
8,16548,71
8,16549,57
8,16550,128
8,16551,121
8,16552,122
8,16553,122
8,16554,89
8,16555,160
8,16556,115
8,16557,154
8,16558,115
8,16559,89
8,16560,71
8,16561,58
8,16562,76
8,16563,26
8,16564,20
8,16565,64
8,16566,89
8,16567,51
8,16568,-39
8,16569,135
8,16570,154
8,16571,77
8,16572,71
8,16573,237
8,16574,185
8,16575,44
8,16576,109
8,16577,51
8,16578,32
8,16579,-26
8,16580,307
8,16581,45
8,16582,51
8,16583,122
8,16584,32
8,16585,109
8,16586,192
8,16587,103
8,16588,109
8,16589,-32
8,16590,25
8,16591,77
8,16592,166
8,16593,77
8,16594,76
8,16595,-64
8,16596,70
8,16597,109
8,16598,-51
8,16599,134
8,16600,147
8,16601,154
8,16602,167
8,16603,96
8,16604,70
8,16605,102
8,16606,134
8,16607,173
8,16608,128
8,16609,51
8,16610,96
8,16611,-51
8,16612,134
8,16613,58
8,16614,52
8,16615,-26
8,16616,64
8,16617,109
8,16618,77
8,16619,64
8,16620,102
8,16621,57
8,16622,148
8,16623,96
8,16624,83
8,16625,115
8,16626,71
8,16627,32
8,16628,52
8,16629,141
8,16630,64
8,16631,122
8,16632,71
8,16633,58
8,16634,109
8,16635,154
8,16636,115
8,16637,58
8,16638,58
8,16639,103
8,16640,39
8,16641,109
8,16642,102
8,16643,96
8,16644,147
8,16645,83
8,16646,58
8,16647,121
8,16648,77
8,16649,38
8,16650,96
8,16651,172
8,16652,83
8,16653,173
8,16654,108
8,16655,116
8,16656,147
8,16657,71
8,16658,102
8,16659,90
8,16660,77
8,16661,148
8,16662,19
8,16663,-64
8,16664,58
8,16665,96
8,16666,77
8,16667,51
8,16668,807
8,16669,64
8,16670,25
8,16671,108
8,16672,102
8,16673,51
8,16674,96
8,16675,115
8,16676,102
8,16677,71
8,16678,166
8,16679,-57
8,16680,141
8,16681,800
8,16682,115
8,16683,756
8,16684,121
8,16685,134
8,16686,109
8,16687,76
8,16688,121
8,16689,64
8,16690,25
8,16691,77
8,16692,64
8,16693,77
8,16694,-26
8,16695,122
8,16696,64
8,16697,90
8,16698,121
8,16699,147
8,16700,102
8,16701,109
8,16702,90
8,16703,109
8,16704,96
8,16705,39
8,16706,96
8,16707,6
8,16708,-44
8,16709,64
8,16710,77
8,16711,116
8,16712,51
8,16713,89
8,16714,83
8,16715,153
8,16716,109
8,16717,109
8,16718,128
8,16719,115
8,16720,57
8,16721,64
8,16722,96
8,16723,115
8,16724,102
8,16725,121
8,16726,77
8,16727,96
8,16728,32
8,16729,102
8,16730,64
8,16731,153
8,16732,122
8,16733,103
8,16734,179
8,16735,211
8,16736,121
8,16737,51
8,16738,102
8,16739,89
8,16740,173
8,16741,96
8,16742,166
8,16743,122
8,16744,167
8,16745,45
8,16746,211
8,16747,204
8,16748,153
8,16749,115
8,16750,205
8,16751,154
8,16752,109
8,16753,96
8,16754,134
8,16755,205
8,16756,83
8,16757,141
8,16758,141
8,16759,179
8,16760,45
8,16761,52
8,16762,83
8,16763,51
8,16764,64
8,16765,70
8,16766,58
8,16767,44
8,16768,39
8,16769,45
8,16770,77
8,16771,-44
8,16772,147
8,16773,109
8,16774,84
8,16775,140
8,16776,76
8,16777,115
8,16778,141
8,16779,122
8,16780,108
8,16781,64
8,16782,20
8,16783,109
8,16784,198
8,16785,89
8,16786,115
8,16787,121
8,16788,109
8,16789,108
8,16790,186
8,16791,160
8,16792,154
8,16793,45
8,16794,13
8,16795,32
8,16796,64
8,16797,-38
8,16798,141
8,16799,64
8,16800,64
8,16801,77
8,16802,57
8,16803,45
8,16804,64
8,16805,51
8,16806,19
8,16807,109
8,16808,109
8,16809,76
8,16810,57
8,16811,167
8,16812,154
8,16813,58
8,16814,58
8,16815,26
8,16816,89
8,16817,198
8,16818,84
8,16819,103
8,16820,57
8,16821,365
8,16822,64
8,16823,121
8,16824,115
8,16825,102
8,16826,141
8,16827,269
8,16828,109
8,16829,58
8,16830,115
8,16831,96
8,16832,64
8,16833,26
8,16834,64
8,16835,77
8,16836,32
8,16837,51
8,16838,128
8,16839,90
8,16840,77
8,16841,134
8,16842,154
8,16843,205
8,16844,90
8,16845,64
8,16846,109
8,16847,128
8,16848,224
8,16849,135
8,16850,-32
8,16851,122
8,16852,83
8,16853,83
8,16854,122
8,16855,83
8,16856,51
8,16857,166
8,16858,192
8,16859,109
8,16860,77
8,16861,70
8,16862,147
8,16863,153
8,16864,89
8,16865,256
8,16866,121
8,16867,166
8,16868,141
8,16869,-7
8,16870,115
8,16871,128
8,16872,116
8,16873,45
8,16874,96
8,16875,58
8,16876,64
8,16877,51
8,16878,173
8,16879,115
8,16880,70
8,16881,-32
8,16882,122
8,16883,70
8,16884,147
8,16885,58
8,16886,51
8,16887,70
8,16888,90
8,16889,39
8,16890,77
8,16891,167
8,16892,179
8,16893,84
8,16894,76
8,16895,58
8,16896,51
8,16897,39
8,16898,135
8,16899,121
8,16900,166
8,16901,64
8,16902,39
8,16903,121
8,16904,96
8,16905,70
8,16906,64
8,16907,51
8,16908,70
8,16909,52
8,16910,96
8,16911,32
8,16912,25
8,16913,115
8,16914,109
8,16915,180
8,16916,83
8,16917,51
8,16918,89
8,16919,173
8,16920,103
8,16921,103
8,16922,70
8,16923,83
8,16924,76
8,16925,160
8,16926,102
8,16927,103
8,16928,57
8,16929,57
8,16930,102
8,16931,83
8,16932,-25
8,16933,-38
8,16934,83
8,16935,70
8,16936,71
8,16937,167
8,16938,774
8,16939,179
8,16940,109
8,16941,141
8,16942,58
8,16943,115
8,16944,102
8,16945,147
8,16946,89
8,16947,115
8,16948,173
8,16949,160
8,16950,70
8,16951,109
8,16952,96
8,16953,77
8,16954,109
8,16955,160
8,16956,102
8,16957,192
8,16958,-224
8,16959,141
8,16960,64
8,16961,51
8,16962,122
8,16963,51
8,16964,39
8,16965,71
8,16966,103
8,16967,109
8,16968,38
8,16969,84
8,16970,141
8,16971,-64
8,16972,77
8,16973,140
8,16974,122
8,16975,166
8,16976,128
8,16977,96
8,16978,64
8,16979,89
8,16980,58
8,16981,167
8,16982,128
8,16983,77
8,16984,51
8,16985,160
8,16986,372
8,16987,122
8,16988,71
8,16989,64
8,16990,128
8,16991,116
8,16992,192
8,16993,64
8,16994,122
8,16995,45
8,16996,167
8,16997,64
8,16998,205
8,16999,77
8,17000,64
8,17001,26
8,17002,-19
8,17003,58
8,17004,32
8,17005,64
8,17006,57
8,17007,83
8,17008,102
8,17009,122
8,17010,121
8,17011,122
8,17012,109
8,17013,77
8,17014,71
8,17015,358
8,17016,410
8,17017,51
8,17018,77
8,17019,115
8,17020,44
8,17021,76
8,17022,205
8,17023,64
8,17024,57
8,17025,70
8,17026,58
8,17027,154
8,17028,179
8,17029,77
8,17030,147
8,17031,365
8,17032,89
8,17033,122
8,17034,332
8,17035,58
8,17036,51
8,17037,109
8,17038,-506
8,17039,76
8,17040,89
8,17041,108
8,17042,115
8,17043,269
8,17044,365
8,17045,134
8,17046,102
8,17047,102
8,17048,173
8,17049,70
8,17050,64
8,17051,57
8,17052,103
8,17053,51
8,17054,84
8,17055,141
8,17056,76
8,17057,83
8,17058,103
8,17059,64
8,17060,115
8,17061,39
8,17062,64
8,17063,-38
8,17064,109
8,17065,-26
8,17066,180
8,17067,179
8,17068,135
8,17069,320
8,17070,167
8,17071,115
8,17072,109
8,17073,64
8,17074,96
8,17075,249
8,17076,64
8,17077,102
8,17078,103
8,17079,90
8,17080,147
8,17081,365
8,17082,103
8,17083,160
8,17084,166
8,17085,179
8,17086,173
8,17087,166
8,17088,-51
8,17089,211
8,17090,102
8,17091,71
8,17092,90
8,17093,90
8,17094,32
8,17095,313
8,17096,58
8,17097,173
8,17098,102
8,17099,115
8,17100,58
8,17101,135
8,17102,26
8,17103,102
8,17104,96
8,17105,96
8,17106,116
8,17107,77
8,17108,116
8,17109,64
8,17110,102
8,17111,116
8,17112,103
8,17113,166
8,17114,115
8,17115,70
8,17116,141
8,17117,103
8,17118,70
8,17119,128
8,17120,173
8,17121,26
8,17122,90
8,17123,96
8,17124,256
8,17125,147
8,17126,26
8,17127,359
8,17128,121
8,17129,256
8,17130,122
8,17131,76
8,17132,76
8,17133,57
8,17134,384
8,17135,70
8,17136,154
8,17137,64
8,17138,25
8,17139,371
8,17140,51
8,17141,109
8,17142,57
8,17143,71
8,17144,77
8,17145,365
8,17146,96
8,17147,102
8,17148,147
8,17149,96
8,17150,103
8,17151,70
8,17152,122
8,17153,84
8,17154,-32
8,17155,121
8,17156,64
8,17157,64
8,17158,83
8,17159,52
8,17160,122
8,17161,58
8,17162,121
8,17163,84
8,17164,153
8,17165,77
8,17166,154
8,17167,76
8,17168,122
8,17169,96
8,17170,108
8,17171,275
8,17172,58
8,17173,64
8,17174,32
8,17175,109
8,17176,38
8,17177,51
8,17178,58
8,17179,64
8,17180,90
8,17181,71
8,17182,83
8,17183,103
8,17184,64
8,17185,32
8,17186,64
8,17187,-109
8,17188,64
8,17189,121
8,17190,141
8,17191,204
8,17192,122
8,17193,813
8,17194,115
8,17195,781
8,17196,230
8,17197,51
8,17198,122
8,17199,57
8,17200,109
8,17201,346
8,17202,154
8,17203,96
8,17204,90
8,17205,199
8,17206,102
8,17207,115
8,17208,128
8,17209,147
8,17210,128
8,17211,135
8,17212,128
8,17213,173
8,17214,198
8,17215,314
8,17216,135
8,17217,186
8,17218,26
8,17219,96
8,17220,167
8,17221,147
8,17222,263
8,17223,186
8,17224,57
8,17225,96
8,17226,70
8,17227,58
8,17228,173
8,17229,109
8,17230,90
8,17231,134
8,17232,198
8,17233,115
8,17234,25
8,17235,83
8,17236,70
8,17237,172
8,17238,122
8,17239,147
8,17240,147
8,17241,186
8,17242,160
8,17243,154
8,17244,198
8,17245,173
8,17246,77
8,17247,128
8,17248,103
8,17249,160
8,17250,166
8,17251,121
8,17252,115
8,17253,154
8,17254,109
8,17255,64
8,17256,64
8,17257,121
8,17258,96
8,17259,116
8,17260,89
8,17261,103
8,17262,160
8,17263,89
8,17264,64
8,17265,102
8,17266,185
8,17267,108
8,17268,134
8,17269,102
8,17270,205
8,17271,122
8,17272,128
8,17273,71
8,17274,57
8,17275,51
8,17276,-45
8,17277,135
8,17278,58
8,17279,116
8,17280,64
8,17281,352
8,17282,70
8,17283,128
8,17284,173
8,17285,128
8,17286,102
8,17287,147
8,17288,121
8,17289,70
8,17290,96
8,17291,76
8,17292,58
8,17293,57
8,17294,115
8,17295,51
8,17296,102
8,17297,58
8,17298,115
8,17299,160
8,17300,211
8,17301,102
8,17302,109
8,17303,102
8,17304,134
8,17305,180
8,17306,128
8,17307,218
8,17308,166
8,17309,115
8,17310,192
8,17311,160
8,17312,102
8,17313,307
8,17314,-20
8,17315,172
8,17316,64
8,17317,45
8,17318,38
8,17319,77
8,17320,128
8,17321,115
8,17322,90
8,17323,166
8,17324,-307
8,17325,294
8,17326,199
8,17327,173
8,17328,109
8,17329,52
8,17330,58
8,17331,96
8,17332,25
8,17333,173
8,17334,166
8,17335,160
8,17336,115
8,17337,84
8,17338,96
8,17339,128
8,17340,160
8,17341,160
8,17342,89
8,17343,-32
8,17344,89
8,17345,-262
8,17346,122
8,17347,77
8,17348,103
8,17349,109
8,17350,102
8,17351,121
8,17352,32
8,17353,166
8,17354,275
8,17355,58
8,17356,134
8,17357,160
8,17358,167
8,17359,141
8,17360,205
8,17361,51
8,17362,45
8,17363,96
8,17364,90
8,17365,51
8,17366,71
8,17367,77
8,17368,26
8,17369,237
8,17370,557
8,17371,224
8,17372,77
8,17373,64
8,17374,148
8,17375,166
8,17376,71
8,17377,154
8,17378,224
8,17379,70
8,17380,77
8,17381,26
8,17382,160
8,17383,115
8,17384,135
8,17385,51
8,17386,58
8,17387,115
8,17388,102
8,17389,32
8,17390,51
8,17391,76
8,17392,90
8,17393,51
8,17394,141
8,17395,135
8,17396,108
8,17397,109
8,17398,154
8,17399,58
8,17400,192
8,17401,26
8,17402,64
8,17403,-70
8,17404,128
8,17405,224
8,17406,167
8,17407,103
8,17408,57
8,17409,70
8,17410,116
8,17411,109
8,17412,365
8,17413,-51
8,17414,185
8,17415,96
8,17416,32
8,17417,44
8,17418,77
8,17419,84
8,17420,64
8,17421,51
8,17422,166
8,17423,102
8,17424,122
8,17425,147
8,17426,243
8,17427,179
8,17428,250
8,17429,109
8,17430,180
8,17431,115
8,17432,269
8,17433,102
8,17434,128
8,17435,-25
8,17436,282
8,17437,70
8,17438,333
8,17439,51
8,17440,57
8,17441,44
8,17442,128
8,17443,57
8,17444,275
8,17445,121
8,17446,26
8,17447,103
8,17448,122
8,17449,122
8,17450,800
8,17451,103
8,17452,102
8,17453,186
8,17454,96
8,17455,115
8,17456,77
8,17457,160
8,17458,19
8,17459,76
8,17460,45
8,17461,26
8,17462,121
8,17463,128
8,17464,70
8,17465,249
8,17466,102
8,17467,83
8,17468,211
8,17469,135
8,17470,192
8,17471,84
8,17472,211
8,17473,109
8,17474,141
8,17475,147
8,17476,167
8,17477,204
8,17478,179
8,17479,51
8,17480,115
8,17481,51
8,17482,173
8,17483,108
8,17484,198
8,17485,115
8,17486,57
8,17487,179
8,17488,64
8,17489,70
8,17490,108
8,17491,256
8,17492,134
8,17493,57
8,17494,45
8,17495,115
8,17496,186
8,17497,358
8,17498,128
8,17499,128
8,17500,115
8,17501,58
8,17502,160
8,17503,172
8,17504,141
8,17505,57
8,17506,115
8,17507,83
8,17508,57
8,17509,70
8,17510,64
8,17511,83
8,17512,39
8,17513,32
8,17514,109
8,17515,64
8,17516,76
8,17517,44
8,17518,-38
8,17519,89
8,17520,89
8,17521,103
8,17522,166
8,17523,115
8,17524,-147
8,17525,45
8,17526,90
8,17527,147
8,17528,115
8,17529,20
8,17530,-39
8,17531,83
8,17532,26
8,17533,32
8,17534,186
8,17535,102
8,17536,108
8,17537,58
8,17538,141
8,17539,160
8,17540,115
8,17541,147
8,17542,211
8,17543,121
8,17544,102
8,17545,25
8,17546,96
8,17547,26
8,17548,51
8,17549,173
8,17550,167
8,17551,102
8,17552,77
8,17553,57
8,17554,102
8,17555,121
8,17556,77
8,17557,148
8,17558,141
8,17559,115
8,17560,83
8,17561,83
8,17562,116
8,17563,115
8,17564,-32
8,17565,44
8,17566,166
8,17567,96
8,17568,57
8,17569,45
8,17570,96
8,17571,109
8,17572,109
8,17573,51
8,17574,-51
8,17575,147
8,17576,89
8,17577,102
8,17578,128
8,17579,135
8,17580,115
8,17581,128
8,17582,77
8,17583,116
8,17584,96
8,17585,77
8,17586,45
8,17587,51
8,17588,64
8,17589,51
8,17590,160
8,17591,89
8,17592,45
8,17593,115
8,17594,141
8,17595,115
8,17596,89
8,17597,96
8,17598,128
8,17599,121
8,17600,-38
8,17601,128
8,17602,115
8,17603,83
8,17604,102
8,17605,83
8,17606,160
8,17607,64
8,17608,32
8,17609,116
8,17610,147
8,17611,76
8,17612,-45
8,17613,71
8,17614,147
8,17615,301
8,17616,12
8,17617,57
8,17618,160
8,17619,198
8,17620,217
8,17621,212
8,17622,268
8,17623,64
8,17624,64
8,17625,122
8,17626,57
8,17627,25
8,17628,-32
8,17629,57
8,17630,167
8,17631,141
8,17632,109
8,17633,109
8,17634,57
8,17635,115
8,17636,122
8,17637,115
8,17638,64
8,17639,70
8,17640,77
8,17641,64
8,17642,166
8,17643,89
8,17644,26
8,17645,327
8,17646,71
8,17647,103
8,17648,102
8,17649,57
8,17650,153
8,17651,141
8,17652,179
8,17653,-38
8,17654,179
8,17655,390
8,17656,96
8,17657,96
8,17658,51
8,17659,13
8,17660,39
8,17661,52
8,17662,70
8,17663,116
8,17664,102
8,17665,109
8,17666,25
8,17667,166
8,17668,64
8,17669,32
8,17670,83
8,17671,58
8,17672,115
8,17673,103
8,17674,192
8,17675,135
8,17676,103
8,17677,116
8,17678,166
8,17679,116
8,17680,192
8,17681,38
8,17682,205
8,17683,51
8,17684,141
8,17685,51
8,17686,134
8,17687,115
8,17688,166
8,17689,122
8,17690,96
8,17691,103
8,17692,147
8,17693,57
8,17694,192
8,17695,115
8,17696,102
8,17697,-7
8,17698,96
8,17699,115
8,17700,64
8,17701,288
8,17702,109
8,17703,102
8,17704,115
8,17705,819
8,17706,167
8,17707,851
8,17708,108
8,17709,32
8,17710,141
8,17711,76
8,17712,-51
8,17713,57
8,17714,64
8,17715,172
8,17716,-250
8,17717,58
8,17718,38
8,17719,83
8,17720,70
8,17721,96
8,17722,102
8,17723,115
8,17724,135
8,17725,115
8,17726,128
8,17727,70
8,17728,-45
8,17729,115
8,17730,71
8,17731,51
8,17732,96
8,17733,83
8,17734,13
8,17735,71
8,17736,218
8,17737,38
8,17738,160
8,17739,211
8,17740,58
8,17741,115
8,17742,320
8,17743,51
8,17744,-32
8,17745,391
8,17746,167
8,17747,64
8,17748,58
8,17749,-141
8,17750,26
8,17751,89
8,17752,52
8,17753,58
8,17754,77
8,17755,128
8,17756,96
8,17757,147
8,17758,51
8,17759,121
8,17760,58
8,17761,141
8,17762,167
8,17763,128
8,17764,128
8,17765,77
8,17766,77
8,17767,103
8,17768,83
8,17769,116
8,17770,121
8,17771,378
8,17772,116
8,17773,96
8,17774,128
8,17775,77
8,17776,115
8,17777,134
8,17778,204
8,17779,108
8,17780,166
8,17781,70
8,17782,205
8,17783,83
8,17784,128
8,17785,64
8,17786,51
8,17787,-44
8,17788,71
8,17789,57
8,17790,83
8,17791,90
8,17792,26
8,17793,77
8,17794,25
8,17795,160
8,17796,84
8,17797,57
8,17798,64
8,17799,154
8,17800,121
8,17801,71
8,17802,359
8,17803,186
8,17804,90
8,17805,83
8,17806,122
8,17807,-211
8,17808,122
8,17809,83
8,17810,128
8,17811,263
8,17812,77
8,17813,250
8,17814,64
8,17815,84
8,17816,109
8,17817,19
8,17818,269
8,17819,148
8,17820,0
8,17821,32
8,17822,6
8,17823,116
8,17824,52
8,17825,58
8,17826,89
8,17827,70
8,17828,44
8,17829,205
8,17830,237
8,17831,160
8,17832,39
8,17833,148
8,17834,179
8,17835,128
8,17836,134
8,17837,204
8,17838,160
8,17839,84
8,17840,109
8,17841,45
8,17842,96
8,17843,115
8,17844,51
8,17845,44
8,17846,141
8,17847,109
8,17848,121
8,17849,102
8,17850,154
8,17851,-64
8,17852,128
8,17853,115
8,17854,179
8,17855,122
8,17856,57
8,17857,51
8,17858,96
8,17859,96
8,17860,109
8,17861,58
8,17862,167
8,17863,77
8,17864,109
8,17865,108
8,17866,121
8,17867,108
8,17868,70
8,17869,32
8,17870,205
8,17871,70
8,17872,108
8,17873,58
8,17874,19
8,17875,147
8,17876,51
8,17877,64
8,17878,64
8,17879,147
8,17880,58
8,17881,70
8,17882,166
8,17883,128
8,17884,122
8,17885,115
8,17886,198
8,17887,115
8,17888,51
8,17889,83
8,17890,192
8,17891,128
8,17892,121
8,17893,38
8,17894,160
8,17895,109
8,17896,211
8,17897,45
8,17898,-25
8,17899,134
8,17900,109
8,17901,58
8,17902,103
8,17903,83
8,17904,64
8,17905,90
8,17906,141
8,17907,103
8,17908,109
8,17909,77
8,17910,166
8,17911,89
8,17912,166
8,17913,32
8,17914,83
8,17915,70
8,17916,77
8,17917,-32
8,17918,-813
8,17919,185
8,17920,128
8,17921,57
8,17922,122
8,17923,109
8,17924,148
8,17925,140
8,17926,89
8,17927,90
8,17928,58
8,17929,64
8,17930,116
8,17931,64
8,17932,83
8,17933,102
8,17934,90
8,17935,45
8,17936,141
8,17937,121
8,17938,122
8,17939,173
8,17940,102
8,17941,186
8,17942,109
8,17943,-57
8,17944,83
8,17945,57
8,17946,160
8,17947,83
8,17948,102
8,17949,269
8,17950,77
8,17951,76
8,17952,51
8,17953,51
8,17954,71
8,17955,116
8,17956,-45
8,17957,38
8,17958,77
8,17959,76
8,17960,58
8,17961,84
8,17962,838
8,17963,160
8,17964,167
8,17965,-38
8,17966,134
8,17967,45
8,17968,102
8,17969,103
8,17970,51
8,17971,116
8,17972,39
8,17973,172
8,17974,160
8,17975,96
8,17976,32
8,17977,-26
8,17978,108
8,17979,109
8,17980,45
8,17981,109
8,17982,141
8,17983,77
8,17984,64
8,17985,141
8,17986,25
8,17987,57
8,17988,301
8,17989,103
8,17990,90
8,17991,25
8,17992,51
8,17993,116
8,17994,115
8,17995,83
8,17996,32
8,17997,83
8,17998,109
8,17999,109
8,18000,89
8,18001,-6
8,18002,378
8,18003,-243
8,18004,45
8,18005,96
8,18006,141
8,18007,122
8,18008,84
8,18009,-32
8,18010,154
8,18011,122
8,18012,121
8,18013,64
8,18014,167
8,18015,154
8,18016,153
8,18017,96
8,18018,154
8,18019,199
8,18020,70
8,18021,64
8,18022,122
8,18023,96
8,18024,116
8,18025,96
8,18026,102
8,18027,57
8,18028,77
8,18029,109
8,18030,172
8,18031,103
8,18032,115
8,18033,58
8,18034,121
8,18035,134
8,18036,70
8,18037,115
8,18038,160
8,18039,167
8,18040,116
8,18041,-58
8,18042,263
8,18043,102
8,18044,26
8,18045,44
8,18046,205
8,18047,102
8,18048,77
8,18049,115
8,18050,-19
8,18051,128
8,18052,103
8,18053,173
8,18054,135
8,18055,-26
8,18056,71
8,18057,84
8,18058,64
8,18059,64
8,18060,57
8,18061,102
8,18062,26
8,18063,77
8,18064,403
8,18065,90
8,18066,121
8,18067,141
8,18068,-32
8,18069,71
8,18070,83
8,18071,-45
8,18072,115
8,18073,25
8,18074,89
8,18075,45
8,18076,6
8,18077,45
8,18078,115
8,18079,115
8,18080,109
8,18081,58
8,18082,121
8,18083,57
8,18084,32
8,18085,52
8,18086,160
8,18087,103
8,18088,102
8,18089,173
8,18090,154
8,18091,134
8,18092,186
8,18093,115
8,18094,205
8,18095,121
8,18096,333
8,18097,38
8,18098,109
8,18099,109
8,18100,108
8,18101,77
8,18102,121
8,18103,26
8,18104,185
8,18105,122
8,18106,109
8,18107,128
8,18108,-44
8,18109,77
8,18110,172
8,18111,121
8,18112,71
8,18113,96
8,18114,77
8,18115,179
8,18116,57
8,18117,198
8,18118,211
8,18119,71
8,18120,71
8,18121,77
8,18122,167
8,18123,121
8,18124,108
8,18125,102
8,18126,173
8,18127,135
8,18128,96
8,18129,-32
8,18130,51
8,18131,115
8,18132,121
8,18133,70
8,18134,26
8,18135,26
8,18136,96
8,18137,102
8,18138,102
8,18139,70
8,18140,57
8,18141,51
8,18142,167
8,18143,116
8,18144,237
8,18145,45
8,18146,77
8,18147,115
8,18148,64
8,18149,70
8,18150,96
8,18151,154
8,18152,90
8,18153,102
8,18154,109
8,18155,160
8,18156,109
8,18157,96
8,18158,102
8,18159,102
8,18160,212
8,18161,25
8,18162,77
8,18163,71
8,18164,39
8,18165,52
8,18166,70
8,18167,102
8,18168,109
8,18169,45
8,18170,102
8,18171,128
8,18172,64
8,18173,109
8,18174,166
8,18175,64
8,18176,58
8,18177,38
8,18178,64
8,18179,52
8,18180,64
8,18181,89
8,18182,352
8,18183,58
8,18184,108
8,18185,121
8,18186,102
8,18187,115
8,18188,-51
8,18189,160
8,18190,109
8,18191,70
8,18192,103
8,18193,64
8,18194,109
8,18195,26
8,18196,64
8,18197,70
8,18198,52
8,18199,153
8,18200,64
8,18201,160
8,18202,115
8,18203,147
8,18204,166
8,18205,64
8,18206,-435
8,18207,134
8,18208,71
8,18209,371
8,18210,83
8,18211,160
8,18212,115
8,18213,134
8,18214,212
8,18215,89
8,18216,90
8,18217,800
8,18218,166
8,18219,800
8,18220,154
8,18221,77
8,18222,160
8,18223,371
8,18224,115
8,18225,134
8,18226,109
8,18227,-256
8,18228,64
8,18229,57
8,18230,141
8,18231,115
8,18232,262
8,18233,128
8,18234,115
8,18235,128
8,18236,70
8,18237,211
8,18238,90
8,18239,122
8,18240,128
8,18241,103
8,18242,135
8,18243,32
8,18244,121
8,18245,256
8,18246,122
8,18247,26
8,18248,96
8,18249,167
8,18250,71
8,18251,102
8,18252,116
8,18253,166
8,18254,57
8,18255,102
8,18256,64
8,18257,160
8,18258,103
8,18259,26
8,18260,109
8,18261,70
8,18262,160
8,18263,64
8,18264,141
8,18265,70
8,18266,64
8,18267,102
8,18268,103
8,18269,51
8,18270,390
8,18271,-45
8,18272,122
8,18273,109
8,18274,211
8,18275,64
8,18276,32
8,18277,-32
8,18278,102
8,18279,102
8,18280,89
8,18281,71
8,18282,25
8,18283,77
8,18284,64
8,18285,70
8,18286,71
8,18287,70
8,18288,103
8,18289,77
8,18290,109
8,18291,109
8,18292,173
8,18293,102
8,18294,153
8,18295,147
8,18296,70
8,18297,19
8,18298,109
8,18299,103
8,18300,109
8,18301,102
8,18302,51
8,18303,58
8,18304,51
8,18305,38
8,18306,70
8,18307,103
8,18308,384
8,18309,102
8,18310,58
8,18311,115
8,18312,77
8,18313,45
8,18314,32
8,18315,71
8,18316,51
8,18317,44
8,18318,224
8,18319,122
8,18320,51
8,18321,115
8,18322,121
8,18323,83
8,18324,371
8,18325,121
8,18326,128
8,18327,147
8,18328,147
8,18329,51
8,18330,77
8,18331,128
8,18332,89
8,18333,109
8,18334,-45
8,18335,83
8,18336,70
8,18337,51
8,18338,115
8,18339,64
8,18340,102
8,18341,90
8,18342,166
8,18343,89
8,18344,32
8,18345,51
8,18346,128
8,18347,115
8,18348,180
8,18349,186
8,18350,154
8,18351,77
8,18352,179
8,18353,51
8,18354,141
8,18355,103
8,18356,160
8,18357,89
8,18358,77
8,18359,141
8,18360,52
8,18361,167
8,18362,173
8,18363,122
8,18364,211
8,18365,64
8,18366,282
8,18367,32
8,18368,64
8,18369,45
8,18370,45
8,18371,64
8,18372,70
8,18373,90
8,18374,70
8,18375,64
8,18376,96
8,18377,51
8,18378,-32
8,18379,167
8,18380,147
8,18381,64
8,18382,115
8,18383,83
8,18384,96
8,18385,52
8,18386,128
8,18387,160
8,18388,160
8,18389,83
8,18390,102
8,18391,102
8,18392,64
8,18393,141
8,18394,108
8,18395,186
8,18396,121
8,18397,108
8,18398,-64
8,18399,128
8,18400,116
8,18401,64
8,18402,135
8,18403,77
8,18404,121
8,18405,179
8,18406,26
8,18407,230
8,18408,-44
8,18409,70
8,18410,20
8,18411,32
8,18412,109
8,18413,45
8,18414,102
8,18415,26
8,18416,109
8,18417,38
8,18418,141
8,18419,173
8,18420,71
8,18421,51
8,18422,64
8,18423,128
8,18424,147
8,18425,103
8,18426,19
8,18427,103
8,18428,121
8,18429,19
8,18430,-871
8,18431,77
8,18432,70
8,18433,71
8,18434,122
8,18435,109
8,18436,77
8,18437,154
8,18438,77
8,18439,96
8,18440,96
8,18441,77
8,18442,103
8,18443,71
8,18444,83
8,18445,192
8,18446,90
8,18447,96
8,18448,262
8,18449,96
8,18450,154
8,18451,154
8,18452,160
8,18453,141
8,18454,64
8,18455,141
8,18456,83
8,18457,70
8,18458,71
8,18459,102
8,18460,77
8,18461,-32
8,18462,147
8,18463,51
8,18464,166
8,18465,64
8,18466,71
8,18467,-32
8,18468,89
8,18469,134
8,18470,147
8,18471,90
8,18472,102
8,18473,108
8,18474,781
8,18475,160
8,18476,128
8,18477,-51
8,18478,121
8,18479,135
8,18480,96
8,18481,64
8,18482,76
8,18483,-32
8,18484,128
8,18485,96
8,18486,32
8,18487,128
8,18488,45
8,18489,121
8,18490,192
8,18491,122
8,18492,115
8,18493,77
8,18494,64
8,18495,147
8,18496,89
8,18497,51
8,18498,109
8,18499,90
8,18500,70
8,18501,167
8,18502,19
8,18503,57
8,18504,45
8,18505,103
8,18506,103
8,18507,115
8,18508,128
8,18509,134
8,18510,173
8,18511,135
8,18512,77
8,18513,128
8,18514,51
8,18515,154
8,18516,109
8,18517,96
8,18518,83
8,18519,-109
8,18520,154
8,18521,134
8,18522,64
8,18523,192
8,18524,192
8,18525,-38
8,18526,115
8,18527,83
8,18528,109
8,18529,109
8,18530,269
8,18531,121
8,18532,122
8,18533,64
8,18534,-26
8,18535,134
8,18536,211
8,18537,38
8,18538,32
8,18539,57
8,18540,64
8,18541,148
8,18542,45
8,18543,26
8,18544,96
8,18545,128
8,18546,358
8,18547,64
8,18548,57
8,18549,83
8,18550,77
8,18551,115
8,18552,64
8,18553,51
8,18554,64
8,18555,77
8,18556,108
8,18557,76
8,18558,64
8,18559,115
8,18560,141
8,18561,51
8,18562,166
8,18563,122
8,18564,185
8,18565,70
8,18566,128
8,18567,90
8,18568,199
8,18569,45
8,18570,38
8,18571,52
8,18572,57
8,18573,70
8,18574,96
8,18575,51
8,18576,115
8,18577,115
8,18578,109
8,18579,128
8,18580,128
8,18581,148
8,18582,205
8,18583,90
8,18584,128
8,18585,64
8,18586,45
8,18587,71
8,18588,52
8,18589,-26
8,18590,32
8,18591,122
8,18592,77
8,18593,-52
8,18594,77
8,18595,102
8,18596,38
8,18597,84
8,18598,51
8,18599,51
8,18600,26
8,18601,102
8,18602,153
8,18603,384
8,18604,115
8,18605,115
8,18606,166
8,18607,128
8,18608,167
8,18609,102
8,18610,96
8,18611,64
8,18612,103
8,18613,58
8,18614,89
8,18615,96
8,18616,102
8,18617,64
8,18618,122
8,18619,121
8,18620,154
8,18621,115
8,18622,76
8,18623,109
8,18624,77
8,18625,51
8,18626,45
8,18627,115
8,18628,77
8,18629,96
8,18630,96
8,18631,128
8,18632,77
8,18633,147
8,18634,90
8,18635,115
8,18636,116
8,18637,121
8,18638,167
8,18639,109
8,18640,102
8,18641,244
8,18642,70
8,18643,70
8,18644,147
8,18645,71
8,18646,154
8,18647,58
8,18648,115
8,18649,179
8,18650,115
8,18651,51
8,18652,70
8,18653,58
8,18654,141
8,18655,109
8,18656,103
8,18657,147
8,18658,166
8,18659,96
8,18660,-45
8,18661,45
8,18662,102
8,18663,109
8,18664,64
8,18665,83
8,18666,26
8,18667,109
8,18668,108
8,18669,58
8,18670,45
8,18671,51
8,18672,83
8,18673,64
8,18674,58
8,18675,147
8,18676,52
8,18677,102
8,18678,404
8,18679,102
8,18680,128
8,18681,58
8,18682,-38
8,18683,128
8,18684,96
8,18685,76
8,18686,96
8,18687,231
8,18688,109
8,18689,51
8,18690,77
8,18691,102
8,18692,83
8,18693,51
8,18694,109
8,18695,153
8,18696,77
8,18697,64
8,18698,96
8,18699,314
8,18700,147
8,18701,70
8,18702,64
8,18703,121
8,18704,160
8,18705,77
8,18706,44
8,18707,109
8,18708,109
8,18709,115
8,18710,52
8,18711,96
8,18712,70
8,18713,160
8,18714,51
8,18715,70
8,18716,70
8,18717,116
8,18718,-32
8,18719,121
8,18720,192
8,18721,52
8,18722,134
8,18723,115
8,18724,76
8,18725,70
8,18726,154
8,18727,116
8,18728,288
8,18729,775
8,18730,83
8,18731,775
8,18732,128
8,18733,64
8,18734,109
8,18735,-64
8,18736,109
8,18737,32
8,18738,26
8,18739,51
8,18740,64
8,18741,121
8,18742,57
8,18743,121
8,18744,172
8,18745,51
8,18746,51
8,18747,115
8,18748,122
8,18749,109
8,18750,64
8,18751,109
8,18752,115
8,18753,83
8,18754,64
8,18755,359
8,18756,32
8,18757,64
8,18758,13
8,18759,32
8,18760,340
8,18761,103
8,18762,83
8,18763,71
8,18764,128
8,18765,154
8,18766,371
8,18767,-64
8,18768,77
8,18769,51
8,18770,26
8,18771,64
8,18772,83
8,18773,109
8,18774,52
8,18775,148
8,18776,-51
8,18777,122
8,18778,64
8,18779,121
8,18780,128
8,18781,121
8,18782,128
8,18783,102
8,18784,71
8,18785,102
8,18786,186
8,18787,109
8,18788,166
8,18789,122
8,18790,64
8,18791,249
8,18792,122
8,18793,76
8,18794,109
8,18795,51
8,18796,121
8,18797,90
8,18798,147
8,18799,64
8,18800,172
8,18801,122
8,18802,141
8,18803,371
8,18804,154
8,18805,64
8,18806,45
8,18807,64
8,18808,147
8,18809,352
8,18810,109
8,18811,19
8,18812,32
8,18813,32
8,18814,26
8,18815,-38
8,18816,51
8,18817,166
8,18818,51
8,18819,116
8,18820,-51
8,18821,102
8,18822,128
8,18823,115
8,18824,71
8,18825,77
8,18826,19
8,18827,71
8,18828,51
8,18829,89
8,18830,-32
8,18831,134
8,18832,90
8,18833,71
8,18834,96
8,18835,154
8,18836,122
8,18837,64
8,18838,173
8,18839,588
8,18840,64
8,18841,51
8,18842,57
8,18843,71
8,18844,70
8,18845,38
8,18846,172
8,18847,116
8,18848,103
8,18849,58
8,18850,83
8,18851,77
8,18852,83
8,18853,51
8,18854,77
8,18855,90
8,18856,83
8,18857,83
8,18858,224
8,18859,115
8,18860,147
8,18861,83
8,18862,179
8,18863,166
8,18864,141
8,18865,103
8,18866,70
8,18867,70
8,18868,38
8,18869,102
8,18870,121
8,18871,83
8,18872,109
8,18873,160
8,18874,108
8,18875,121
8,18876,198
8,18877,109
8,18878,57
8,18879,96
8,18880,167
8,18881,-26
8,18882,116
8,18883,76
8,18884,103
8,18885,57
8,18886,121
8,18887,83
8,18888,-52
8,18889,-38
8,18890,160
8,18891,102
8,18892,77
8,18893,70
8,18894,179
8,18895,109
8,18896,109
8,18897,115
8,18898,64
8,18899,71
8,18900,83
8,18901,109
8,18902,115
8,18903,90
8,18904,51
8,18905,109
8,18906,115
8,18907,51
8,18908,128
8,18909,77
8,18910,173
8,18911,154
8,18912,77
8,18913,141
8,18914,135
8,18915,141
8,18916,147
8,18917,58
8,18918,160
8,18919,115
8,18920,186
8,18921,26
8,18922,96
8,18923,160
8,18924,180
8,18925,77
8,18926,103
8,18927,103
8,18928,153
8,18929,26
8,18930,128
8,18931,166
8,18932,166
8,18933,38
8,18934,64
8,18935,147
8,18936,77
8,18937,103
8,18938,64
8,18939,64
8,18940,71
8,18941,115
8,18942,-819
8,18943,26
8,18944,51
8,18945,358
8,18946,115
8,18947,166
8,18948,116
8,18949,185
8,18950,77
8,18951,102
8,18952,45
8,18953,58
8,18954,108
8,18955,103
8,18956,57
8,18957,39
8,18958,64
8,18959,51
8,18960,153
8,18961,122
8,18962,109
8,18963,256
8,18964,153
8,18965,122
8,18966,77
8,18967,128
8,18968,96
8,18969,51
8,18970,76
8,18971,26
8,18972,109
8,18973,96
8,18974,71
8,18975,83
8,18976,32
8,18977,51
8,18978,109
8,18979,109
8,18980,58
8,18981,339
8,18982,26
8,18983,-12
8,18984,84
8,18985,122
8,18986,768
8,18987,108
8,18988,135
8,18989,141
8,18990,77
8,18991,109
8,18992,58
8,18993,147
8,18994,192
8,18995,64
8,18996,153
8,18997,77
8,18998,64
8,18999,77
8,19000,205
8,19001,102
8,19002,128
8,19003,134
8,19004,32
8,19005,122
8,19006,128
8,19007,116
8,19008,77
8,19009,26
8,19010,19
8,19011,64
8,19012,77
8,19013,103
8,19014,58
8,19015,32
8,19016,45
8,19017,96
8,19018,121
8,19019,141
8,19020,115
8,19021,167
8,19022,58
8,19023,102
8,19024,160
8,19025,25
8,19026,64
8,19027,102
8,19028,166
8,19029,327
8,19030,102
8,19031,32
8,19032,89
8,19033,108
8,19034,122
8,19035,108
8,19036,167
8,19037,25
8,19038,160
8,19039,115
8,19040,96
8,19041,89
8,19042,186
8,19043,96
8,19044,109
8,19045,96
8,19046,115
8,19047,77
8,19048,128
8,19049,84
8,19050,83
8,19051,77
8,19052,115
8,19053,96
8,19054,128
8,19055,19
8,19056,167
8,19057,39
8,19058,122
8,19059,122
8,19060,108
8,19061,-38
8,19062,186
8,19063,103
8,19064,70
8,19065,58
8,19066,64
8,19067,45
8,19068,-141
8,19069,64
8,19070,102
8,19071,84
8,19072,58
8,19073,83
8,19074,115
8,19075,83
8,19076,108
8,19077,160
8,19078,-52
8,19079,166
8,19080,115
8,19081,25
8,19082,148
8,19083,25
8,19084,-45
8,19085,64
8,19086,58
8,19087,58
8,19088,70
8,19089,45
8,19090,121
8,19091,121
8,19092,45
8,19093,384
8,19094,96
8,19095,96
8,19096,77
8,19097,44
8,19098,64
8,19099,77
8,19100,25
8,19101,51
8,19102,90
8,19103,122
8,19104,109
8,19105,-38
8,19106,102
8,19107,57
8,19108,64
8,19109,51
8,19110,51
8,19111,109
8,19112,83
8,19113,128
8,19114,211
8,19115,224
8,19116,166
8,19117,122
8,19118,160
8,19119,236
8,19120,128
8,19121,57
8,19122,108
8,19123,121
8,19124,-45
8,19125,70
8,19126,122
8,19127,115
8,19128,256
8,19129,134
8,19130,160
8,19131,122
8,19132,140
8,19133,115
8,19134,346
8,19135,115
8,19136,38
8,19137,64
8,19138,160
8,19139,90
8,19140,77
8,19141,58
8,19142,122
8,19143,109
8,19144,109
8,19145,84
8,19146,160
8,19147,173
8,19148,109
8,19149,96
8,19150,378
8,19151,77
8,19152,70
8,19153,58
8,19154,109
8,19155,71
8,19156,160
8,19157,58
8,19158,83
8,19159,58
8,19160,115
8,19161,102
8,19162,58
8,19163,121
8,19164,122
8,19165,57
8,19166,121
8,19167,103
8,19168,64
8,19169,192
8,19170,26
8,19171,-58
8,19172,147
8,19173,32
8,19174,32
8,19175,121
8,19176,96
8,19177,58
8,19178,64
8,19179,51
8,19180,76
8,19181,51
8,19182,128
8,19183,396
8,19184,109
8,19185,26
8,19186,71
8,19187,58
8,19188,135
8,19189,83
8,19190,102
8,19191,96
8,19192,58
8,19193,51
8,19194,116
8,19195,230
8,19196,64
8,19197,103
8,19198,-32
8,19199,102
8,19200,115
8,19201,96
8,19202,122
8,19203,70
8,19204,-122
8,19205,140
8,19206,128
8,19207,141
8,19208,122
8,19209,102
8,19210,64
8,19211,109
8,19212,128
8,19213,102
8,19214,115
8,19215,109
8,19216,64
8,19217,96
8,19218,58
8,19219,121
8,19220,154
8,19221,154
8,19222,96
8,19223,121
8,19224,90
8,19225,52
8,19226,166
8,19227,57
8,19228,173
8,19229,102
8,19230,122
8,19231,199
8,19232,121
8,19233,89
8,19234,77
8,19235,84
8,19236,148
8,19237,51
8,19238,128
8,19239,122
8,19240,-38
8,19241,787
8,19242,71
8,19243,775
8,19244,147
8,19245,90
8,19246,153
8,19247,83
8,19248,58
8,19249,154
8,19250,116
8,19251,64
8,19252,64
8,19253,96
8,19254,-250
8,19255,276
8,19256,173
8,19257,77
8,19258,-51
8,19259,160
8,19260,122
8,19261,115
8,19262,51
8,19263,134
8,19264,109
8,19265,38
8,19266,64
8,19267,83
8,19268,32
8,19269,102
8,19270,45
8,19271,109
8,19272,57
8,19273,134
8,19274,179
8,19275,109
8,19276,71
8,19277,115
8,19278,148
8,19279,96
8,19280,192
8,19281,45
8,19282,102
8,19283,58
8,19284,364
8,19285,89
8,19286,32
8,19287,391
8,19288,103
8,19289,51
8,19290,57
8,19291,109
8,19292,96
8,19293,70
8,19294,58
8,19295,153
8,19296,51
8,19297,58
8,19298,121
8,19299,359
8,19300,166
8,19301,90
8,19302,179
8,19303,122
8,19304,57
8,19305,71
8,19306,51
8,19307,32
8,19308,44
8,19309,45
8,19310,26
8,19311,51
8,19312,121
8,19313,64
8,19314,173
8,19315,115
8,19316,109
8,19317,64
8,19318,57
8,19319,115
8,19320,70
8,19321,51
8,19322,122
8,19323,64
8,19324,58
8,19325,-44
8,19326,-45
8,19327,45
8,19328,96
8,19329,102
8,19330,128
8,19331,83
8,19332,154
8,19333,141
8,19334,25
8,19335,147
8,19336,205
8,19337,51
8,19338,83
8,19339,70
8,19340,154
8,19341,58
8,19342,115
8,19343,96
8,19344,109
8,19345,115
8,19346,109
8,19347,109
8,19348,147
8,19349,71
8,19350,83
8,19351,121
8,19352,134
8,19353,71
8,19354,103
8,19355,44
8,19356,115
8,19357,64
8,19358,19
8,19359,141
8,19360,160
8,19361,26
8,19362,83
8,19363,96
8,19364,51
8,19365,102
8,19366,134
8,19367,64
8,19368,115
8,19369,71
8,19370,115
8,19371,116
8,19372,116
8,19373,-39
8,19374,84
8,19375,102
8,19376,122
8,19377,109
8,19378,109
8,19379,51
8,19380,64
8,19381,116
8,19382,64
8,19383,109
8,19384,58
8,19385,70
8,19386,135
8,19387,173
8,19388,128
8,19389,109
8,19390,102
8,19391,173
8,19392,154
8,19393,-6
8,19394,58
8,19395,70
8,19396,77
8,19397,90
8,19398,115
8,19399,116
8,19400,134
8,19401,179
8,19402,134
8,19403,147
8,19404,109
8,19405,77
8,19406,25
8,19407,141
8,19408,256
8,19409,70
8,19410,327
8,19411,-52
8,19412,102
8,19413,199
8,19414,282
8,19415,71
8,19416,141
8,19417,96
8,19418,102
8,19419,109
8,19420,128
8,19421,128
8,19422,90
8,19423,84
8,19424,352
8,19425,96
8,19426,154
8,19427,-32
8,19428,134
8,19429,71
8,19430,109
8,19431,115
8,19432,58
8,19433,32
8,19434,96
8,19435,160
8,19436,83
8,19437,25
8,19438,51
8,19439,71
8,19440,96
8,19441,57
8,19442,167
8,19443,45
8,19444,167
8,19445,358
8,19446,115
8,19447,160
8,19448,154
8,19449,64
8,19450,115
8,19451,141
8,19452,166
8,19453,96
8,19454,-903
8,19455,64
8,19456,51
8,19457,64
8,19458,109
8,19459,153
8,19460,166
8,19461,58
8,19462,167
8,19463,76
8,19464,58
8,19465,64
8,19466,32
8,19467,89
8,19468,243
8,19469,77
8,19470,121
8,19471,90
8,19472,128
8,19473,167
8,19474,263
8,19475,160
8,19476,173
8,19477,122
8,19478,115
8,19479,147
8,19480,102
8,19481,-6
8,19482,115
8,19483,141
8,19484,141
8,19485,64
8,19486,39
8,19487,160
8,19488,166
8,19489,64
8,19490,19
8,19491,70
8,19492,115
8,19493,26
8,19494,134
8,19495,64
8,19496,70
8,19497,115
8,19498,794
8,19499,121
8,19500,96
8,19501,115
8,19502,83
8,19503,83
8,19504,83
8,19505,58
8,19506,58
8,19507,19
8,19508,122
8,19509,365
8,19510,-51
8,19511,70
8,19512,96
8,19513,109
8,19514,77
8,19515,365
8,19516,121
8,19517,154
8,19518,134
8,19519,122
8,19520,-45
8,19521,-153
8,19522,76
8,19523,115
8,19524,135
8,19525,96
8,19526,166
8,19527,102
8,19528,128
8,19529,128
8,19530,154
8,19531,160
8,19532,211
8,19533,167
8,19534,160
8,19535,89
8,19536,154
8,19537,-39
8,19538,51
8,19539,102
8,19540,52
8,19541,115
8,19542,70
8,19543,64
8,19544,90
8,19545,160
8,19546,116
8,19547,371
8,19548,115
8,19549,70
8,19550,160
8,19551,148
8,19552,89
8,19553,83
8,19554,185
8,19555,58
8,19556,58
8,19557,154
8,19558,147
8,19559,109
8,19560,160
8,19561,109
8,19562,186
8,19563,64
8,19564,89
8,19565,141
8,19566,122
8,19567,84
8,19568,-51
8,19569,128
8,19570,179
8,19571,109
8,19572,58
8,19573,173
8,19574,173
8,19575,96
8,19576,108
8,19577,39
8,19578,282
8,19579,64
8,19580,39
8,19581,58
8,19582,192
8,19583,71
8,19584,57
8,19585,102
8,19586,121
8,19587,134
8,19588,205
8,19589,58
8,19590,115
8,19591,96
8,19592,109
8,19593,57
8,19594,25
8,19595,26
8,19596,70
8,19597,64
8,19598,135
8,19599,58
8,19600,198
8,19601,140
8,19602,141
8,19603,89
8,19604,179
8,19605,192
8,19606,166
8,19607,116
8,19608,96
8,19609,45
8,19610,288
8,19611,32
8,19612,39
8,19613,25
8,19614,147
8,19615,115
8,19616,32
8,19617,102
8,19618,103
8,19619,45
8,19620,102
8,19621,83
8,19622,109
8,19623,122
8,19624,51
8,19625,64
8,19626,-32
8,19627,141
8,19628,122
8,19629,96
8,19630,115
8,19631,102
8,19632,64
8,19633,38
8,19634,64
8,19635,70
8,19636,-268
8,19637,96
8,19638,160
8,19639,77
8,19640,115
8,19641,109
8,19642,358
8,19643,154
8,19644,167
8,19645,51
8,19646,115
8,19647,58
8,19648,64
8,19649,96
8,19650,96
8,19651,76
8,19652,102
8,19653,58
8,19654,13
8,19655,89
8,19656,108
8,19657,115
8,19658,122
8,19659,121
8,19660,96
8,19661,160
8,19662,26
8,19663,115
8,19664,166
8,19665,64
8,19666,77
8,19667,90
8,19668,160
8,19669,58
8,19670,160
8,19671,141
8,19672,58
8,19673,-39
8,19674,122
8,19675,103
8,19676,109
8,19677,70
8,19678,103
8,19679,90
8,19680,109
8,19681,45
8,19682,64
8,19683,70
8,19684,103
8,19685,70
8,19686,51
8,19687,70
8,19688,109
8,19689,58
8,19690,115
8,19691,108
8,19692,167
8,19693,115
8,19694,102
8,19695,115
8,19696,89
8,19697,58
8,19698,89
8,19699,70
8,19700,64
8,19701,70
8,19702,179
8,19703,77
8,19704,115
8,19705,70
8,19706,64
8,19707,115
8,19708,147
8,19709,102
8,19710,173
8,19711,122
8,19712,83
8,19713,345
8,19714,147
8,19715,96
8,19716,-45
8,19717,70
8,19718,103
8,19719,115
8,19720,103
8,19721,71
8,19722,115
8,19723,115
8,19724,192
8,19725,135
8,19726,26
8,19727,141
8,19728,89
8,19729,57
8,19730,109
8,19731,160
8,19732,64
8,19733,77
8,19734,64
8,19735,128
8,19736,115
8,19737,108
8,19738,250
8,19739,-230
8,19740,212
8,19741,96
8,19742,173
8,19743,153
8,19744,70
8,19745,96
8,19746,83
8,19747,64
8,19748,57
8,19749,83
8,19750,121
8,19751,108
8,19752,64
8,19753,768
8,19754,115
8,19755,761
8,19756,115
8,19757,102
8,19758,211
8,19759,32
8,19760,122
8,19761,51
8,19762,64
8,19763,109
8,19764,103
8,19765,58
8,19766,64
8,19767,122
8,19768,109
8,19769,115
8,19770,160
8,19771,122
8,19772,185
8,19773,-39
8,19774,128
8,19775,167
8,19776,96
8,19777,26
8,19778,64
8,19779,19
8,19780,103
8,19781,0
8,19782,45
8,19783,231
8,19784,70
8,19785,-26
8,19786,160
8,19787,70
8,19788,173
8,19789,108
8,19790,-32
8,19791,103
8,19792,108
8,19793,26
8,19794,64
8,19795,109
8,19796,109
8,19797,109
8,19798,77
8,19799,58
8,19800,96
8,19801,96
8,19802,115
8,19803,122
8,19804,377
8,19805,134
8,19806,83
8,19807,115
8,19808,58
8,19809,147
8,19810,115
8,19811,108
8,19812,135
8,19813,57
8,19814,198
8,19815,122
8,19816,115
8,19817,83
8,19818,64
8,19819,135
8,19820,19
8,19821,38
8,19822,166
8,19823,102
8,19824,160
8,19825,122
8,19826,122
8,19827,44
8,19828,192
8,19829,96
8,19830,167
8,19831,108
8,19832,84
8,19833,44
8,19834,116
8,19835,70
8,19836,256
8,19837,96
8,19838,76
8,19839,77
8,19840,39
8,19841,90
8,19842,64
8,19843,-32
8,19844,83
8,19845,108
8,19846,71
8,19847,84
8,19848,76
8,19849,45
8,19850,25
8,19851,148
8,19852,38
8,19853,64
8,19854,32
8,19855,198
8,19856,365
8,19857,115
8,19858,96
8,19859,77
8,19860,90
8,19861,186
8,19862,160
8,19863,116
8,19864,122
8,19865,96
8,19866,45
8,19867,109
8,19868,154
8,19869,57
8,19870,77
8,19871,83
8,19872,103
8,19873,64
8,19874,70
8,19875,25
8,19876,52
8,19877,25
8,19878,301
8,19879,140
8,19880,90
8,19881,115
8,19882,90
8,19883,102
8,19884,384
8,19885,102
8,19886,166
8,19887,58
8,19888,160
8,19889,64
8,19890,102
8,19891,64
8,19892,64
8,19893,52
8,19894,147
8,19895,96
8,19896,115
8,19897,141
8,19898,147
8,19899,185
8,19900,192
8,19901,103
8,19902,51
8,19903,153
8,19904,70
8,19905,32
8,19906,173
8,19907,70
8,19908,77
8,19909,77
8,19910,77
8,19911,32
8,19912,45
8,19913,71
8,19914,199
8,19915,121
8,19916,179
8,19917,64
8,19918,173
8,19919,115
8,19920,89
8,19921,70
8,19922,32
8,19923,153
8,19924,147
8,19925,71
8,19926,-25
8,19927,109
8,19928,153
8,19929,154
8,19930,141
8,19931,115
8,19932,134
8,19933,77
8,19934,185
8,19935,403
8,19936,122
8,19937,96
8,19938,153
8,19939,90
8,19940,205
8,19941,122
8,19942,115
8,19943,103
8,19944,128
8,19945,83
8,19946,122
8,19947,71
8,19948,108
8,19949,96
8,19950,51
8,19951,64
8,19952,-83
8,19953,128
8,19954,19
8,19955,83
8,19956,103
8,19957,45
8,19958,109
8,19959,173
8,19960,148
8,19961,84
8,19962,128
8,19963,199
8,19964,76
8,19965,102
8,19966,19
8,19967,313
8,19968,57
8,19969,128
8,19970,38
8,19971,154
8,19972,148
8,19973,58
8,19974,102
8,19975,167
8,19976,115
8,19977,122
8,19978,96
8,19979,71
8,19980,135
8,19981,96
8,19982,313
8,19983,103
8,19984,154
8,19985,160
8,19986,122
8,19987,148
8,19988,84
8,19989,-38
8,19990,186
8,19991,102
8,19992,109
8,19993,58
8,19994,51
8,19995,77
8,19996,154
8,19997,134
8,19998,64
8,19999,58
8,20000,58
9,1,-244
9,2,115
9,3,26
9,4,167
9,5,166
9,6,64
9,7,-32
9,8,141
9,9,64
9,10,756
9,11,89
9,12,199
9,13,211
9,14,64
9,15,218
9,16,359
9,17,147
9,18,64
9,19,51
9,20,44
9,21,96
9,22,32
9,23,32
9,24,64
9,25,96
9,26,-199
9,27,96
9,28,403
9,29,51
9,30,102
9,31,76
9,32,83
9,33,-26
9,34,-44
9,35,51
9,36,167
9,37,96
9,38,89
9,39,57
9,40,45
9,41,58
9,42,167
9,43,237
9,44,231
9,45,205
9,46,51
9,47,109
9,48,224
9,49,371
9,50,198
9,51,172
9,52,51
9,53,71
9,54,57
9,55,26
9,56,58
9,57,64
9,58,77
9,59,71
9,60,51
9,61,64
9,62,102
9,63,70
9,64,83
9,65,109
9,66,-378
9,67,198
9,68,103
9,69,122
9,70,116
9,71,77
9,72,109
9,73,96
9,74,70
9,75,58
9,76,57
9,77,109
9,78,115
9,79,70
9,80,103
9,81,256
9,82,115
9,83,32
9,84,32
9,85,-38
9,86,115
9,87,77
9,88,84
9,89,-6
9,90,70
9,91,25
9,92,-51
9,93,64
9,94,166
9,95,44
9,96,172
9,97,51
9,98,70
9,99,102
9,100,128
9,101,269
9,102,211
9,103,186
9,104,300
9,105,160
9,106,160
9,107,20
9,108,141
9,109,180
9,110,179
9,111,19
9,112,96
9,113,26
9,114,102
9,115,96
9,116,96
9,117,108
9,118,64
9,119,64
9,120,96
9,121,-6
9,122,-250
9,123,-45
9,124,32
9,125,83
9,126,-263
9,127,26
9,128,108
9,129,51
9,130,90
9,131,-352
9,132,121
9,133,116
9,134,19
9,135,51
9,136,51
9,137,52
9,138,83
9,139,77
9,140,71
9,141,51
9,142,26
9,143,167
9,144,109
9,145,45
9,146,58
9,147,64
9,148,397
9,149,58
9,150,26
9,151,32
9,152,115
9,153,141
9,154,64
9,155,64
9,156,77
9,157,230
9,158,-198
9,159,26
9,160,103
9,161,45
9,162,20
9,163,77
9,164,89
9,165,32
9,166,26
9,167,64
9,168,26
9,169,-57
9,170,77
9,171,77
9,172,243
9,173,243
9,174,71
9,175,51
9,176,64
9,177,25
9,178,19
9,179,-211
9,180,147
9,181,45
9,182,64
9,183,45
9,184,39
9,185,231
9,186,71
9,187,71
9,188,148
9,189,39
9,190,83
9,191,89
9,192,71
9,193,19
9,194,32
9,195,166
9,196,-51
9,197,39
9,198,115
9,199,-249
9,200,45
9,201,44
9,202,103
9,203,71
9,204,64
9,205,52
9,206,109
9,207,19
9,208,64
9,209,192
9,210,51
9,211,58
9,212,64
9,213,64
9,214,64
9,215,77
9,216,26
9,217,70
9,218,71
9,219,96
9,220,84
9,221,160
9,222,51
9,223,204
9,224,185
9,225,32
9,226,166
9,227,218
9,228,115
9,229,90
9,230,167
9,231,-52
9,232,45
9,233,-250
9,234,384
9,235,71
9,236,96
9,237,-13
9,238,77
9,239,57
9,240,96
9,241,51
9,242,51
9,243,57
9,244,32
9,245,26
9,246,32
9,247,-45
9,248,121
9,249,231
9,250,26
9,251,192
9,252,108
9,253,204
9,254,103
9,255,218
9,256,26
9,257,32
9,258,57
9,259,128
9,260,167
9,261,160
9,262,115
9,263,173
9,264,250
9,265,768
9,266,102
9,267,775
9,268,102
9,269,45
9,270,109
9,271,102
9,272,102
9,273,51
9,274,32
9,275,198
9,276,-39
9,277,45
9,278,26
9,279,64
9,280,77
9,281,19
9,282,51
9,283,52
9,284,71
9,285,147
9,286,45
9,287,109
9,288,38
9,289,-26
9,290,-243
9,291,26
9,292,64
9,293,96
9,294,64
9,295,186
9,296,32
9,297,32
9,298,32
9,299,45
9,300,71
9,301,51
9,302,-281
9,303,77
9,304,64
9,305,-32
9,306,58
9,307,19
9,308,13
9,309,102
9,310,-250
9,311,32
9,312,51
9,313,52
9,314,77
9,315,115
9,316,160
9,317,64
9,318,51
9,319,237
9,320,64
9,321,64
9,322,25
9,323,-250
9,324,71
9,325,205
9,326,358
9,327,71
9,328,58
9,329,-38
9,330,32
9,331,64
9,332,38
9,333,64
9,334,51
9,335,89
9,336,38
9,337,25
9,338,-192
9,339,64
9,340,58
9,341,51
9,342,77
9,343,64
9,344,70
9,345,26
9,346,26
9,347,45
9,348,57
9,349,64
9,350,166
9,351,218
9,352,64
9,353,51
9,354,64
9,355,102
9,356,77
9,357,58
9,358,-167
9,359,96
9,360,44
9,361,-32
9,362,32
9,363,109
9,364,77
9,365,38
9,366,26
9,367,103
9,368,45
9,369,148
9,370,109
9,371,64
9,372,185
9,373,57
9,374,314
9,375,39
9,376,76
9,377,19
9,378,26
9,379,64
9,380,58
9,381,147
9,382,25
9,383,-25
9,384,76
9,385,-32
9,386,26
9,387,83
9,388,32
9,389,52
9,390,26
9,391,90
9,392,25
9,393,96
9,394,102
9,395,103
9,396,198
9,397,70
9,398,64
9,399,58
9,400,96
9,401,45
9,402,32
9,403,25
9,404,51
9,405,57
9,406,19
9,407,70
9,408,32
9,409,96
9,410,71
9,411,109
9,412,102
9,413,90
9,414,58
9,415,115
9,416,13
9,417,26
9,418,32
9,419,64
9,420,121
9,421,52
9,422,64
9,423,58
9,424,51
9,425,96
9,426,116
9,427,77
9,428,307
9,429,186
9,430,134
9,431,167
9,432,442
9,433,371
9,434,166
9,435,167
9,436,64
9,437,58
9,438,308
9,439,90
9,440,32
9,441,141
9,442,64
9,443,70
9,444,103
9,445,57
9,446,166
9,447,26
9,448,83
9,449,51
9,450,135
9,451,-39
9,452,141
9,453,249
9,454,256
9,455,64
9,456,64
9,457,52
9,458,64
9,459,45
9,460,32
9,461,26
9,462,64
9,463,25
9,464,167
9,465,128
9,466,77
9,467,64
9,468,211
9,469,211
9,470,173
9,471,84
9,472,58
9,473,52
9,474,32
9,475,89
9,476,154
9,477,45
9,478,70
9,479,70
9,480,-45
9,481,128
9,482,70
9,483,115
9,484,70
9,485,51
9,486,96
9,487,108
9,488,166
9,489,90
9,490,96
9,491,122
9,492,128
9,493,160
9,494,19
9,495,77
9,496,83
9,497,103
9,498,83
9,499,115
9,500,109
9,501,58
9,502,115
9,503,25
9,504,58
9,505,64
9,506,51
9,507,58
9,508,96
9,509,51
9,510,115
9,511,44
9,512,-39
9,513,70
9,514,70
9,515,26
9,516,58
9,517,-6
9,518,-45
9,519,57
9,520,71
9,521,70
9,522,768
9,523,89
9,524,-51
9,525,160
9,526,64
9,527,122
9,528,109
9,529,-19
9,530,64
9,531,25
9,532,32
9,533,52
9,534,32
9,535,109
9,536,109
9,537,64
9,538,64
9,539,19
9,540,51
9,541,38
9,542,345
9,543,153
9,544,173
9,545,25
9,546,147
9,547,64
9,548,83
9,549,96
9,550,32
9,551,115
9,552,84
9,553,90
9,554,166
9,555,115
9,556,-45
9,557,58
9,558,103
9,559,-64
9,560,-45
9,561,128
9,562,115
9,563,134
9,564,96
9,565,173
9,566,109
9,567,173
9,568,115
9,569,77
9,570,102
9,571,128
9,572,115
9,573,58
9,574,32
9,575,115
9,576,128
9,577,64
9,578,167
9,579,90
9,580,103
9,581,32
9,582,211
9,583,128
9,584,58
9,585,52
9,586,397
9,587,103
9,588,71
9,589,109
9,590,173
9,591,109
9,592,128
9,593,167
9,594,211
9,595,-249
9,596,109
9,597,115
9,598,154
9,599,167
9,600,115
9,601,173
9,602,147
9,603,71
9,604,103
9,605,199
9,606,128
9,607,70
9,608,45
9,609,32
9,610,64
9,611,109
9,612,160
9,613,83
9,614,160
9,615,122
9,616,269
9,617,384
9,618,121
9,619,166
9,620,102
9,621,307
9,622,160
9,623,179
9,624,109
9,625,166
9,626,52
9,627,96
9,628,128
9,629,64
9,630,25
9,631,108
9,632,250
9,633,51
9,634,-32
9,635,51
9,636,70
9,637,301
9,638,83
9,639,-45
9,640,102
9,641,103
9,642,64
9,643,-52
9,644,141
9,645,52
9,646,51
9,647,102
9,648,166
9,649,-45
9,650,77
9,651,147
9,652,77
9,653,160
9,654,58
9,655,154
9,656,211
9,657,96
9,658,166
9,659,19
9,660,57
9,661,64
9,662,173
9,663,57
9,664,167
9,665,51
9,666,90
9,667,134
9,668,154
9,669,378
9,670,166
9,671,70
9,672,116
9,673,96
9,674,64
9,675,-58
9,676,134
9,677,109
9,678,121
9,679,64
9,680,109
9,681,109
9,682,103
9,683,96
9,684,90
9,685,-58
9,686,76
9,687,179
9,688,173
9,689,166
9,690,51
9,691,160
9,692,-51
9,693,115
9,694,83
9,695,147
9,696,103
9,697,-39
9,698,154
9,699,160
9,700,122
9,701,44
9,702,76
9,703,83
9,704,89
9,705,51
9,706,103
9,707,115
9,708,211
9,709,77
9,710,121
9,711,115
9,712,198
9,713,-32
9,714,141
9,715,96
9,716,70
9,717,71
9,718,58
9,719,64
9,720,103
9,721,51
9,722,26
9,723,70
9,724,57
9,725,70
9,726,44
9,727,77
9,728,83
9,729,141
9,730,103
9,731,135
9,732,26
9,733,109
9,734,166
9,735,141
9,736,71
9,737,186
9,738,-32
9,739,77
9,740,256
9,741,115
9,742,89
9,743,51
9,744,96
9,745,295
9,746,70
9,747,115
9,748,135
9,749,122
9,750,135
9,751,166
9,752,180
9,753,103
9,754,96
9,755,39
9,756,378
9,757,103
9,758,166
9,759,128
9,760,77
9,761,64
9,762,51
9,763,122
9,764,128
9,765,115
9,766,57
9,767,70
9,768,71
9,769,64
9,770,57
9,771,-19
9,772,96
9,773,96
9,774,135
9,775,96
9,776,109
9,777,794
9,778,64
9,779,794
9,780,102
9,781,-26
9,782,199
9,783,96
9,784,116
9,785,90
9,786,45
9,787,115
9,788,109
9,789,96
9,790,70
9,791,96
9,792,-45
9,793,180
9,794,64
9,795,115
9,796,141
9,797,103
9,798,167
9,799,153
9,800,326
9,801,90
9,802,102
9,803,103
9,804,160
9,805,57
9,806,26
9,807,103
9,808,64
9,809,64
9,810,160
9,811,128
9,812,57
9,813,147
9,814,109
9,815,135
9,816,96
9,817,58
9,818,570
9,819,51
9,820,32
9,821,103
9,822,185
9,823,154
9,824,103
9,825,108
9,826,71
9,827,135
9,828,128
9,829,154
9,830,166
9,831,128
9,832,147
9,833,160
9,834,256
9,835,108
9,836,192
9,837,102
9,838,217
9,839,160
9,840,122
9,841,58
9,842,45
9,843,115
9,844,103
9,845,58
9,846,173
9,847,89
9,848,90
9,849,109
9,850,115
9,851,76
9,852,135
9,853,89
9,854,109
9,855,122
9,856,141
9,857,57
9,858,26
9,859,96
9,860,25
9,861,26
9,862,44
9,863,58
9,864,64
9,865,109
9,866,19
9,867,109
9,868,166
9,869,147
9,870,58
9,871,116
9,872,173
9,873,45
9,874,102
9,875,83
9,876,192
9,877,90
9,878,38
9,879,115
9,880,64
9,881,115
9,882,96
9,883,154
9,884,153
9,885,160
9,886,147
9,887,109
9,888,128
9,889,70
9,890,26
9,891,102
9,892,64
9,893,103
9,894,140
9,895,135
9,896,-45
9,897,109
9,898,38
9,899,70
9,900,218
9,901,109
9,902,90
9,903,58
9,904,166
9,905,109
9,906,70
9,907,135
9,908,-57
9,909,77
9,910,70
9,911,102
9,912,115
9,913,70
9,914,-39
9,915,77
9,916,57
9,917,160
9,918,192
9,919,122
9,920,58
9,921,153
9,922,96
9,923,153
9,924,192
9,925,179
9,926,115
9,927,179
9,928,102
9,929,-13
9,930,58
9,931,51
9,932,90
9,933,96
9,934,173
9,935,64
9,936,84
9,937,32
9,938,83
9,939,89
9,940,122
9,941,38
9,942,262
9,943,371
9,944,256
9,945,96
9,946,45
9,947,128
9,948,96
9,949,51
9,950,166
9,951,70
9,952,160
9,953,108
9,954,109
9,955,166
9,956,122
9,957,141
9,958,26
9,959,140
9,960,39
9,961,109
9,962,109
9,963,115
9,964,153
9,965,166
9,966,64
9,967,116
9,968,122
9,969,52
9,970,51
9,971,102
9,972,44
9,973,58
9,974,103
9,975,64
9,976,122
9,977,160
9,978,116
9,979,122
9,980,166
9,981,109
9,982,45
9,983,154
9,984,147
9,985,58
9,986,19
9,987,51
9,988,128
9,989,77
9,990,25
9,991,64
9,992,109
9,993,115
9,994,109
9,995,115
9,996,147
9,997,51
9,998,26
9,999,25
9,1000,115
9,1001,116
9,1002,115
9,1003,-64
9,1004,89
9,1005,57
9,1006,26
9,1007,45
9,1008,-45
9,1009,77
9,1010,109
9,1011,167
9,1012,115
9,1013,83
9,1014,109
9,1015,109
9,1016,38
9,1017,57
9,1018,173
9,1019,25
9,1020,180
9,1021,32
9,1022,70
9,1023,109
9,1024,84
9,1025,89
9,1026,102
9,1027,64
9,1028,109
9,1029,83
9,1030,51
9,1031,26
9,1032,96
9,1033,51
9,1034,813
9,1035,77
9,1036,116
9,1037,102
9,1038,167
9,1039,89
9,1040,147
9,1041,51
9,1042,186
9,1043,44
9,1044,96
9,1045,-6
9,1046,83
9,1047,32
9,1048,64
9,1049,147
9,1050,121
9,1051,115
9,1052,83
9,1053,71
9,1054,160
9,1055,77
9,1056,154
9,1057,57
9,1058,77
9,1059,-13
9,1060,32
9,1061,32
9,1062,185
9,1063,64
9,1064,58
9,1065,147
9,1066,160
9,1067,102
9,1068,115
9,1069,45
9,1070,166
9,1071,166
9,1072,109
9,1073,109
9,1074,-26
9,1075,122
9,1076,58
9,1077,19
9,1078,90
9,1079,96
9,1080,64
9,1081,57
9,1082,70
9,1083,70
9,1084,90
9,1085,51
9,1086,90
9,1087,116
9,1088,115
9,1089,108
9,1090,103
9,1091,-250
9,1092,64
9,1093,115
9,1094,211
9,1095,108
9,1096,121
9,1097,58
9,1098,122
9,1099,32
9,1100,77
9,1101,250
9,1102,186
9,1103,71
9,1104,57
9,1105,109
9,1106,172
9,1107,64
9,1108,51
9,1109,57
9,1110,198
9,1111,122
9,1112,-45
9,1113,-38
9,1114,26
9,1115,26
9,1116,51
9,1117,51
9,1118,237
9,1119,128
9,1120,57
9,1121,71
9,1122,102
9,1123,346
9,1124,134
9,1125,38
9,1126,243
9,1127,211
9,1128,224
9,1129,25
9,1130,160
9,1131,70
9,1132,115
9,1133,128
9,1134,103
9,1135,109
9,1136,64
9,1137,51
9,1138,148
9,1139,365
9,1140,70
9,1141,96
9,1142,39
9,1143,96
9,1144,77
9,1145,-7
9,1146,172
9,1147,25
9,1148,141
9,1149,116
9,1150,122
9,1151,218
9,1152,45
9,1153,19
9,1154,128
9,1155,51
9,1156,32
9,1157,51
9,1158,244
9,1159,211
9,1160,58
9,1161,-39
9,1162,179
9,1163,160
9,1164,192
9,1165,19
9,1166,224
9,1167,71
9,1168,166
9,1169,51
9,1170,224
9,1171,256
9,1172,108
9,1173,45
9,1174,108
9,1175,-32
9,1176,77
9,1177,141
9,1178,186
9,1179,116
9,1180,154
9,1181,160
9,1182,160
9,1183,51
9,1184,77
9,1185,64
9,1186,160
9,1187,128
9,1188,89
9,1189,96
9,1190,173
9,1191,58
9,1192,192
9,1193,122
9,1194,160
9,1195,103
9,1196,77
9,1197,32
9,1198,26
9,1199,128
9,1200,96
9,1201,45
9,1202,64
9,1203,301
9,1204,51
9,1205,-25
9,1206,140
9,1207,26
9,1208,64
9,1209,205
9,1210,121
9,1211,58
9,1212,102
9,1213,96
9,1214,108
9,1215,83
9,1216,153
9,1217,83
9,1218,64
9,1219,96
9,1220,122
9,1221,32
9,1222,160
9,1223,365
9,1224,115
9,1225,58
9,1226,122
9,1227,77
9,1228,-96
9,1229,51
9,1230,205
9,1231,83
9,1232,128
9,1233,160
9,1234,154
9,1235,19
9,1236,58
9,1237,58
9,1238,45
9,1239,32
9,1240,294
9,1241,51
9,1242,167
9,1243,51
9,1244,64
9,1245,45
9,1246,121
9,1247,115
9,1248,122
9,1249,70
9,1250,83
9,1251,121
9,1252,192
9,1253,51
9,1254,32
9,1255,64
9,1256,26
9,1257,39
9,1258,128
9,1259,64
9,1260,83
9,1261,38
9,1262,39
9,1263,26
9,1264,109
9,1265,58
9,1266,102
9,1267,58
9,1268,103
9,1269,89
9,1270,186
9,1271,57
9,1272,103
9,1273,51
9,1274,103
9,1275,141
9,1276,71
9,1277,102
9,1278,173
9,1279,96
9,1280,121
9,1281,26
9,1282,-45
9,1283,70
9,1284,71
9,1285,269
9,1286,173
9,1287,83
9,1288,153
9,1289,800
9,1290,128
9,1291,774
9,1292,134
9,1293,102
9,1294,96
9,1295,57
9,1296,172
9,1297,44
9,1298,32
9,1299,109
9,1300,84
9,1301,307
9,1302,147
9,1303,166
9,1304,96
9,1305,102
9,1306,160
9,1307,77
9,1308,410
9,1309,115
9,1310,102
9,1311,166
9,1312,294
9,1313,-6
9,1314,39
9,1315,-32
9,1316,45
9,1317,76
9,1318,160
9,1319,58
9,1320,122
9,1321,57
9,1322,90
9,1323,109
9,1324,89
9,1325,45
9,1326,109
9,1327,89
9,1328,76
9,1329,-7
9,1330,352
9,1331,26
9,1332,77
9,1333,26
9,1334,19
9,1335,83
9,1336,51
9,1337,64
9,1338,71
9,1339,71
9,1340,71
9,1341,58
9,1342,102
9,1343,115
9,1344,365
9,1345,-13
9,1346,218
9,1347,83
9,1348,179
9,1349,57
9,1350,122
9,1351,103
9,1352,84
9,1353,96
9,1354,186
9,1355,64
9,1356,90
9,1357,52
9,1358,70
9,1359,102
9,1360,58
9,1361,71
9,1362,141
9,1363,13
9,1364,58
9,1365,160
9,1366,141
9,1367,108
9,1368,128
9,1369,77
9,1370,71
9,1371,77
9,1372,58
9,1373,51
9,1374,25
9,1375,71
9,1376,115
9,1377,102
9,1378,115
9,1379,134
9,1380,115
9,1381,64
9,1382,103
9,1383,160
9,1384,198
9,1385,51
9,1386,102
9,1387,32
9,1388,32
9,1389,-25
9,1390,109
9,1391,134
9,1392,70
9,1393,109
9,1394,122
9,1395,109
9,1396,122
9,1397,32
9,1398,218
9,1399,96
9,1400,84
9,1401,45
9,1402,192
9,1403,359
9,1404,51
9,1405,58
9,1406,51
9,1407,102
9,1408,77
9,1409,57
9,1410,19
9,1411,58
9,1412,58
9,1413,32
9,1414,51
9,1415,109
9,1416,153
9,1417,71
9,1418,262
9,1419,84
9,1420,153
9,1421,103
9,1422,147
9,1423,77
9,1424,128
9,1425,39
9,1426,115
9,1427,38
9,1428,122
9,1429,52
9,1430,52
9,1431,57
9,1432,109
9,1433,64
9,1434,256
9,1435,160
9,1436,154
9,1437,64
9,1438,121
9,1439,121
9,1440,103
9,1441,32
9,1442,103
9,1443,128
9,1444,134
9,1445,45
9,1446,173
9,1447,108
9,1448,109
9,1449,58
9,1450,173
9,1451,71
9,1452,122
9,1453,26
9,1454,116
9,1455,58
9,1456,102
9,1457,39
9,1458,51
9,1459,19
9,1460,44
9,1461,96
9,1462,128
9,1463,52
9,1464,122
9,1465,64
9,1466,179
9,1467,90
9,1468,128
9,1469,204
9,1470,96
9,1471,64
9,1472,-57
9,1473,-20
9,1474,166
9,1475,108
9,1476,173
9,1477,51
9,1478,160
9,1479,102
9,1480,282
9,1481,-6
9,1482,153
9,1483,64
9,1484,77
9,1485,-13
9,1486,77
9,1487,32
9,1488,38
9,1489,108
9,1490,154
9,1491,77
9,1492,77
9,1493,-38
9,1494,199
9,1495,20
9,1496,89
9,1497,32
9,1498,167
9,1499,58
9,1500,96
9,1501,25
9,1502,742
9,1503,70
9,1504,166
9,1505,122
9,1506,77
9,1507,173
9,1508,116
9,1509,64
9,1510,64
9,1511,109
9,1512,96
9,1513,84
9,1514,115
9,1515,141
9,1516,45
9,1517,64
9,1518,371
9,1519,51
9,1520,109
9,1521,148
9,1522,160
9,1523,77
9,1524,70
9,1525,45
9,1526,52
9,1527,116
9,1528,76
9,1529,90
9,1530,83
9,1531,-25
9,1532,121
9,1533,32
9,1534,-51
9,1535,64
9,1536,77
9,1537,83
9,1538,71
9,1539,26
9,1540,32
9,1541,58
9,1542,64
9,1543,109
9,1544,160
9,1545,96
9,1546,780
9,1547,102
9,1548,166
9,1549,102
9,1550,128
9,1551,83
9,1552,103
9,1553,32
9,1554,103
9,1555,116
9,1556,160
9,1557,39
9,1558,121
9,1559,89
9,1560,320
9,1561,45
9,1562,64
9,1563,51
9,1564,205
9,1565,52
9,1566,160
9,1567,116
9,1568,64
9,1569,109
9,1570,116
9,1571,224
9,1572,-51
9,1573,173
9,1574,160
9,1575,115
9,1576,115
9,1577,90
9,1578,198
9,1579,70
9,1580,121
9,1581,77
9,1582,167
9,1583,172
9,1584,179
9,1585,77
9,1586,102
9,1587,71
9,1588,51
9,1589,64
9,1590,237
9,1591,71
9,1592,96
9,1593,204
9,1594,121
9,1595,70
9,1596,96
9,1597,-38
9,1598,122
9,1599,128
9,1600,147
9,1601,51
9,1602,90
9,1603,26
9,1604,57
9,1605,83
9,1606,122
9,1607,64
9,1608,102
9,1609,-32
9,1610,83
9,1611,25
9,1612,103
9,1613,96
9,1614,-26
9,1615,128
9,1616,77
9,1617,83
9,1618,121
9,1619,108
9,1620,71
9,1621,58
9,1622,262
9,1623,371
9,1624,173
9,1625,19
9,1626,115
9,1627,102
9,1628,26
9,1629,38
9,1630,192
9,1631,160
9,1632,57
9,1633,70
9,1634,51
9,1635,44
9,1636,96
9,1637,83
9,1638,167
9,1639,89
9,1640,96
9,1641,51
9,1642,64
9,1643,20
9,1644,64
9,1645,19
9,1646,173
9,1647,115
9,1648,83
9,1649,103
9,1650,90
9,1651,128
9,1652,128
9,1653,39
9,1654,122
9,1655,141
9,1656,147
9,1657,19
9,1658,76
9,1659,58
9,1660,45
9,1661,44
9,1662,128
9,1663,147
9,1664,135
9,1665,51
9,1666,-19
9,1667,58
9,1668,58
9,1669,52
9,1670,-32
9,1671,64
9,1672,115
9,1673,57
9,1674,160
9,1675,141
9,1676,154
9,1677,51
9,1678,38
9,1679,115
9,1680,108
9,1681,51
9,1682,64
9,1683,64
9,1684,32
9,1685,25
9,1686,172
9,1687,64
9,1688,199
9,1689,64
9,1690,160
9,1691,76
9,1692,167
9,1693,83
9,1694,166
9,1695,70
9,1696,115
9,1697,58
9,1698,96
9,1699,26
9,1700,64
9,1701,25
9,1702,-64
9,1703,153
9,1704,-32
9,1705,121
9,1706,109
9,1707,116
9,1708,135
9,1709,58
9,1710,166
9,1711,70
9,1712,160
9,1713,51
9,1714,64
9,1715,224
9,1716,51
9,1717,38
9,1718,108
9,1719,64
9,1720,51
9,1721,71
9,1722,256
9,1723,166
9,1724,358
9,1725,52
9,1726,109
9,1727,90
9,1728,230
9,1729,51
9,1730,102
9,1731,64
9,1732,52
9,1733,57
9,1734,20
9,1735,115
9,1736,172
9,1737,26
9,1738,160
9,1739,70
9,1740,108
9,1741,45
9,1742,185
9,1743,109
9,1744,64
9,1745,64
9,1746,109
9,1747,32
9,1748,58
9,1749,77
9,1750,307
9,1751,89
9,1752,51
9,1753,51
9,1754,103
9,1755,256
9,1756,64
9,1757,45
9,1758,154
9,1759,109
9,1760,166
9,1761,122
9,1762,135
9,1763,320
9,1764,128
9,1765,141
9,1766,371
9,1767,58
9,1768,103
9,1769,51
9,1770,128
9,1771,115
9,1772,64
9,1773,32
9,1774,160
9,1775,109
9,1776,115
9,1777,25
9,1778,205
9,1779,141
9,1780,128
9,1781,90
9,1782,205
9,1783,141
9,1784,51
9,1785,160
9,1786,70
9,1787,179
9,1788,154
9,1789,90
9,1790,153
9,1791,160
9,1792,140
9,1793,64
9,1794,-19
9,1795,70
9,1796,153
9,1797,346
9,1798,64
9,1799,160
9,1800,96
9,1801,787
9,1802,83
9,1803,781
9,1804,115
9,1805,45
9,1806,115
9,1807,77
9,1808,77
9,1809,-26
9,1810,135
9,1811,58
9,1812,32
9,1813,249
9,1814,58
9,1815,89
9,1816,52
9,1817,51
9,1818,147
9,1819,96
9,1820,115
9,1821,211
9,1822,192
9,1823,256
9,1824,57
9,1825,44
9,1826,83
9,1827,32
9,1828,83
9,1829,102
9,1830,179
9,1831,64
9,1832,122
9,1833,71
9,1834,116
9,1835,262
9,1836,128
9,1837,70
9,1838,205
9,1839,83
9,1840,128
9,1841,205
9,1842,26
9,1843,32
9,1844,64
9,1845,39
9,1846,173
9,1847,58
9,1848,58
9,1849,71
9,1850,45
9,1851,359
9,1852,115
9,1853,96
9,1854,198
9,1855,90
9,1856,71
9,1857,-19
9,1858,236
9,1859,122
9,1860,128
9,1861,58
9,1862,64
9,1863,122
9,1864,83
9,1865,1415
9,1866,32
9,1867,51
9,1868,217
9,1869,51
9,1870,70
9,1871,32
9,1872,70
9,1873,147
9,1874,172
9,1875,116
9,1876,250
9,1877,71
9,1878,64
9,1879,64
9,1880,103
9,1881,32
9,1882,186
9,1883,71
9,1884,44
9,1885,32
9,1886,64
9,1887,19
9,1888,172
9,1889,231
9,1890,122
9,1891,160
9,1892,205
9,1893,108
9,1894,83
9,1895,121
9,1896,83
9,1897,25
9,1898,166
9,1899,154
9,1900,83
9,1901,77
9,1902,102
9,1903,103
9,1904,179
9,1905,90
9,1906,109
9,1907,115
9,1908,186
9,1909,64
9,1910,224
9,1911,122
9,1912,326
9,1913,51
9,1914,89
9,1915,96
9,1916,115
9,1917,58
9,1918,83
9,1919,109
9,1920,83
9,1921,45
9,1922,52
9,1923,64
9,1924,57
9,1925,45
9,1926,84
9,1927,71
9,1928,70
9,1929,64
9,1930,346
9,1931,89
9,1932,71
9,1933,58
9,1934,51
9,1935,115
9,1936,83
9,1937,45
9,1938,58
9,1939,70
9,1940,51
9,1941,38
9,1942,166
9,1943,77
9,1944,365
9,1945,90
9,1946,70
9,1947,108
9,1948,122
9,1949,51
9,1950,166
9,1951,-52
9,1952,115
9,1953,-6
9,1954,51
9,1955,-249
9,1956,364
9,1957,96
9,1958,89
9,1959,102
9,1960,58
9,1961,64
9,1962,141
9,1963,102
9,1964,102
9,1965,-6
9,1966,179
9,1967,96
9,1968,121
9,1969,-13
9,1970,44
9,1971,102
9,1972,96
9,1973,64
9,1974,70
9,1975,83
9,1976,44
9,1977,77
9,1978,160
9,1979,83
9,1980,115
9,1981,314
9,1982,115
9,1983,-45
9,1984,180
9,1985,102
9,1986,192
9,1987,122
9,1988,96
9,1989,58
9,1990,64
9,1991,327
9,1992,102
9,1993,224
9,1994,76
9,1995,25
9,1996,103
9,1997,26
9,1998,26
9,1999,108
9,2000,173
9,2001,64
9,2002,205
9,2003,71
9,2004,32
9,2005,45
9,2006,173
9,2007,115
9,2008,58
9,2009,58
9,2010,-32
9,2011,77
9,2012,39
9,2013,64
9,2014,70
9,2015,-32
9,2016,77
9,2017,122
9,2018,186
9,2019,89
9,2020,115
9,2021,58
9,2022,122
9,2023,109
9,2024,84
9,2025,51
9,2026,102
9,2027,77
9,2028,115
9,2029,51
9,2030,173
9,2031,52
9,2032,70
9,2033,96
9,2034,153
9,2035,327
9,2036,352
9,2037,96
9,2038,211
9,2039,212
9,2040,32
9,2041,58
9,2042,70
9,2043,20
9,2044,121
9,2045,19
9,2046,160
9,2047,26
9,2048,122
9,2049,51
9,2050,103
9,2051,57
9,2052,70
9,2053,45
9,2054,211
9,2055,64
9,2056,64
9,2057,89
9,2058,819
9,2059,109
9,2060,128
9,2061,57
9,2062,102
9,2063,77
9,2064,83
9,2065,57
9,2066,70
9,2067,26
9,2068,128
9,2069,19
9,2070,134
9,2071,58
9,2072,90
9,2073,51
9,2074,122
9,2075,96
9,2076,96
9,2077,77
9,2078,160
9,2079,96
9,2080,64
9,2081,83
9,2082,109
9,2083,-39
9,2084,108
9,2085,51
9,2086,249
9,2087,38
9,2088,32
9,2089,52
9,2090,166
9,2091,109
9,2092,70
9,2093,58
9,2094,141
9,2095,115
9,2096,57
9,2097,32
9,2098,26
9,2099,26
9,2100,77
9,2101,103
9,2102,212
9,2103,51
9,2104,58
9,2105,122
9,2106,179
9,2107,84
9,2108,115
9,2109,32
9,2110,128
9,2111,70
9,2112,154
9,2113,64
9,2114,199
9,2115,-256
9,2116,-45
9,2117,51
9,2118,231
9,2119,77
9,2120,134
9,2121,32
9,2122,102
9,2123,19
9,2124,45
9,2125,90
9,2126,198
9,2127,25
9,2128,108
9,2129,64
9,2130,186
9,2131,109
9,2132,89
9,2133,71
9,2134,173
9,2135,109
9,2136,64
9,2137,32
9,2138,115
9,2139,32
9,2140,64
9,2141,154
9,2142,167
9,2143,64
9,2144,57
9,2145,64
9,2146,147
9,2147,102
9,2148,116
9,2149,32
9,2150,307
9,2151,122
9,2152,77
9,2153,58
9,2154,185
9,2155,77
9,2156,45
9,2157,44
9,2158,153
9,2159,115
9,2160,102
9,2161,244
9,2162,109
9,2163,77
9,2164,166
9,2165,71
9,2166,116
9,2167,19
9,2168,109
9,2169,19
9,2170,19
9,2171,25
9,2172,64
9,2173,26
9,2174,128
9,2175,51
9,2176,192
9,2177,70
9,2178,96
9,2179,70
9,2180,70
9,2181,109
9,2182,128
9,2183,70
9,2184,70
9,2185,109
9,2186,160
9,2187,371
9,2188,64
9,2189,90
9,2190,154
9,2191,166
9,2192,64
9,2193,52
9,2194,102
9,2195,26
9,2196,115
9,2197,154
9,2198,103
9,2199,52
9,2200,122
9,2201,115
9,2202,128
9,2203,-70
9,2204,397
9,2205,109
9,2206,185
9,2207,90
9,2208,153
9,2209,90
9,2210,160
9,2211,90
9,2212,109
9,2213,83
9,2214,173
9,2215,39
9,2216,70
9,2217,109
9,2218,237
9,2219,141
9,2220,173
9,2221,147
9,2222,160
9,2223,96
9,2224,365
9,2225,45
9,2226,167
9,2227,64
9,2228,52
9,2229,39
9,2230,109
9,2231,116
9,2232,51
9,2233,45
9,2234,103
9,2235,122
9,2236,109
9,2237,32
9,2238,83
9,2239,45
9,2240,128
9,2241,-26
9,2242,64
9,2243,77
9,2244,116
9,2245,230
9,2246,185
9,2247,83
9,2248,64
9,2249,45
9,2250,77
9,2251,39
9,2252,77
9,2253,58
9,2254,84
9,2255,84
9,2256,102
9,2257,58
9,2258,140
9,2259,70
9,2260,64
9,2261,51
9,2262,160
9,2263,269
9,2264,77
9,2265,26
9,2266,64
9,2267,96
9,2268,52
9,2269,26
9,2270,147
9,2271,103
9,2272,256
9,2273,103
9,2274,103
9,2275,58
9,2276,77
9,2277,179
9,2278,115
9,2279,58
9,2280,141
9,2281,38
9,2282,179
9,2283,116
9,2284,102
9,2285,52
9,2286,25
9,2287,96
9,2288,122
9,2289,57
9,2290,103
9,2291,71
9,2292,70
9,2293,51
9,2294,141
9,2295,102
9,2296,103
9,2297,198
9,2298,166
9,2299,115
9,2300,109
9,2301,26
9,2302,83
9,2303,115
9,2304,109
9,2305,52
9,2306,115
9,2307,70
9,2308,57
9,2309,52
9,2310,154
9,2311,115
9,2312,109
9,2313,794
9,2314,268
9,2315,781
9,2316,141
9,2317,96
9,2318,167
9,2319,282
9,2320,32
9,2321,25
9,2322,115
9,2323,64
9,2324,103
9,2325,58
9,2326,121
9,2327,103
9,2328,76
9,2329,57
9,2330,135
9,2331,70
9,2332,58
9,2333,83
9,2334,211
9,2335,32
9,2336,83
9,2337,57
9,2338,26
9,2339,58
9,2340,230
9,2341,45
9,2342,102
9,2343,19
9,2344,96
9,2345,102
9,2346,179
9,2347,13
9,2348,70
9,2349,96
9,2350,115
9,2351,57
9,2352,71
9,2353,32
9,2354,51
9,2355,77
9,2356,-38
9,2357,96
9,2358,51
9,2359,108
9,2360,173
9,2361,64
9,2362,147
9,2363,115
9,2364,70
9,2365,38
9,2366,108
9,2367,26
9,2368,134
9,2369,128
9,2370,83
9,2371,64
9,2372,64
9,2373,-19
9,2374,192
9,2375,103
9,2376,64
9,2377,51
9,2378,26
9,2379,52
9,2380,57
9,2381,173
9,2382,83
9,2383,58
9,2384,83
9,2385,71
9,2386,153
9,2387,115
9,2388,71
9,2389,96
9,2390,58
9,2391,71
9,2392,166
9,2393,32
9,2394,128
9,2395,71
9,2396,115
9,2397,102
9,2398,378
9,2399,-128
9,2400,71
9,2401,134
9,2402,77
9,2403,109
9,2404,128
9,2405,70
9,2406,192
9,2407,57
9,2408,166
9,2409,224
9,2410,115
9,2411,64
9,2412,167
9,2413,58
9,2414,160
9,2415,135
9,2416,83
9,2417,77
9,2418,108
9,2419,147
9,2420,224
9,2421,153
9,2422,224
9,2423,102
9,2424,83
9,2425,26
9,2426,416
9,2427,45
9,2428,45
9,2429,32
9,2430,89
9,2431,26
9,2432,102
9,2433,38
9,2434,32
9,2435,25
9,2436,90
9,2437,64
9,2438,71
9,2439,77
9,2440,147
9,2441,166
9,2442,346
9,2443,160
9,2444,167
9,2445,51
9,2446,179
9,2447,-26
9,2448,135
9,2449,38
9,2450,160
9,2451,173
9,2452,-45
9,2453,38
9,2454,166
9,2455,186
9,2456,109
9,2457,96
9,2458,135
9,2459,166
9,2460,205
9,2461,160
9,2462,166
9,2463,160
9,2464,147
9,2465,58
9,2466,115
9,2467,109
9,2468,83
9,2469,51
9,2470,173
9,2471,340
9,2472,121
9,2473,103
9,2474,173
9,2475,102
9,2476,108
9,2477,377
9,2478,160
9,2479,89
9,2480,96
9,2481,26
9,2482,109
9,2483,70
9,2484,-25
9,2485,71
9,2486,230
9,2487,51
9,2488,70
9,2489,77
9,2490,167
9,2491,116
9,2492,64
9,2493,58
9,2494,134
9,2495,71
9,2496,58
9,2497,102
9,2498,115
9,2499,154
9,2500,141
9,2501,32
9,2502,51
9,2503,243
9,2504,-38
9,2505,38
9,2506,-26
9,2507,154
9,2508,160
9,2509,45
9,2510,77
9,2511,45
9,2512,52
9,2513,51
9,2514,115
9,2515,333
9,2516,154
9,2517,51
9,2518,108
9,2519,64
9,2520,32
9,2521,32
9,2522,128
9,2523,58
9,2524,32
9,2525,58
9,2526,116
9,2527,102
9,2528,26
9,2529,70
9,2530,115
9,2531,77
9,2532,109
9,2533,57
9,2534,180
9,2535,109
9,2536,108
9,2537,-25
9,2538,205
9,2539,64
9,2540,109
9,2541,45
9,2542,64
9,2543,84
9,2544,102
9,2545,166
9,2546,115
9,2547,64
9,2548,83
9,2549,109
9,2550,58
9,2551,57
9,2552,64
9,2553,51
9,2554,109
9,2555,71
9,2556,109
9,2557,51
9,2558,77
9,2559,45
9,2560,71
9,2561,96
9,2562,44
9,2563,64
9,2564,64
9,2565,52
9,2566,268
9,2567,19
9,2568,32
9,2569,70
9,2570,793
9,2571,217
9,2572,205
9,2573,-32
9,2574,154
9,2575,64
9,2576,76
9,2577,25
9,2578,90
9,2579,-45
9,2580,77
9,2581,167
9,2582,26
9,2583,25
9,2584,32
9,2585,64
9,2586,83
9,2587,83
9,2588,378
9,2589,76
9,2590,64
9,2591,167
9,2592,205
9,2593,77
9,2594,115
9,2595,-64
9,2596,96
9,2597,58
9,2598,102
9,2599,64
9,2600,141
9,2601,64
9,2602,166
9,2603,122
9,2604,359
9,2605,115
9,2606,102
9,2607,108
9,2608,102
9,2609,83
9,2610,166
9,2611,25
9,2612,89
9,2613,25
9,2614,307
9,2615,52
9,2616,32
9,2617,96
9,2618,211
9,2619,173
9,2620,64
9,2621,109
9,2622,121
9,2623,121
9,2624,109
9,2625,51
9,2626,115
9,2627,26
9,2628,244
9,2629,122
9,2630,179
9,2631,83
9,2632,198
9,2633,26
9,2634,224
9,2635,102
9,2636,57
9,2637,109
9,2638,103
9,2639,109
9,2640,38
9,2641,96
9,2642,397
9,2643,141
9,2644,90
9,2645,192
9,2646,205
9,2647,166
9,2648,96
9,2649,19
9,2650,172
9,2651,84
9,2652,77
9,2653,250
9,2654,115
9,2655,173
9,2656,102
9,2657,122
9,2658,121
9,2659,122
9,2660,205
9,2661,173
9,2662,153
9,2663,109
9,2664,83
9,2665,38
9,2666,-13
9,2667,25
9,2668,13
9,2669,26
9,2670,128
9,2671,153
9,2672,320
9,2673,384
9,2674,122
9,2675,135
9,2676,83
9,2677,102
9,2678,71
9,2679,115
9,2680,122
9,2681,52
9,2682,115
9,2683,26
9,2684,116
9,2685,83
9,2686,77
9,2687,115
9,2688,371
9,2689,-19
9,2690,64
9,2691,77
9,2692,39
9,2693,58
9,2694,121
9,2695,173
9,2696,90
9,2697,102
9,2698,198
9,2699,231
9,2700,134
9,2701,166
9,2702,204
9,2703,-20
9,2704,77
9,2705,38
9,2706,160
9,2707,89
9,2708,64
9,2709,-32
9,2710,134
9,2711,83
9,2712,148
9,2713,115
9,2714,167
9,2715,-39
9,2716,166
9,2717,134
9,2718,198
9,2719,45
9,2720,154
9,2721,45
9,2722,102
9,2723,26
9,2724,102
9,2725,25
9,2726,147
9,2727,64
9,2728,122
9,2729,96
9,2730,256
9,2731,115
9,2732,121
9,2733,70
9,2734,180
9,2735,122
9,2736,45
9,2737,32
9,2738,115
9,2739,103
9,2740,135
9,2741,192
9,2742,179
9,2743,122
9,2744,32
9,2745,51
9,2746,102
9,2747,109
9,2748,109
9,2749,32
9,2750,109
9,2751,77
9,2752,147
9,2753,64
9,2754,186
9,2755,26
9,2756,32
9,2757,32
9,2758,70
9,2759,32
9,2760,64
9,2761,90
9,2762,115
9,2763,26
9,2764,109
9,2765,64
9,2766,-199
9,2767,32
9,2768,122
9,2769,365
9,2770,77
9,2771,64
9,2772,96
9,2773,90
9,2774,109
9,2775,122
9,2776,122
9,2777,51
9,2778,-128
9,2779,70
9,2780,77
9,2781,44
9,2782,102
9,2783,109
9,2784,84
9,2785,102
9,2786,109
9,2787,77
9,2788,116
9,2789,141
9,2790,179
9,2791,57
9,2792,-26
9,2793,44
9,2794,128
9,2795,275
9,2796,58
9,2797,89
9,2798,109
9,2799,102
9,2800,326
9,2801,51
9,2802,96
9,2803,89
9,2804,102
9,2805,32
9,2806,77
9,2807,121
9,2808,77
9,2809,51
9,2810,19
9,2811,115
9,2812,384
9,2813,45
9,2814,-26
9,2815,128
9,2816,51
9,2817,51
9,2818,102
9,2819,52
9,2820,32
9,2821,19
9,2822,58
9,2823,140
9,2824,96
9,2825,838
9,2826,128
9,2827,774
9,2828,51
9,2829,57
9,2830,109
9,2831,109
9,2832,90
9,2833,51
9,2834,-25
9,2835,25
9,2836,128
9,2837,32
9,2838,199
9,2839,224
9,2840,51
9,2841,64
9,2842,198
9,2843,26
9,2844,102
9,2845,103
9,2846,57
9,2847,109
9,2848,172
9,2849,64
9,2850,115
9,2851,64
9,2852,58
9,2853,51
9,2854,205
9,2855,64
9,2856,115
9,2857,109
9,2858,147
9,2859,103
9,2860,115
9,2861,102
9,2862,199
9,2863,128
9,2864,102
9,2865,32
9,2866,19
9,2867,-20
9,2868,160
9,2869,32
9,2870,173
9,2871,83
9,2872,58
9,2873,38
9,2874,115
9,2875,-38
9,2876,135
9,2877,166
9,2878,180
9,2879,121
9,2880,180
9,2881,77
9,2882,211
9,2883,377
9,2884,160
9,2885,128
9,2886,173
9,2887,71
9,2888,102
9,2889,103
9,2890,83
9,2891,128
9,2892,57
9,2893,365
9,2894,51
9,2895,96
9,2896,32
9,2897,70
9,2898,121
9,2899,-198
9,2900,83
9,2901,51
9,2902,109
9,2903,51
9,2904,154
9,2905,166
9,2906,77
9,2907,32
9,2908,77
9,2909,51
9,2910,58
9,2911,141
9,2912,96
9,2913,58
9,2914,96
9,2915,173
9,2916,154
9,2917,64
9,2918,179
9,2919,70
9,2920,199
9,2921,32
9,2922,20
9,2923,96
9,2924,77
9,2925,64
9,2926,160
9,2927,77
9,2928,90
9,2929,90
9,2930,160
9,2931,64
9,2932,51
9,2933,57
9,2934,160
9,2935,57
9,2936,115
9,2937,249
9,2938,205
9,2939,70
9,2940,51
9,2941,44
9,2942,153
9,2943,77
9,2944,96
9,2945,45
9,2946,166
9,2947,371
9,2948,64
9,2949,26
9,2950,70
9,2951,58
9,2952,83
9,2953,135
9,2954,122
9,2955,32
9,2956,166
9,2957,52
9,2958,166
9,2959,96
9,2960,121
9,2961,160
9,2962,179
9,2963,115
9,2964,371
9,2965,51
9,2966,57
9,2967,141
9,2968,-13
9,2969,96
9,2970,109
9,2971,179
9,2972,96
9,2973,51
9,2974,51
9,2975,83
9,2976,70
9,2977,83
9,2978,128
9,2979,32
9,2980,147
9,2981,26
9,2982,70
9,2983,115
9,2984,77
9,2985,64
9,2986,83
9,2987,122
9,2988,96
9,2989,45
9,2990,103
9,2991,147
9,2992,166
9,2993,109
9,2994,160
9,2995,58
9,2996,26
9,2997,58
9,2998,320
9,2999,160
9,3000,71
9,3001,140
9,3002,115
9,3003,153
9,3004,70
9,3005,134
9,3006,160
9,3007,64
9,3008,237
9,3009,58
9,3010,173
9,3011,83
9,3012,115
9,3013,51
9,3014,397
9,3015,-64
9,3016,83
9,3017,76
9,3018,160
9,3019,115
9,3020,116
9,3021,-51
9,3022,236
9,3023,70
9,3024,103
9,3025,166
9,3026,224
9,3027,147
9,3028,230
9,3029,71
9,3030,102
9,3031,58
9,3032,115
9,3033,-52
9,3034,192
9,3035,70
9,3036,77
9,3037,32
9,3038,141
9,3039,58
9,3040,58
9,3041,109
9,3042,64
9,3043,83
9,3044,121
9,3045,83
9,3046,128
9,3047,-64
9,3048,154
9,3049,52
9,3050,108
9,3051,52
9,3052,115
9,3053,32
9,3054,147
9,3055,77
9,3056,109
9,3057,70
9,3058,70
9,3059,115
9,3060,77
9,3061,57
9,3062,-45
9,3063,128
9,3064,51
9,3065,51
9,3066,57
9,3067,198
9,3068,192
9,3069,19
9,3070,166
9,3071,58
9,3072,153
9,3073,64
9,3074,-32
9,3075,57
9,3076,89
9,3077,26
9,3078,64
9,3079,-45
9,3080,71
9,3081,51
9,3082,793
9,3083,128
9,3084,121
9,3085,64
9,3086,96
9,3087,115
9,3088,83
9,3089,58
9,3090,96
9,3091,-45
9,3092,64
9,3093,26
9,3094,32
9,3095,154
9,3096,70
9,3097,25
9,3098,96
9,3099,115
9,3100,96
9,3101,71
9,3102,115
9,3103,70
9,3104,45
9,3105,109
9,3106,45
9,3107,77
9,3108,83
9,3109,19
9,3110,96
9,3111,57
9,3112,77
9,3113,-25
9,3114,121
9,3115,51
9,3116,57
9,3117,51
9,3118,64
9,3119,64
9,3120,205
9,3121,26
9,3122,71
9,3123,115
9,3124,89
9,3125,45
9,3126,-45
9,3127,147
9,3128,64
9,3129,70
9,3130,179
9,3131,38
9,3132,185
9,3133,58
9,3134,166
9,3135,102
9,3136,122
9,3137,77
9,3138,122
9,3139,71
9,3140,90
9,3141,45
9,3142,109
9,3143,141
9,3144,77
9,3145,25
9,3146,71
9,3147,-25
9,3148,51
9,3149,38
9,3150,52
9,3151,52
9,3152,102
9,3153,57
9,3154,-44
9,3155,76
9,3156,32
9,3157,51
9,3158,147
9,3159,45
9,3160,103
9,3161,58
9,3162,58
9,3163,51
9,3164,58
9,3165,45
9,3166,83
9,3167,103
9,3168,70
9,3169,77
9,3170,115
9,3171,116
9,3172,122
9,3173,96
9,3174,166
9,3175,128
9,3176,76
9,3177,-26
9,3178,77
9,3179,32
9,3180,58
9,3181,51
9,3182,160
9,3183,115
9,3184,70
9,3185,51
9,3186,64
9,3187,122
9,3188,71
9,3189,51
9,3190,115
9,3191,90
9,3192,64
9,3193,39
9,3194,32
9,3195,83
9,3196,25
9,3197,19
9,3198,160
9,3199,96
9,3200,-39
9,3201,340
9,3202,77
9,3203,52
9,3204,44
9,3205,45
9,3206,32
9,3207,147
9,3208,122
9,3209,121
9,3210,128
9,3211,-64
9,3212,128
9,3213,115
9,3214,115
9,3215,121
9,3216,102
9,3217,32
9,3218,128
9,3219,109
9,3220,83
9,3221,160
9,3222,64
9,3223,77
9,3224,192
9,3225,83
9,3226,25
9,3227,141
9,3228,128
9,3229,71
9,3230,-19
9,3231,147
9,3232,115
9,3233,90
9,3234,26
9,3235,147
9,3236,64
9,3237,51
9,3238,25
9,3239,64
9,3240,-13
9,3241,128
9,3242,263
9,3243,128
9,3244,128
9,3245,77
9,3246,147
9,3247,57
9,3248,77
9,3249,51
9,3250,103
9,3251,96
9,3252,70
9,3253,45
9,3254,166
9,3255,51
9,3256,51
9,3257,83
9,3258,115
9,3259,128
9,3260,115
9,3261,58
9,3262,109
9,3263,-32
9,3264,83
9,3265,19
9,3266,58
9,3267,103
9,3268,116
9,3269,134
9,3270,205
9,3271,64
9,3272,77
9,3273,-26
9,3274,-25
9,3275,121
9,3276,167
9,3277,32
9,3278,205
9,3279,256
9,3280,179
9,3281,58
9,3282,77
9,3283,115
9,3284,71
9,3285,77
9,3286,160
9,3287,64
9,3288,58
9,3289,71
9,3290,109
9,3291,109
9,3292,128
9,3293,77
9,3294,217
9,3295,70
9,3296,71
9,3297,51
9,3298,58
9,3299,44
9,3300,96
9,3301,269
9,3302,64
9,3303,77
9,3304,160
9,3305,115
9,3306,186
9,3307,109
9,3308,192
9,3309,-39
9,3310,160
9,3311,108
9,3312,198
9,3313,89
9,3314,32
9,3315,103
9,3316,51
9,3317,109
9,3318,160
9,3319,96
9,3320,58
9,3321,39
9,3322,115
9,3323,76
9,3324,198
9,3325,45
9,3326,64
9,3327,76
9,3328,64
9,3329,26
9,3330,83
9,3331,70
9,3332,128
9,3333,25
9,3334,185
9,3335,134
9,3336,153
9,3337,813
9,3338,300
9,3339,768
9,3340,135
9,3341,147
9,3342,205
9,3343,96
9,3344,109
9,3345,32
9,3346,134
9,3347,32
9,3348,71
9,3349,52
9,3350,179
9,3351,32
9,3352,51
9,3353,58
9,3354,154
9,3355,122
9,3356,121
9,3357,185
9,3358,96
9,3359,115
9,3360,83
9,3361,70
9,3362,26
9,3363,13
9,3364,128
9,3365,58
9,3366,25
9,3367,64
9,3368,-25
9,3369,76
9,3370,77
9,3371,64
9,3372,25
9,3373,70
9,3374,122
9,3375,58
9,3376,167
9,3377,26
9,3378,102
9,3379,64
9,3380,333
9,3381,32
9,3382,218
9,3383,32
9,3384,57
9,3385,71
9,3386,140
9,3387,166
9,3388,64
9,3389,224
9,3390,198
9,3391,199
9,3392,77
9,3393,154
9,3394,172
9,3395,128
9,3396,32
9,3397,96
9,3398,185
9,3399,77
9,3400,83
9,3401,250
9,3402,160
9,3403,64
9,3404,153
9,3405,52
9,3406,103
9,3407,57
9,3408,96
9,3409,45
9,3410,205
9,3411,58
9,3412,90
9,3413,64
9,3414,121
9,3415,371
9,3416,58
9,3417,45
9,3418,148
9,3419,32
9,3420,83
9,3421,44
9,3422,90
9,3423,64
9,3424,64
9,3425,102
9,3426,76
9,3427,211
9,3428,192
9,3429,64
9,3430,96
9,3431,154
9,3432,109
9,3433,64
9,3434,64
9,3435,38
9,3436,-13
9,3437,51
9,3438,109
9,3439,108
9,3440,83
9,3441,52
9,3442,96
9,3443,-64
9,3444,77
9,3445,51
9,3446,198
9,3447,83
9,3448,160
9,3449,26
9,3450,115
9,3451,70
9,3452,103
9,3453,38
9,3454,160
9,3455,116
9,3456,115
9,3457,52
9,3458,135
9,3459,26
9,3460,90
9,3461,115
9,3462,160
9,3463,64
9,3464,103
9,3465,192
9,3466,186
9,3467,160
9,3468,192
9,3469,70
9,3470,192
9,3471,122
9,3472,148
9,3473,109
9,3474,121
9,3475,64
9,3476,38
9,3477,45
9,3478,365
9,3479,147
9,3480,109
9,3481,173
9,3482,224
9,3483,205
9,3484,103
9,3485,115
9,3486,186
9,3487,115
9,3488,83
9,3489,64
9,3490,224
9,3491,32
9,3492,-26
9,3493,77
9,3494,230
9,3495,109
9,3496,103
9,3497,32
9,3498,121
9,3499,115
9,3500,77
9,3501,57
9,3502,103
9,3503,198
9,3504,122
9,3505,38
9,3506,166
9,3507,77
9,3508,44
9,3509,44
9,3510,263
9,3511,64
9,3512,45
9,3513,96
9,3514,128
9,3515,51
9,3516,77
9,3517,51
9,3518,77
9,3519,96
9,3520,96
9,3521,89
9,3522,320
9,3523,166
9,3524,115
9,3525,51
9,3526,102
9,3527,115
9,3528,71
9,3529,57
9,3530,122
9,3531,160
9,3532,83
9,3533,25
9,3534,77
9,3535,70
9,3536,58
9,3537,64
9,3538,108
9,3539,109
9,3540,96
9,3541,64
9,3542,70
9,3543,103
9,3544,109
9,3545,45
9,3546,141
9,3547,64
9,3548,134
9,3549,57
9,3550,64
9,3551,326
9,3552,-38
9,3553,109
9,3554,141
9,3555,89
9,3556,108
9,3557,102
9,3558,166
9,3559,192
9,3560,154
9,3561,83
9,3562,58
9,3563,96
9,3564,71
9,3565,32
9,3566,64
9,3567,70
9,3568,147
9,3569,103
9,3570,-32
9,3571,121
9,3572,96
9,3573,96
9,3574,186
9,3575,19
9,3576,58
9,3577,45
9,3578,166
9,3579,103
9,3580,109
9,3581,58
9,3582,147
9,3583,122
9,3584,96
9,3585,198
9,3586,141
9,3587,83
9,3588,58
9,3589,109
9,3590,121
9,3591,115
9,3592,192
9,3593,52
9,3594,780
9,3595,314
9,3596,109
9,3597,109
9,3598,140
9,3599,166
9,3600,115
9,3601,32
9,3602,147
9,3603,141
9,3604,58
9,3605,32
9,3606,-44
9,3607,121
9,3608,71
9,3609,96
9,3610,128
9,3611,-58
9,3612,121
9,3613,51
9,3614,154
9,3615,64
9,3616,32
9,3617,103
9,3618,116
9,3619,109
9,3620,64
9,3621,96
9,3622,205
9,3623,64
9,3624,58
9,3625,154
9,3626,147
9,3627,121
9,3628,102
9,3629,64
9,3630,122
9,3631,365
9,3632,89
9,3633,-39
9,3634,141
9,3635,154
9,3636,64
9,3637,-154
9,3638,205
9,3639,70
9,3640,128
9,3641,148
9,3642,160
9,3643,397
9,3644,102
9,3645,109
9,3646,70
9,3647,109
9,3648,77
9,3649,141
9,3650,89
9,3651,76
9,3652,39
9,3653,51
9,3654,205
9,3655,109
9,3656,84
9,3657,51
9,3658,115
9,3659,32
9,3660,32
9,3661,26
9,3662,32
9,3663,71
9,3664,77
9,3665,38
9,3666,173
9,3667,83
9,3668,160
9,3669,83
9,3670,122
9,3671,109
9,3672,103
9,3673,26
9,3674,89
9,3675,128
9,3676,-45
9,3677,77
9,3678,224
9,3679,115
9,3680,58
9,3681,96
9,3682,71
9,3683,102
9,3684,109
9,3685,51
9,3686,-26
9,3687,135
9,3688,121
9,3689,32
9,3690,147
9,3691,20
9,3692,57
9,3693,38
9,3694,109
9,3695,109
9,3696,58
9,3697,-26
9,3698,32
9,3699,26
9,3700,57
9,3701,19
9,3702,236
9,3703,128
9,3704,83
9,3705,19
9,3706,64
9,3707,32
9,3708,64
9,3709,25
9,3710,154
9,3711,77
9,3712,90
9,3713,-32
9,3714,76
9,3715,70
9,3716,71
9,3717,45
9,3718,89
9,3719,134
9,3720,77
9,3721,51
9,3722,128
9,3723,109
9,3724,122
9,3725,-32
9,3726,109
9,3727,25
9,3728,71
9,3729,51
9,3730,57
9,3731,-38
9,3732,121
9,3733,90
9,3734,211
9,3735,26
9,3736,211
9,3737,103
9,3738,25
9,3739,167
9,3740,128
9,3741,-20
9,3742,77
9,3743,109
9,3744,109
9,3745,57
9,3746,32
9,3747,77
9,3748,109
9,3749,96
9,3750,173
9,3751,128
9,3752,70
9,3753,-38
9,3754,186
9,3755,115
9,3756,121
9,3757,84
9,3758,186
9,3759,154
9,3760,121
9,3761,58
9,3762,19
9,3763,70
9,3764,39
9,3765,51
9,3766,160
9,3767,109
9,3768,96
9,3769,-32
9,3770,179
9,3771,153
9,3772,148
9,3773,32
9,3774,116
9,3775,32
9,3776,128
9,3777,83
9,3778,64
9,3779,-32
9,3780,77
9,3781,77
9,3782,160
9,3783,51
9,3784,25
9,3785,-26
9,3786,231
9,3787,90
9,3788,45
9,3789,-32
9,3790,397
9,3791,51
9,3792,224
9,3793,58
9,3794,77
9,3795,25
9,3796,96
9,3797,64
9,3798,90
9,3799,58
9,3800,96
9,3801,89
9,3802,115
9,3803,70
9,3804,58
9,3805,84
9,3806,77
9,3807,128
9,3808,122
9,3809,102
9,3810,141
9,3811,115
9,3812,26
9,3813,64
9,3814,-20
9,3815,128
9,3816,70
9,3817,-19
9,3818,166
9,3819,121
9,3820,57
9,3821,64
9,3822,186
9,3823,71
9,3824,115
9,3825,77
9,3826,58
9,3827,76
9,3828,147
9,3829,57
9,3830,154
9,3831,70
9,3832,179
9,3833,51
9,3834,320
9,3835,115
9,3836,108
9,3837,77
9,3838,147
9,3839,115
9,3840,64
9,3841,45
9,3842,51
9,3843,25
9,3844,320
9,3845,32
9,3846,102
9,3847,25
9,3848,70
9,3849,845
9,3850,102
9,3851,787
9,3852,77
9,3853,58
9,3854,32
9,3855,116
9,3856,109
9,3857,-26
9,3858,39
9,3859,45
9,3860,96
9,3861,26
9,3862,154
9,3863,76
9,3864,71
9,3865,64
9,3866,77
9,3867,160
9,3868,45
9,3869,-64
9,3870,109
9,3871,96
9,3872,192
9,3873,71
9,3874,121
9,3875,58
9,3876,90
9,3877,77
9,3878,58
9,3879,51
9,3880,45
9,3881,76
9,3882,128
9,3883,102
9,3884,179
9,3885,51
9,3886,192
9,3887,77
9,3888,109
9,3889,-6
9,3890,32
9,3891,90
9,3892,-32
9,3893,45
9,3894,166
9,3895,-32
9,3896,179
9,3897,96
9,3898,122
9,3899,83
9,3900,64
9,3901,77
9,3902,141
9,3903,109
9,3904,147
9,3905,76
9,3906,115
9,3907,-20
9,3908,186
9,3909,109
9,3910,211
9,3911,77
9,3912,83
9,3913,212
9,3914,89
9,3915,52
9,3916,57
9,3917,51
9,3918,141
9,3919,70
9,3920,128
9,3921,38
9,3922,352
9,3923,84
9,3924,64
9,3925,51
9,3926,121
9,3927,90
9,3928,51
9,3929,70
9,3930,115
9,3931,57
9,3932,45
9,3933,45
9,3934,71
9,3935,51
9,3936,58
9,3937,77
9,3938,109
9,3939,115
9,3940,205
9,3941,192
9,3942,-128
9,3943,103
9,3944,96
9,3945,58
9,3946,160
9,3947,57
9,3948,115
9,3949,45
9,3950,167
9,3951,121
9,3952,103
9,3953,25
9,3954,84
9,3955,96
9,3956,135
9,3957,32
9,3958,179
9,3959,71
9,3960,109
9,3961,-32
9,3962,77
9,3963,83
9,3964,64
9,3965,25
9,3966,160
9,3967,192
9,3968,64
9,3969,102
9,3970,84
9,3971,-45
9,3972,109
9,3973,51
9,3974,58
9,3975,116
9,3976,205
9,3977,64
9,3978,135
9,3979,64
9,3980,-180
9,3981,64
9,3982,160
9,3983,333
9,3984,64
9,3985,51
9,3986,51
9,3987,70
9,3988,26
9,3989,51
9,3990,122
9,3991,148
9,3992,38
9,3993,108
9,3994,83
9,3995,141
9,3996,372
9,3997,76
9,3998,128
9,3999,212
9,4000,64
9,4001,51
9,4002,51
9,4003,58
9,4004,141
9,4005,64
9,4006,179
9,4007,90
9,4008,77
9,4009,90
9,4010,160
9,4011,167
9,4012,102
9,4013,38
9,4014,166
9,4015,89
9,4016,122
9,4017,26
9,4018,58
9,4019,102
9,4020,153
9,4021,57
9,4022,-52
9,4023,179
9,4024,109
9,4025,102
9,4026,160
9,4027,64
9,4028,109
9,4029,26
9,4030,57
9,4031,365
9,4032,128
9,4033,96
9,4034,128
9,4035,77
9,4036,70
9,4037,32
9,4038,122
9,4039,167
9,4040,96
9,4041,-32
9,4042,83
9,4043,26
9,4044,102
9,4045,51
9,4046,173
9,4047,108
9,4048,122
9,4049,147
9,4050,186
9,4051,115
9,4052,160
9,4053,19
9,4054,160
9,4055,102
9,4056,77
9,4057,32
9,4058,58
9,4059,96
9,4060,109
9,4061,39
9,4062,173
9,4063,51
9,4064,-51
9,4065,90
9,4066,58
9,4067,147
9,4068,109
9,4069,185
9,4070,166
9,4071,108
9,4072,45
9,4073,89
9,4074,141
9,4075,365
9,4076,84
9,4077,64
9,4078,327
9,4079,103
9,4080,-45
9,4081,121
9,4082,166
9,4083,134
9,4084,76
9,4085,103
9,4086,205
9,4087,115
9,4088,57
9,4089,83
9,4090,84
9,4091,76
9,4092,77
9,4093,25
9,4094,89
9,4095,83
9,4096,-45
9,4097,70
9,4098,179
9,4099,26
9,4100,64
9,4101,-38
9,4102,135
9,4103,51
9,4104,71
9,4105,148
9,4106,800
9,4107,58
9,4108,90
9,4109,51
9,4110,115
9,4111,295
9,4112,83
9,4113,45
9,4114,198
9,4115,90
9,4116,26
9,4117,-57
9,4118,140
9,4119,52
9,4120,109
9,4121,57
9,4122,71
9,4123,147
9,4124,83
9,4125,44
9,4126,217
9,4127,51
9,4128,58
9,4129,26
9,4130,26
9,4131,90
9,4132,32
9,4133,-20
9,4134,128
9,4135,70
9,4136,102
9,4137,89
9,4138,115
9,4139,77
9,4140,51
9,4141,51
9,4142,147
9,4143,102
9,4144,122
9,4145,-26
9,4146,108
9,4147,25
9,4148,70
9,4149,45
9,4150,122
9,4151,96
9,4152,58
9,4153,102
9,4154,166
9,4155,90
9,4156,64
9,4157,71
9,4158,372
9,4159,109
9,4160,64
9,4161,-19
9,4162,192
9,4163,89
9,4164,102
9,4165,45
9,4166,211
9,4167,109
9,4168,147
9,4169,57
9,4170,359
9,4171,38
9,4172,45
9,4173,32
9,4174,115
9,4175,122
9,4176,90
9,4177,90
9,4178,153
9,4179,58
9,4180,51
9,4181,64
9,4182,141
9,4183,121
9,4184,90
9,4185,45
9,4186,89
9,4187,64
9,4188,32
9,4189,51
9,4190,224
9,4191,141
9,4192,108
9,4193,71
9,4194,199
9,4195,166
9,4196,256
9,4197,83
9,4198,160
9,4199,121
9,4200,121
9,4201,-7
9,4202,134
9,4203,103
9,4204,25
9,4205,45
9,4206,371
9,4207,96
9,4208,57
9,4209,45
9,4210,121
9,4211,64
9,4212,83
9,4213,70
9,4214,186
9,4215,115
9,4216,121
9,4217,122
9,4218,122
9,4219,58
9,4220,26
9,4221,70
9,4222,121
9,4223,122
9,4224,147
9,4225,147
9,4226,148
9,4227,83
9,4228,25
9,4229,160
9,4230,122
9,4231,-45
9,4232,71
9,4233,128
9,4234,166
9,4235,199
9,4236,134
9,4237,-32
9,4238,172
9,4239,115
9,4240,167
9,4241,58
9,4242,185
9,4243,70
9,4244,237
9,4245,51
9,4246,192
9,4247,102
9,4248,140
9,4249,58
9,4250,217
9,4251,115
9,4252,122
9,4253,96
9,4254,180
9,4255,58
9,4256,109
9,4257,64
9,4258,64
9,4259,96
9,4260,96
9,4261,83
9,4262,199
9,4263,147
9,4264,45
9,4265,26
9,4266,128
9,4267,83
9,4268,116
9,4269,77
9,4270,109
9,4271,102
9,4272,83
9,4273,26
9,4274,25
9,4275,365
9,4276,58
9,4277,32
9,4278,103
9,4279,70
9,4280,70
9,4281,307
9,4282,116
9,4283,103
9,4284,90
9,4285,45
9,4286,32
9,4287,64
9,4288,26
9,4289,102
9,4290,122
9,4291,45
9,4292,51
9,4293,51
9,4294,167
9,4295,25
9,4296,103
9,4297,84
9,4298,224
9,4299,32
9,4300,96
9,4301,103
9,4302,211
9,4303,32
9,4304,192
9,4305,77
9,4306,83
9,4307,51
9,4308,51
9,4309,58
9,4310,217
9,4311,128
9,4312,32
9,4313,38
9,4314,102
9,4315,32
9,4316,141
9,4317,205
9,4318,115
9,4319,116
9,4320,57
9,4321,39
9,4322,185
9,4323,58
9,4324,365
9,4325,57
9,4326,-64
9,4327,371
9,4328,71
9,4329,51
9,4330,173
9,4331,70
9,4332,115
9,4333,77
9,4334,180
9,4335,167
9,4336,77
9,4337,51
9,4338,115
9,4339,103
9,4340,365
9,4341,64
9,4342,179
9,4343,250
9,4344,115
9,4345,58
9,4346,172
9,4347,109
9,4348,103
9,4349,84
9,4350,166
9,4351,71
9,4352,128
9,4353,51
9,4354,109
9,4355,19
9,4356,57
9,4357,44
9,4358,134
9,4359,147
9,4360,154
9,4361,839
9,4362,186
9,4363,768
9,4364,103
9,4365,52
9,4366,224
9,4367,141
9,4368,128
9,4369,89
9,4370,166
9,4371,77
9,4372,108
9,4373,26
9,4374,135
9,4375,115
9,4376,32
9,4377,51
9,4378,217
9,4379,58
9,4380,173
9,4381,26
9,4382,154
9,4383,90
9,4384,64
9,4385,25
9,4386,102
9,4387,51
9,4388,26
9,4389,51
9,4390,147
9,4391,25
9,4392,128
9,4393,103
9,4394,173
9,4395,199
9,4396,64
9,4397,-39
9,4398,179
9,4399,122
9,4400,128
9,4401,51
9,4402,166
9,4403,45
9,4404,32
9,4405,38
9,4406,115
9,4407,71
9,4408,71
9,4409,51
9,4410,141
9,4411,115
9,4412,122
9,4413,134
9,4414,160
9,4415,115
9,4416,179
9,4417,96
9,4418,58
9,4419,90
9,4420,52
9,4421,70
9,4422,205
9,4423,-64
9,4424,172
9,4425,58
9,4426,173
9,4427,83
9,4428,57
9,4429,39
9,4430,192
9,4431,19
9,4432,58
9,4433,44
9,4434,121
9,4435,122
9,4436,116
9,4437,115
9,4438,249
9,4439,64
9,4440,103
9,4441,45
9,4442,64
9,4443,70
9,4444,71
9,4445,25
9,4446,166
9,4447,77
9,4448,134
9,4449,90
9,4450,115
9,4451,128
9,4452,83
9,4453,109
9,4454,179
9,4455,147
9,4456,64
9,4457,52
9,4458,32
9,4459,84
9,4460,51
9,4461,51
9,4462,167
9,4463,51
9,4464,89
9,4465,294
9,4466,109
9,4467,77
9,4468,109
9,4469,122
9,4470,102
9,4471,109
9,4472,77
9,4473,52
9,4474,102
9,4475,96
9,4476,96
9,4477,57
9,4478,32
9,4479,109
9,4480,58
9,4481,57
9,4482,71
9,4483,102
9,4484,153
9,4485,19
9,4486,51
9,4487,26
9,4488,70
9,4489,89
9,4490,128
9,4491,77
9,4492,-25
9,4493,39
9,4494,122
9,4495,44
9,4496,70
9,4497,71
9,4498,70
9,4499,26
9,4500,58
9,4501,58
9,4502,64
9,4503,121
9,4504,71
9,4505,109
9,4506,57
9,4507,148
9,4508,173
9,4509,64
9,4510,192
9,4511,359
9,4512,38
9,4513,128
9,4514,58
9,4515,64
9,4516,32
9,4517,44
9,4518,19
9,4519,25
9,4520,64
9,4521,90
9,4522,128
9,4523,116
9,4524,-45
9,4525,57
9,4526,64
9,4527,173
9,4528,115
9,4529,32
9,4530,-13
9,4531,134
9,4532,51
9,4533,-38
9,4534,77
9,4535,115
9,4536,109
9,4537,64
9,4538,153
9,4539,109
9,4540,76
9,4541,71
9,4542,288
9,4543,122
9,4544,64
9,4545,-32
9,4546,154
9,4547,102
9,4548,121
9,4549,192
9,4550,71
9,4551,70
9,4552,90
9,4553,57
9,4554,77
9,4555,90
9,4556,115
9,4557,64
9,4558,96
9,4559,45
9,4560,77
9,4561,-38
9,4562,185
9,4563,160
9,4564,167
9,4565,52
9,4566,51
9,4567,57
9,4568,83
9,4569,32
9,4570,179
9,4571,70
9,4572,115
9,4573,45
9,4574,390
9,4575,-44
9,4576,51
9,4577,89
9,4578,140
9,4579,147
9,4580,377
9,4581,167
9,4582,128
9,4583,76
9,4584,140
9,4585,45
9,4586,327
9,4587,45
9,4588,64
9,4589,83
9,4590,134
9,4591,166
9,4592,-45
9,4593,89
9,4594,204
9,4595,186
9,4596,109
9,4597,51
9,4598,121
9,4599,70
9,4600,416
9,4601,45
9,4602,96
9,4603,147
9,4604,109
9,4605,45
9,4606,-212
9,4607,-64
9,4608,44
9,4609,51
9,4610,128
9,4611,58
9,4612,70
9,4613,45
9,4614,77
9,4615,115
9,4616,77
9,4617,102
9,4618,825
9,4619,96
9,4620,103
9,4621,198
9,4622,269
9,4623,102
9,4624,77
9,4625,52
9,4626,160
9,4627,32
9,4628,45
9,4629,39
9,4630,71
9,4631,58
9,4632,39
9,4633,83
9,4634,116
9,4635,141
9,4636,128
9,4637,115
9,4638,192
9,4639,-52
9,4640,185
9,4641,25
9,4642,185
9,4643,76
9,4644,39
9,4645,96
9,4646,160
9,4647,90
9,4648,-45
9,4649,90
9,4650,185
9,4651,-58
9,4652,102
9,4653,102
9,4654,128
9,4655,160
9,4656,90
9,4657,148
9,4658,153
9,4659,70
9,4660,71
9,4661,32
9,4662,116
9,4663,32
9,4664,58
9,4665,180
9,4666,58
9,4667,102
9,4668,128
9,4669,249
9,4670,173
9,4671,166
9,4672,83
9,4673,64
9,4674,102
9,4675,25
9,4676,153
9,4677,90
9,4678,237
9,4679,160
9,4680,58
9,4681,224
9,4682,-38
9,4683,64
9,4684,70
9,4685,77
9,4686,-52
9,4687,39
9,4688,71
9,4689,32
9,4690,160
9,4691,96
9,4692,153
9,4693,51
9,4694,96
9,4695,96
9,4696,154
9,4697,44
9,4698,115
9,4699,90
9,4700,32
9,4701,115
9,4702,64
9,4703,19
9,4704,109
9,4705,115
9,4706,185
9,4707,108
9,4708,64
9,4709,148
9,4710,263
9,4711,96
9,4712,102
9,4713,64
9,4714,153
9,4715,32
9,4716,26
9,4717,-38
9,4718,198
9,4719,76
9,4720,121
9,4721,-19
9,4722,166
9,4723,109
9,4724,109
9,4725,147
9,4726,205
9,4727,109
9,4728,71
9,4729,19
9,4730,116
9,4731,-32
9,4732,179
9,4733,51
9,4734,128
9,4735,-19
9,4736,134
9,4737,96
9,4738,172
9,4739,26
9,4740,26
9,4741,45
9,4742,71
9,4743,57
9,4744,51
9,4745,70
9,4746,167
9,4747,102
9,4748,89
9,4749,45
9,4750,109
9,4751,64
9,4752,57
9,4753,32
9,4754,109
9,4755,39
9,4756,57
9,4757,51
9,4758,96
9,4759,116
9,4760,90
9,4761,25
9,4762,109
9,4763,77
9,4764,102
9,4765,45
9,4766,262
9,4767,51
9,4768,71
9,4769,32
9,4770,307
9,4771,64
9,4772,103
9,4773,52
9,4774,115
9,4775,365
9,4776,64
9,4777,64
9,4778,135
9,4779,64
9,4780,102
9,4781,83
9,4782,108
9,4783,122
9,4784,51
9,4785,134
9,4786,128
9,4787,371
9,4788,172
9,4789,173
9,4790,-45
9,4791,122
9,4792,103
9,4793,102
9,4794,121
9,4795,153
9,4796,128
9,4797,51
9,4798,96
9,4799,102
9,4800,25
9,4801,20
9,4802,-135
9,4803,32
9,4804,70
9,4805,58
9,4806,116
9,4807,71
9,4808,121
9,4809,58
9,4810,128
9,4811,109
9,4812,70
9,4813,58
9,4814,64
9,4815,-205
9,4816,122
9,4817,39
9,4818,77
9,4819,128
9,4820,77
9,4821,77
9,4822,-64
9,4823,64
9,4824,77
9,4825,38
9,4826,192
9,4827,109
9,4828,90
9,4829,70
9,4830,250
9,4831,141
9,4832,64
9,4833,84
9,4834,180
9,4835,102
9,4836,39
9,4837,32
9,4838,205
9,4839,134
9,4840,44
9,4841,51
9,4842,166
9,4843,64
9,4844,70
9,4845,108
9,4846,166
9,4847,108
9,4848,52
9,4849,52
9,4850,173
9,4851,64
9,4852,32
9,4853,32
9,4854,211
9,4855,166
9,4856,102
9,4857,70
9,4858,70
9,4859,109
9,4860,7
9,4861,128
9,4862,166
9,4863,89
9,4864,84
9,4865,-32
9,4866,384
9,4867,58
9,4868,64
9,4869,26
9,4870,58
9,4871,32
9,4872,25
9,4873,844
9,4874,185
9,4875,768
9,4876,141
9,4877,57
9,4878,185
9,4879,70
9,4880,77
9,4881,115
9,4882,154
9,4883,115
9,4884,70
9,4885,51
9,4886,26
9,4887,70
9,4888,57
9,4889,70
9,4890,121
9,4891,121
9,4892,90
9,4893,89
9,4894,173
9,4895,102
9,4896,64
9,4897,256
9,4898,167
9,4899,135
9,4900,32
9,4901,45
9,4902,212
9,4903,19
9,4904,26
9,4905,25
9,4906,166
9,4907,51
9,4908,90
9,4909,109
9,4910,186
9,4911,121
9,4912,179
9,4913,45
9,4914,102
9,4915,44
9,4916,64
9,4917,256
9,4918,115
9,4919,141
9,4920,58
9,4921,51
9,4922,115
9,4923,396
9,4924,121
9,4925,160
9,4926,211
9,4927,19
9,4928,116
9,4929,185
9,4930,205
9,4931,58
9,4932,70
9,4933,90
9,4934,186
9,4935,102
9,4936,141
9,4937,51
9,4938,198
9,4939,115
9,4940,64
9,4941,96
9,4942,134
9,4943,19
9,4944,51
9,4945,25
9,4946,121
9,4947,77
9,4948,109
9,4949,96
9,4950,378
9,4951,109
9,4952,115
9,4953,32
9,4954,167
9,4955,-39
9,4956,-32
9,4957,77
9,4958,109
9,4959,64
9,4960,45
9,4961,365
9,4962,153
9,4963,89
9,4964,121
9,4965,153
9,4966,64
9,4967,71
9,4968,115
9,4969,44
9,4970,96
9,4971,102
9,4972,64
9,4973,70
9,4974,51
9,4975,333
9,4976,121
9,4977,19
9,4978,134
9,4979,90
9,4980,83
9,4981,39
9,4982,141
9,4983,96
9,4984,115
9,4985,-19
9,4986,115
9,4987,19
9,4988,109
9,4989,25
9,4990,76
9,4991,45
9,4992,90
9,4993,365
9,4994,-20
9,4995,-249
9,4996,45
9,4997,45
9,4998,167
9,4999,32
9,5000,51
9,5001,109
9,5002,116
9,5003,89
9,5004,167
9,5005,51
9,5006,147
9,5007,57
9,5008,115
9,5009,-32
9,5010,154
9,5011,64
9,5012,-26
9,5013,-39
9,5014,70
9,5015,64
9,5016,71
9,5017,96
9,5018,167
9,5019,147
9,5020,90
9,5021,90
9,5022,199
9,5023,102
9,5024,71
9,5025,45
9,5026,96
9,5027,58
9,5028,70
9,5029,45
9,5030,211
9,5031,70
9,5032,109
9,5033,102
9,5034,205
9,5035,135
9,5036,71
9,5037,51
9,5038,154
9,5039,397
9,5040,77
9,5041,51
9,5042,108
9,5043,90
9,5044,154
9,5045,-32
9,5046,205
9,5047,147
9,5048,205
9,5049,102
9,5050,185
9,5051,167
9,5052,185
9,5053,39
9,5054,128
9,5055,108
9,5056,140
9,5057,134
9,5058,180
9,5059,141
9,5060,185
9,5061,89
9,5062,185
9,5063,77
9,5064,121
9,5065,320
9,5066,115
9,5067,71
9,5068,64
9,5069,102
9,5070,173
9,5071,57
9,5072,108
9,5073,51
9,5074,167
9,5075,57
9,5076,103
9,5077,45
9,5078,121
9,5079,135
9,5080,51
9,5081,26
9,5082,122
9,5083,45
9,5084,77
9,5085,52
9,5086,128
9,5087,32
9,5088,71
9,5089,90
9,5090,103
9,5091,77
9,5092,377
9,5093,115
9,5094,121
9,5095,25
9,5096,372
9,5097,51
9,5098,77
9,5099,58
9,5100,51
9,5101,70
9,5102,167
9,5103,45
9,5104,32
9,5105,167
9,5106,212
9,5107,109
9,5108,167
9,5109,64
9,5110,198
9,5111,115
9,5112,-45
9,5113,96
9,5114,172
9,5115,96
9,5116,806
9,5117,20
9,5118,71
9,5119,96
9,5120,71
9,5121,96
9,5122,198
9,5123,70
9,5124,32
9,5125,147
9,5126,179
9,5127,371
9,5128,77
9,5129,109
9,5130,839
9,5131,32
9,5132,115
9,5133,365
9,5134,180
9,5135,77
9,5136,154
9,5137,160
9,5138,134
9,5139,64
9,5140,57
9,5141,147
9,5142,70
9,5143,64
9,5144,12
9,5145,52
9,5146,198
9,5147,147
9,5148,57
9,5149,109
9,5150,109
9,5151,96
9,5152,115
9,5153,71
9,5154,64
9,5155,32
9,5156,77
9,5157,64
9,5158,167
9,5159,64
9,5160,121
9,5161,64
9,5162,-44
9,5163,77
9,5164,96
9,5165,352
9,5166,115
9,5167,77
9,5168,121
9,5169,51
9,5170,116
9,5171,301
9,5172,57
9,5173,32
9,5174,109
9,5175,90
9,5176,71
9,5177,339
9,5178,-64
9,5179,103
9,5180,44
9,5181,57
9,5182,51
9,5183,160
9,5184,64
9,5185,108
9,5186,154
9,5187,45
9,5188,115
9,5189,26
9,5190,192
9,5191,83
9,5192,108
9,5193,77
9,5194,140
9,5195,-19
9,5196,102
9,5197,89
9,5198,173
9,5199,45
9,5200,96
9,5201,51
9,5202,108
9,5203,180
9,5204,77
9,5205,57
9,5206,90
9,5207,44
9,5208,84
9,5209,-25
9,5210,-32
9,5211,51
9,5212,26
9,5213,96
9,5214,173
9,5215,102
9,5216,51
9,5217,45
9,5218,141
9,5219,116
9,5220,77
9,5221,45
9,5222,57
9,5223,115
9,5224,173
9,5225,45
9,5226,154
9,5227,89
9,5228,77
9,5229,25
9,5230,51
9,5231,115
9,5232,52
9,5233,-45
9,5234,70
9,5235,103
9,5236,115
9,5237,109
9,5238,294
9,5239,-45
9,5240,121
9,5241,-7
9,5242,103
9,5243,109
9,5244,135
9,5245,25
9,5246,76
9,5247,115
9,5248,384
9,5249,103
9,5250,365
9,5251,51
9,5252,57
9,5253,25
9,5254,128
9,5255,70
9,5256,199
9,5257,57
9,5258,218
9,5259,109
9,5260,365
9,5261,224
9,5262,115
9,5263,109
9,5264,109
9,5265,32
9,5266,115
9,5267,109
9,5268,83
9,5269,-243
9,5270,173
9,5271,51
9,5272,71
9,5273,58
9,5274,122
9,5275,109
9,5276,185
9,5277,96
9,5278,58
9,5279,83
9,5280,148
9,5281,51
9,5282,13
9,5283,134
9,5284,96
9,5285,70
9,5286,96
9,5287,173
9,5288,77
9,5289,51
9,5290,134
9,5291,122
9,5292,-57
9,5293,64
9,5294,218
9,5295,115
9,5296,154
9,5297,-26
9,5298,263
9,5299,77
9,5300,51
9,5301,-38
9,5302,64
9,5303,115
9,5304,64
9,5305,25
9,5306,134
9,5307,83
9,5308,83
9,5309,32
9,5310,166
9,5311,115
9,5312,122
9,5313,19
9,5314,115
9,5315,64
9,5316,128
9,5317,51
9,5318,70
9,5319,51
9,5320,109
9,5321,44
9,5322,57
9,5323,89
9,5324,51
9,5325,32
9,5326,26
9,5327,-26
9,5328,52
9,5329,38
9,5330,70
9,5331,109
9,5332,102
9,5333,32
9,5334,89
9,5335,64
9,5336,44
9,5337,58
9,5338,103
9,5339,-39
9,5340,51
9,5341,58
9,5342,71
9,5343,70
9,5344,160
9,5345,96
9,5346,160
9,5347,320
9,5348,108
9,5349,51
9,5350,116
9,5351,64
9,5352,148
9,5353,45
9,5354,96
9,5355,19
9,5356,135
9,5357,51
9,5358,122
9,5359,70
9,5360,186
9,5361,70
9,5362,102
9,5363,109
9,5364,77
9,5365,96
9,5366,282
9,5367,122
9,5368,109
9,5369,96
9,5370,160
9,5371,115
9,5372,103
9,5373,45
9,5374,64
9,5375,77
9,5376,103
9,5377,38
9,5378,52
9,5379,26
9,5380,58
9,5381,26
9,5382,320
9,5383,103
9,5384,96
9,5385,813
9,5386,243
9,5387,1005
9,5388,166
9,5389,83
9,5390,186
9,5391,128
9,5392,70
9,5393,70
9,5394,77
9,5395,64
9,5396,32
9,5397,64
9,5398,199
9,5399,89
9,5400,122
9,5401,25
9,5402,154
9,5403,96
9,5404,116
9,5405,109
9,5406,192
9,5407,77
9,5408,38
9,5409,51
9,5410,32
9,5411,64
9,5412,51
9,5413,51
9,5414,-45
9,5415,51
9,5416,45
9,5417,52
9,5418,205
9,5419,-58
9,5420,96
9,5421,96
9,5422,141
9,5423,103
9,5424,166
9,5425,51
9,5426,89
9,5427,51
9,5428,-19
9,5429,57
9,5430,64
9,5431,198
9,5432,128
9,5433,45
9,5434,108
9,5435,58
9,5436,71
9,5437,70
9,5438,121
9,5439,121
9,5440,32
9,5441,103
9,5442,141
9,5443,109
9,5444,90
9,5445,134
9,5446,102
9,5447,109
9,5448,217
9,5449,45
9,5450,64
9,5451,58
9,5452,-51
9,5453,77
9,5454,186
9,5455,51
9,5456,109
9,5457,-32
9,5458,140
9,5459,51
9,5460,70
9,5461,45
9,5462,83
9,5463,70
9,5464,96
9,5465,217
9,5466,58
9,5467,-45
9,5468,51
9,5469,32
9,5470,320
9,5471,84
9,5472,-39
9,5473,128
9,5474,205
9,5475,109
9,5476,77
9,5477,38
9,5478,115
9,5479,154
9,5480,115
9,5481,51
9,5482,109
9,5483,-38
9,5484,160
9,5485,128
9,5486,199
9,5487,-25
9,5488,121
9,5489,-103
9,5490,211
9,5491,141
9,5492,71
9,5493,192
9,5494,109
9,5495,109
9,5496,154
9,5497,52
9,5498,96
9,5499,-64
9,5500,45
9,5501,32
9,5502,275
9,5503,96
9,5504,141
9,5505,-39
9,5506,186
9,5507,26
9,5508,134
9,5509,45
9,5510,121
9,5511,45
9,5512,148
9,5513,57
9,5514,109
9,5515,96
9,5516,115
9,5517,51
9,5518,198
9,5519,52
9,5520,154
9,5521,-19
9,5522,186
9,5523,116
9,5524,58
9,5525,128
9,5526,121
9,5527,89
9,5528,38
9,5529,58
9,5530,103
9,5531,141
9,5532,160
9,5533,52
9,5534,192
9,5535,77
9,5536,51
9,5537,96
9,5538,70
9,5539,58
9,5540,154
9,5541,58
9,5542,32
9,5543,71
9,5544,365
9,5545,77
9,5546,109
9,5547,102
9,5548,64
9,5549,294
9,5550,96
9,5551,185
9,5552,122
9,5553,32
9,5554,148
9,5555,108
9,5556,115
9,5557,26
9,5558,199
9,5559,45
9,5560,77
9,5561,96
9,5562,115
9,5563,121
9,5564,122
9,5565,52
9,5566,115
9,5567,64
9,5568,96
9,5569,96
9,5570,115
9,5571,148
9,5572,64
9,5573,32
9,5574,64
9,5575,377
9,5576,153
9,5577,25
9,5578,122
9,5579,103
9,5580,134
9,5581,32
9,5582,115
9,5583,83
9,5584,102
9,5585,64
9,5586,122
9,5587,122
9,5588,89
9,5589,32
9,5590,64
9,5591,268
9,5592,122
9,5593,-32
9,5594,26
9,5595,83
9,5596,116
9,5597,58
9,5598,57
9,5599,96
9,5600,64
9,5601,83
9,5602,160
9,5603,147
9,5604,121
9,5605,39
9,5606,352
9,5607,371
9,5608,70
9,5609,64
9,5610,141
9,5611,51
9,5612,64
9,5613,275
9,5614,96
9,5615,19
9,5616,38
9,5617,83
9,5618,134
9,5619,173
9,5620,64
9,5621,109
9,5622,-186
9,5623,378
9,5624,90
9,5625,64
9,5626,224
9,5627,83
9,5628,186
9,5629,38
9,5630,166
9,5631,51
9,5632,122
9,5633,102
9,5634,25
9,5635,160
9,5636,365
9,5637,122
9,5638,134
9,5639,135
9,5640,128
9,5641,70
9,5642,794
9,5643,128
9,5644,160
9,5645,57
9,5646,160
9,5647,173
9,5648,135
9,5649,45
9,5650,153
9,5651,128
9,5652,77
9,5653,52
9,5654,160
9,5655,-32
9,5656,179
9,5657,71
9,5658,205
9,5659,128
9,5660,115
9,5661,70
9,5662,121
9,5663,71
9,5664,256
9,5665,83
9,5666,38
9,5667,109
9,5668,167
9,5669,45
9,5670,83
9,5671,57
9,5672,51
9,5673,57
9,5674,192
9,5675,141
9,5676,109
9,5677,103
9,5678,211
9,5679,160
9,5680,128
9,5681,83
9,5682,108
9,5683,77
9,5684,51
9,5685,45
9,5686,160
9,5687,140
9,5688,70
9,5689,77
9,5690,103
9,5691,51
9,5692,96
9,5693,64
9,5694,192
9,5695,57
9,5696,154
9,5697,109
9,5698,147
9,5699,-32
9,5700,83
9,5701,147
9,5702,244
9,5703,77
9,5704,135
9,5705,32
9,5706,109
9,5707,13
9,5708,52
9,5709,198
9,5710,173
9,5711,71
9,5712,128
9,5713,64
9,5714,199
9,5715,83
9,5716,167
9,5717,89
9,5718,218
9,5719,109
9,5720,121
9,5721,32
9,5722,141
9,5723,32
9,5724,116
9,5725,64
9,5726,167
9,5727,45
9,5728,58
9,5729,154
9,5730,205
9,5731,160
9,5732,141
9,5733,96
9,5734,179
9,5735,96
9,5736,64
9,5737,19
9,5738,25
9,5739,26
9,5740,64
9,5741,70
9,5742,173
9,5743,89
9,5744,38
9,5745,51
9,5746,128
9,5747,109
9,5748,96
9,5749,64
9,5750,166
9,5751,96
9,5752,109
9,5753,45
9,5754,198
9,5755,26
9,5756,58
9,5757,115
9,5758,204
9,5759,64
9,5760,262
9,5761,96
9,5762,102
9,5763,109
9,5764,58
9,5765,135
9,5766,179
9,5767,84
9,5768,96
9,5769,121
9,5770,141
9,5771,141
9,5772,122
9,5773,76
9,5774,173
9,5775,109
9,5776,64
9,5777,134
9,5778,185
9,5779,26
9,5780,45
9,5781,45
9,5782,179
9,5783,90
9,5784,148
9,5785,108
9,5786,199
9,5787,-45
9,5788,282
9,5789,148
9,5790,96
9,5791,122
9,5792,115
9,5793,122
9,5794,25
9,5795,90
9,5796,77
9,5797,96
9,5798,410
9,5799,19
9,5800,32
9,5801,58
9,5802,186
9,5803,134
9,5804,115
9,5805,90
9,5806,141
9,5807,108
9,5808,121
9,5809,77
9,5810,326
9,5811,58
9,5812,109
9,5813,58
9,5814,58
9,5815,199
9,5816,90
9,5817,96
9,5818,122
9,5819,90
9,5820,77
9,5821,32
9,5822,154
9,5823,365
9,5824,134
9,5825,109
9,5826,96
9,5827,-19
9,5828,51
9,5829,-71
9,5830,102
9,5831,77
9,5832,39
9,5833,58
9,5834,70
9,5835,25
9,5836,64
9,5837,64
9,5838,51
9,5839,19
9,5840,116
9,5841,32
9,5842,121
9,5843,77
9,5844,109
9,5845,45
9,5846,58
9,5847,58
9,5848,103
9,5849,32
9,5850,128
9,5851,70
9,5852,96
9,5853,109
9,5854,77
9,5855,313
9,5856,64
9,5857,96
9,5858,89
9,5859,153
9,5860,57
9,5861,390
9,5862,64
9,5863,109
9,5864,147
9,5865,45
9,5866,32
9,5867,204
9,5868,154
9,5869,64
9,5870,212
9,5871,-44
9,5872,58
9,5873,58
9,5874,25
9,5875,102
9,5876,116
9,5877,51
9,5878,109
9,5879,76
9,5880,96
9,5881,96
9,5882,83
9,5883,52
9,5884,141
9,5885,51
9,5886,96
9,5887,51
9,5888,102
9,5889,-147
9,5890,108
9,5891,44
9,5892,115
9,5893,90
9,5894,58
9,5895,103
9,5896,148
9,5897,787
9,5898,70
9,5899,780
9,5900,45
9,5901,44
9,5902,224
9,5903,371
9,5904,115
9,5905,51
9,5906,70
9,5907,115
9,5908,103
9,5909,45
9,5910,153
9,5911,147
9,5912,147
9,5913,128
9,5914,128
9,5915,58
9,5916,121
9,5917,58
9,5918,192
9,5919,147
9,5920,77
9,5921,58
9,5922,83
9,5923,19
9,5924,89
9,5925,71
9,5926,204
9,5927,25
9,5928,154
9,5929,109
9,5930,90
9,5931,128
9,5932,121
9,5933,96
9,5934,167
9,5935,115
9,5936,64
9,5937,115
9,5938,122
9,5939,44
9,5940,-39
9,5941,70
9,5942,64
9,5943,109
9,5944,103
9,5945,103
9,5946,141
9,5947,198
9,5948,115
9,5949,121
9,5950,167
9,5951,-58
9,5952,76
9,5953,90
9,5954,109
9,5955,115
9,5956,128
9,5957,103
9,5958,179
9,5959,96
9,5960,70
9,5961,89
9,5962,70
9,5963,102
9,5964,58
9,5965,51
9,5966,365
9,5967,44
9,5968,58
9,5969,102
9,5970,115
9,5971,109
9,5972,121
9,5973,90
9,5974,134
9,5975,51
9,5976,71
9,5977,58
9,5978,116
9,5979,102
9,5980,51
9,5981,52
9,5982,115
9,5983,96
9,5984,83
9,5985,115
9,5986,90
9,5987,19
9,5988,115
9,5989,70
9,5990,83
9,5991,64
9,5992,70
9,5993,51
9,5994,58
9,5995,109
9,5996,-45
9,5997,71
9,5998,44
9,5999,108
9,6000,77
9,6001,102
9,6002,102
9,6003,160
9,6004,115
9,6005,64
9,6006,185
9,6007,160
9,6008,96
9,6009,51
9,6010,70
9,6011,38
9,6012,57
9,6013,51
9,6014,19
9,6015,-12
9,6016,134
9,6017,38
9,6018,96
9,6019,25
9,6020,64
9,6021,32
9,6022,166
9,6023,32
9,6024,103
9,6025,83
9,6026,-26
9,6027,186
9,6028,122
9,6029,51
9,6030,154
9,6031,64
9,6032,102
9,6033,51
9,6034,57
9,6035,64
9,6036,57
9,6037,57
9,6038,199
9,6039,64
9,6040,57
9,6041,77
9,6042,154
9,6043,147
9,6044,64
9,6045,51
9,6046,115
9,6047,115
9,6048,64
9,6049,38
9,6050,109
9,6051,96
9,6052,70
9,6053,64
9,6054,160
9,6055,71
9,6056,71
9,6057,147
9,6058,135
9,6059,115
9,6060,83
9,6061,51
9,6062,109
9,6063,89
9,6064,109
9,6065,51
9,6066,58
9,6067,96
9,6068,64
9,6069,64
9,6070,109
9,6071,76
9,6072,90
9,6073,122
9,6074,64
9,6075,102
9,6076,109
9,6077,45
9,6078,173
9,6079,102
9,6080,121
9,6081,128
9,6082,148
9,6083,141
9,6084,326
9,6085,19
9,6086,71
9,6087,378
9,6088,-51
9,6089,51
9,6090,198
9,6091,121
9,6092,167
9,6093,84
9,6094,32
9,6095,83
9,6096,58
9,6097,103
9,6098,224
9,6099,275
9,6100,269
9,6101,32
9,6102,199
9,6103,109
9,6104,51
9,6105,45
9,6106,70
9,6107,32
9,6108,115
9,6109,58
9,6110,58
9,6111,77
9,6112,58
9,6113,71
9,6114,103
9,6115,96
9,6116,121
9,6117,51
9,6118,167
9,6119,173
9,6120,116
9,6121,51
9,6122,109
9,6123,83
9,6124,109
9,6125,45
9,6126,167
9,6127,58
9,6128,141
9,6129,58
9,6130,199
9,6131,57
9,6132,166
9,6133,58
9,6134,249
9,6135,64
9,6136,109
9,6137,83
9,6138,-339
9,6139,32
9,6140,121
9,6141,-45
9,6142,135
9,6143,51
9,6144,57
9,6145,25
9,6146,77
9,6147,-64
9,6148,96
9,6149,211
9,6150,44
9,6151,51
9,6152,115
9,6153,45
9,6154,832
9,6155,122
9,6156,128
9,6157,45
9,6158,102
9,6159,89
9,6160,32
9,6161,51
9,6162,64
9,6163,45
9,6164,57
9,6165,45
9,6166,83
9,6167,-32
9,6168,45
9,6169,90
9,6170,96
9,6171,116
9,6172,64
9,6173,57
9,6174,122
9,6175,77
9,6176,70
9,6177,58
9,6178,44
9,6179,-64
9,6180,-45
9,6181,90
9,6182,115
9,6183,115
9,6184,147
9,6185,64
9,6186,211
9,6187,58
9,6188,70
9,6189,45
9,6190,64
9,6191,122
9,6192,166
9,6193,25
9,6194,71
9,6195,64
9,6196,77
9,6197,45
9,6198,76
9,6199,26
9,6200,115
9,6201,71
9,6202,204
9,6203,116
9,6204,70
9,6205,58
9,6206,77
9,6207,52
9,6208,116
9,6209,57
9,6210,128
9,6211,71
9,6212,141
9,6213,52
9,6214,70
9,6215,57
9,6216,77
9,6217,38
9,6218,77
9,6219,-20
9,6220,90
9,6221,52
9,6222,154
9,6223,103
9,6224,57
9,6225,58
9,6226,205
9,6227,109
9,6228,141
9,6229,154
9,6230,172
9,6231,64
9,6232,153
9,6233,52
9,6234,64
9,6235,26
9,6236,57
9,6237,32
9,6238,179
9,6239,51
9,6240,96
9,6241,51
9,6242,77
9,6243,90
9,6244,128
9,6245,102
9,6246,77
9,6247,198
9,6248,154
9,6249,45
9,6250,58
9,6251,13
9,6252,-45
9,6253,83
9,6254,77
9,6255,64
9,6256,173
9,6257,51
9,6258,128
9,6259,96
9,6260,116
9,6261,57
9,6262,166
9,6263,64
9,6264,109
9,6265,51
9,6266,109
9,6267,166
9,6268,83
9,6269,51
9,6270,135
9,6271,102
9,6272,64
9,6273,109
9,6274,64
9,6275,77
9,6276,64
9,6277,45
9,6278,167
9,6279,134
9,6280,19
9,6281,166
9,6282,51
9,6283,90
9,6284,102
9,6285,26
9,6286,134
9,6287,83
9,6288,90
9,6289,45
9,6290,180
9,6291,51
9,6292,122
9,6293,122
9,6294,211
9,6295,115
9,6296,102
9,6297,57
9,6298,121
9,6299,134
9,6300,154
9,6301,102
9,6302,205
9,6303,77
9,6304,166
9,6305,96
9,6306,148
9,6307,51
9,6308,71
9,6309,109
9,6310,38
9,6311,121
9,6312,44
9,6313,135
9,6314,147
9,6315,103
9,6316,173
9,6317,51
9,6318,19
9,6319,-57
9,6320,186
9,6321,45
9,6322,71
9,6323,-6
9,6324,115
9,6325,26
9,6326,160
9,6327,70
9,6328,116
9,6329,89
9,6330,96
9,6331,77
9,6332,122
9,6333,45
9,6334,167
9,6335,57
9,6336,128
9,6337,141
9,6338,108
9,6339,32
9,6340,64
9,6341,32
9,6342,115
9,6343,71
9,6344,64
9,6345,77
9,6346,115
9,6347,166
9,6348,147
9,6349,70
9,6350,-32
9,6351,135
9,6352,108
9,6353,32
9,6354,44
9,6355,109
9,6356,128
9,6357,45
9,6358,64
9,6359,64
9,6360,109
9,6361,89
9,6362,192
9,6363,96
9,6364,115
9,6365,38
9,6366,96
9,6367,96
9,6368,64
9,6369,32
9,6370,134
9,6371,32
9,6372,109
9,6373,70
9,6374,70
9,6375,96
9,6376,-51
9,6377,52
9,6378,109
9,6379,301
9,6380,70
9,6381,51
9,6382,249
9,6383,109
9,6384,204
9,6385,51
9,6386,70
9,6387,115
9,6388,70
9,6389,38
9,6390,128
9,6391,96
9,6392,128
9,6393,70
9,6394,32
9,6395,224
9,6396,826
9,6397,179
9,6398,256
9,6399,71
9,6400,231
9,6401,-32
9,6402,32
9,6403,64
9,6404,89
9,6405,64
9,6406,211
9,6407,115
9,6408,83
9,6409,800
9,6410,166
9,6411,768
9,6412,122
9,6413,70
9,6414,173
9,6415,109
9,6416,134
9,6417,26
9,6418,32
9,6419,102
9,6420,32
9,6421,71
9,6422,32
9,6423,71
9,6424,352
9,6425,45
9,6426,154
9,6427,77
9,6428,90
9,6429,83
9,6430,26
9,6431,64
9,6432,128
9,6433,19
9,6434,90
9,6435,25
9,6436,71
9,6437,39
9,6438,186
9,6439,64
9,6440,83
9,6441,64
9,6442,167
9,6443,52
9,6444,45
9,6445,160
9,6446,179
9,6447,154
9,6448,122
9,6449,57
9,6450,70
9,6451,51
9,6452,269
9,6453,26
9,6454,64
9,6455,64
9,6456,64
9,6457,116
9,6458,115
9,6459,108
9,6460,128
9,6461,147
9,6462,128
9,6463,96
9,6464,122
9,6465,58
9,6466,70
9,6467,71
9,6468,102
9,6469,-26
9,6470,204
9,6471,365
9,6472,147
9,6473,58
9,6474,141
9,6475,103
9,6476,64
9,6477,-51
9,6478,141
9,6479,58
9,6480,96
9,6481,103
9,6482,173
9,6483,115
9,6484,160
9,6485,64
9,6486,224
9,6487,128
9,6488,205
9,6489,378
9,6490,51
9,6491,32
9,6492,57
9,6493,32
9,6494,153
9,6495,32
9,6496,89
9,6497,64
9,6498,166
9,6499,83
9,6500,-44
9,6501,58
9,6502,115
9,6503,352
9,6504,64
9,6505,26
9,6506,26
9,6507,115
9,6508,128
9,6509,32
9,6510,96
9,6511,96
9,6512,70
9,6513,38
9,6514,96
9,6515,166
9,6516,192
9,6517,51
9,6518,173
9,6519,122
9,6520,147
9,6521,32
9,6522,90
9,6523,45
9,6524,109
9,6525,38
9,6526,90
9,6527,45
9,6528,90
9,6529,52
9,6530,301
9,6531,45
9,6532,102
9,6533,32
9,6534,45
9,6535,77
9,6536,64
9,6537,51
9,6538,160
9,6539,167
9,6540,128
9,6541,103
9,6542,211
9,6543,45
9,6544,108
9,6545,102
9,6546,128
9,6547,64
9,6548,25
9,6549,77
9,6550,70
9,6551,103
9,6552,70
9,6553,57
9,6554,115
9,6555,108
9,6556,166
9,6557,115
9,6558,51
9,6559,109
9,6560,51
9,6561,52
9,6562,84
9,6563,44
9,6564,64
9,6565,45
9,6566,166
9,6567,102
9,6568,77
9,6569,64
9,6570,224
9,6571,84
9,6572,102
9,6573,26
9,6574,199
9,6575,13
9,6576,108
9,6577,58
9,6578,58
9,6579,109
9,6580,64
9,6581,64
9,6582,32
9,6583,70
9,6584,-45
9,6585,77
9,6586,116
9,6587,77
9,6588,102
9,6589,64
9,6590,89
9,6591,109
9,6592,115
9,6593,58
9,6594,224
9,6595,109
9,6596,154
9,6597,-6
9,6598,128
9,6599,128
9,6600,116
9,6601,-38
9,6602,70
9,6603,58
9,6604,64
9,6605,32
9,6606,109
9,6607,45
9,6608,90
9,6609,108
9,6610,198
9,6611,103
9,6612,128
9,6613,38
9,6614,160
9,6615,51
9,6616,64
9,6617,45
9,6618,122
9,6619,64
9,6620,186
9,6621,32
9,6622,173
9,6623,19
9,6624,103
9,6625,166
9,6626,128
9,6627,-52
9,6628,148
9,6629,64
9,6630,121
9,6631,173
9,6632,84
9,6633,45
9,6634,64
9,6635,26
9,6636,109
9,6637,25
9,6638,71
9,6639,109
9,6640,263
9,6641,90
9,6642,186
9,6643,173
9,6644,134
9,6645,102
9,6646,166
9,6647,109
9,6648,39
9,6649,51
9,6650,51
9,6651,64
9,6652,77
9,6653,-6
9,6654,26
9,6655,89
9,6656,301
9,6657,39
9,6658,26
9,6659,115
9,6660,96
9,6661,45
9,6662,32
9,6663,90
9,6664,83
9,6665,71
9,6666,774
9,6667,115
9,6668,282
9,6669,45
9,6670,198
9,6671,224
9,6672,-45
9,6673,58
9,6674,84
9,6675,26
9,6676,39
9,6677,96
9,6678,45
9,6679,51
9,6680,32
9,6681,83
9,6682,115
9,6683,154
9,6684,122
9,6685,83
9,6686,71
9,6687,166
9,6688,70
9,6689,134
9,6690,83
9,6691,109
9,6692,77
9,6693,26
9,6694,58
9,6695,58
9,6696,64
9,6697,57
9,6698,160
9,6699,-160
9,6700,160
9,6701,51
9,6702,64
9,6703,147
9,6704,108
9,6705,352
9,6706,109
9,6707,108
9,6708,64
9,6709,64
9,6710,134
9,6711,52
9,6712,64
9,6713,45
9,6714,121
9,6715,141
9,6716,115
9,6717,70
9,6718,58
9,6719,307
9,6720,58
9,6721,51
9,6722,115
9,6723,109
9,6724,96
9,6725,358
9,6726,134
9,6727,109
9,6728,71
9,6729,45
9,6730,51
9,6731,268
9,6732,96
9,6733,135
9,6734,109
9,6735,58
9,6736,153
9,6737,45
9,6738,-25
9,6739,128
9,6740,154
9,6741,96
9,6742,218
9,6743,122
9,6744,179
9,6745,32
9,6746,135
9,6747,32
9,6748,32
9,6749,38
9,6750,51
9,6751,269
9,6752,64
9,6753,51
9,6754,160
9,6755,115
9,6756,128
9,6757,51
9,6758,173
9,6759,128
9,6760,115
9,6761,39
9,6762,96
9,6763,51
9,6764,64
9,6765,70
9,6766,205
9,6767,371
9,6768,77
9,6769,70
9,6770,211
9,6771,102
9,6772,140
9,6773,89
9,6774,128
9,6775,109
9,6776,122
9,6777,51
9,6778,154
9,6779,13
9,6780,19
9,6781,89
9,6782,326
9,6783,115
9,6784,102
9,6785,313
9,6786,20
9,6787,51
9,6788,102
9,6789,51
9,6790,-26
9,6791,96
9,6792,77
9,6793,102
9,6794,121
9,6795,224
9,6796,166
9,6797,51
9,6798,179
9,6799,410
9,6800,77
9,6801,26
9,6802,121
9,6803,109
9,6804,83
9,6805,25
9,6806,109
9,6807,109
9,6808,89
9,6809,64
9,6810,-32
9,6811,135
9,6812,173
9,6813,89
9,6814,262
9,6815,57
9,6816,102
9,6817,64
9,6818,64
9,6819,192
9,6820,57
9,6821,103
9,6822,102
9,6823,32
9,6824,70
9,6825,102
9,6826,160
9,6827,153
9,6828,217
9,6829,64
9,6830,116
9,6831,84
9,6832,115
9,6833,51
9,6834,173
9,6835,38
9,6836,64
9,6837,70
9,6838,135
9,6839,109
9,6840,58
9,6841,147
9,6842,224
9,6843,147
9,6844,199
9,6845,102
9,6846,199
9,6847,90
9,6848,166
9,6849,-7
9,6850,109
9,6851,64
9,6852,-38
9,6853,96
9,6854,102
9,6855,96
9,6856,96
9,6857,51
9,6858,115
9,6859,32
9,6860,141
9,6861,25
9,6862,96
9,6863,83
9,6864,108
9,6865,109
9,6866,71
9,6867,25
9,6868,-38
9,6869,103
9,6870,64
9,6871,-13
9,6872,58
9,6873,-51
9,6874,147
9,6875,64
9,6876,64
9,6877,70
9,6878,-51
9,6879,128
9,6880,71
9,6881,51
9,6882,109
9,6883,-64
9,6884,109
9,6885,52
9,6886,218
9,6887,25
9,6888,115
9,6889,32
9,6890,64
9,6891,64
9,6892,115
9,6893,57
9,6894,166
9,6895,109
9,6896,83
9,6897,51
9,6898,103
9,6899,122
9,6900,108
9,6901,103
9,6902,122
9,6903,52
9,6904,64
9,6905,25
9,6906,109
9,6907,77
9,6908,147
9,6909,89
9,6910,102
9,6911,58
9,6912,153
9,6913,19
9,6914,103
9,6915,52
9,6916,96
9,6917,90
9,6918,243
9,6919,103
9,6920,-25
9,6921,794
9,6922,147
9,6923,768
9,6924,141
9,6925,83
9,6926,173
9,6927,141
9,6928,102
9,6929,32
9,6930,45
9,6931,96
9,6932,44
9,6933,51
9,6934,71
9,6935,96
9,6936,121
9,6937,51
9,6938,109
9,6939,83
9,6940,71
9,6941,58
9,6942,224
9,6943,109
9,6944,141
9,6945,32
9,6946,231
9,6947,26
9,6948,-51
9,6949,52
9,6950,237
9,6951,58
9,6952,71
9,6953,-39
9,6954,115
9,6955,122
9,6956,141
9,6957,84
9,6958,160
9,6959,57
9,6960,134
9,6961,25
9,6962,160
9,6963,115
9,6964,58
9,6965,77
9,6966,249
9,6967,103
9,6968,32
9,6969,358
9,6970,160
9,6971,83
9,6972,116
9,6973,96
9,6974,-32
9,6975,135
9,6976,32
9,6977,128
9,6978,121
9,6979,141
9,6980,205
9,6981,134
9,6982,173
9,6983,109
9,6984,-38
9,6985,-32
9,6986,58
9,6987,26
9,6988,32
9,6989,-45
9,6990,70
9,6991,19
9,6992,70
9,6993,199
9,6994,211
9,6995,121
9,6996,39
9,6997,51
9,6998,102
9,6999,109
9,7000,115
9,7001,90
9,7002,160
9,7003,102
9,7004,64
9,7005,109
9,7006,51
9,7007,64
9,7008,71
9,7009,154
9,7010,103
9,7011,211
9,7012,160
9,7013,96
9,7014,198
9,7015,135
9,7016,205
9,7017,-7
9,7018,192
9,7019,70
9,7020,70
9,7021,58
9,7022,166
9,7023,122
9,7024,38
9,7025,173
9,7026,186
9,7027,64
9,7028,116
9,7029,121
9,7030,185
9,7031,141
9,7032,167
9,7033,51
9,7034,109
9,7035,52
9,7036,38
9,7037,90
9,7038,160
9,7039,25
9,7040,70
9,7041,32
9,7042,51
9,7043,58
9,7044,71
9,7045,51
9,7046,115
9,7047,-32
9,7048,70
9,7049,64
9,7050,134
9,7051,141
9,7052,249
9,7053,122
9,7054,218
9,7055,96
9,7056,51
9,7057,77
9,7058,128
9,7059,102
9,7060,83
9,7061,39
9,7062,45
9,7063,128
9,7064,44
9,7065,77
9,7066,141
9,7067,173
9,7068,115
9,7069,89
9,7070,70
9,7071,96
9,7072,84
9,7073,26
9,7074,77
9,7075,70
9,7076,57
9,7077,58
9,7078,192
9,7079,96
9,7080,64
9,7081,77
9,7082,64
9,7083,96
9,7084,147
9,7085,51
9,7086,211
9,7087,115
9,7088,358
9,7089,32
9,7090,26
9,7091,-32
9,7092,128
9,7093,64
9,7094,71
9,7095,89
9,7096,134
9,7097,45
9,7098,64
9,7099,96
9,7100,102
9,7101,45
9,7102,58
9,7103,371
9,7104,45
9,7105,52
9,7106,397
9,7107,71
9,7108,96
9,7109,19
9,7110,58
9,7111,58
9,7112,103
9,7113,26
9,7114,102
9,7115,135
9,7116,96
9,7117,90
9,7118,166
9,7119,90
9,7120,115
9,7121,115
9,7122,45
9,7123,115
9,7124,172
9,7125,51
9,7126,224
9,7127,58
9,7128,115
9,7129,45
9,7130,71
9,7131,116
9,7132,52
9,7133,26
9,7134,51
9,7135,77
9,7136,38
9,7137,102
9,7138,109
9,7139,116
9,7140,122
9,7141,64
9,7142,77
9,7143,77
9,7144,122
9,7145,58
9,7146,141
9,7147,32
9,7148,218
9,7149,58
9,7150,77
9,7151,320
9,7152,64
9,7153,109
9,7154,51
9,7155,70
9,7156,134
9,7157,58
9,7158,128
9,7159,58
9,7160,70
9,7161,51
9,7162,192
9,7163,154
9,7164,89
9,7165,19
9,7166,51
9,7167,205
9,7168,122
9,7169,108
9,7170,64
9,7171,64
9,7172,51
9,7173,-25
9,7174,96
9,7175,64
9,7176,64
9,7177,64
9,7178,793
9,7179,115
9,7180,96
9,7181,77
9,7182,218
9,7183,301
9,7184,77
9,7185,45
9,7186,64
9,7187,12
9,7188,32
9,7189,358
9,7190,19
9,7191,64
9,7192,64
9,7193,64
9,7194,116
9,7195,64
9,7196,108
9,7197,70
9,7198,198
9,7199,77
9,7200,-51
9,7201,57
9,7202,83
9,7203,52
9,7204,44
9,7205,52
9,7206,64
9,7207,64
9,7208,64
9,7209,58
9,7210,153
9,7211,96
9,7212,109
9,7213,96
9,7214,122
9,7215,83
9,7216,-12
9,7217,44
9,7218,70
9,7219,25
9,7220,45
9,7221,58
9,7222,103
9,7223,109
9,7224,64
9,7225,96
9,7226,199
9,7227,372
9,7228,96
9,7229,96
9,7230,96
9,7231,103
9,7232,179
9,7233,51
9,7234,64
9,7235,51
9,7236,269
9,7237,51
9,7238,115
9,7239,109
9,7240,173
9,7241,51
9,7242,121
9,7243,32
9,7244,-26
9,7245,76
9,7246,38
9,7247,103
9,7248,96
9,7249,45
9,7250,166
9,7251,64
9,7252,51
9,7253,52
9,7254,128
9,7255,71
9,7256,262
9,7257,19
9,7258,58
9,7259,64
9,7260,84
9,7261,83
9,7262,58
9,7263,57
9,7264,45
9,7265,64
9,7266,89
9,7267,128
9,7268,128
9,7269,64
9,7270,205
9,7271,90
9,7272,269
9,7273,154
9,7274,166
9,7275,71
9,7276,52
9,7277,32
9,7278,128
9,7279,128
9,7280,13
9,7281,-32
9,7282,71
9,7283,115
9,7284,109
9,7285,52
9,7286,224
9,7287,109
9,7288,115
9,7289,57
9,7290,141
9,7291,115
9,7292,122
9,7293,51
9,7294,147
9,7295,108
9,7296,153
9,7297,102
9,7298,115
9,7299,58
9,7300,109
9,7301,44
9,7302,167
9,7303,122
9,7304,352
9,7305,70
9,7306,211
9,7307,224
9,7308,224
9,7309,166
9,7310,313
9,7311,122
9,7312,141
9,7313,57
9,7314,108
9,7315,45
9,7316,122
9,7317,51
9,7318,205
9,7319,122
9,7320,109
9,7321,71
9,7322,115
9,7323,25
9,7324,90
9,7325,39
9,7326,58
9,7327,160
9,7328,70
9,7329,77
9,7330,71
9,7331,346
9,7332,51
9,7333,51
9,7334,57
9,7335,84
9,7336,58
9,7337,84
9,7338,109
9,7339,121
9,7340,90
9,7341,32
9,7342,147
9,7343,64
9,7344,96
9,7345,51
9,7346,154
9,7347,64
9,7348,103
9,7349,51
9,7350,109
9,7351,307
9,7352,77
9,7353,51
9,7354,192
9,7355,70
9,7356,122
9,7357,-32
9,7358,217
9,7359,70
9,7360,77
9,7361,45
9,7362,70
9,7363,57
9,7364,173
9,7365,19
9,7366,135
9,7367,-57
9,7368,115
9,7369,96
9,7370,160
9,7371,77
9,7372,115
9,7373,51
9,7374,128
9,7375,64
9,7376,77
9,7377,45
9,7378,76
9,7379,76
9,7380,70
9,7381,51
9,7382,64
9,7383,64
9,7384,32
9,7385,38
9,7386,377
9,7387,102
9,7388,115
9,7389,51
9,7390,180
9,7391,121
9,7392,71
9,7393,71
9,7394,160
9,7395,186
9,7396,70
9,7397,58
9,7398,51
9,7399,19
9,7400,109
9,7401,38
9,7402,134
9,7403,109
9,7404,108
9,7405,57
9,7406,211
9,7407,108
9,7408,198
9,7409,51
9,7410,122
9,7411,77
9,7412,167
9,7413,45
9,7414,70
9,7415,122
9,7416,102
9,7417,51
9,7418,154
9,7419,153
9,7420,173
9,7421,211
9,7422,83
9,7423,217
9,7424,77
9,7425,19
9,7426,51
9,7427,77
9,7428,-45
9,7429,45
9,7430,77
9,7431,108
9,7432,147
9,7433,794
9,7434,153
9,7435,819
9,7436,154
9,7437,51
9,7438,70
9,7439,71
9,7440,128
9,7441,71
9,7442,109
9,7443,64
9,7444,70
9,7445,96
9,7446,378
9,7447,25
9,7448,-44
9,7449,122
9,7450,51
9,7451,84
9,7452,128
9,7453,51
9,7454,160
9,7455,167
9,7456,103
9,7457,38
9,7458,345
9,7459,25
9,7460,90
9,7461,71
9,7462,154
9,7463,64
9,7464,122
9,7465,39
9,7466,109
9,7467,64
9,7468,115
9,7469,64
9,7470,172
9,7471,57
9,7472,269
9,7473,58
9,7474,64
9,7475,64
9,7476,38
9,7477,58
9,7478,96
9,7479,77
9,7480,32
9,7481,89
9,7482,167
9,7483,96
9,7484,89
9,7485,-32
9,7486,109
9,7487,140
9,7488,57
9,7489,19
9,7490,109
9,7491,57
9,7492,141
9,7493,141
9,7494,160
9,7495,57
9,7496,70
9,7497,45
9,7498,64
9,7499,64
9,7500,32
9,7501,45
9,7502,128
9,7503,51
9,7504,32
9,7505,326
9,7506,96
9,7507,103
9,7508,185
9,7509,83
9,7510,199
9,7511,76
9,7512,76
9,7513,26
9,7514,64
9,7515,141
9,7516,45
9,7517,-39
9,7518,77
9,7519,26
9,7520,160
9,7521,71
9,7522,141
9,7523,115
9,7524,147
9,7525,64
9,7526,173
9,7527,160
9,7528,160
9,7529,57
9,7530,70
9,7531,89
9,7532,-26
9,7533,-51
9,7534,185
9,7535,45
9,7536,148
9,7537,57
9,7538,109
9,7539,64
9,7540,77
9,7541,51
9,7542,70
9,7543,76
9,7544,64
9,7545,19
9,7546,64
9,7547,58
9,7548,250
9,7549,58
9,7550,26
9,7551,64
9,7552,51
9,7553,25
9,7554,58
9,7555,109
9,7556,32
9,7557,128
9,7558,102
9,7559,83
9,7560,128
9,7561,51
9,7562,243
9,7563,134
9,7564,371
9,7565,32
9,7566,134
9,7567,58
9,7568,102
9,7569,32
9,7570,160
9,7571,70
9,7572,58
9,7573,64
9,7574,179
9,7575,90
9,7576,166
9,7577,77
9,7578,166
9,7579,185
9,7580,128
9,7581,51
9,7582,173
9,7583,141
9,7584,51
9,7585,179
9,7586,32
9,7587,96
9,7588,-13
9,7589,38
9,7590,70
9,7591,115
9,7592,45
9,7593,71
9,7594,173
9,7595,218
9,7596,122
9,7597,58
9,7598,128
9,7599,77
9,7600,70
9,7601,44
9,7602,89
9,7603,58
9,7604,57
9,7605,58
9,7606,13
9,7607,57
9,7608,51
9,7609,58
9,7610,198
9,7611,371
9,7612,76
9,7613,44
9,7614,32
9,7615,57
9,7616,51
9,7617,103
9,7618,134
9,7619,103
9,7620,64
9,7621,-38
9,7622,128
9,7623,70
9,7624,167
9,7625,57
9,7626,77
9,7627,115
9,7628,147
9,7629,58
9,7630,52
9,7631,64
9,7632,51
9,7633,122
9,7634,109
9,7635,147
9,7636,153
9,7637,102
9,7638,140
9,7639,102
9,7640,77
9,7641,39
9,7642,109
9,7643,-64
9,7644,70
9,7645,-6
9,7646,160
9,7647,45
9,7648,77
9,7649,96
9,7650,-32
9,7651,64
9,7652,102
9,7653,372
9,7654,103
9,7655,116
9,7656,58
9,7657,58
9,7658,301
9,7659,32
9,7660,83
9,7661,-19
9,7662,57
9,7663,224
9,7664,70
9,7665,58
9,7666,116
9,7667,134
9,7668,115
9,7669,52
9,7670,199
9,7671,58
9,7672,70
9,7673,51
9,7674,38
9,7675,45
9,7676,109
9,7677,39
9,7678,128
9,7679,77
9,7680,116
9,7681,-70
9,7682,154
9,7683,32
9,7684,57
9,7685,26
9,7686,102
9,7687,70
9,7688,57
9,7689,70
9,7690,781
9,7691,115
9,7692,185
9,7693,51
9,7694,115
9,7695,32
9,7696,64
9,7697,147
9,7698,70
9,7699,25
9,7700,109
9,7701,32
9,7702,70
9,7703,25
9,7704,77
9,7705,121
9,7706,134
9,7707,96
9,7708,128
9,7709,77
9,7710,83
9,7711,115
9,7712,-58
9,7713,211
9,7714,96
9,7715,102
9,7716,70
9,7717,-25
9,7718,148
9,7719,71
9,7720,77
9,7721,135
9,7722,103
9,7723,160
9,7724,83
9,7725,32
9,7726,166
9,7727,116
9,7728,116
9,7729,64
9,7730,26
9,7731,71
9,7732,307
9,7733,51
9,7734,122
9,7735,58
9,7736,307
9,7737,115
9,7738,160
9,7739,83
9,7740,64
9,7741,51
9,7742,135
9,7743,102
9,7744,70
9,7745,39
9,7746,121
9,7747,64
9,7748,550
9,7749,224
9,7750,269
9,7751,135
9,7752,115
9,7753,57
9,7754,115
9,7755,64
9,7756,-38
9,7757,45
9,7758,77
9,7759,51
9,7760,109
9,7761,57
9,7762,122
9,7763,103
9,7764,109
9,7765,109
9,7766,141
9,7767,115
9,7768,-32
9,7769,90
9,7770,64
9,7771,45
9,7772,96
9,7773,71
9,7774,160
9,7775,64
9,7776,96
9,7777,83
9,7778,64
9,7779,192
9,7780,301
9,7781,89
9,7782,115
9,7783,103
9,7784,102
9,7785,-6
9,7786,109
9,7787,26
9,7788,26
9,7789,-6
9,7790,64
9,7791,70
9,7792,58
9,7793,58
9,7794,84
9,7795,166
9,7796,115
9,7797,103
9,7798,179
9,7799,102
9,7800,76
9,7801,205
9,7802,115
9,7803,77
9,7804,128
9,7805,26
9,7806,115
9,7807,-51
9,7808,70
9,7809,57
9,7810,167
9,7811,71
9,7812,70
9,7813,90
9,7814,109
9,7815,-58
9,7816,45
9,7817,96
9,7818,166
9,7819,154
9,7820,96
9,7821,115
9,7822,64
9,7823,116
9,7824,32
9,7825,19
9,7826,109
9,7827,-51
9,7828,44
9,7829,58
9,7830,90
9,7831,51
9,7832,192
9,7833,77
9,7834,160
9,7835,71
9,7836,84
9,7837,52
9,7838,26
9,7839,58
9,7840,57
9,7841,109
9,7842,160
9,7843,109
9,7844,64
9,7845,45
9,7846,57
9,7847,25
9,7848,71
9,7849,70
9,7850,192
9,7851,70
9,7852,121
9,7853,96
9,7854,32
9,7855,70
9,7856,102
9,7857,32
9,7858,-51
9,7859,45
9,7860,64
9,7861,39
9,7862,77
9,7863,20
9,7864,38
9,7865,45
9,7866,103
9,7867,64
9,7868,122
9,7869,116
9,7870,218
9,7871,71
9,7872,77
9,7873,45
9,7874,160
9,7875,45
9,7876,103
9,7877,32
9,7878,84
9,7879,52
9,7880,64
9,7881,51
9,7882,128
9,7883,64
9,7884,64
9,7885,103
9,7886,64
9,7887,64
9,7888,83
9,7889,58
9,7890,109
9,7891,71
9,7892,166
9,7893,51
9,7894,-32
9,7895,58
9,7896,128
9,7897,166
9,7898,160
9,7899,109
9,7900,96
9,7901,108
9,7902,167
9,7903,173
9,7904,96
9,7905,77
9,7906,122
9,7907,58
9,7908,122
9,7909,51
9,7910,71
9,7911,154
9,7912,115
9,7913,-19
9,7914,173
9,7915,96
9,7916,109
9,7917,96
9,7918,268
9,7919,64
9,7920,128
9,7921,160
9,7922,109
9,7923,51
9,7924,167
9,7925,51
9,7926,205
9,7927,102
9,7928,186
9,7929,83
9,7930,128
9,7931,237
9,7932,180
9,7933,512
9,7934,173
9,7935,198
9,7936,-51
9,7937,58
9,7938,89
9,7939,52
9,7940,64
9,7941,26
9,7942,346
9,7943,173
9,7944,115
9,7945,787
9,7946,147
9,7947,787
9,7948,71
9,7949,58
9,7950,70
9,7951,102
9,7952,96
9,7953,26
9,7954,96
9,7955,90
9,7956,141
9,7957,38
9,7958,199
9,7959,26
9,7960,102
9,7961,-70
9,7962,103
9,7963,128
9,7964,109
9,7965,128
9,7966,237
9,7967,77
9,7968,96
9,7969,70
9,7970,205
9,7971,26
9,7972,39
9,7973,57
9,7974,377
9,7975,-32
9,7976,135
9,7977,179
9,7978,186
9,7979,121
9,7980,122
9,7981,89
9,7982,166
9,7983,134
9,7984,256
9,7985,32
9,7986,-19
9,7987,77
9,7988,154
9,7989,166
9,7990,115
9,7991,141
9,7992,64
9,7993,64
9,7994,108
9,7995,147
9,7996,57
9,7997,64
9,7998,192
9,7999,89
9,8000,64
9,8001,76
9,8002,-26
9,8003,77
9,8004,83
9,8005,96
9,8006,179
9,8007,103
9,8008,70
9,8009,51
9,8010,20
9,8011,26
9,8012,71
9,8013,32
9,8014,19
9,8015,26
9,8016,-45
9,8017,70
9,8018,160
9,8019,64
9,8020,147
9,8021,51
9,8022,102
9,8023,115
9,8024,185
9,8025,-6
9,8026,122
9,8027,218
9,8028,371
9,8029,51
9,8030,172
9,8031,96
9,8032,77
9,8033,141
9,8034,96
9,8035,115
9,8036,116
9,8037,32
9,8038,58
9,8039,135
9,8040,122
9,8041,19
9,8042,71
9,8043,115
9,8044,167
9,8045,51
9,8046,122
9,8047,26
9,8048,51
9,8049,294
9,8050,115
9,8051,134
9,8052,160
9,8053,57
9,8054,224
9,8055,109
9,8056,-32
9,8057,44
9,8058,147
9,8059,32
9,8060,-38
9,8061,45
9,8062,51
9,8063,19
9,8064,115
9,8065,26
9,8066,71
9,8067,102
9,8068,96
9,8069,58
9,8070,115
9,8071,51
9,8072,89
9,8073,52
9,8074,116
9,8075,96
9,8076,102
9,8077,51
9,8078,96
9,8079,147
9,8080,103
9,8081,262
9,8082,-44
9,8083,135
9,8084,71
9,8085,-32
9,8086,32
9,8087,96
9,8088,102
9,8089,109
9,8090,172
9,8091,109
9,8092,122
9,8093,64
9,8094,128
9,8095,160
9,8096,83
9,8097,51
9,8098,167
9,8099,96
9,8100,102
9,8101,76
9,8102,224
9,8103,19
9,8104,134
9,8105,90
9,8106,154
9,8107,358
9,8108,115
9,8109,90
9,8110,512
9,8111,410
9,8112,147
9,8113,38
9,8114,115
9,8115,83
9,8116,102
9,8117,96
9,8118,198
9,8119,51
9,8120,109
9,8121,77
9,8122,192
9,8123,-19
9,8124,71
9,8125,39
9,8126,77
9,8127,102
9,8128,45
9,8129,-19
9,8130,180
9,8131,77
9,8132,45
9,8133,26
9,8134,-339
9,8135,115
9,8136,109
9,8137,-26
9,8138,416
9,8139,122
9,8140,26
9,8141,83
9,8142,141
9,8143,83
9,8144,-52
9,8145,96
9,8146,160
9,8147,77
9,8148,314
9,8149,51
9,8150,198
9,8151,32
9,8152,84
9,8153,44
9,8154,25
9,8155,90
9,8156,96
9,8157,38
9,8158,166
9,8159,96
9,8160,51
9,8161,134
9,8162,128
9,8163,128
9,8164,51
9,8165,64
9,8166,160
9,8167,84
9,8168,51
9,8169,26
9,8170,173
9,8171,109
9,8172,211
9,8173,205
9,8174,25
9,8175,84
9,8176,64
9,8177,109
9,8178,205
9,8179,128
9,8180,128
9,8181,115
9,8182,256
9,8183,84
9,8184,116
9,8185,70
9,8186,128
9,8187,96
9,8188,83
9,8189,26
9,8190,154
9,8191,-44
9,8192,77
9,8193,44
9,8194,64
9,8195,71
9,8196,57
9,8197,45
9,8198,166
9,8199,26
9,8200,116
9,8201,51
9,8202,787
9,8203,-26
9,8204,186
9,8205,147
9,8206,26
9,8207,115
9,8208,77
9,8209,51
9,8210,77
9,8211,32
9,8212,77
9,8213,51
9,8214,64
9,8215,77
9,8216,64
9,8217,38
9,8218,185
9,8219,160
9,8220,122
9,8221,359
9,8222,205
9,8223,71
9,8224,90
9,8225,51
9,8226,39
9,8227,58
9,8228,64
9,8229,51
9,8230,218
9,8231,77
9,8232,38
9,8233,58
9,8234,12
9,8235,102
9,8236,166
9,8237,64
9,8238,185
9,8239,128
9,8240,211
9,8241,25
9,8242,148
9,8243,71
9,8244,-32
9,8245,109
9,8246,64
9,8247,64
9,8248,32
9,8249,58
9,8250,134
9,8251,147
9,8252,121
9,8253,263
9,8254,76
9,8255,108
9,8256,109
9,8257,64
9,8258,166
9,8259,237
9,8260,121
9,8261,77
9,8262,109
9,8263,51
9,8264,71
9,8265,-39
9,8266,90
9,8267,57
9,8268,70
9,8269,167
9,8270,160
9,8271,96
9,8272,102
9,8273,77
9,8274,204
9,8275,64
9,8276,71
9,8277,57
9,8278,122
9,8279,70
9,8280,57
9,8281,32
9,8282,-71
9,8283,84
9,8284,64
9,8285,391
9,8286,38
9,8287,51
9,8288,90
9,8289,121
9,8290,122
9,8291,390
9,8292,128
9,8293,58
9,8294,64
9,8295,116
9,8296,109
9,8297,19
9,8298,71
9,8299,57
9,8300,32
9,8301,26
9,8302,-19
9,8303,57
9,8304,83
9,8305,45
9,8306,51
9,8307,167
9,8308,89
9,8309,32
9,8310,211
9,8311,77
9,8312,166
9,8313,26
9,8314,128
9,8315,122
9,8316,109
9,8317,32
9,8318,141
9,8319,103
9,8320,77
9,8321,45
9,8322,141
9,8323,-45
9,8324,115
9,8325,45
9,8326,122
9,8327,359
9,8328,83
9,8329,102
9,8330,121
9,8331,109
9,8332,173
9,8333,224
9,8334,77
9,8335,115
9,8336,102
9,8337,96
9,8338,-45
9,8339,77
9,8340,19
9,8341,-26
9,8342,128
9,8343,51
9,8344,96
9,8345,45
9,8346,148
9,8347,109
9,8348,71
9,8349,38
9,8350,122
9,8351,192
9,8352,89
9,8353,51
9,8354,58
9,8355,38
9,8356,45
9,8357,45
9,8358,147
9,8359,109
9,8360,167
9,8361,109
9,8362,179
9,8363,160
9,8364,122
9,8365,45
9,8366,147
9,8367,173
9,8368,76
9,8369,-26
9,8370,109
9,8371,58
9,8372,141
9,8373,58
9,8374,109
9,8375,96
9,8376,64
9,8377,64
9,8378,211
9,8379,70
9,8380,160
9,8381,32
9,8382,103
9,8383,77
9,8384,-45
9,8385,51
9,8386,122
9,8387,172
9,8388,71
9,8389,39
9,8390,71
9,8391,70
9,8392,38
9,8393,51
9,8394,102
9,8395,51
9,8396,147
9,8397,58
9,8398,58
9,8399,25
9,8400,58
9,8401,45
9,8402,153
9,8403,96
9,8404,103
9,8405,83
9,8406,173
9,8407,122
9,8408,115
9,8409,51
9,8410,154
9,8411,-32
9,8412,-44
9,8413,243
9,8414,173
9,8415,77
9,8416,90
9,8417,25
9,8418,134
9,8419,25
9,8420,148
9,8421,38
9,8422,103
9,8423,371
9,8424,115
9,8425,90
9,8426,96
9,8427,115
9,8428,96
9,8429,77
9,8430,70
9,8431,122
9,8432,122
9,8433,64
9,8434,115
9,8435,109
9,8436,109
9,8437,-45
9,8438,153
9,8439,166
9,8440,64
9,8441,84
9,8442,128
9,8443,147
9,8444,173
9,8445,141
9,8446,32
9,8447,115
9,8448,64
9,8449,25
9,8450,83
9,8451,32
9,8452,64
9,8453,77
9,8454,160
9,8455,70
9,8456,109
9,8457,794
9,8458,180
9,8459,781
9,8460,148
9,8461,83
9,8462,115
9,8463,102
9,8464,89
9,8465,26
9,8466,64
9,8467,52
9,8468,83
9,8469,58
9,8470,109
9,8471,109
9,8472,77
9,8473,71
9,8474,102
9,8475,121
9,8476,186
9,8477,109
9,8478,45
9,8479,147
9,8480,327
9,8481,32
9,8482,102
9,8483,-19
9,8484,128
9,8485,32
9,8486,141
9,8487,103
9,8488,71
9,8489,58
9,8490,128
9,8491,83
9,8492,-38
9,8493,64
9,8494,116
9,8495,204
9,8496,64
9,8497,51
9,8498,218
9,8499,26
9,8500,71
9,8501,352
9,8502,102
9,8503,90
9,8504,108
9,8505,103
9,8506,134
9,8507,58
9,8508,58
9,8509,102
9,8510,121
9,8511,77
9,8512,51
9,8513,135
9,8514,-32
9,8515,122
9,8516,70
9,8517,115
9,8518,179
9,8519,109
9,8520,115
9,8521,32
9,8522,115
9,8523,64
9,8524,71
9,8525,39
9,8526,71
9,8527,83
9,8528,90
9,8529,64
9,8530,128
9,8531,71
9,8532,116
9,8533,147
9,8534,109
9,8535,26
9,8536,77
9,8537,45
9,8538,51
9,8539,51
9,8540,70
9,8541,44
9,8542,384
9,8543,122
9,8544,-45
9,8545,64
9,8546,167
9,8547,76
9,8548,96
9,8549,103
9,8550,70
9,8551,128
9,8552,166
9,8553,96
9,8554,122
9,8555,108
9,8556,64
9,8557,-39
9,8558,96
9,8559,64
9,8560,52
9,8561,64
9,8562,167
9,8563,103
9,8564,89
9,8565,64
9,8566,90
9,8567,89
9,8568,166
9,8569,32
9,8570,160
9,8571,352
9,8572,64
9,8573,45
9,8574,160
9,8575,25
9,8576,64
9,8577,-38
9,8578,58
9,8579,96
9,8580,166
9,8581,-51
9,8582,166
9,8583,71
9,8584,147
9,8585,51
9,8586,365
9,8587,13
9,8588,128
9,8589,103
9,8590,205
9,8591,77
9,8592,172
9,8593,19
9,8594,147
9,8595,103
9,8596,32
9,8597,90
9,8598,160
9,8599,77
9,8600,32
9,8601,147
9,8602,134
9,8603,166
9,8604,109
9,8605,108
9,8606,115
9,8607,128
9,8608,58
9,8609,90
9,8610,147
9,8611,71
9,8612,64
9,8613,83
9,8614,199
9,8615,76
9,8616,166
9,8617,77
9,8618,147
9,8619,51
9,8620,154
9,8621,58
9,8622,217
9,8623,102
9,8624,83
9,8625,32
9,8626,32
9,8627,64
9,8628,58
9,8629,51
9,8630,128
9,8631,108
9,8632,96
9,8633,109
9,8634,128
9,8635,134
9,8636,115
9,8637,52
9,8638,64
9,8639,90
9,8640,77
9,8641,115
9,8642,256
9,8643,26
9,8644,102
9,8645,38
9,8646,230
9,8647,166
9,8648,115
9,8649,26
9,8650,103
9,8651,-38
9,8652,70
9,8653,44
9,8654,128
9,8655,83
9,8656,58
9,8657,70
9,8658,77
9,8659,109
9,8660,109
9,8661,51
9,8662,160
9,8663,115
9,8664,371
9,8665,39
9,8666,141
9,8667,57
9,8668,77
9,8669,32
9,8670,160
9,8671,102
9,8672,141
9,8673,109
9,8674,134
9,8675,83
9,8676,122
9,8677,45
9,8678,179
9,8679,26
9,8680,58
9,8681,166
9,8682,198
9,8683,45
9,8684,64
9,8685,135
9,8686,172
9,8687,102
9,8688,45
9,8689,64
9,8690,173
9,8691,128
9,8692,96
9,8693,58
9,8694,115
9,8695,64
9,8696,70
9,8697,45
9,8698,-32
9,8699,160
9,8700,122
9,8701,57
9,8702,147
9,8703,19
9,8704,96
9,8705,52
9,8706,179
9,8707,26
9,8708,32
9,8709,44
9,8710,25
9,8711,96
9,8712,58
9,8713,64
9,8714,787
9,8715,109
9,8716,83
9,8717,122
9,8718,256
9,8719,109
9,8720,122
9,8721,58
9,8722,166
9,8723,84
9,8724,70
9,8725,51
9,8726,128
9,8727,403
9,8728,-96
9,8729,83
9,8730,204
9,8731,121
9,8732,58
9,8733,57
9,8734,172
9,8735,109
9,8736,58
9,8737,45
9,8738,71
9,8739,167
9,8740,83
9,8741,45
9,8742,166
9,8743,83
9,8744,90
9,8745,96
9,8746,-38
9,8747,140
9,8748,147
9,8749,32
9,8750,167
9,8751,71
9,8752,51
9,8753,32
9,8754,76
9,8755,167
9,8756,115
9,8757,38
9,8758,134
9,8759,58
9,8760,45
9,8761,25
9,8762,64
9,8763,128
9,8764,58
9,8765,-38
9,8766,160
9,8767,64
9,8768,109
9,8769,109
9,8770,160
9,8771,58
9,8772,58
9,8773,64
9,8774,58
9,8775,109
9,8776,102
9,8777,-58
9,8778,26
9,8779,25
9,8780,39
9,8781,71
9,8782,198
9,8783,70
9,8784,160
9,8785,96
9,8786,211
9,8787,103
9,8788,89
9,8789,51
9,8790,186
9,8791,108
9,8792,52
9,8793,32
9,8794,154
9,8795,26
9,8796,57
9,8797,51
9,8798,205
9,8799,83
9,8800,45
9,8801,128
9,8802,102
9,8803,122
9,8804,-32
9,8805,64
9,8806,70
9,8807,108
9,8808,64
9,8809,-32
9,8810,154
9,8811,25
9,8812,52
9,8813,71
9,8814,89
9,8815,134
9,8816,109
9,8817,90
9,8818,269
9,8819,115
9,8820,115
9,8821,71
9,8822,96
9,8823,109
9,8824,154
9,8825,32
9,8826,57
9,8827,70
9,8828,52
9,8829,-25
9,8830,192
9,8831,77
9,8832,102
9,8833,115
9,8834,-51
9,8835,39
9,8836,64
9,8837,83
9,8838,135
9,8839,109
9,8840,109
9,8841,58
9,8842,172
9,8843,166
9,8844,153
9,8845,51
9,8846,160
9,8847,76
9,8848,64
9,8849,-7
9,8850,121
9,8851,77
9,8852,51
9,8853,45
9,8854,-25
9,8855,71
9,8856,102
9,8857,109
9,8858,147
9,8859,121
9,8860,173
9,8861,84
9,8862,147
9,8863,109
9,8864,115
9,8865,44
9,8866,122
9,8867,90
9,8868,103
9,8869,71
9,8870,371
9,8871,128
9,8872,70
9,8873,102
9,8874,109
9,8875,64
9,8876,64
9,8877,57
9,8878,77
9,8879,122
9,8880,109
9,8881,26
9,8882,83
9,8883,32
9,8884,185
9,8885,58
9,8886,218
9,8887,115
9,8888,64
9,8889,83
9,8890,167
9,8891,141
9,8892,160
9,8893,45
9,8894,109
9,8895,64
9,8896,71
9,8897,96
9,8898,365
9,8899,-19
9,8900,58
9,8901,45
9,8902,179
9,8903,32
9,8904,58
9,8905,71
9,8906,128
9,8907,70
9,8908,109
9,8909,352
9,8910,166
9,8911,32
9,8912,77
9,8913,51
9,8914,64
9,8915,71
9,8916,51
9,8917,51
9,8918,102
9,8919,115
9,8920,102
9,8921,58
9,8922,115
9,8923,116
9,8924,71
9,8925,51
9,8926,179
9,8927,108
9,8928,89
9,8929,76
9,8930,160
9,8931,77
9,8932,90
9,8933,57
9,8934,224
9,8935,77
9,8936,160
9,8937,32
9,8938,115
9,8939,122
9,8940,186
9,8941,77
9,8942,205
9,8943,121
9,8944,96
9,8945,-32
9,8946,237
9,8947,57
9,8948,116
9,8949,64
9,8950,371
9,8951,77
9,8952,115
9,8953,51
9,8954,166
9,8955,147
9,8956,96
9,8957,64
9,8958,211
9,8959,32
9,8960,58
9,8961,-122
9,8962,109
9,8963,102
9,8964,45
9,8965,70
9,8966,224
9,8967,141
9,8968,57
9,8969,800
9,8970,160
9,8971,781
9,8972,77
9,8973,51
9,8974,224
9,8975,58
9,8976,160
9,8977,-26
9,8978,109
9,8979,64
9,8980,57
9,8981,244
9,8982,166
9,8983,64
9,8984,32
9,8985,96
9,8986,115
9,8987,-173
9,8988,103
9,8989,96
9,8990,173
9,8991,-64
9,8992,-51
9,8993,96
9,8994,103
9,8995,51
9,8996,70
9,8997,52
9,8998,166
9,8999,77
9,9000,102
9,9001,77
9,9002,173
9,9003,141
9,9004,90
9,9005,115
9,9006,192
9,9007,64
9,9008,160
9,9009,26
9,9010,160
9,9011,96
9,9012,51
9,9013,103
9,9014,115
9,9015,147
9,9016,115
9,9017,64
9,9018,180
9,9019,109
9,9020,64
9,9021,89
9,9022,135
9,9023,326
9,9024,109
9,9025,-38
9,9026,172
9,9027,160
9,9028,154
9,9029,89
9,9030,166
9,9031,64
9,9032,115
9,9033,51
9,9034,64
9,9035,-51
9,9036,77
9,9037,19
9,9038,167
9,9039,57
9,9040,32
9,9041,70
9,9042,147
9,9043,102
9,9044,185
9,9045,64
9,9046,167
9,9047,122
9,9048,102
9,9049,26
9,9050,205
9,9051,38
9,9052,89
9,9053,52
9,9054,256
9,9055,96
9,9056,57
9,9057,64
9,9058,121
9,9059,160
9,9060,121
9,9061,51
9,9062,154
9,9063,103
9,9064,167
9,9065,51
9,9066,167
9,9067,122
9,9068,-39
9,9069,128
9,9070,167
9,9071,140
9,9072,103
9,9073,57
9,9074,109
9,9075,103
9,9076,108
9,9077,141
9,9078,102
9,9079,83
9,9080,77
9,9081,-25
9,9082,160
9,9083,19
9,9084,58
9,9085,64
9,9086,166
9,9087,64
9,9088,109
9,9089,70
9,9090,64
9,9091,108
9,9092,26
9,9093,64
9,9094,71
9,9095,109
9,9096,103
9,9097,58
9,9098,148
9,9099,70
9,9100,115
9,9101,39
9,9102,77
9,9103,-32
9,9104,128
9,9105,44
9,9106,39
9,9107,64
9,9108,32
9,9109,70
9,9110,154
9,9111,122
9,9112,96
9,9113,166
9,9114,166
9,9115,58
9,9116,90
9,9117,96
9,9118,186
9,9119,96
9,9120,64
9,9121,32
9,9122,121
9,9123,77
9,9124,166
9,9125,44
9,9126,83
9,9127,89
9,9128,90
9,9129,26
9,9130,109
9,9131,76
9,9132,115
9,9133,64
9,9134,-32
9,9135,128
9,9136,109
9,9137,109
9,9138,70
9,9139,64
9,9140,134
9,9141,45
9,9142,102
9,9143,122
9,9144,-38
9,9145,154
9,9146,153
9,9147,116
9,9148,167
9,9149,44
9,9150,64
9,9151,109
9,9152,76
9,9153,58
9,9154,58
9,9155,211
9,9156,122
9,9157,58
9,9158,115
9,9159,71
9,9160,-51
9,9161,115
9,9162,83
9,9163,102
9,9164,64
9,9165,64
9,9166,327
9,9167,45
9,9168,64
9,9169,77
9,9170,173
9,9171,166
9,9172,25
9,9173,71
9,9174,26
9,9175,64
9,9176,45
9,9177,243
9,9178,103
9,9179,122
9,9180,58
9,9181,57
9,9182,154
9,9183,26
9,9184,45
9,9185,64
9,9186,320
9,9187,173
9,9188,103
9,9189,70
9,9190,211
9,9191,57
9,9192,116
9,9193,51
9,9194,173
9,9195,32
9,9196,64
9,9197,64
9,9198,115
9,9199,135
9,9200,205
9,9201,70
9,9202,141
9,9203,147
9,9204,160
9,9205,103
9,9206,148
9,9207,166
9,9208,58
9,9209,90
9,9210,166
9,9211,57
9,9212,186
9,9213,45
9,9214,71
9,9215,83
9,9216,96
9,9217,102
9,9218,128
9,9219,19
9,9220,64
9,9221,45
9,9222,134
9,9223,77
9,9224,141
9,9225,58
9,9226,998
9,9227,109
9,9228,166
9,9229,57
9,9230,179
9,9231,96
9,9232,128
9,9233,26
9,9234,77
9,9235,102
9,9236,108
9,9237,58
9,9238,115
9,9239,51
9,9240,26
9,9241,57
9,9242,116
9,9243,96
9,9244,83
9,9245,109
9,9246,141
9,9247,154
9,9248,70
9,9249,45
9,9250,122
9,9251,32
9,9252,25
9,9253,-32
9,9254,109
9,9255,51
9,9256,38
9,9257,25
9,9258,109
9,9259,70
9,9260,115
9,9261,51
9,9262,205
9,9263,109
9,9264,70
9,9265,51
9,9266,282
9,9267,64
9,9268,51
9,9269,314
9,9270,211
9,9271,45
9,9272,64
9,9273,70
9,9274,198
9,9275,19
9,9276,135
9,9277,51
9,9278,58
9,9279,90
9,9280,103
9,9281,109
9,9282,141
9,9283,64
9,9284,122
9,9285,52
9,9286,346
9,9287,237
9,9288,77
9,9289,-13
9,9290,-19
9,9291,70
9,9292,64
9,9293,-6
9,9294,173
9,9295,90
9,9296,57
9,9297,45
9,9298,173
9,9299,-64
9,9300,58
9,9301,64
9,9302,-45
9,9303,390
9,9304,218
9,9305,-26
9,9306,135
9,9307,32
9,9308,84
9,9309,58
9,9310,140
9,9311,58
9,9312,115
9,9313,45
9,9314,115
9,9315,148
9,9316,128
9,9317,71
9,9318,64
9,9319,115
9,9320,147
9,9321,-19
9,9322,45
9,9323,19
9,9324,77
9,9325,-58
9,9326,25
9,9327,116
9,9328,128
9,9329,77
9,9330,77
9,9331,-51
9,9332,160
9,9333,64
9,9334,122
9,9335,51
9,9336,115
9,9337,26
9,9338,70
9,9339,109
9,9340,268
9,9341,51
9,9342,70
9,9343,57
9,9344,51
9,9345,128
9,9346,103
9,9347,83
9,9348,147
9,9349,313
9,9350,57
9,9351,51
9,9352,167
9,9353,70
9,9354,147
9,9355,102
9,9356,-45
9,9357,109
9,9358,115
9,9359,70
9,9360,102
9,9361,147
9,9362,96
9,9363,51
9,9364,51
9,9365,77
9,9366,160
9,9367,57
9,9368,57
9,9369,64
9,9370,173
9,9371,147
9,9372,288
9,9373,108
9,9374,122
9,9375,90
9,9376,64
9,9377,83
9,9378,51
9,9379,186
9,9380,96
9,9381,64
9,9382,52
9,9383,160
9,9384,64
9,9385,96
9,9386,160
9,9387,64
9,9388,96
9,9389,44
9,9390,115
9,9391,77
9,9392,-32
9,9393,45
9,9394,77
9,9395,103
9,9396,64
9,9397,345
9,9398,167
9,9399,64
9,9400,64
9,9401,108
9,9402,115
9,9403,-57
9,9404,121
9,9405,25
9,9406,166
9,9407,154
9,9408,96
9,9409,352
9,9410,64
9,9411,51
9,9412,51
9,9413,51
9,9414,180
9,9415,58
9,9416,218
9,9417,51
9,9418,160
9,9419,19
9,9420,96
9,9421,57
9,9422,51
9,9423,-45
9,9424,109
9,9425,300
9,9426,116
9,9427,64
9,9428,51
9,9429,32
9,9430,160
9,9431,83
9,9432,64
9,9433,-237
9,9434,160
9,9435,109
9,9436,51
9,9437,38
9,9438,166
9,9439,365
9,9440,64
9,9441,102
9,9442,90
9,9443,64
9,9444,83
9,9445,179
9,9446,160
9,9447,64
9,9448,57
9,9449,109
9,9450,115
9,9451,102
9,9452,102
9,9453,109
9,9454,83
9,9455,154
9,9456,244
9,9457,58
9,9458,128
9,9459,128
9,9460,-19
9,9461,70
9,9462,192
9,9463,102
9,9464,115
9,9465,26
9,9466,58
9,9467,109
9,9468,147
9,9469,109
9,9470,38
9,9471,64
9,9472,39
9,9473,-45
9,9474,57
9,9475,57
9,9476,135
9,9477,32
9,9478,148
9,9479,70
9,9480,64
9,9481,813
9,9482,160
9,9483,806
9,9484,71
9,9485,102
9,9486,198
9,9487,64
9,9488,173
9,9489,45
9,9490,57
9,9491,109
9,9492,51
9,9493,57
9,9494,102
9,9495,135
9,9496,71
9,9497,71
9,9498,192
9,9499,-51
9,9500,71
9,9501,51
9,9502,115
9,9503,173
9,9504,64
9,9505,-26
9,9506,32
9,9507,57
9,9508,108
9,9509,51
9,9510,64
9,9511,64
9,9512,83
9,9513,77
9,9514,77
9,9515,64
9,9516,122
9,9517,58
9,9518,116
9,9519,77
9,9520,96
9,9521,32
9,9522,64
9,9523,77
9,9524,77
9,9525,51
9,9526,166
9,9527,109
9,9528,77
9,9529,51
9,9530,173
9,9531,166
9,9532,116
9,9533,153
9,9534,397
9,9535,141
9,9536,96
9,9537,102
9,9538,122
9,9539,116
9,9540,64
9,9541,147
9,9542,199
9,9543,89
9,9544,154
9,9545,83
9,9546,166
9,9547,109
9,9548,57
9,9549,25
9,9550,256
9,9551,25
9,9552,102
9,9553,115
9,9554,173
9,9555,128
9,9556,115
9,9557,64
9,9558,109
9,9559,103
9,9560,77
9,9561,198
9,9562,102
9,9563,-26
9,9564,134
9,9565,32
9,9566,64
9,9567,115
9,9568,39
9,9569,70
9,9570,115
9,9571,154
9,9572,115
9,9573,96
9,9574,262
9,9575,108
9,9576,-44
9,9577,51
9,9578,103
9,9579,83
9,9580,38
9,9581,64
9,9582,192
9,9583,77
9,9584,83
9,9585,103
9,9586,128
9,9587,108
9,9588,109
9,9589,45
9,9590,70
9,9591,365
9,9592,90
9,9593,64
9,9594,-57
9,9595,32
9,9596,109
9,9597,-256
9,9598,26
9,9599,19
9,9600,96
9,9601,52
9,9602,102
9,9603,45
9,9604,77
9,9605,51
9,9606,77
9,9607,64
9,9608,-52
9,9609,378
9,9610,108
9,9611,134
9,9612,-198
9,9613,147
9,9614,103
9,9615,115
9,9616,122
9,9617,38
9,9618,39
9,9619,64
9,9620,115
9,9621,57
9,9622,32
9,9623,121
9,9624,102
9,9625,102
9,9626,199
9,9627,115
9,9628,122
9,9629,352
9,9630,58
9,9631,102
9,9632,70
9,9633,52
9,9634,76
9,9635,371
9,9636,77
9,9637,25
9,9638,192
9,9639,64
9,9640,-44
9,9641,90
9,9642,243
9,9643,147
9,9644,153
9,9645,26
9,9646,160
9,9647,244
9,9648,103
9,9649,32
9,9650,237
9,9651,333
9,9652,38
9,9653,32
9,9654,198
9,9655,71
9,9656,32
9,9657,-39
9,9658,140
9,9659,83
9,9660,71
9,9661,70
9,9662,128
9,9663,32
9,9664,64
9,9665,-13
9,9666,109
9,9667,390
9,9668,167
9,9669,45
9,9670,167
9,9671,77
9,9672,153
9,9673,58
9,9674,70
9,9675,64
9,9676,51
9,9677,19
9,9678,64
9,9679,51
9,9680,51
9,9681,64
9,9682,173
9,9683,64
9,9684,147
9,9685,25
9,9686,217
9,9687,121
9,9688,64
9,9689,25
9,9690,153
9,9691,109
9,9692,64
9,9693,45
9,9694,230
9,9695,26
9,9696,160
9,9697,166
9,9698,192
9,9699,166
9,9700,166
9,9701,70
9,9702,211
9,9703,57
9,9704,102
9,9705,-39
9,9706,77
9,9707,83
9,9708,102
9,9709,96
9,9710,26
9,9711,64
9,9712,340
9,9713,64
9,9714,372
9,9715,115
9,9716,96
9,9717,51
9,9718,128
9,9719,77
9,9720,32
9,9721,52
9,9722,173
9,9723,71
9,9724,179
9,9725,45
9,9726,52
9,9727,102
9,9728,134
9,9729,51
9,9730,52
9,9731,19
9,9732,77
9,9733,77
9,9734,84
9,9735,102
9,9736,-19
9,9737,141
9,9738,787
9,9739,160
9,9740,179
9,9741,77
9,9742,134
9,9743,89
9,9744,198
9,9745,32
9,9746,108
9,9747,89
9,9748,45
9,9749,103
9,9750,160
9,9751,109
9,9752,64
9,9753,198
9,9754,192
9,9755,64
9,9756,211
9,9757,76
9,9758,141
9,9759,58
9,9760,89
9,9761,51
9,9762,173
9,9763,141
9,9764,77
9,9765,45
9,9766,128
9,9767,77
9,9768,134
9,9769,84
9,9770,166
9,9771,102
9,9772,365
9,9773,64
9,9774,102
9,9775,167
9,9776,371
9,9777,109
9,9778,134
9,9779,51
9,9780,108
9,9781,307
9,9782,185
9,9783,77
9,9784,173
9,9785,96
9,9786,160
9,9787,109
9,9788,103
9,9789,44
9,9790,141
9,9791,64
9,9792,-51
9,9793,77
9,9794,122
9,9795,70
9,9796,64
9,9797,89
9,9798,-39
9,9799,70
9,9800,115
9,9801,38
9,9802,90
9,9803,57
9,9804,57
9,9805,77
9,9806,64
9,9807,89
9,9808,70
9,9809,89
9,9810,32
9,9811,122
9,9812,58
9,9813,70
9,9814,-71
9,9815,83
9,9816,84
9,9817,-7
9,9818,58
9,9819,-13
9,9820,128
9,9821,51
9,9822,77
9,9823,-25
9,9824,77
9,9825,52
9,9826,102
9,9827,115
9,9828,122
9,9829,64
9,9830,160
9,9831,70
9,9832,70
9,9833,83
9,9834,154
9,9835,26
9,9836,-19
9,9837,51
9,9838,71
9,9839,70
9,9840,58
9,9841,38
9,9842,109
9,9843,102
9,9844,135
9,9845,51
9,9846,51
9,9847,64
9,9848,45
9,9849,32
9,9850,77
9,9851,141
9,9852,135
9,9853,45
9,9854,32
9,9855,64
9,9856,153
9,9857,64
9,9858,96
9,9859,45
9,9860,57
9,9861,45
9,9862,83
9,9863,115
9,9864,64
9,9865,64
9,9866,115
9,9867,64
9,9868,115
9,9869,70
9,9870,218
9,9871,141
9,9872,121
9,9873,224
9,9874,26
9,9875,77
9,9876,70
9,9877,38
9,9878,51
9,9879,25
9,9880,103
9,9881,44
9,9882,147
9,9883,217
9,9884,121
9,9885,45
9,9886,134
9,9887,64
9,9888,147
9,9889,96
9,9890,83
9,9891,134
9,9892,115
9,9893,32
9,9894,52
9,9895,96
9,9896,52
9,9897,115
9,9898,122
9,9899,58
9,9900,160
9,9901,109
9,9902,166
9,9903,84
9,9904,173
9,9905,32
9,9906,89
9,9907,64
9,9908,76
9,9909,19
9,9910,128
9,9911,121
9,9912,115
9,9913,45
9,9914,300
9,9915,102
9,9916,116
9,9917,45
9,9918,84
9,9919,102
9,9920,186
9,9921,-77
9,9922,64
9,9923,70
9,9924,89
9,9925,89
9,9926,154
9,9927,64
9,9928,109
9,9929,51
9,9930,-70
9,9931,70
9,9932,141
9,9933,64
9,9934,-19
9,9935,167
9,9936,70
9,9937,45
9,9938,70
9,9939,173
9,9940,45
9,9941,57
9,9942,96
9,9943,70
9,9944,153
9,9945,77
9,9946,122
9,9947,109
9,9948,135
9,9949,96
9,9950,128
9,9951,109
9,9952,84
9,9953,51
9,9954,96
9,9955,122
9,9956,57
9,9957,38
9,9958,198
9,9959,64
9,9960,153
9,9961,51
9,9962,52
9,9963,-204
9,9964,134
9,9965,-58
9,9966,211
9,9967,121
9,9968,45
9,9969,32
9,9970,160
9,9971,-44
9,9972,160
9,9973,45
9,9974,160
9,9975,115
9,9976,-45
9,9977,58
9,9978,172
9,9979,109
9,9980,166
9,9981,38
9,9982,122
9,9983,103
9,9984,115
9,9985,19
9,9986,103
9,9987,148
9,9988,397
9,9989,77
9,9990,128
9,9991,71
9,9992,134
9,9993,800
9,9994,135
9,9995,775
9,9996,128
9,9997,115
9,9998,45
9,9999,115
9,10000,205
9,10001,71
9,10002,51
9,10003,96
9,10004,230
9,10005,51
9,10006,58
9,10007,64
9,10008,64
9,10009,52
9,10010,83
9,10011,90
9,10012,76
9,10013,96
9,10014,-51
9,10015,180
9,10016,121
9,10017,38
9,10018,64
9,10019,26
9,10020,57
9,10021,64
9,10022,57
9,10023,141
9,10024,116
9,10025,147
9,10026,-51
9,10027,90
9,10028,134
9,10029,115
9,10030,70
9,10031,108
9,10032,128
9,10033,83
9,10034,32
9,10035,89
9,10036,64
9,10037,108
9,10038,70
9,10039,122
9,10040,-45
9,10041,38
9,10042,198
9,10043,172
9,10044,109
9,10045,96
9,10046,211
9,10047,89
9,10048,115
9,10049,64
9,10050,115
9,10051,128
9,10052,212
9,10053,153
9,10054,96
9,10055,147
9,10056,103
9,10057,26
9,10058,160
9,10059,103
9,10060,109
9,10061,365
9,10062,52
9,10063,64
9,10064,45
9,10065,179
9,10066,71
9,10067,167
9,10068,115
9,10069,64
9,10070,116
9,10071,192
9,10072,173
9,10073,-26
9,10074,180
9,10075,32
9,10076,102
9,10077,51
9,10078,121
9,10079,52
9,10080,103
9,10081,58
9,10082,122
9,10083,166
9,10084,236
9,10085,96
9,10086,25
9,10087,365
9,10088,167
9,10089,96
9,10090,83
9,10091,121
9,10092,32
9,10093,51
9,10094,70
9,10095,115
9,10096,38
9,10097,160
9,10098,115
9,10099,83
9,10100,109
9,10101,64
9,10102,103
9,10103,154
9,10104,147
9,10105,45
9,10106,160
9,10107,77
9,10108,134
9,10109,-32
9,10110,141
9,10111,64
9,10112,89
9,10113,38
9,10114,39
9,10115,122
9,10116,71
9,10117,109
9,10118,32
9,10119,58
9,10120,134
9,10121,-32
9,10122,147
9,10123,102
9,10124,109
9,10125,52
9,10126,102
9,10127,77
9,10128,122
9,10129,90
9,10130,32
9,10131,372
9,10132,-32
9,10133,121
9,10134,115
9,10135,115
9,10136,109
9,10137,109
9,10138,115
9,10139,83
9,10140,109
9,10141,-38
9,10142,122
9,10143,76
9,10144,51
9,10145,19
9,10146,52
9,10147,167
9,10148,116
9,10149,57
9,10150,52
9,10151,115
9,10152,84
9,10153,109
9,10154,128
9,10155,122
9,10156,135
9,10157,77
9,10158,218
9,10159,147
9,10160,153
9,10161,57
9,10162,313
9,10163,154
9,10164,51
9,10165,103
9,10166,64
9,10167,108
9,10168,90
9,10169,192
9,10170,70
9,10171,186
9,10172,186
9,10173,-39
9,10174,51
9,10175,102
9,10176,103
9,10177,-26
9,10178,70
9,10179,45
9,10180,115
9,10181,102
9,10182,84
9,10183,109
9,10184,160
9,10185,51
9,10186,20
9,10187,128
9,10188,89
9,10189,96
9,10190,140
9,10191,57
9,10192,192
9,10193,352
9,10194,269
9,10195,109
9,10196,128
9,10197,90
9,10198,128
9,10199,166
9,10200,84
9,10201,51
9,10202,121
9,10203,77
9,10204,128
9,10205,51
9,10206,154
9,10207,70
9,10208,121
9,10209,109
9,10210,115
9,10211,-13
9,10212,134
9,10213,109
9,10214,77
9,10215,71
9,10216,109
9,10217,83
9,10218,64
9,10219,96
9,10220,38
9,10221,64
9,10222,122
9,10223,96
9,10224,77
9,10225,45
9,10226,89
9,10227,166
9,10228,115
9,10229,160
9,10230,57
9,10231,154
9,10232,115
9,10233,96
9,10234,51
9,10235,26
9,10236,109
9,10237,52
9,10238,45
9,10239,51
9,10240,13
9,10241,38
9,10242,70
9,10243,25
9,10244,128
9,10245,32
9,10246,-45
9,10247,154
9,10248,135
9,10249,115
9,10250,813
9,10251,109
9,10252,147
9,10253,71
9,10254,102
9,10255,166
9,10256,109
9,10257,39
9,10258,-135
9,10259,32
9,10260,77
9,10261,83
9,10262,64
9,10263,-45
9,10264,58
9,10265,38
9,10266,77
9,10267,154
9,10268,192
9,10269,109
9,10270,96
9,10271,269
9,10272,166
9,10273,45
9,10274,26
9,10275,64
9,10276,122
9,10277,-26
9,10278,90
9,10279,64
9,10280,102
9,10281,109
9,10282,269
9,10283,122
9,10284,122
9,10285,109
9,10286,71
9,10287,153
9,10288,371
9,10289,51
9,10290,128
9,10291,102
9,10292,102
9,10293,38
9,10294,173
9,10295,83
9,10296,77
9,10297,205
9,10298,77
9,10299,121
9,10300,218
9,10301,198
9,10302,109
9,10303,160
9,10304,160
9,10305,109
9,10306,192
9,10307,83
9,10308,103
9,10309,352
9,10310,173
9,10311,141
9,10312,122
9,10313,166
9,10314,70
9,10315,115
9,10316,103
9,10317,211
9,10318,64
9,10319,109
9,10320,198
9,10321,128
9,10322,115
9,10323,64
9,10324,52
9,10325,109
9,10326,167
9,10327,160
9,10328,153
9,10329,45
9,10330,108
9,10331,-26
9,10332,83
9,10333,96
9,10334,180
9,10335,135
9,10336,-45
9,10337,57
9,10338,44
9,10339,108
9,10340,160
9,10341,51
9,10342,58
9,10343,77
9,10344,58
9,10345,32
9,10346,32
9,10347,25
9,10348,-19
9,10349,51
9,10350,64
9,10351,135
9,10352,167
9,10353,160
9,10354,58
9,10355,109
9,10356,166
9,10357,77
9,10358,103
9,10359,186
9,10360,256
9,10361,173
9,10362,64
9,10363,109
9,10364,128
9,10365,64
9,10366,250
9,10367,25
9,10368,45
9,10369,90
9,10370,109
9,10371,96
9,10372,76
9,10373,115
9,10374,64
9,10375,64
9,10376,128
9,10377,102
9,10378,167
9,10379,115
9,10380,116
9,10381,103
9,10382,269
9,10383,147
9,10384,108
9,10385,83
9,10386,128
9,10387,70
9,10388,122
9,10389,58
9,10390,90
9,10391,147
9,10392,96
9,10393,198
9,10394,371
9,10395,154
9,10396,339
9,10397,167
9,10398,230
9,10399,122
9,10400,58
9,10401,122
9,10402,64
9,10403,109
9,10404,71
9,10405,96
9,10406,115
9,10407,58
9,10408,51
9,10409,154
9,10410,57
9,10411,83
9,10412,109
9,10413,102
9,10414,160
9,10415,109
9,10416,109
9,10417,32
9,10418,166
9,10419,64
9,10420,179
9,10421,186
9,10422,70
9,10423,96
9,10424,38
9,10425,103
9,10426,160
9,10427,128
9,10428,147
9,10429,51
9,10430,314
9,10431,64
9,10432,109
9,10433,-19
9,10434,121
9,10435,52
9,10436,160
9,10437,148
9,10438,160
9,10439,109
9,10440,64
9,10441,77
9,10442,76
9,10443,147
9,10444,109
9,10445,102
9,10446,25
9,10447,84
9,10448,90
9,10449,103
9,10450,148
9,10451,160
9,10452,128
9,10453,122
9,10454,90
9,10455,58
9,10456,122
9,10457,160
9,10458,179
9,10459,128
9,10460,64
9,10461,192
9,10462,198
9,10463,96
9,10464,109
9,10465,121
9,10466,76
9,10467,109
9,10468,-6
9,10469,128
9,10470,84
9,10471,64
9,10472,134
9,10473,45
9,10474,160
9,10475,108
9,10476,160
9,10477,51
9,10478,103
9,10479,115
9,10480,153
9,10481,51
9,10482,160
9,10483,122
9,10484,141
9,10485,70
9,10486,153
9,10487,77
9,10488,70
9,10489,-45
9,10490,77
9,10491,115
9,10492,154
9,10493,77
9,10494,313
9,10495,71
9,10496,96
9,10497,64
9,10498,64
9,10499,13
9,10500,147
9,10501,45
9,10502,89
9,10503,205
9,10504,64
9,10505,800
9,10506,77
9,10507,787
9,10508,122
9,10509,371
9,10510,224
9,10511,166
9,10512,96
9,10513,19
9,10514,102
9,10515,205
9,10516,51
9,10517,64
9,10518,58
9,10519,332
9,10520,57
9,10521,-32
9,10522,96
9,10523,134
9,10524,115
9,10525,109
9,10526,109
9,10527,122
9,10528,64
9,10529,108
9,10530,358
9,10531,153
9,10532,96
9,10533,-6
9,10534,108
9,10535,25
9,10536,51
9,10537,64
9,10538,109
9,10539,71
9,10540,103
9,10541,84
9,10542,32
9,10543,70
9,10544,128
9,10545,121
9,10546,13
9,10547,64
9,10548,-51
9,10549,83
9,10550,160
9,10551,391
9,10552,108
9,10553,57
9,10554,147
9,10555,102
9,10556,83
9,10557,115
9,10558,166
9,10559,167
9,10560,109
9,10561,90
9,10562,205
9,10563,141
9,10564,128
9,10565,147
9,10566,256
9,10567,109
9,10568,77
9,10569,141
9,10570,122
9,10571,58
9,10572,51
9,10573,134
9,10574,25
9,10575,64
9,10576,38
9,10577,108
9,10578,121
9,10579,96
9,10580,109
9,10581,166
9,10582,250
9,10583,25
9,10584,128
9,10585,51
9,10586,154
9,10587,64
9,10588,57
9,10589,128
9,10590,173
9,10591,84
9,10592,64
9,10593,160
9,10594,83
9,10595,83
9,10596,57
9,10597,109
9,10598,391
9,10599,83
9,10600,205
9,10601,90
9,10602,32
9,10603,147
9,10604,51
9,10605,90
9,10606,25
9,10607,70
9,10608,103
9,10609,64
9,10610,160
9,10611,147
9,10612,89
9,10613,84
9,10614,217
9,10615,121
9,10616,71
9,10617,32
9,10618,77
9,10619,64
9,10620,64
9,10621,83
9,10622,51
9,10623,76
9,10624,90
9,10625,51
9,10626,371
9,10627,64
9,10628,-32
9,10629,147
9,10630,77
9,10631,160
9,10632,70
9,10633,58
9,10634,172
9,10635,128
9,10636,134
9,10637,58
9,10638,89
9,10639,121
9,10640,185
9,10641,77
9,10642,211
9,10643,115
9,10644,64
9,10645,57
9,10646,115
9,10647,167
9,10648,39
9,10649,83
9,10650,71
9,10651,154
9,10652,167
9,10653,58
9,10654,121
9,10655,70
9,10656,70
9,10657,51
9,10658,58
9,10659,26
9,10660,77
9,10661,275
9,10662,64
9,10663,121
9,10664,64
9,10665,134
9,10666,109
9,10667,64
9,10668,57
9,10669,58
9,10670,64
9,10671,26
9,10672,115
9,10673,314
9,10674,32
9,10675,-45
9,10676,89
9,10677,52
9,10678,-51
9,10679,102
9,10680,109
9,10681,103
9,10682,89
9,10683,84
9,10684,294
9,10685,38
9,10686,70
9,10687,71
9,10688,70
9,10689,83
9,10690,167
9,10691,199
9,10692,134
9,10693,64
9,10694,-26
9,10695,122
9,10696,160
9,10697,122
9,10698,76
9,10699,115
9,10700,70
9,10701,44
9,10702,51
9,10703,147
9,10704,96
9,10705,109
9,10706,122
9,10707,147
9,10708,128
9,10709,64
9,10710,122
9,10711,-44
9,10712,103
9,10713,32
9,10714,58
9,10715,83
9,10716,64
9,10717,109
9,10718,160
9,10719,70
9,10720,83
9,10721,147
9,10722,192
9,10723,141
9,10724,154
9,10725,96
9,10726,-26
9,10727,96
9,10728,96
9,10729,64
9,10730,96
9,10731,51
9,10732,-39
9,10733,45
9,10734,128
9,10735,26
9,10736,64
9,10737,121
9,10738,51
9,10739,116
9,10740,70
9,10741,116
9,10742,57
9,10743,77
9,10744,77
9,10745,90
9,10746,160
9,10747,102
9,10748,186
9,10749,51
9,10750,70
9,10751,64
9,10752,38
9,10753,51
9,10754,115
9,10755,180
9,10756,147
9,10757,198
9,10758,-128
9,10759,128
9,10760,122
9,10761,83
9,10762,819
9,10763,122
9,10764,186
9,10765,52
9,10766,122
9,10767,166
9,10768,-45
9,10769,109
9,10770,103
9,10771,160
9,10772,121
9,10773,64
9,10774,51
9,10775,109
9,10776,70
9,10777,103
9,10778,64
9,10779,180
9,10780,108
9,10781,154
9,10782,154
9,10783,121
9,10784,134
9,10785,103
9,10786,64
9,10787,122
9,10788,128
9,10789,103
9,10790,102
9,10791,83
9,10792,76
9,10793,51
9,10794,167
9,10795,128
9,10796,179
9,10797,167
9,10798,166
9,10799,384
9,10800,96
9,10801,45
9,10802,122
9,10803,57
9,10804,71
9,10805,64
9,10806,192
9,10807,147
9,10808,115
9,10809,134
9,10810,108
9,10811,147
9,10812,109
9,10813,115
9,10814,122
9,10815,64
9,10816,109
9,10817,52
9,10818,84
9,10819,103
9,10820,89
9,10821,102
9,10822,173
9,10823,160
9,10824,109
9,10825,45
9,10826,109
9,10827,-45
9,10828,83
9,10829,109
9,10830,384
9,10831,70
9,10832,102
9,10833,141
9,10834,327
9,10835,160
9,10836,71
9,10837,167
9,10838,109
9,10839,57
9,10840,108
9,10841,96
9,10842,122
9,10843,71
9,10844,39
9,10845,115
9,10846,52
9,10847,19
9,10848,64
9,10849,70
9,10850,166
9,10851,102
9,10852,76
9,10853,90
9,10854,153
9,10855,90
9,10856,116
9,10857,135
9,10858,64
9,10859,13
9,10860,32
9,10861,160
9,10862,64
9,10863,109
9,10864,77
9,10865,-38
9,10866,173
9,10867,160
9,10868,141
9,10869,116
9,10870,204
9,10871,179
9,10872,102
9,10873,45
9,10874,128
9,10875,57
9,10876,103
9,10877,51
9,10878,160
9,10879,71
9,10880,109
9,10881,116
9,10882,122
9,10883,109
9,10884,64
9,10885,166
9,10886,115
9,10887,115
9,10888,-26
9,10889,121
9,10890,179
9,10891,141
9,10892,154
9,10893,102
9,10894,314
9,10895,103
9,10896,103
9,10897,160
9,10898,121
9,10899,64
9,10900,89
9,10901,57
9,10902,160
9,10903,96
9,10904,288
9,10905,160
9,10906,147
9,10907,122
9,10908,122
9,10909,32
9,10910,179
9,10911,71
9,10912,32
9,10913,51
9,10914,51
9,10915,121
9,10916,-140
9,10917,103
9,10918,211
9,10919,160
9,10920,-45
9,10921,134
9,10922,51
9,10923,102
9,10924,179
9,10925,57
9,10926,148
9,10927,128
9,10928,38
9,10929,166
9,10930,77
9,10931,64
9,10932,269
9,10933,32
9,10934,166
9,10935,58
9,10936,166
9,10937,-32
9,10938,179
9,10939,109
9,10940,121
9,10941,141
9,10942,121
9,10943,102
9,10944,108
9,10945,44
9,10946,70
9,10947,147
9,10948,108
9,10949,134
9,10950,115
9,10951,102
9,10952,64
9,10953,109
9,10954,108
9,10955,135
9,10956,51
9,10957,102
9,10958,237
9,10959,58
9,10960,135
9,10961,173
9,10962,115
9,10963,19
9,10964,32
9,10965,57
9,10966,167
9,10967,-13
9,10968,186
9,10969,147
9,10970,185
9,10971,192
9,10972,128
9,10973,192
9,10974,116
9,10975,109
9,10976,89
9,10977,39
9,10978,39
9,10979,76
9,10980,102
9,10981,64
9,10982,211
9,10983,26
9,10984,518
9,10985,58
9,10986,115
9,10987,115
9,10988,77
9,10989,77
9,10990,205
9,10991,172
9,10992,128
9,10993,51
9,10994,160
9,10995,128
9,10996,57
9,10997,64
9,10998,141
9,10999,96
9,11000,346
9,11001,64
9,11002,32
9,11003,108
9,11004,154
9,11005,96
9,11006,109
9,11007,121
9,11008,186
9,11009,20
9,11010,58
9,11011,403
9,11012,64
9,11013,51
9,11014,172
9,11015,115
9,11016,83
9,11017,838
9,11018,211
9,11019,788
9,11020,147
9,11021,102
9,11022,218
9,11023,141
9,11024,115
9,11025,51
9,11026,19
9,11027,128
9,11028,83
9,11029,58
9,11030,26
9,11031,115
9,11032,83
9,11033,84
9,11034,26
9,11035,166
9,11036,90
9,11037,140
9,11038,89
9,11039,77
9,11040,77
9,11041,19
9,11042,288
9,11043,64
9,11044,109
9,11045,58
9,11046,52
9,11047,58
9,11048,76
9,11049,45
9,11050,52
9,11051,58
9,11052,237
9,11053,102
9,11054,243
9,11055,128
9,11056,96
9,11057,45
9,11058,25
9,11059,179
9,11060,147
9,11061,160
9,11062,204
9,11063,134
9,11064,172
9,11065,160
9,11066,122
9,11067,141
9,11068,281
9,11069,71
9,11070,160
9,11071,122
9,11072,89
9,11073,58
9,11074,263
9,11075,103
9,11076,103
9,11077,288
9,11078,122
9,11079,153
9,11080,135
9,11081,96
9,11082,70
9,11083,26
9,11084,89
9,11085,51
9,11086,32
9,11087,25
9,11088,70
9,11089,109
9,11090,76
9,11091,77
9,11092,115
9,11093,109
9,11094,371
9,11095,115
9,11096,147
9,11097,26
9,11098,77
9,11099,108
9,11100,39
9,11101,45
9,11102,109
9,11103,192
9,11104,70
9,11105,96
9,11106,-51
9,11107,148
9,11108,102
9,11109,64
9,11110,96
9,11111,102
9,11112,115
9,11113,103
9,11114,57
9,11115,377
9,11116,-288
9,11117,58
9,11118,64
9,11119,122
9,11120,359
9,11121,-32
9,11122,-45
9,11123,128
9,11124,128
9,11125,64
9,11126,116
9,11127,121
9,11128,205
9,11129,77
9,11130,19
9,11131,64
9,11132,64
9,11133,25
9,11134,58
9,11135,128
9,11136,121
9,11137,198
9,11138,26
9,11139,108
9,11140,115
9,11141,77
9,11142,179
9,11143,122
9,11144,64
9,11145,64
9,11146,179
9,11147,102
9,11148,141
9,11149,109
9,11150,218
9,11151,90
9,11152,115
9,11153,103
9,11154,102
9,11155,32
9,11156,109
9,11157,57
9,11158,64
9,11159,64
9,11160,135
9,11161,121
9,11162,135
9,11163,122
9,11164,115
9,11165,108
9,11166,102
9,11167,211
9,11168,57
9,11169,147
9,11170,-51
9,11171,83
9,11172,109
9,11173,96
9,11174,77
9,11175,51
9,11176,83
9,11177,89
9,11178,147
9,11179,115
9,11180,121
9,11181,64
9,11182,90
9,11183,166
9,11184,70
9,11185,116
9,11186,-32
9,11187,160
9,11188,134
9,11189,141
9,11190,-39
9,11191,135
9,11192,64
9,11193,173
9,11194,128
9,11195,153
9,11196,20
9,11197,166
9,11198,45
9,11199,153
9,11200,154
9,11201,-76
9,11202,128
9,11203,141
9,11204,115
9,11205,38
9,11206,192
9,11207,103
9,11208,83
9,11209,108
9,11210,116
9,11211,70
9,11212,192
9,11213,58
9,11214,70
9,11215,147
9,11216,64
9,11217,96
9,11218,122
9,11219,154
9,11220,109
9,11221,-45
9,11222,70
9,11223,135
9,11224,134
9,11225,51
9,11226,96
9,11227,-25
9,11228,128
9,11229,51
9,11230,154
9,11231,128
9,11232,89
9,11233,128
9,11234,70
9,11235,167
9,11236,173
9,11237,147
9,11238,172
9,11239,76
9,11240,96
9,11241,64
9,11242,109
9,11243,51
9,11244,64
9,11245,45
9,11246,217
9,11247,115
9,11248,172
9,11249,-39
9,11250,186
9,11251,167
9,11252,167
9,11253,180
9,11254,58
9,11255,128
9,11256,64
9,11257,45
9,11258,237
9,11259,70
9,11260,12
9,11261,77
9,11262,109
9,11263,77
9,11264,109
9,11265,38
9,11266,51
9,11267,64
9,11268,70
9,11269,-32
9,11270,38
9,11271,102
9,11272,320
9,11273,71
9,11274,794
9,11275,90
9,11276,148
9,11277,115
9,11278,160
9,11279,64
9,11280,122
9,11281,-39
9,11282,154
9,11283,77
9,11284,154
9,11285,160
9,11286,32
9,11287,141
9,11288,115
9,11289,179
9,11290,250
9,11291,154
9,11292,160
9,11293,90
9,11294,121
9,11295,115
9,11296,51
9,11297,103
9,11298,57
9,11299,83
9,11300,167
9,11301,64
9,11302,64
9,11303,96
9,11304,96
9,11305,115
9,11306,102
9,11307,64
9,11308,115
9,11309,77
9,11310,179
9,11311,128
9,11312,167
9,11313,45
9,11314,51
9,11315,70
9,11316,57
9,11317,-6
9,11318,70
9,11319,115
9,11320,211
9,11321,160
9,11322,-45
9,11323,121
9,11324,122
9,11325,154
9,11326,109
9,11327,160
9,11328,64
9,11329,64
9,11330,115
9,11331,109
9,11332,64
9,11333,160
9,11334,64
9,11335,64
9,11336,198
9,11337,64
9,11338,166
9,11339,64
9,11340,51
9,11341,38
9,11342,64
9,11343,-71
9,11344,77
9,11345,147
9,11346,217
9,11347,147
9,11348,192
9,11349,128
9,11350,205
9,11351,147
9,11352,58
9,11353,51
9,11354,64
9,11355,25
9,11356,70
9,11357,108
9,11358,192
9,11359,122
9,11360,116
9,11361,77
9,11362,90
9,11363,134
9,11364,371
9,11365,147
9,11366,109
9,11367,102
9,11368,147
9,11369,45
9,11370,32
9,11371,122
9,11372,64
9,11373,96
9,11374,64
9,11375,89
9,11376,160
9,11377,96
9,11378,77
9,11379,167
9,11380,186
9,11381,115
9,11382,205
9,11383,135
9,11384,70
9,11385,64
9,11386,77
9,11387,77
9,11388,77
9,11389,96
9,11390,192
9,11391,109
9,11392,122
9,11393,109
9,11394,51
9,11395,109
9,11396,333
9,11397,115
9,11398,64
9,11399,122
9,11400,45
9,11401,70
9,11402,160
9,11403,160
9,11404,115
9,11405,116
9,11406,109
9,11407,205
9,11408,166
9,11409,160
9,11410,115
9,11411,135
9,11412,83
9,11413,71
9,11414,64
9,11415,390
9,11416,122
9,11417,102
9,11418,167
9,11419,186
9,11420,90
9,11421,96
9,11422,83
9,11423,135
9,11424,89
9,11425,19
9,11426,167
9,11427,58
9,11428,58
9,11429,160
9,11430,102
9,11431,64
9,11432,64
9,11433,192
9,11434,179
9,11435,90
9,11436,64
9,11437,96
9,11438,128
9,11439,198
9,11440,102
9,11441,147
9,11442,96
9,11443,301
9,11444,224
9,11445,39
9,11446,84
9,11447,84
9,11448,83
9,11449,173
9,11450,128
9,11451,115
9,11452,154
9,11453,77
9,11454,160
9,11455,77
9,11456,90
9,11457,-435
9,11458,57
9,11459,26
9,11460,84
9,11461,135
9,11462,77
9,11463,103
9,11464,71
9,11465,154
9,11466,26
9,11467,109
9,11468,58
9,11469,365
9,11470,26
9,11471,109
9,11472,58
9,11473,52
9,11474,89
9,11475,108
9,11476,128
9,11477,57
9,11478,96
9,11479,147
9,11480,115
9,11481,205
9,11482,173
9,11483,52
9,11484,153
9,11485,96
9,11486,141
9,11487,109
9,11488,51
9,11489,58
9,11490,32
9,11491,45
9,11492,70
9,11493,115
9,11494,116
9,11495,64
9,11496,51
9,11497,64
9,11498,122
9,11499,64
9,11500,71
9,11501,90
9,11502,167
9,11503,173
9,11504,166
9,11505,154
9,11506,109
9,11507,198
9,11508,192
9,11509,90
9,11510,-52
9,11511,115
9,11512,90
9,11513,77
9,11514,51
9,11515,198
9,11516,103
9,11517,115
9,11518,198
9,11519,147
9,11520,-44
9,11521,70
9,11522,44
9,11523,147
9,11524,58
9,11525,77
9,11526,147
9,11527,96
9,11528,102
9,11529,890
9,11530,147
9,11531,890
9,11532,269
9,11533,57
9,11534,140
9,11535,83
9,11536,109
9,11537,64
9,11538,90
9,11539,160
9,11540,84
9,11541,71
9,11542,109
9,11543,-64
9,11544,51
9,11545,185
9,11546,179
9,11547,103
9,11548,83
9,11549,198
9,11550,96
9,11551,128
9,11552,77
9,11553,70
9,11554,166
9,11555,19
9,11556,-45
9,11557,154
9,11558,307
9,11559,102
9,11560,135
9,11561,160
9,11562,96
9,11563,121
9,11564,141
9,11565,58
9,11566,84
9,11567,70
9,11568,192
9,11569,38
9,11570,19
9,11571,19
9,11572,102
9,11573,358
9,11574,154
9,11575,102
9,11576,121
9,11577,64
9,11578,115
9,11579,96
9,11580,70
9,11581,84
9,11582,96
9,11583,103
9,11584,122
9,11585,64
9,11586,179
9,11587,57
9,11588,70
9,11589,256
9,11590,167
9,11591,-45
9,11592,224
9,11593,173
9,11594,122
9,11595,90
9,11596,346
9,11597,76
9,11598,134
9,11599,102
9,11600,52
9,11601,192
9,11602,205
9,11603,76
9,11604,121
9,11605,58
9,11606,115
9,11607,96
9,11608,96
9,11609,26
9,11610,166
9,11611,32
9,11612,109
9,11613,51
9,11614,108
9,11615,26
9,11616,83
9,11617,102
9,11618,70
9,11619,147
9,11620,122
9,11621,166
9,11622,167
9,11623,122
9,11624,166
9,11625,115
9,11626,166
9,11627,147
9,11628,77
9,11629,89
9,11630,167
9,11631,186
9,11632,103
9,11633,96
9,11634,134
9,11635,199
9,11636,128
9,11637,96
9,11638,109
9,11639,186
9,11640,115
9,11641,19
9,11642,77
9,11643,109
9,11644,76
9,11645,115
9,11646,121
9,11647,256
9,11648,39
9,11649,32
9,11650,122
9,11651,71
9,11652,154
9,11653,58
9,11654,26
9,11655,140
9,11656,83
9,11657,116
9,11658,96
9,11659,122
9,11660,217
9,11661,134
9,11662,45
9,11663,70
9,11664,172
9,11665,96
9,11666,26
9,11667,96
9,11668,77
9,11669,102
9,11670,160
9,11671,121
9,11672,147
9,11673,89
9,11674,377
9,11675,172
9,11676,90
9,11677,52
9,11678,198
9,11679,90
9,11680,-32
9,11681,-25
9,11682,45
9,11683,70
9,11684,71
9,11685,26
9,11686,77
9,11687,26
9,11688,128
9,11689,103
9,11690,77
9,11691,116
9,11692,141
9,11693,25
9,11694,108
9,11695,230
9,11696,179
9,11697,58
9,11698,51
9,11699,103
9,11700,90
9,11701,96
9,11702,-32
9,11703,147
9,11704,64
9,11705,147
9,11706,96
9,11707,160
9,11708,108
9,11709,115
9,11710,26
9,11711,64
9,11712,-77
9,11713,128
9,11714,109
9,11715,160
9,11716,166
9,11717,96
9,11718,128
9,11719,192
9,11720,166
9,11721,115
9,11722,77
9,11723,160
9,11724,115
9,11725,83
9,11726,160
9,11727,103
9,11728,102
9,11729,121
9,11730,103
9,11731,160
9,11732,224
9,11733,115
9,11734,25
9,11735,154
9,11736,64
9,11737,51
9,11738,64
9,11739,148
9,11740,115
9,11741,115
9,11742,217
9,11743,77
9,11744,128
9,11745,-19
9,11746,64
9,11747,167
9,11748,128
9,11749,89
9,11750,71
9,11751,57
9,11752,121
9,11753,160
9,11754,71
9,11755,64
9,11756,102
9,11757,64
9,11758,71
9,11759,32
9,11760,-19
9,11761,115
9,11762,122
9,11763,141
9,11764,180
9,11765,192
9,11766,167
9,11767,147
9,11768,109
9,11769,173
9,11770,153
9,11771,109
9,11772,153
9,11773,58
9,11774,256
9,11775,115
9,11776,64
9,11777,52
9,11778,121
9,11779,153
9,11780,166
9,11781,96
9,11782,122
9,11783,352
9,11784,103
9,11785,71
9,11786,813
9,11787,103
9,11788,135
9,11789,147
9,11790,167
9,11791,121
9,11792,77
9,11793,71
9,11794,89
9,11795,122
9,11796,26
9,11797,38
9,11798,51
9,11799,57
9,11800,167
9,11801,102
9,11802,122
9,11803,108
9,11804,121
9,11805,217
9,11806,64
9,11807,295
9,11808,115
9,11809,160
9,11810,166
9,11811,76
9,11812,58
9,11813,179
9,11814,173
9,11815,57
9,11816,-51
9,11817,122
9,11818,147
9,11819,167
9,11820,64
9,11821,71
9,11822,160
9,11823,134
9,11824,116
9,11825,-13
9,11826,96
9,11827,115
9,11828,45
9,11829,64
9,11830,205
9,11831,173
9,11832,64
9,11833,166
9,11834,-32
9,11835,128
9,11836,108
9,11837,339
9,11838,320
9,11839,71
9,11840,122
9,11841,45
9,11842,128
9,11843,71
9,11844,64
9,11845,51
9,11846,160
9,11847,160
9,11848,244
9,11849,51
9,11850,58
9,11851,38
9,11852,116
9,11853,103
9,11854,26
9,11855,45
9,11856,154
9,11857,115
9,11858,109
9,11859,109
9,11860,109
9,11861,39
9,11862,90
9,11863,135
9,11864,71
9,11865,45
9,11866,-25
9,11867,44
9,11868,109
9,11869,57
9,11870,64
9,11871,102
9,11872,96
9,11873,70
9,11874,83
9,11875,122
9,11876,-45
9,11877,115
9,11878,103
9,11879,64
9,11880,-38
9,11881,173
9,11882,199
9,11883,20
9,11884,84
9,11885,147
9,11886,179
9,11887,103
9,11888,128
9,11889,64
9,11890,57
9,11891,167
9,11892,167
9,11893,108
9,11894,179
9,11895,339
9,11896,172
9,11897,51
9,11898,25
9,11899,51
9,11900,51
9,11901,83
9,11902,70
9,11903,64
9,11904,148
9,11905,19
9,11906,64
9,11907,64
9,11908,122
9,11909,51
9,11910,122
9,11911,109
9,11912,57
9,11913,-45
9,11914,160
9,11915,153
9,11916,371
9,11917,141
9,11918,205
9,11919,96
9,11920,121
9,11921,57
9,11922,-51
9,11923,102
9,11924,90
9,11925,71
9,11926,154
9,11927,115
9,11928,115
9,11929,185
9,11930,115
9,11931,109
9,11932,70
9,11933,44
9,11934,64
9,11935,122
9,11936,134
9,11937,108
9,11938,-26
9,11939,70
9,11940,64
9,11941,135
9,11942,32
9,11943,128
9,11944,122
9,11945,83
9,11946,115
9,11947,128
9,11948,51
9,11949,70
9,11950,141
9,11951,122
9,11952,211
9,11953,83
9,11954,64
9,11955,198
9,11956,58
9,11957,51
9,11958,364
9,11959,84
9,11960,96
9,11961,148
9,11962,122
9,11963,173
9,11964,13
9,11965,108
9,11966,116
9,11967,147
9,11968,-820
9,11969,32
9,11970,58
9,11971,83
9,11972,102
9,11973,96
9,11974,102
9,11975,83
9,11976,122
9,11977,167
9,11978,147
9,11979,140
9,11980,116
9,11981,224
9,11982,109
9,11983,71
9,11984,90
9,11985,154
9,11986,58
9,11987,96
9,11988,90
9,11989,52
9,11990,512
9,11991,122
9,11992,122
9,11993,90
9,11994,205
9,11995,-45
9,11996,70
9,11997,96
9,11998,166
9,11999,102
9,12000,70
9,12001,52
9,12002,122
9,12003,122
9,12004,135
9,12005,109
9,12006,64
9,12007,58
9,12008,122
9,12009,51
9,12010,90
9,12011,64
9,12012,57
9,12013,83
9,12014,58
9,12015,199
9,12016,83
9,12017,90
9,12018,115
9,12019,70
9,12020,51
9,12021,57
9,12022,141
9,12023,103
9,12024,89
9,12025,77
9,12026,96
9,12027,122
9,12028,122
9,12029,89
9,12030,83
9,12031,84
9,12032,115
9,12033,-32
9,12034,64
9,12035,26
9,12036,89
9,12037,64
9,12038,64
9,12039,51
9,12040,102
9,12041,832
9,12042,77
9,12043,800
9,12044,77
9,12045,192
9,12046,199
9,12047,115
9,12048,147
9,12049,172
9,12050,57
9,12051,26
9,12052,71
9,12053,-710
9,12054,128
9,12055,-32
9,12056,128
9,12057,122
9,12058,89
9,12059,103
9,12060,70
9,12061,116
9,12062,89
9,12063,115
9,12064,64
9,12065,38
9,12066,64
9,12067,83
9,12068,58
9,12069,199
9,12070,109
9,12071,109
9,12072,122
9,12073,58
9,12074,115
9,12075,154
9,12076,-44
9,12077,166
9,12078,192
9,12079,128
9,12080,-38
9,12081,-58
9,12082,52
9,12083,90
9,12084,44
9,12085,116
9,12086,128
9,12087,121
9,12088,38
9,12089,64
9,12090,90
9,12091,166
9,12092,134
9,12093,90
9,12094,134
9,12095,244
9,12096,198
9,12097,96
9,12098,179
9,12099,211
9,12100,141
9,12101,109
9,12102,77
9,12103,122
9,12104,154
9,12105,32
9,12106,58
9,12107,90
9,12108,-39
9,12109,32
9,12110,64
9,12111,180
9,12112,141
9,12113,96
9,12114,109
9,12115,71
9,12116,90
9,12117,70
9,12118,115
9,12119,160
9,12120,83
9,12121,64
9,12122,346
9,12123,192
9,12124,77
9,12125,51
9,12126,192
9,12127,122
9,12128,-45
9,12129,205
9,12130,96
9,12131,166
9,12132,96
9,12133,70
9,12134,64
9,12135,185
9,12136,115
9,12137,-243
9,12138,-19
9,12139,102
9,12140,-38
9,12141,76
9,12142,134
9,12143,160
9,12144,83
9,12145,51
9,12146,64
9,12147,109
9,12148,173
9,12149,102
9,12150,109
9,12151,134
9,12152,96
9,12153,57
9,12154,371
9,12155,44
9,12156,102
9,12157,179
9,12158,25
9,12159,-71
9,12160,116
9,12161,45
9,12162,51
9,12163,96
9,12164,77
9,12165,57
9,12166,32
9,12167,108
9,12168,128
9,12169,102
9,12170,371
9,12171,115
9,12172,167
9,12173,172
9,12174,166
9,12175,109
9,12176,70
9,12177,51
9,12178,89
9,12179,20
9,12180,102
9,12181,160
9,12182,141
9,12183,128
9,12184,102
9,12185,141
9,12186,102
9,12187,122
9,12188,167
9,12189,173
9,12190,179
9,12191,116
9,12192,57
9,12193,64
9,12194,102
9,12195,128
9,12196,115
9,12197,19
9,12198,83
9,12199,77
9,12200,64
9,12201,96
9,12202,109
9,12203,76
9,12204,179
9,12205,77
9,12206,275
9,12207,-38
9,12208,102
9,12209,39
9,12210,26
9,12211,116
9,12212,64
9,12213,96
9,12214,109
9,12215,121
9,12216,84
9,12217,122
9,12218,199
9,12219,70
9,12220,96
9,12221,352
9,12222,58
9,12223,166
9,12224,51
9,12225,109
9,12226,147
9,12227,64
9,12228,167
9,12229,90
9,12230,186
9,12231,153
9,12232,275
9,12233,103
9,12234,224
9,12235,173
9,12236,108
9,12237,103
9,12238,371
9,12239,64
9,12240,58
9,12241,166
9,12242,147
9,12243,217
9,12244,147
9,12245,192
9,12246,58
9,12247,115
9,12248,115
9,12249,96
9,12250,70
9,12251,115
9,12252,102
9,12253,250
9,12254,160
9,12255,76
9,12256,102
9,12257,172
9,12258,141
9,12259,115
9,12260,199
9,12261,51
9,12262,89
9,12263,70
9,12264,116
9,12265,83
9,12266,102
9,12267,109
9,12268,84
9,12269,160
9,12270,-45
9,12271,128
9,12272,58
9,12273,83
9,12274,84
9,12275,166
9,12276,77
9,12277,154
9,12278,160
9,12279,166
9,12280,198
9,12281,96
9,12282,153
9,12283,77
9,12284,160
9,12285,51
9,12286,154
9,12287,70
9,12288,90
9,12289,51
9,12290,70
9,12291,122
9,12292,77
9,12293,64
9,12294,160
9,12295,377
9,12296,70
9,12297,70
9,12298,826
9,12299,96
9,12300,108
9,12301,64
9,12302,122
9,12303,90
9,12304,70
9,12305,57
9,12306,26
9,12307,26
9,12308,-45
9,12309,96
9,12310,19
9,12311,365
9,12312,64
9,12313,160
9,12314,160
9,12315,121
9,12316,77
9,12317,38
9,12318,166
9,12319,96
9,12320,58
9,12321,32
9,12322,20
9,12323,57
9,12324,115
9,12325,52
9,12326,103
9,12327,365
9,12328,96
9,12329,153
9,12330,102
9,12331,109
9,12332,108
9,12333,-25
9,12334,122
9,12335,122
9,12336,141
9,12337,51
9,12338,89
9,12339,83
9,12340,128
9,12341,52
9,12342,377
9,12343,109
9,12344,-38
9,12345,122
9,12346,116
9,12347,96
9,12348,96
9,12349,71
9,12350,108
9,12351,102
9,12352,71
9,12353,64
9,12354,83
9,12355,90
9,12356,109
9,12357,64
9,12358,90
9,12359,70
9,12360,166
9,12361,38
9,12362,102
9,12363,57
9,12364,52
9,12365,160
9,12366,166
9,12367,109
9,12368,121
9,12369,89
9,12370,57
9,12371,102
9,12372,102
9,12373,26
9,12374,109
9,12375,-44
9,12376,167
9,12377,-6
9,12378,45
9,12379,90
9,12380,51
9,12381,77
9,12382,64
9,12383,167
9,12384,186
9,12385,115
9,12386,147
9,12387,166
9,12388,71
9,12389,160
9,12390,384
9,12391,71
9,12392,64
9,12393,51
9,12394,160
9,12395,26
9,12396,70
9,12397,103
9,12398,96
9,12399,135
9,12400,148
9,12401,45
9,12402,32
9,12403,45
9,12404,153
9,12405,103
9,12406,461
9,12407,160
9,12408,89
9,12409,32
9,12410,185
9,12411,51
9,12412,26
9,12413,90
9,12414,71
9,12415,83
9,12416,115
9,12417,64
9,12418,160
9,12419,103
9,12420,122
9,12421,96
9,12422,45
9,12423,19
9,12424,122
9,12425,109
9,12426,128
9,12427,153
9,12428,212
9,12429,179
9,12430,160
9,12431,122
9,12432,135
9,12433,45
9,12434,96
9,12435,128
9,12436,57
9,12437,77
9,12438,173
9,12439,147
9,12440,140
9,12441,58
9,12442,84
9,12443,148
9,12444,141
9,12445,83
9,12446,173
9,12447,-45
9,12448,141
9,12449,38
9,12450,44
9,12451,115
9,12452,116
9,12453,115
9,12454,103
9,12455,109
9,12456,121
9,12457,153
9,12458,212
9,12459,89
9,12460,141
9,12461,154
9,12462,179
9,12463,166
9,12464,166
9,12465,58
9,12466,45
9,12467,77
9,12468,102
9,12469,25
9,12470,134
9,12471,70
9,12472,109
9,12473,173
9,12474,211
9,12475,122
9,12476,-39
9,12477,160
9,12478,160
9,12479,160
9,12480,38
9,12481,-32
9,12482,70
9,12483,83
9,12484,147
9,12485,90
9,12486,199
9,12487,96
9,12488,153
9,12489,70
9,12490,173
9,12491,141
9,12492,96
9,12493,77
9,12494,83
9,12495,-26
9,12496,128
9,12497,-39
9,12498,205
9,12499,102
9,12500,77
9,12501,167
9,12502,391
9,12503,51
9,12504,64
9,12505,109
9,12506,83
9,12507,-45
9,12508,103
9,12509,26
9,12510,160
9,12511,160
9,12512,70
9,12513,32
9,12514,52
9,12515,44
9,12516,58
9,12517,205
9,12518,160
9,12519,26
9,12520,76
9,12521,64
9,12522,192
9,12523,128
9,12524,372
9,12525,44
9,12526,180
9,12527,-57
9,12528,135
9,12529,172
9,12530,115
9,12531,96
9,12532,141
9,12533,-32
9,12534,404
9,12535,70
9,12536,116
9,12537,102
9,12538,167
9,12539,77
9,12540,160
9,12541,160
9,12542,135
9,12543,224
9,12544,83
9,12545,307
9,12546,167
9,12547,70
9,12548,64
9,12549,89
9,12550,211
9,12551,32
9,12552,32
9,12553,794
9,12554,32
9,12555,794
9,12556,-51
9,12557,166
9,12558,173
9,12559,135
9,12560,102
9,12561,58
9,12562,51
9,12563,45
9,12564,45
9,12565,109
9,12566,57
9,12567,64
9,12568,153
9,12569,167
9,12570,185
9,12571,115
9,12572,102
9,12573,90
9,12574,102
9,12575,167
9,12576,102
9,12577,-25
9,12578,102
9,12579,26
9,12580,140
9,12581,115
9,12582,179
9,12583,-243
9,12584,122
9,12585,160
9,12586,167
9,12587,38
9,12588,115
9,12589,58
9,12590,172
9,12591,83
9,12592,237
9,12593,51
9,12594,76
9,12595,70
9,12596,32
9,12597,116
9,12598,109
9,12599,19
9,12600,64
9,12601,57
9,12602,64
9,12603,147
9,12604,70
9,12605,167
9,12606,167
9,12607,198
9,12608,122
9,12609,109
9,12610,211
9,12611,70
9,12612,320
9,12613,102
9,12614,173
9,12615,147
9,12616,64
9,12617,57
9,12618,167
9,12619,-20
9,12620,38
9,12621,64
9,12622,192
9,12623,71
9,12624,64
9,12625,128
9,12626,122
9,12627,51
9,12628,103
9,12629,64
9,12630,102
9,12631,51
9,12632,122
9,12633,70
9,12634,51
9,12635,84
9,12636,102
9,12637,25
9,12638,45
9,12639,134
9,12640,64
9,12641,109
9,12642,115
9,12643,121
9,12644,173
9,12645,96
9,12646,70
9,12647,153
9,12648,166
9,12649,64
9,12650,76
9,12651,70
9,12652,58
9,12653,44
9,12654,77
9,12655,166
9,12656,52
9,12657,45
9,12658,160
9,12659,122
9,12660,102
9,12661,115
9,12662,167
9,12663,102
9,12664,218
9,12665,64
9,12666,19
9,12667,-13
9,12668,122
9,12669,70
9,12670,89
9,12671,147
9,12672,77
9,12673,19
9,12674,64
9,12675,19
9,12676,358
9,12677,186
9,12678,192
9,12679,154
9,12680,77
9,12681,90
9,12682,115
9,12683,160
9,12684,173
9,12685,211
9,12686,102
9,12687,115
9,12688,77
9,12689,109
9,12690,57
9,12691,51
9,12692,32
9,12693,51
9,12694,32
9,12695,96
9,12696,25
9,12697,167
9,12698,-32
9,12699,141
9,12700,140
9,12701,57
9,12702,26
9,12703,116
9,12704,45
9,12705,39
9,12706,115
9,12707,64
9,12708,58
9,12709,51
9,12710,64
9,12711,64
9,12712,115
9,12713,140
9,12714,-26
9,12715,173
9,12716,115
9,12717,211
9,12718,250
9,12719,89
9,12720,84
9,12721,141
9,12722,115
9,12723,83
9,12724,64
9,12725,121
9,12726,57
9,12727,108
9,12728,148
9,12729,167
9,12730,179
9,12731,166
9,12732,77
9,12733,103
9,12734,32
9,12735,32
9,12736,89
9,12737,51
9,12738,121
9,12739,192
9,12740,-45
9,12741,115
9,12742,57
9,12743,211
9,12744,64
9,12745,51
9,12746,109
9,12747,121
9,12748,122
9,12749,51
9,12750,-13
9,12751,103
9,12752,57
9,12753,198
9,12754,192
9,12755,307
9,12756,109
9,12757,167
9,12758,172
9,12759,109
9,12760,96
9,12761,198
9,12762,70
9,12763,128
9,12764,109
9,12765,166
9,12766,211
9,12767,83
9,12768,122
9,12769,154
9,12770,218
9,12771,160
9,12772,115
9,12773,64
9,12774,115
9,12775,153
9,12776,102
9,12777,39
9,12778,64
9,12779,57
9,12780,45
9,12781,135
9,12782,76
9,12783,70
9,12784,64
9,12785,77
9,12786,160
9,12787,134
9,12788,134
9,12789,153
9,12790,115
9,12791,57
9,12792,192
9,12793,-25
9,12794,166
9,12795,32
9,12796,115
9,12797,26
9,12798,19
9,12799,25
9,12800,70
9,12801,45
9,12802,167
9,12803,122
9,12804,89
9,12805,44
9,12806,180
9,12807,122
9,12808,186
9,12809,96
9,12810,966
9,12811,83
9,12812,90
9,12813,204
9,12814,154
9,12815,103
9,12816,140
9,12817,64
9,12818,153
9,12819,140
9,12820,38
9,12821,38
9,12822,122
9,12823,365
9,12824,-39
9,12825,134
9,12826,160
9,12827,167
9,12828,122
9,12829,64
9,12830,198
9,12831,166
9,12832,109
9,12833,-6
9,12834,51
9,12835,64
9,12836,70
9,12837,83
9,12838,122
9,12839,-44
9,12840,128
9,12841,160
9,12842,115
9,12843,128
9,12844,90
9,12845,141
9,12846,186
9,12847,122
9,12848,71
9,12849,32
9,12850,128
9,12851,20
9,12852,89
9,12853,64
9,12854,128
9,12855,173
9,12856,45
9,12857,147
9,12858,128
9,12859,102
9,12860,51
9,12861,58
9,12862,166
9,12863,102
9,12864,109
9,12865,71
9,12866,77
9,12867,256
9,12868,115
9,12869,115
9,12870,115
9,12871,122
9,12872,83
9,12873,32
9,12874,58
9,12875,71
9,12876,96
9,12877,109
9,12878,109
9,12879,109
9,12880,121
9,12881,153
9,12882,365
9,12883,102
9,12884,77
9,12885,57
9,12886,44
9,12887,89
9,12888,70
9,12889,96
9,12890,32
9,12891,64
9,12892,44
9,12893,70
9,12894,64
9,12895,122
9,12896,64
9,12897,115
9,12898,83
9,12899,166
9,12900,115
9,12901,70
9,12902,211
9,12903,135
9,12904,103
9,12905,-25
9,12906,64
9,12907,51
9,12908,45
9,12909,39
9,12910,103
9,12911,128
9,12912,32
9,12913,153
9,12914,109
9,12915,102
9,12916,57
9,12917,122
9,12918,128
9,12919,122
9,12920,134
9,12921,-12
9,12922,51
9,12923,122
9,12924,32
9,12925,51
9,12926,64
9,12927,256
9,12928,147
9,12929,358
9,12930,77
9,12931,64
9,12932,122
9,12933,64
9,12934,199
9,12935,58
9,12936,77
9,12937,122
9,12938,70
9,12939,-32
9,12940,217
9,12941,64
9,12942,115
9,12943,135
9,12944,58
9,12945,281
9,12946,64
9,12947,26
9,12948,26
9,12949,71
9,12950,435
9,12951,96
9,12952,57
9,12953,64
9,12954,140
9,12955,192
9,12956,90
9,12957,77
9,12958,135
9,12959,153
9,12960,89
9,12961,-52
9,12962,84
9,12963,103
9,12964,166
9,12965,307
9,12966,57
9,12967,64
9,12968,179
9,12969,122
9,12970,103
9,12971,269
9,12972,185
9,12973,147
9,12974,64
9,12975,218
9,12976,96
9,12977,493
9,12978,96
9,12979,71
9,12980,115
9,12981,45
9,12982,192
9,12983,77
9,12984,83
9,12985,96
9,12986,128
9,12987,103
9,12988,115
9,12989,64
9,12990,172
9,12991,26
9,12992,64
9,12993,45
9,12994,166
9,12995,166
9,12996,128
9,12997,-26
9,12998,141
9,12999,83
9,13000,64
9,13001,70
9,13002,115
9,13003,103
9,13004,109
9,13005,96
9,13006,205
9,13007,115
9,13008,64
9,13009,140
9,13010,77
9,13011,83
9,13012,109
9,13013,71
9,13014,109
9,13015,128
9,13016,148
9,13017,141
9,13018,103
9,13019,103
9,13020,71
9,13021,52
9,13022,-295
9,13023,-64
9,13024,263
9,13025,58
9,13026,58
9,13027,32
9,13028,180
9,13029,64
9,13030,77
9,13031,167
9,13032,128
9,13033,51
9,13034,19
9,13035,-64
9,13036,173
9,13037,83
9,13038,109
9,13039,179
9,13040,128
9,13041,76
9,13042,25
9,13043,109
9,13044,103
9,13045,84
9,13046,185
9,13047,115
9,13048,45
9,13049,38
9,13050,109
9,13051,83
9,13052,102
9,13053,38
9,13054,192
9,13055,108
9,13056,89
9,13057,44
9,13058,-26
9,13059,160
9,13060,115
9,13061,51
9,13062,32
9,13063,122
9,13064,160
9,13065,806
9,13066,115
9,13067,768
9,13068,173
9,13069,51
9,13070,122
9,13071,135
9,13072,205
9,13073,71
9,13074,64
9,13075,102
9,13076,-614
9,13077,-26
9,13078,179
9,13079,115
9,13080,135
9,13081,71
9,13082,64
9,13083,147
9,13084,102
9,13085,51
9,13086,-39
9,13087,121
9,13088,51
9,13089,51
9,13090,70
9,13091,70
9,13092,224
9,13093,103
9,13094,192
9,13095,166
9,13096,154
9,13097,51
9,13098,96
9,13099,70
9,13100,90
9,13101,218
9,13102,96
9,13103,115
9,13104,109
9,13105,26
9,13106,13
9,13107,115
9,13108,58
9,13109,70
9,13110,76
9,13111,58
9,13112,128
9,13113,128
9,13114,134
9,13115,102
9,13116,192
9,13117,108
9,13118,160
9,13119,76
9,13120,77
9,13121,96
9,13122,116
9,13123,205
9,13124,90
9,13125,-38
9,13126,83
9,13127,109
9,13128,71
9,13129,58
9,13130,25
9,13131,45
9,13132,52
9,13133,109
9,13134,90
9,13135,103
9,13136,102
9,13137,64
9,13138,96
9,13139,109
9,13140,89
9,13141,70
9,13142,70
9,13143,192
9,13144,122
9,13145,77
9,13146,64
9,13147,58
9,13148,44
9,13149,102
9,13150,115
9,13151,52
9,13152,38
9,13153,51
9,13154,108
9,13155,147
9,13156,230
9,13157,141
9,13158,224
9,13159,128
9,13160,199
9,13161,96
9,13162,160
9,13163,26
9,13164,70
9,13165,57
9,13166,166
9,13167,147
9,13168,115
9,13169,39
9,13170,122
9,13171,109
9,13172,378
9,13173,109
9,13174,109
9,13175,109
9,13176,103
9,13177,70
9,13178,-32
9,13179,84
9,13180,84
9,13181,64
9,13182,109
9,13183,154
9,13184,128
9,13185,57
9,13186,115
9,13187,32
9,13188,-115
9,13189,173
9,13190,102
9,13191,70
9,13192,-51
9,13193,89
9,13194,109
9,13195,147
9,13196,154
9,13197,96
9,13198,173
9,13199,115
9,13200,134
9,13201,51
9,13202,58
9,13203,167
9,13204,32
9,13205,102
9,13206,141
9,13207,224
9,13208,45
9,13209,103
9,13210,166
9,13211,167
9,13212,122
9,13213,70
9,13214,58
9,13215,141
9,13216,109
9,13217,32
9,13218,211
9,13219,26
9,13220,64
9,13221,38
9,13222,256
9,13223,52
9,13224,32
9,13225,52
9,13226,122
9,13227,115
9,13228,96
9,13229,-39
9,13230,109
9,13231,70
9,13232,109
9,13233,45
9,13234,109
9,13235,64
9,13236,96
9,13237,109
9,13238,57
9,13239,83
9,13240,26
9,13241,-26
9,13242,180
9,13243,116
9,13244,199
9,13245,83
9,13246,26
9,13247,76
9,13248,71
9,13249,64
9,13250,122
9,13251,-64
9,13252,154
9,13253,134
9,13254,192
9,13255,115
9,13256,141
9,13257,71
9,13258,64
9,13259,96
9,13260,128
9,13261,76
9,13262,19
9,13263,218
9,13264,128
9,13265,71
9,13266,198
9,13267,115
9,13268,122
9,13269,160
9,13270,64
9,13271,83
9,13272,167
9,13273,96
9,13274,115
9,13275,-237
9,13276,38
9,13277,134
9,13278,12
9,13279,102
9,13280,217
9,13281,128
9,13282,71
9,13283,173
9,13284,173
9,13285,64
9,13286,160
9,13287,-45
9,13288,167
9,13289,147
9,13290,115
9,13291,211
9,13292,96
9,13293,-32
9,13294,135
9,13295,102
9,13296,103
9,13297,103
9,13298,288
9,13299,102
9,13300,198
9,13301,51
9,13302,179
9,13303,115
9,13304,84
9,13305,-45
9,13306,140
9,13307,103
9,13308,77
9,13309,45
9,13310,77
9,13311,109
9,13312,57
9,13313,32
9,13314,26
9,13315,64
9,13316,147
9,13317,58
9,13318,269
9,13319,262
9,13320,64
9,13321,250
9,13322,787
9,13323,166
9,13324,108
9,13325,167
9,13326,173
9,13327,64
9,13328,134
9,13329,121
9,13330,64
9,13331,122
9,13332,84
9,13333,25
9,13334,64
9,13335,58
9,13336,160
9,13337,70
9,13338,205
9,13339,122
9,13340,172
9,13341,102
9,13342,199
9,13343,320
9,13344,282
9,13345,115
9,13346,77
9,13347,166
9,13348,70
9,13349,64
9,13350,205
9,13351,172
9,13352,103
9,13353,58
9,13354,128
9,13355,115
9,13356,115
9,13357,128
9,13358,173
9,13359,109
9,13360,167
9,13361,154
9,13362,116
9,13363,51
9,13364,71
9,13365,58
9,13366,77
9,13367,115
9,13368,90
9,13369,205
9,13370,135
9,13371,121
9,13372,147
9,13373,109
9,13374,173
9,13375,122
9,13376,115
9,13377,38
9,13378,122
9,13379,192
9,13380,96
9,13381,51
9,13382,102
9,13383,64
9,13384,116
9,13385,39
9,13386,96
9,13387,70
9,13388,76
9,13389,166
9,13390,103
9,13391,109
9,13392,71
9,13393,166
9,13394,-51
9,13395,108
9,13396,77
9,13397,359
9,13398,179
9,13399,116
9,13400,109
9,13401,141
9,13402,83
9,13403,102
9,13404,58
9,13405,77
9,13406,160
9,13407,51
9,13408,45
9,13409,96
9,13410,90
9,13411,154
9,13412,103
9,13413,51
9,13414,122
9,13415,121
9,13416,32
9,13417,-45
9,13418,51
9,13419,109
9,13420,64
9,13421,77
9,13422,103
9,13423,32
9,13424,166
9,13425,103
9,13426,-32
9,13427,141
9,13428,147
9,13429,211
9,13430,147
9,13431,237
9,13432,160
9,13433,83
9,13434,90
9,13435,249
9,13436,-45
9,13437,167
9,13438,378
9,13439,115
9,13440,154
9,13441,-51
9,13442,103
9,13443,116
9,13444,6
9,13445,122
9,13446,51
9,13447,115
9,13448,51
9,13449,192
9,13450,185
9,13451,-51
9,13452,103
9,13453,96
9,13454,199
9,13455,128
9,13456,103
9,13457,64
9,13458,141
9,13459,64
9,13460,57
9,13461,128
9,13462,45
9,13463,109
9,13464,115
9,13465,103
9,13466,204
9,13467,364
9,13468,160
9,13469,89
9,13470,96
9,13471,109
9,13472,102
9,13473,25
9,13474,32
9,13475,160
9,13476,64
9,13477,32
9,13478,166
9,13479,96
9,13480,77
9,13481,108
9,13482,109
9,13483,121
9,13484,160
9,13485,77
9,13486,172
9,13487,102
9,13488,167
9,13489,134
9,13490,64
9,13491,26
9,13492,52
9,13493,58
9,13494,45
9,13495,32
9,13496,179
9,13497,64
9,13498,96
9,13499,77
9,13500,134
9,13501,121
9,13502,-96
9,13503,108
9,13504,58
9,13505,320
9,13506,128
9,13507,57
9,13508,160
9,13509,64
9,13510,32
9,13511,122
9,13512,77
9,13513,122
9,13514,160
9,13515,192
9,13516,70
9,13517,-25
9,13518,-26
9,13519,122
9,13520,141
9,13521,96
9,13522,52
9,13523,103
9,13524,58
9,13525,192
9,13526,192
9,13527,102
9,13528,-57
9,13529,83
9,13530,89
9,13531,64
9,13532,71
9,13533,77
9,13534,109
9,13535,141
9,13536,64
9,13537,358
9,13538,70
9,13539,122
9,13540,96
9,13541,307
9,13542,96
9,13543,109
9,13544,128
9,13545,58
9,13546,160
9,13547,173
9,13548,147
9,13549,160
9,13550,-45
9,13551,320
9,13552,122
9,13553,128
9,13554,211
9,13555,103
9,13556,57
9,13557,90
9,13558,167
9,13559,90
9,13560,83
9,13561,121
9,13562,115
9,13563,141
9,13564,224
9,13565,160
9,13566,365
9,13567,121
9,13568,166
9,13569,45
9,13570,57
9,13571,70
9,13572,109
9,13573,71
9,13574,179
9,13575,-250
9,13576,84
9,13577,800
9,13578,115
9,13579,768
9,13580,186
9,13581,121
9,13582,371
9,13583,147
9,13584,166
9,13585,71
9,13586,116
9,13587,51
9,13588,313
9,13589,76
9,13590,128
9,13591,269
9,13592,116
9,13593,115
9,13594,77
9,13595,76
9,13596,128
9,13597,-32
9,13598,205
9,13599,90
9,13600,64
9,13601,26
9,13602,58
9,13603,64
9,13604,109
9,13605,166
9,13606,109
9,13607,58
9,13608,102
9,13609,121
9,13610,173
9,13611,19
9,13612,83
9,13613,154
9,13614,180
9,13615,147
9,13616,173
9,13617,160
9,13618,26
9,13619,84
9,13620,83
9,13621,83
9,13622,205
9,13623,154
9,13624,128
9,13625,109
9,13626,109
9,13627,122
9,13628,167
9,13629,102
9,13630,167
9,13631,314
9,13632,103
9,13633,44
9,13634,237
9,13635,70
9,13636,167
9,13637,172
9,13638,96
9,13639,57
9,13640,32
9,13641,26
9,13642,70
9,13643,19
9,13644,89
9,13645,166
9,13646,64
9,13647,103
9,13648,71
9,13649,102
9,13650,121
9,13651,109
9,13652,-45
9,13653,89
9,13654,282
9,13655,83
9,13656,83
9,13657,-38
9,13658,102
9,13659,102
9,13660,122
9,13661,102
9,13662,160
9,13663,89
9,13664,109
9,13665,52
9,13666,71
9,13667,147
9,13668,12
9,13669,115
9,13670,57
9,13671,109
9,13672,-422
9,13673,96
9,13674,-45
9,13675,45
9,13676,32
9,13677,45
9,13678,70
9,13679,141
9,13680,148
9,13681,160
9,13682,84
9,13683,96
9,13684,160
9,13685,38
9,13686,103
9,13687,115
9,13688,96
9,13689,-32
9,13690,64
9,13691,32
9,13692,70
9,13693,51
9,13694,-25
9,13695,134
9,13696,115
9,13697,58
9,13698,25
9,13699,45
9,13700,-45
9,13701,83
9,13702,58
9,13703,358
9,13704,84
9,13705,64
9,13706,109
9,13707,108
9,13708,154
9,13709,58
9,13710,70
9,13711,128
9,13712,167
9,13713,90
9,13714,135
9,13715,44
9,13716,102
9,13717,115
9,13718,70
9,13719,102
9,13720,166
9,13721,102
9,13722,64
9,13723,103
9,13724,128
9,13725,-26
9,13726,218
9,13727,102
9,13728,109
9,13729,71
9,13730,314
9,13731,135
9,13732,122
9,13733,160
9,13734,211
9,13735,109
9,13736,153
9,13737,205
9,13738,147
9,13739,70
9,13740,76
9,13741,115
9,13742,179
9,13743,103
9,13744,172
9,13745,25
9,13746,26
9,13747,58
9,13748,167
9,13749,147
9,13750,108
9,13751,102
9,13752,115
9,13753,186
9,13754,109
9,13755,147
9,13756,108
9,13757,-19
9,13758,19
9,13759,57
9,13760,154
9,13761,57
9,13762,326
9,13763,121
9,13764,186
9,13765,173
9,13766,-38
9,13767,135
9,13768,109
9,13769,-19
9,13770,77
9,13771,89
9,13772,90
9,13773,45
9,13774,199
9,13775,90
9,13776,115
9,13777,102
9,13778,57
9,13779,96
9,13780,115
9,13781,64
9,13782,57
9,13783,83
9,13784,90
9,13785,32
9,13786,71
9,13787,116
9,13788,365
9,13789,52
9,13790,154
9,13791,166
9,13792,141
9,13793,128
9,13794,147
9,13795,-134
9,13796,122
9,13797,109
9,13798,179
9,13799,108
9,13800,141
9,13801,179
9,13802,166
9,13803,115
9,13804,70
9,13805,70
9,13806,128
9,13807,122
9,13808,108
9,13809,173
9,13810,180
9,13811,77
9,13812,167
9,13813,166
9,13814,-32
9,13815,166
9,13816,77
9,13817,58
9,13818,217
9,13819,71
9,13820,211
9,13821,38
9,13822,102
9,13823,121
9,13824,-51
9,13825,121
9,13826,58
9,13827,71
9,13828,51
9,13829,109
9,13830,58
9,13831,90
9,13832,154
9,13833,115
9,13834,858
9,13835,128
9,13836,77
9,13837,109
9,13838,64
9,13839,121
9,13840,109
9,13841,307
9,13842,64
9,13843,64
9,13844,122
9,13845,96
9,13846,71
9,13847,64
9,13848,192
9,13849,186
9,13850,103
9,13851,90
9,13852,64
9,13853,211
9,13854,115
9,13855,128
9,13856,166
9,13857,109
9,13858,167
9,13859,32
9,13860,109
9,13861,51
9,13862,64
9,13863,58
9,13864,64
9,13865,122
9,13866,89
9,13867,147
9,13868,179
9,13869,51
9,13870,147
9,13871,160
9,13872,160
9,13873,58
9,13874,-45
9,13875,83
9,13876,109
9,13877,179
9,13878,147
9,13879,115
9,13880,57
9,13881,160
9,13882,103
9,13883,96
9,13884,38
9,13885,51
9,13886,58
9,13887,84
9,13888,205
9,13889,70
9,13890,121
9,13891,237
9,13892,185
9,13893,64
9,13894,70
9,13895,134
9,13896,115
9,13897,-32
9,13898,173
9,13899,76
9,13900,102
9,13901,57
9,13902,115
9,13903,102
9,13904,128
9,13905,115
9,13906,141
9,13907,77
9,13908,32
9,13909,64
9,13910,166
9,13911,77
9,13912,115
9,13913,32
9,13914,57
9,13915,115
9,13916,57
9,13917,173
9,13918,89
9,13919,173
9,13920,57
9,13921,109
9,13922,77
9,13923,135
9,13924,192
9,13925,166
9,13926,217
9,13927,122
9,13928,13
9,13929,-6
9,13930,204
9,13931,-45
9,13932,83
9,13933,109
9,13934,358
9,13935,-39
9,13936,205
9,13937,115
9,13938,58
9,13939,167
9,13940,128
9,13941,122
9,13942,109
9,13943,77
9,13944,173
9,13945,109
9,13946,38
9,13947,-64
9,13948,135
9,13949,71
9,13950,71
9,13951,51
9,13952,147
9,13953,57
9,13954,19
9,13955,70
9,13956,115
9,13957,51
9,13958,96
9,13959,166
9,13960,109
9,13961,109
9,13962,26
9,13963,166
9,13964,256
9,13965,-38
9,13966,397
9,13967,116
9,13968,134
9,13969,70
9,13970,45
9,13971,26
9,13972,64
9,13973,52
9,13974,147
9,13975,84
9,13976,-45
9,13977,-20
9,13978,249
9,13979,186
9,13980,205
9,13981,51
9,13982,64
9,13983,115
9,13984,198
9,13985,102
9,13986,102
9,13987,148
9,13988,147
9,13989,57
9,13990,103
9,13991,141
9,13992,64
9,13993,-32
9,13994,121
9,13995,109
9,13996,115
9,13997,83
9,13998,-32
9,13999,128
9,14000,147
9,14001,51
9,14002,147
9,14003,103
9,14004,70
9,14005,249
9,14006,244
9,14007,51
9,14008,25
9,14009,358
9,14010,109
9,14011,109
9,14012,57
9,14013,-551
9,14014,390
9,14015,141
9,14016,109
9,14017,51
9,14018,58
9,14019,64
9,14020,108
9,14021,160
9,14022,147
9,14023,71
9,14024,103
9,14025,-32
9,14026,77
9,14027,180
9,14028,64
9,14029,57
9,14030,160
9,14031,45
9,14032,115
9,14033,76
9,14034,26
9,14035,108
9,14036,115
9,14037,109
9,14038,70
9,14039,64
9,14040,-38
9,14041,76
9,14042,90
9,14043,109
9,14044,166
9,14045,-26
9,14046,122
9,14047,160
9,14048,77
9,14049,57
9,14050,83
9,14051,147
9,14052,70
9,14053,52
9,14054,71
9,14055,148
9,14056,205
9,14057,-26
9,14058,102
9,14059,77
9,14060,64
9,14061,58
9,14062,26
9,14063,122
9,14064,83
9,14065,51
9,14066,77
9,14067,102
9,14068,307
9,14069,83
9,14070,58
9,14071,102
9,14072,-45
9,14073,32
9,14074,128
9,14075,58
9,14076,192
9,14077,122
9,14078,397
9,14079,103
9,14080,64
9,14081,45
9,14082,45
9,14083,70
9,14084,384
9,14085,160
9,14086,96
9,14087,121
9,14088,115
9,14089,1011
9,14090,135
9,14091,774
9,14092,211
9,14093,308
9,14094,64
9,14095,192
9,14096,121
9,14097,45
9,14098,71
9,14099,-416
9,14100,-45
9,14101,45
9,14102,134
9,14103,371
9,14104,90
9,14105,96
9,14106,121
9,14107,128
9,14108,109
9,14109,-25
9,14110,121
9,14111,128
9,14112,128
9,14113,-32
9,14114,121
9,14115,57
9,14116,38
9,14117,83
9,14118,128
9,14119,102
9,14120,116
9,14121,45
9,14122,160
9,14123,122
9,14124,103
9,14125,-13
9,14126,294
9,14127,64
9,14128,218
9,14129,199
9,14130,77
9,14131,269
9,14132,-44
9,14133,166
9,14134,160
9,14135,83
9,14136,83
9,14137,134
9,14138,58
9,14139,109
9,14140,102
9,14141,173
9,14142,198
9,14143,115
9,14144,173
9,14145,109
9,14146,153
9,14147,243
9,14148,108
9,14149,89
9,14150,403
9,14151,166
9,14152,-45
9,14153,-38
9,14154,102
9,14155,102
9,14156,121
9,14157,-58
9,14158,134
9,14159,32
9,14160,167
9,14161,167
9,14162,320
9,14163,90
9,14164,122
9,14165,71
9,14166,64
9,14167,108
9,14168,192
9,14169,102
9,14170,134
9,14171,64
9,14172,64
9,14173,-25
9,14174,180
9,14175,58
9,14176,58
9,14177,160
9,14178,115
9,14179,160
9,14180,12
9,14181,102
9,14182,301
9,14183,109
9,14184,173
9,14185,134
9,14186,115
9,14187,77
9,14188,64
9,14189,64
9,14190,70
9,14191,102
9,14192,64
9,14193,109
9,14194,218
9,14195,115
9,14196,115
9,14197,77
9,14198,64
9,14199,102
9,14200,128
9,14201,102
9,14202,121
9,14203,64
9,14204,154
9,14205,26
9,14206,160
9,14207,77
9,14208,58
9,14209,51
9,14210,128
9,14211,-19
9,14212,140
9,14213,-217
9,14214,32
9,14215,115
9,14216,64
9,14217,64
9,14218,57
9,14219,103
9,14220,166
9,14221,134
9,14222,57
9,14223,116
9,14224,153
9,14225,109
9,14226,-45
9,14227,173
9,14228,26
9,14229,58
9,14230,51
9,14231,121
9,14232,109
9,14233,83
9,14234,96
9,14235,115
9,14236,77
9,14237,96
9,14238,102
9,14239,96
9,14240,26
9,14241,32
9,14242,-32
9,14243,64
9,14244,39
9,14245,39
9,14246,128
9,14247,64
9,14248,70
9,14249,58
9,14250,153
9,14251,109
9,14252,166
9,14253,96
9,14254,212
9,14255,307
9,14256,256
9,14257,115
9,14258,102
9,14259,128
9,14260,160
9,14261,77
9,14262,51
9,14263,121
9,14264,122
9,14265,58
9,14266,90
9,14267,77
9,14268,269
9,14269,58
9,14270,166
9,14271,147
9,14272,77
9,14273,26
9,14274,64
9,14275,186
9,14276,122
9,14277,45
9,14278,-121
9,14279,160
9,14280,109
9,14281,179
9,14282,32
9,14283,83
9,14284,25
9,14285,-7
9,14286,147
9,14287,25
9,14288,224
9,14289,371
9,14290,102
9,14291,115
9,14292,51
9,14293,327
9,14294,103
9,14295,115
9,14296,51
9,14297,32
9,14298,83
9,14299,166
9,14300,25
9,14301,64
9,14302,160
9,14303,116
9,14304,115
9,14305,102
9,14306,128
9,14307,116
9,14308,115
9,14309,352
9,14310,198
9,14311,115
9,14312,64
9,14313,90
9,14314,218
9,14315,-211
9,14316,64
9,14317,32
9,14318,57
9,14319,90
9,14320,58
9,14321,608
9,14322,153
9,14323,109
9,14324,109
9,14325,128
9,14326,179
9,14327,70
9,14328,167
9,14329,154
9,14330,154
9,14331,109
9,14332,167
9,14333,32
9,14334,134
9,14335,166
9,14336,32
9,14337,32
9,14338,148
9,14339,64
9,14340,121
9,14341,32
9,14342,-58
9,14343,76
9,14344,64
9,14345,121
9,14346,813
9,14347,166
9,14348,173
9,14349,109
9,14350,121
9,14351,128
9,14352,160
9,14353,141
9,14354,64
9,14355,26
9,14356,58
9,14357,58
9,14358,51
9,14359,109
9,14360,166
9,14361,71
9,14362,103
9,14363,198
9,14364,115
9,14365,103
9,14366,64
9,14367,102
9,14368,147
9,14369,-44
9,14370,77
9,14371,70
9,14372,135
9,14373,32
9,14374,26
9,14375,83
9,14376,103
9,14377,109
9,14378,77
9,14379,134
9,14380,135
9,14381,64
9,14382,109
9,14383,32
9,14384,77
9,14385,57
9,14386,19
9,14387,90
9,14388,45
9,14389,45
9,14390,45
9,14391,-237
9,14392,409
9,14393,83
9,14394,103
9,14395,77
9,14396,58
9,14397,32
9,14398,57
9,14399,160
9,14400,89
9,14401,-51
9,14402,121
9,14403,64
9,14404,32
9,14405,51
9,14406,-179
9,14407,77
9,14408,-186
9,14409,-26
9,14410,77
9,14411,26
9,14412,57
9,14413,39
9,14414,109
9,14415,102
9,14416,83
9,14417,128
9,14418,96
9,14419,83
9,14420,173
9,14421,231
9,14422,64
9,14423,96
9,14424,-26
9,14425,71
9,14426,64
9,14427,76
9,14428,64
9,14429,64
9,14430,70
9,14431,-70
9,14432,148
9,14433,26
9,14434,121
9,14435,115
9,14436,122
9,14437,77
9,14438,167
9,14439,147
9,14440,205
9,14441,25
9,14442,281
9,14443,109
9,14444,109
9,14445,26
9,14446,185
9,14447,160
9,14448,115
9,14449,77
9,14450,103
9,14451,141
9,14452,167
9,14453,109
9,14454,108
9,14455,70
9,14456,135
9,14457,-7
9,14458,115
9,14459,102
9,14460,38
9,14461,96
9,14462,64
9,14463,-19
9,14464,84
9,14465,102
9,14466,179
9,14467,166
9,14468,263
9,14469,109
9,14470,32
9,14471,89
9,14472,109
9,14473,154
9,14474,83
9,14475,160
9,14476,102
9,14477,-39
9,14478,58
9,14479,44
9,14480,77
9,14481,26
9,14482,19
9,14483,64
9,14484,64
9,14485,128
9,14486,71
9,14487,365
9,14488,109
9,14489,-32
9,14490,166
9,14491,58
9,14492,166
9,14493,109
9,14494,96
9,14495,84
9,14496,57
9,14497,90
9,14498,32
9,14499,263
9,14500,160
9,14501,52
9,14502,44
9,14503,115
9,14504,109
9,14505,115
9,14506,108
9,14507,211
9,14508,70
9,14509,52
9,14510,52
9,14511,52
9,14512,58
9,14513,45
9,14514,51
9,14515,64
9,14516,64
9,14517,52
9,14518,102
9,14519,70
9,14520,70
9,14521,-45
9,14522,217
9,14523,64
9,14524,154
9,14525,71
9,14526,64
9,14527,115
9,14528,64
9,14529,77
9,14530,45
9,14531,115
9,14532,58
9,14533,45
9,14534,83
9,14535,52
9,14536,52
9,14537,84
9,14538,77
9,14539,90
9,14540,58
9,14541,44
9,14542,71
9,14543,109
9,14544,192
9,14545,44
9,14546,57
9,14547,109
9,14548,135
9,14549,90
9,14550,51
9,14551,45
9,14552,70
9,14553,32
9,14554,32
9,14555,115
9,14556,32
9,14557,26
9,14558,51
9,14559,108
9,14560,45
9,14561,51
9,14562,51
9,14563,109
9,14564,211
9,14565,51
9,14566,58
9,14567,128
9,14568,70
9,14569,243
9,14570,103
9,14571,179
9,14572,128
9,14573,256
9,14574,122
9,14575,173
9,14576,141
9,14577,57
9,14578,-32
9,14579,128
9,14580,77
9,14581,58
9,14582,160
9,14583,90
9,14584,103
9,14585,45
9,14586,109
9,14587,115
9,14588,102
9,14589,96
9,14590,45
9,14591,116
9,14592,-44
9,14593,39
9,14594,76
9,14595,70
9,14596,58
9,14597,51
9,14598,58
9,14599,-115
9,14600,135
9,14601,800
9,14602,173
9,14603,813
9,14604,83
9,14605,231
9,14606,51
9,14607,71
9,14608,135
9,14609,140
9,14610,-436
9,14611,64
9,14612,89
9,14613,76
9,14614,19
9,14615,173
9,14616,166
9,14617,96
9,14618,51
9,14619,147
9,14620,77
9,14621,180
9,14622,185
9,14623,166
9,14624,122
9,14625,26
9,14626,160
9,14627,52
9,14628,70
9,14629,77
9,14630,160
9,14631,-25
9,14632,141
9,14633,71
9,14634,134
9,14635,83
9,14636,115
9,14637,45
9,14638,128
9,14639,147
9,14640,64
9,14641,25
9,14642,19
9,14643,26
9,14644,90
9,14645,52
9,14646,-116
9,14647,64
9,14648,58
9,14649,-38
9,14650,70
9,14651,121
9,14652,109
9,14653,109
9,14654,45
9,14655,90
9,14656,70
9,14657,365
9,14658,237
9,14659,19
9,14660,51
9,14661,71
9,14662,57
9,14663,52
9,14664,109
9,14665,58
9,14666,96
9,14667,70
9,14668,51
9,14669,58
9,14670,90
9,14671,109
9,14672,108
9,14673,90
9,14674,71
9,14675,77
9,14676,121
9,14677,89
9,14678,70
9,14679,58
9,14680,128
9,14681,90
9,14682,19
9,14683,167
9,14684,26
9,14685,51
9,14686,153
9,14687,314
9,14688,44
9,14689,96
9,14690,70
9,14691,115
9,14692,77
9,14693,96
9,14694,140
9,14695,128
9,14696,-359
9,14697,39
9,14698,26
9,14699,57
9,14700,-32
9,14701,166
9,14702,45
9,14703,45
9,14704,154
9,14705,115
9,14706,-32
9,14707,186
9,14708,166
9,14709,160
9,14710,83
9,14711,160
9,14712,115
9,14713,96
9,14714,103
9,14715,58
9,14716,71
9,14717,39
9,14718,32
9,14719,44
9,14720,116
9,14721,45
9,14722,26
9,14723,51
9,14724,71
9,14725,-25
9,14726,134
9,14727,52
9,14728,57
9,14729,115
9,14730,84
9,14731,77
9,14732,115
9,14733,96
9,14734,32
9,14735,179
9,14736,102
9,14737,64
9,14738,90
9,14739,83
9,14740,32
9,14741,57
9,14742,64
9,14743,70
9,14744,135
9,14745,90
9,14746,102
9,14747,141
9,14748,90
9,14749,90
9,14750,109
9,14751,116
9,14752,32
9,14753,45
9,14754,32
9,14755,58
9,14756,109
9,14757,19
9,14758,71
9,14759,96
9,14760,166
9,14761,109
9,14762,108
9,14763,64
9,14764,122
9,14765,153
9,14766,96
9,14767,211
9,14768,-39
9,14769,83
9,14770,32
9,14771,64
9,14772,121
9,14773,57
9,14774,-25
9,14775,71
9,14776,84
9,14777,70
9,14778,96
9,14779,147
9,14780,115
9,14781,-7
9,14782,198
9,14783,96
9,14784,103
9,14785,70
9,14786,153
9,14787,90
9,14788,160
9,14789,90
9,14790,25
9,14791,115
9,14792,205
9,14793,58
9,14794,26
9,14795,167
9,14796,135
9,14797,64
9,14798,135
9,14799,198
9,14800,135
9,14801,58
9,14802,121
9,14803,128
9,14804,166
9,14805,-51
9,14806,115
9,14807,109
9,14808,70
9,14809,45
9,14810,153
9,14811,249
9,14812,122
9,14813,52
9,14814,179
9,14815,102
9,14816,135
9,14817,-51
9,14818,141
9,14819,148
9,14820,134
9,14821,-38
9,14822,185
9,14823,32
9,14824,89
9,14825,44
9,14826,25
9,14827,102
9,14828,71
9,14829,153
9,14830,390
9,14831,58
9,14832,179
9,14833,90
9,14834,116
9,14835,160
9,14836,64
9,14837,71
9,14838,173
9,14839,116
9,14840,115
9,14841,83
9,14842,121
9,14843,122
9,14844,160
9,14845,51
9,14846,64
9,14847,147
9,14848,38
9,14849,96
9,14850,70
9,14851,77
9,14852,71
9,14853,141
9,14854,140
9,14855,166
9,14856,115
9,14857,51
9,14858,787
9,14859,224
9,14860,109
9,14861,211
9,14862,147
9,14863,327
9,14864,89
9,14865,57
9,14866,-38
9,14867,26
9,14868,167
9,14869,64
9,14870,64
9,14871,96
9,14872,199
9,14873,45
9,14874,109
9,14875,166
9,14876,153
9,14877,121
9,14878,58
9,14879,102
9,14880,109
9,14881,70
9,14882,84
9,14883,71
9,14884,77
9,14885,128
9,14886,103
9,14887,166
9,14888,160
9,14889,108
9,14890,83
9,14891,115
9,14892,83
9,14893,102
9,14894,51
9,14895,96
9,14896,185
9,14897,109
9,14898,96
9,14899,103
9,14900,83
9,14901,90
9,14902,134
9,14903,90
9,14904,333
9,14905,77
9,14906,160
9,14907,109
9,14908,77
9,14909,58
9,14910,186
9,14911,64
9,14912,160
9,14913,108
9,14914,45
9,14915,77
9,14916,116
9,14917,26
9,14918,58
9,14919,89
9,14920,77
9,14921,109
9,14922,25
9,14923,83
9,14924,64
9,14925,179
9,14926,172
9,14927,102
9,14928,147
9,14929,90
9,14930,115
9,14931,141
9,14932,141
9,14933,102
9,14934,64
9,14935,167
9,14936,89
9,14937,32
9,14938,57
9,14939,83
9,14940,70
9,14941,96
9,14942,-25
9,14943,77
9,14944,44
9,14945,109
9,14946,96
9,14947,148
9,14948,212
9,14949,96
9,14950,26
9,14951,122
9,14952,70
9,14953,128
9,14954,26
9,14955,128
9,14956,134
9,14957,365
9,14958,45
9,14959,52
9,14960,147
9,14961,115
9,14962,154
9,14963,109
9,14964,167
9,14965,135
9,14966,121
9,14967,128
9,14968,116
9,14969,38
9,14970,26
9,14971,96
9,14972,77
9,14973,57
9,14974,26
9,14975,173
9,14976,64
9,14977,58
9,14978,108
9,14979,64
9,14980,71
9,14981,45
9,14982,166
9,14983,109
9,14984,96
9,14985,115
9,14986,128
9,14987,109
9,14988,134
9,14989,186
9,14990,172
9,14991,154
9,14992,153
9,14993,109
9,14994,102
9,14995,263
9,14996,19
9,14997,83
9,14998,51
9,14999,38
9,15000,147
9,15001,371
9,15002,128
9,15003,128
9,15004,115
9,15005,77
9,15006,116
9,15007,64
9,15008,115
9,15009,51
9,15010,90
9,15011,-64
9,15012,122
9,15013,160
9,15014,64
9,15015,-352
9,15016,230
9,15017,77
9,15018,64
9,15019,109
9,15020,45
9,15021,51
9,15022,83
9,15023,102
9,15024,121
9,15025,19
9,15026,77
9,15027,64
9,15028,141
9,15029,128
9,15030,51
9,15031,58
9,15032,70
9,15033,71
9,15034,109
9,15035,102
9,15036,128
9,15037,-45
9,15038,20
9,15039,71
9,15040,135
9,15041,-32
9,15042,-51
9,15043,128
9,15044,147
9,15045,71
9,15046,122
9,15047,122
9,15048,77
9,15049,83
9,15050,70
9,15051,109
9,15052,115
9,15053,45
9,15054,109
9,15055,70
9,15056,179
9,15057,64
9,15058,51
9,15059,96
9,15060,70
9,15061,102
9,15062,96
9,15063,-32
9,15064,134
9,15065,115
9,15066,71
9,15067,122
9,15068,84
9,15069,192
9,15070,109
9,15071,90
9,15072,122
9,15073,90
9,15074,147
9,15075,76
9,15076,70
9,15077,57
9,15078,135
9,15079,45
9,15080,70
9,15081,39
9,15082,147
9,15083,83
9,15084,90
9,15085,51
9,15086,77
9,15087,115
9,15088,160
9,15089,57
9,15090,64
9,15091,102
9,15092,128
9,15093,122
9,15094,26
9,15095,77
9,15096,83
9,15097,115
9,15098,70
9,15099,64
9,15100,70
9,15101,25
9,15102,57
9,15103,77
9,15104,-45
9,15105,45
9,15106,51
9,15107,32
9,15108,70
9,15109,51
9,15110,365
9,15111,121
9,15112,115
9,15113,819
9,15114,96
9,15115,794
9,15116,70
9,15117,32
9,15118,166
9,15119,57
9,15120,371
9,15121,64
9,15122,26
9,15123,26
9,15124,19
9,15125,275
9,15126,-217
9,15127,122
9,15128,115
9,15129,102
9,15130,122
9,15131,109
9,15132,109
9,15133,199
9,15134,102
9,15135,211
9,15136,378
9,15137,45
9,15138,96
9,15139,77
9,15140,167
9,15141,32
9,15142,57
9,15143,45
9,15144,147
9,15145,90
9,15146,121
9,15147,128
9,15148,180
9,15149,116
9,15150,153
9,15151,115
9,15152,167
9,15153,58
9,15154,70
9,15155,58
9,15156,83
9,15157,-12
9,15158,134
9,15159,128
9,15160,84
9,15161,96
9,15162,83
9,15163,160
9,15164,102
9,15165,173
9,15166,135
9,15167,102
9,15168,173
9,15169,121
9,15170,147
9,15171,84
9,15172,109
9,15173,58
9,15174,70
9,15175,96
9,15176,44
9,15177,32
9,15178,115
9,15179,160
9,15180,51
9,15181,57
9,15182,76
9,15183,243
9,15184,64
9,15185,109
9,15186,179
9,15187,154
9,15188,96
9,15189,109
9,15190,32
9,15191,154
9,15192,109
9,15193,26
9,15194,102
9,15195,77
9,15196,89
9,15197,51
9,15198,26
9,15199,269
9,15200,115
9,15201,51
9,15202,115
9,15203,154
9,15204,115
9,15205,39
9,15206,179
9,15207,128
9,15208,134
9,15209,71
9,15210,160
9,15211,135
9,15212,-44
9,15213,57
9,15214,77
9,15215,77
9,15216,122
9,15217,103
9,15218,141
9,15219,134
9,15220,250
9,15221,90
9,15222,-26
9,15223,128
9,15224,135
9,15225,25
9,15226,70
9,15227,26
9,15228,115
9,15229,26
9,15230,38
9,15231,-32
9,15232,121
9,15233,51
9,15234,51
9,15235,57
9,15236,70
9,15237,64
9,15238,102
9,15239,141
9,15240,96
9,15241,116
9,15242,205
9,15243,397
9,15244,148
9,15245,153
9,15246,179
9,15247,109
9,15248,89
9,15249,26
9,15250,96
9,15251,64
9,15252,70
9,15253,45
9,15254,51
9,15255,-19
9,15256,102
9,15257,192
9,15258,262
9,15259,108
9,15260,-45
9,15261,51
9,15262,32
9,15263,70
9,15264,51
9,15265,32
9,15266,109
9,15267,64
9,15268,102
9,15269,-57
9,15270,70
9,15271,121
9,15272,116
9,15273,147
9,15274,115
9,15275,128
9,15276,160
9,15277,51
9,15278,186
9,15279,-44
9,15280,96
9,15281,45
9,15282,109
9,15283,173
9,15284,64
9,15285,71
9,15286,70
9,15287,26
9,15288,148
9,15289,52
9,15290,166
9,15291,96
9,15292,83
9,15293,-403
9,15294,71
9,15295,64
9,15296,57
9,15297,26
9,15298,166
9,15299,237
9,15300,122
9,15301,77
9,15302,51
9,15303,115
9,15304,89
9,15305,32
9,15306,26
9,15307,89
9,15308,103
9,15309,51
9,15310,57
9,15311,-51
9,15312,154
9,15313,102
9,15314,121
9,15315,160
9,15316,154
9,15317,83
9,15318,71
9,15319,32
9,15320,77
9,15321,77
9,15322,83
9,15323,-38
9,15324,77
9,15325,154
9,15326,89
9,15327,141
9,15328,122
9,15329,70
9,15330,134
9,15331,147
9,15332,140
9,15333,103
9,15334,76
9,15335,153
9,15336,58
9,15337,96
9,15338,-51
9,15339,179
9,15340,51
9,15341,147
9,15342,45
9,15343,115
9,15344,121
9,15345,109
9,15346,103
9,15347,115
9,15348,122
9,15349,58
9,15350,166
9,15351,45
9,15352,77
9,15353,51
9,15354,58
9,15355,32
9,15356,102
9,15357,51
9,15358,391
9,15359,103
9,15360,51
9,15361,25
9,15362,26
9,15363,64
9,15364,115
9,15365,26
9,15366,77
9,15367,115
9,15368,333
9,15369,83
9,15370,788
9,15371,122
9,15372,185
9,15373,96
9,15374,-390
9,15375,128
9,15376,147
9,15377,90
9,15378,-455
9,15379,64
9,15380,147
9,15381,57
9,15382,173
9,15383,25
9,15384,58
9,15385,51
9,15386,109
9,15387,108
9,15388,140
9,15389,115
9,15390,45
9,15391,-38
9,15392,77
9,15393,52
9,15394,70
9,15395,89
9,15396,109
9,15397,19
9,15398,32
9,15399,115
9,15400,122
9,15401,70
9,15402,32
9,15403,70
9,15404,140
9,15405,58
9,15406,410
9,15407,83
9,15408,115
9,15409,26
9,15410,108
9,15411,77
9,15412,45
9,15413,45
9,15414,57
9,15415,218
9,15416,128
9,15417,122
9,15418,71
9,15419,154
9,15420,160
9,15421,-51
9,15422,186
9,15423,141
9,15424,77
9,15425,38
9,15426,339
9,15427,122
9,15428,64
9,15429,51
9,15430,64
9,15431,122
9,15432,173
9,15433,-32
9,15434,77
9,15435,121
9,15436,51
9,15437,84
9,15438,70
9,15439,64
9,15440,134
9,15441,77
9,15442,115
9,15443,-249
9,15444,134
9,15445,77
9,15446,52
9,15447,346
9,15448,102
9,15449,70
9,15450,-26
9,15451,141
9,15452,147
9,15453,38
9,15454,70
9,15455,140
9,15456,96
9,15457,57
9,15458,32
9,15459,154
9,15460,128
9,15461,64
9,15462,115
9,15463,83
9,15464,96
9,15465,153
9,15466,58
9,15467,26
9,15468,109
9,15469,76
9,15470,167
9,15471,45
9,15472,192
9,15473,186
9,15474,192
9,15475,160
9,15476,147
9,15477,51
9,15478,58
9,15479,256
9,15480,44
9,15481,71
9,15482,58
9,15483,64
9,15484,76
9,15485,167
9,15486,25
9,15487,90
9,15488,153
9,15489,26
9,15490,116
9,15491,71
9,15492,148
9,15493,102
9,15494,77
9,15495,90
9,15496,45
9,15497,167
9,15498,160
9,15499,198
9,15500,153
9,15501,96
9,15502,218
9,15503,115
9,15504,90
9,15505,-32
9,15506,-64
9,15507,128
9,15508,166
9,15509,192
9,15510,160
9,15511,109
9,15512,96
9,15513,71
9,15514,211
9,15515,173
9,15516,-45
9,15517,141
9,15518,172
9,15519,102
9,15520,-45
9,15521,44
9,15522,160
9,15523,121
9,15524,102
9,15525,71
9,15526,-64
9,15527,128
9,15528,90
9,15529,102
9,15530,102
9,15531,116
9,15532,141
9,15533,147
9,15534,83
9,15535,90
9,15536,115
9,15537,19
9,15538,71
9,15539,32
9,15540,108
9,15541,90
9,15542,276
9,15543,84
9,15544,70
9,15545,77
9,15546,122
9,15547,57
9,15548,166
9,15549,32
9,15550,122
9,15551,122
9,15552,160
9,15553,38
9,15554,64
9,15555,64
9,15556,134
9,15557,103
9,15558,96
9,15559,77
9,15560,102
9,15561,58
9,15562,57
9,15563,103
9,15564,89
9,15565,102
9,15566,71
9,15567,64
9,15568,108
9,15569,83
9,15570,38
9,15571,141
9,15572,90
9,15573,71
9,15574,96
9,15575,109
9,15576,141
9,15577,84
9,15578,58
9,15579,134
9,15580,64
9,15581,115
9,15582,77
9,15583,128
9,15584,115
9,15585,39
9,15586,186
9,15587,77
9,15588,109
9,15589,58
9,15590,173
9,15591,64
9,15592,109
9,15593,64
9,15594,102
9,15595,-224
9,15596,96
9,15597,57
9,15598,134
9,15599,102
9,15600,128
9,15601,96
9,15602,71
9,15603,70
9,15604,26
9,15605,51
9,15606,84
9,15607,109
9,15608,51
9,15609,102
9,15610,77
9,15611,122
9,15612,218
9,15613,70
9,15614,25
9,15615,199
9,15616,153
9,15617,25
9,15618,-44
9,15619,77
9,15620,51
9,15621,51
9,15622,-26
9,15623,83
9,15624,71
9,15625,787
9,15626,217
9,15627,781
9,15628,128
9,15629,153
9,15630,173
9,15631,160
9,15632,371
9,15633,300
9,15634,26
9,15635,83
9,15636,26
9,15637,96
9,15638,-250
9,15639,121
9,15640,51
9,15641,83
9,15642,198
9,15643,103
9,15644,76
9,15645,167
9,15646,58
9,15647,179
9,15648,83
9,15649,70
9,15650,89
9,15651,71
9,15652,77
9,15653,186
9,15654,96
9,15655,128
9,15656,154
9,15657,160
9,15658,115
9,15659,346
9,15660,116
9,15661,64
9,15662,115
9,15663,70
9,15664,166
9,15665,51
9,15666,32
9,15667,77
9,15668,32
9,15669,-38
9,15670,179
9,15671,58
9,15672,58
9,15673,160
9,15674,294
9,15675,115
9,15676,58
9,15677,102
9,15678,83
9,15679,109
9,15680,-45
9,15681,160
9,15682,166
9,15683,77
9,15684,77
9,15685,83
9,15686,121
9,15687,58
9,15688,154
9,15689,103
9,15690,51
9,15691,51
9,15692,121
9,15693,96
9,15694,96
9,15695,-32
9,15696,58
9,15697,77
9,15698,115
9,15699,83
9,15700,109
9,15701,-38
9,15702,147
9,15703,122
9,15704,51
9,15705,-25
9,15706,71
9,15707,32
9,15708,51
9,15709,115
9,15710,109
9,15711,115
9,15712,-44
9,15713,64
9,15714,70
9,15715,166
9,15716,122
9,15717,147
9,15718,96
9,15719,83
9,15720,173
9,15721,58
9,15722,153
9,15723,154
9,15724,115
9,15725,154
9,15726,19
9,15727,70
9,15728,64
9,15729,76
9,15730,58
9,15731,64
9,15732,179
9,15733,115
9,15734,141
9,15735,102
9,15736,390
9,15737,58
9,15738,57
9,15739,109
9,15740,58
9,15741,51
9,15742,26
9,15743,-314
9,15744,89
9,15745,-32
9,15746,32
9,15747,83
9,15748,390
9,15749,45
9,15750,109
9,15751,64
9,15752,103
9,15753,96
9,15754,83
9,15755,-70
9,15756,199
9,15757,51
9,15758,121
9,15759,64
9,15760,122
9,15761,89
9,15762,19
9,15763,109
9,15764,64
9,15765,70
9,15766,57
9,15767,160
9,15768,84
9,15769,166
9,15770,51
9,15771,109
9,15772,109
9,15773,57
9,15774,77
9,15775,58
9,15776,57
9,15777,57
9,15778,25
9,15779,122
9,15780,58
9,15781,44
9,15782,90
9,15783,58
9,15784,77
9,15785,96
9,15786,154
9,15787,-51
9,15788,147
9,15789,76
9,15790,51
9,15791,83
9,15792,141
9,15793,70
9,15794,160
9,15795,83
9,15796,102
9,15797,70
9,15798,160
9,15799,83
9,15800,115
9,15801,218
9,15802,166
9,15803,58
9,15804,32
9,15805,96
9,15806,70
9,15807,102
9,15808,96
9,15809,96
9,15810,167
9,15811,160
9,15812,77
9,15813,147
9,15814,58
9,15815,103
9,15816,58
9,15817,128
9,15818,51
9,15819,-45
9,15820,96
9,15821,90
9,15822,64
9,15823,64
9,15824,25
9,15825,205
9,15826,102
9,15827,115
9,15828,102
9,15829,166
9,15830,115
9,15831,109
9,15832,128
9,15833,83
9,15834,51
9,15835,173
9,15836,45
9,15837,160
9,15838,51
9,15839,76
9,15840,103
9,15841,83
9,15842,141
9,15843,358
9,15844,64
9,15845,141
9,15846,147
9,15847,109
9,15848,134
9,15849,57
9,15850,71
9,15851,-26
9,15852,45
9,15853,339
9,15854,45
9,15855,77
9,15856,96
9,15857,77
9,15858,128
9,15859,115
9,15860,263
9,15861,45
9,15862,116
9,15863,166
9,15864,96
9,15865,52
9,15866,-38
9,15867,83
9,15868,166
9,15869,231
9,15870,45
9,15871,64
9,15872,115
9,15873,58
9,15874,64
9,15875,71
9,15876,-51
9,15877,109
9,15878,64
9,15879,109
9,15880,154
9,15881,166
9,15882,800
9,15883,121
9,15884,109
9,15885,166
9,15886,205
9,15887,134
9,15888,77
9,15889,-38
9,15890,308
9,15891,51
9,15892,77
9,15893,44
9,15894,12
9,15895,32
9,15896,-38
9,15897,71
9,15898,84
9,15899,109
9,15900,122
9,15901,160
9,15902,-45
9,15903,121
9,15904,122
9,15905,52
9,15906,77
9,15907,172
9,15908,58
9,15909,64
9,15910,103
9,15911,-103
9,15912,58
9,15913,83
9,15914,115
9,15915,154
9,15916,115
9,15917,71
9,15918,103
9,15919,160
9,15920,102
9,15921,32
9,15922,26
9,15923,90
9,15924,64
9,15925,89
9,15926,84
9,15927,121
9,15928,89
9,15929,57
9,15930,96
9,15931,109
9,15932,32
9,15933,44
9,15934,71
9,15935,76
9,15936,211
9,15937,154
9,15938,314
9,15939,147
9,15940,32
9,15941,307
9,15942,205
9,15943,359
9,15944,192
9,15945,128
9,15946,70
9,15947,45
9,15948,121
9,15949,198
9,15950,19
9,15951,64
9,15952,352
9,15953,115
9,15954,384
9,15955,103
9,15956,109
9,15957,103
9,15958,-39
9,15959,148
9,15960,77
9,15961,83
9,15962,26
9,15963,64
9,15964,237
9,15965,44
9,15966,205
9,15967,70
9,15968,58
9,15969,52
9,15970,64
9,15971,173
9,15972,154
9,15973,109
9,15974,128
9,15975,83
9,15976,77
9,15977,51
9,15978,122
9,15979,217
9,15980,173
9,15981,96
9,15982,90
9,15983,128
9,15984,96
9,15985,44
9,15986,128
9,15987,128
9,15988,83
9,15989,57
9,15990,160
9,15991,77
9,15992,121
9,15993,38
9,15994,51
9,15995,83
9,15996,51
9,15997,64
9,15998,103
9,15999,64
9,16000,403
9,16001,26
9,16002,109
9,16003,38
9,16004,64
9,16005,-26
9,16006,71
9,16007,70
9,16008,115
9,16009,64
9,16010,160
9,16011,116
9,16012,327
9,16013,173
9,16014,167
9,16015,141
9,16016,122
9,16017,371
9,16018,378
9,16019,115
9,16020,89
9,16021,-26
9,16022,211
9,16023,108
9,16024,116
9,16025,103
9,16026,204
9,16027,160
9,16028,-32
9,16029,160
9,16030,103
9,16031,269
9,16032,77
9,16033,128
9,16034,160
9,16035,96
9,16036,173
9,16037,135
9,16038,237
9,16039,109
9,16040,58
9,16041,116
9,16042,90
9,16043,301
9,16044,141
9,16045,103
9,16046,134
9,16047,166
9,16048,154
9,16049,160
9,16050,378
9,16051,83
9,16052,109
9,16053,359
9,16054,212
9,16055,96
9,16056,109
9,16057,77
9,16058,64
9,16059,147
9,16060,77
9,16061,38
9,16062,115
9,16063,103
9,16064,109
9,16065,70
9,16066,83
9,16067,64
9,16068,115
9,16069,52
9,16070,198
9,16071,58
9,16072,83
9,16073,90
9,16074,96
9,16075,115
9,16076,96
9,16077,64
9,16078,108
9,16079,102
9,16080,109
9,16081,134
9,16082,90
9,16083,121
9,16084,128
9,16085,77
9,16086,71
9,16087,70
9,16088,77
9,16089,90
9,16090,160
9,16091,64
9,16092,378
9,16093,109
9,16094,179
9,16095,58
9,16096,263
9,16097,102
9,16098,115
9,16099,77
9,16100,147
9,16101,121
9,16102,179
9,16103,76
9,16104,185
9,16105,122
9,16106,167
9,16107,77
9,16108,83
9,16109,115
9,16110,64
9,16111,109
9,16112,109
9,16113,64
9,16114,180
9,16115,70
9,16116,134
9,16117,154
9,16118,160
9,16119,52
9,16120,84
9,16121,109
9,16122,71
9,16123,141
9,16124,217
9,16125,115
9,16126,160
9,16127,115
9,16128,39
9,16129,51
9,16130,52
9,16131,45
9,16132,71
9,16133,109
9,16134,64
9,16135,64
9,16136,185
9,16137,806
9,16138,89
9,16139,781
9,16140,77
9,16141,57
9,16142,84
9,16143,71
9,16144,109
9,16145,-128
9,16146,76
9,16147,70
9,16148,121
9,16149,57
9,16150,96
9,16151,115
9,16152,153
9,16153,96
9,16154,77
9,16155,96
9,16156,128
9,16157,64
9,16158,77
9,16159,102
9,16160,121
9,16161,26
9,16162,70
9,16163,51
9,16164,275
9,16165,90
9,16166,64
9,16167,122
9,16168,148
9,16169,103
9,16170,154
9,16171,-38
9,16172,153
9,16173,198
9,16174,166
9,16175,109
9,16176,115
9,16177,39
9,16178,166
9,16179,71
9,16180,70
9,16181,103
9,16182,160
9,16183,84
9,16184,160
9,16185,64
9,16186,116
9,16187,77
9,16188,147
9,16189,108
9,16190,70
9,16191,326
9,16192,166
9,16193,96
9,16194,71
9,16195,96
9,16196,58
9,16197,70
9,16198,192
9,16199,115
9,16200,377
9,16201,57
9,16202,71
9,16203,19
9,16204,58
9,16205,51
9,16206,269
9,16207,26
9,16208,77
9,16209,-32
9,16210,121
9,16211,77
9,16212,122
9,16213,51
9,16214,83
9,16215,64
9,16216,109
9,16217,51
9,16218,70
9,16219,77
9,16220,147
9,16221,52
9,16222,90
9,16223,147
9,16224,115
9,16225,103
9,16226,71
9,16227,212
9,16228,109
9,16229,109
9,16230,90
9,16231,147
9,16232,160
9,16233,89
9,16234,64
9,16235,-71
9,16236,96
9,16237,51
9,16238,166
9,16239,122
9,16240,64
9,16241,102
9,16242,70
9,16243,89
9,16244,333
9,16245,109
9,16246,160
9,16247,147
9,16248,166
9,16249,77
9,16250,115
9,16251,19
9,16252,64
9,16253,32
9,16254,64
9,16255,128
9,16256,71
9,16257,51
9,16258,77
9,16259,96
9,16260,64
9,16261,64
9,16262,64
9,16263,103
9,16264,102
9,16265,128
9,16266,288
9,16267,153
9,16268,173
9,16269,198
9,16270,192
9,16271,83
9,16272,173
9,16273,115
9,16274,179
9,16275,64
9,16276,115
9,16277,116
9,16278,205
9,16279,160
9,16280,96
9,16281,128
9,16282,237
9,16283,121
9,16284,147
9,16285,160
9,16286,167
9,16287,57
9,16288,58
9,16289,-12
9,16290,77
9,16291,19
9,16292,256
9,16293,58
9,16294,58
9,16295,25
9,16296,70
9,16297,166
9,16298,154
9,16299,122
9,16300,128
9,16301,-25
9,16302,179
9,16303,154
9,16304,167
9,16305,160
9,16306,160
9,16307,173
9,16308,38
9,16309,77
9,16310,147
9,16311,103
9,16312,-13
9,16313,140
9,16314,102
9,16315,147
9,16316,64
9,16317,51
9,16318,160
9,16319,109
9,16320,147
9,16321,122
9,16322,116
9,16323,116
9,16324,173
9,16325,153
9,16326,160
9,16327,172
9,16328,-45
9,16329,51
9,16330,115
9,16331,103
9,16332,122
9,16333,371
9,16334,-44
9,16335,103
9,16336,64
9,16337,172
9,16338,128
9,16339,116
9,16340,154
9,16341,109
9,16342,57
9,16343,71
9,16344,64
9,16345,32
9,16346,83
9,16347,121
9,16348,134
9,16349,96
9,16350,103
9,16351,76
9,16352,108
9,16353,147
9,16354,153
9,16355,109
9,16356,179
9,16357,64
9,16358,121
9,16359,320
9,16360,173
9,16361,96
9,16362,90
9,16363,115
9,16364,166
9,16365,166
9,16366,83
9,16367,64
9,16368,109
9,16369,102
9,16370,96
9,16371,140
9,16372,153
9,16373,96
9,16374,121
9,16375,83
9,16376,76
9,16377,58
9,16378,58
9,16379,64
9,16380,166
9,16381,38
9,16382,25
9,16383,89
9,16384,51
9,16385,58
9,16386,64
9,16387,89
9,16388,115
9,16389,25
9,16390,269
9,16391,115
9,16392,90
9,16393,64
9,16394,787
9,16395,154
9,16396,115
9,16397,-45
9,16398,96
9,16399,90
9,16400,102
9,16401,26
9,16402,128
9,16403,45
9,16404,103
9,16405,102
9,16406,71
9,16407,77
9,16408,-51
9,16409,115
9,16410,102
9,16411,198
9,16412,185
9,16413,77
9,16414,147
9,16415,71
9,16416,109
9,16417,51
9,16418,153
9,16419,58
9,16420,96
9,16421,76
9,16422,230
9,16423,77
9,16424,115
9,16425,166
9,16426,70
9,16427,134
9,16428,154
9,16429,109
9,16430,32
9,16431,154
9,16432,122
9,16433,70
9,16434,71
9,16435,64
9,16436,148
9,16437,102
9,16438,115
9,16439,83
9,16440,115
9,16441,109
9,16442,218
9,16443,179
9,16444,154
9,16445,77
9,16446,58
9,16447,116
9,16448,128
9,16449,51
9,16450,77
9,16451,-44
9,16452,84
9,16453,109
9,16454,64
9,16455,64
9,16456,108
9,16457,64
9,16458,64
9,16459,77
9,16460,160
9,16461,115
9,16462,51
9,16463,58
9,16464,122
9,16465,108
9,16466,121
9,16467,71
9,16468,44
9,16469,83
9,16470,103
9,16471,115
9,16472,166
9,16473,51
9,16474,51
9,16475,96
9,16476,371
9,16477,51
9,16478,179
9,16479,102
9,16480,64
9,16481,96
9,16482,-13
9,16483,135
9,16484,141
9,16485,64
9,16486,32
9,16487,102
9,16488,134
9,16489,-32
9,16490,218
9,16491,153
9,16492,44
9,16493,45
9,16494,70
9,16495,77
9,16496,108
9,16497,19
9,16498,83
9,16499,83
9,16500,147
9,16501,179
9,16502,128
9,16503,70
9,16504,89
9,16505,-26
9,16506,173
9,16507,71
9,16508,64
9,16509,167
9,16510,58
9,16511,173
9,16512,160
9,16513,147
9,16514,77
9,16515,77
9,16516,70
9,16517,390
9,16518,167
9,16519,147
9,16520,70
9,16521,134
9,16522,173
9,16523,359
9,16524,211
9,16525,51
9,16526,160
9,16527,166
9,16528,102
9,16529,109
9,16530,102
9,16531,64
9,16532,160
9,16533,-39
9,16534,77
9,16535,45
9,16536,64
9,16537,84
9,16538,128
9,16539,154
9,16540,179
9,16541,109
9,16542,102
9,16543,64
9,16544,32
9,16545,26
9,16546,83
9,16547,89
9,16548,77
9,16549,51
9,16550,224
9,16551,102
9,16552,77
9,16553,102
9,16554,13
9,16555,-45
9,16556,377
9,16557,160
9,16558,301
9,16559,134
9,16560,147
9,16561,-38
9,16562,58
9,16563,103
9,16564,108
9,16565,26
9,16566,51
9,16567,52
9,16568,64
9,16569,116
9,16570,122
9,16571,-64
9,16572,122
9,16573,51
9,16574,-71
9,16575,-64
9,16576,64
9,16577,44
9,16578,51
9,16579,77
9,16580,51
9,16581,211
9,16582,57
9,16583,84
9,16584,122
9,16585,71
9,16586,116
9,16587,83
9,16588,115
9,16589,173
9,16590,109
9,16591,115
9,16592,109
9,16593,64
9,16594,102
9,16595,76
9,16596,77
9,16597,102
9,16598,71
9,16599,96
9,16600,70
9,16601,71
9,16602,102
9,16603,172
9,16604,77
9,16605,115
9,16606,121
9,16607,121
9,16608,77
9,16609,26
9,16610,173
9,16611,83
9,16612,45
9,16613,25
9,16614,205
9,16615,109
9,16616,115
9,16617,115
9,16618,77
9,16619,122
9,16620,76
9,16621,103
9,16622,121
9,16623,115
9,16624,147
9,16625,90
9,16626,102
9,16627,51
9,16628,51
9,16629,109
9,16630,103
9,16631,122
9,16632,71
9,16633,64
9,16634,77
9,16635,115
9,16636,192
9,16637,96
9,16638,186
9,16639,147
9,16640,90
9,16641,25
9,16642,109
9,16643,77
9,16644,121
9,16645,185
9,16646,83
9,16647,83
9,16648,115
9,16649,826
9,16650,205
9,16651,788
9,16652,102
9,16653,70
9,16654,128
9,16655,141
9,16656,115
9,16657,57
9,16658,64
9,16659,103
9,16660,372
9,16661,147
9,16662,45
9,16663,109
9,16664,167
9,16665,102
9,16666,122
9,16667,166
9,16668,109
9,16669,109
9,16670,70
9,16671,109
9,16672,70
9,16673,52
9,16674,25
9,16675,352
9,16676,70
9,16677,51
9,16678,102
9,16679,134
9,16680,83
9,16681,308
9,16682,-52
9,16683,77
9,16684,115
9,16685,51
9,16686,115
9,16687,26
9,16688,160
9,16689,70
9,16690,57
9,16691,109
9,16692,96
9,16693,96
9,16694,90
9,16695,141
9,16696,-45
9,16697,115
9,16698,71
9,16699,147
9,16700,70
9,16701,64
9,16702,109
9,16703,122
9,16704,108
9,16705,25
9,16706,160
9,16707,39
9,16708,109
9,16709,51
9,16710,90
9,16711,153
9,16712,121
9,16713,115
9,16714,64
9,16715,103
9,16716,32
9,16717,96
9,16718,-45
9,16719,109
9,16720,64
9,16721,71
9,16722,198
9,16723,103
9,16724,89
9,16725,134
9,16726,211
9,16727,103
9,16728,96
9,16729,-7
9,16730,58
9,16731,45
9,16732,84
9,16733,90
9,16734,166
9,16735,160
9,16736,109
9,16737,121
9,16738,173
9,16739,96
9,16740,204
9,16741,51
9,16742,172
9,16743,109
9,16744,13
9,16745,89
9,16746,45
9,16747,64
9,16748,71
9,16749,51
9,16750,122
9,16751,122
9,16752,128
9,16753,38
9,16754,83
9,16755,57
9,16756,122
9,16757,39
9,16758,230
9,16759,128
9,16760,166
9,16761,365
9,16762,89
9,16763,77
9,16764,167
9,16765,52
9,16766,26
9,16767,134
9,16768,103
9,16769,25
9,16770,51
9,16771,109
9,16772,58
9,16773,103
9,16774,109
9,16775,102
9,16776,116
9,16777,-64
9,16778,154
9,16779,128
9,16780,116
9,16781,70
9,16782,121
9,16783,64
9,16784,122
9,16785,52
9,16786,96
9,16787,115
9,16788,-45
9,16789,96
9,16790,192
9,16791,-45
9,16792,-44
9,16793,77
9,16794,115
9,16795,122
9,16796,179
9,16797,134
9,16798,115
9,16799,192
9,16800,64
9,16801,25
9,16802,71
9,16803,109
9,16804,64
9,16805,51
9,16806,-230
9,16807,76
9,16808,90
9,16809,57
9,16810,109
9,16811,116
9,16812,185
9,16813,70
9,16814,70
9,16815,134
9,16816,160
9,16817,64
9,16818,64
9,16819,115
9,16820,58
9,16821,51
9,16822,192
9,16823,371
9,16824,166
9,16825,102
9,16826,90
9,16827,128
9,16828,115
9,16829,38
9,16830,51
9,16831,103
9,16832,64
9,16833,58
9,16834,160
9,16835,77
9,16836,58
9,16837,51
9,16838,25
9,16839,77
9,16840,70
9,16841,-13
9,16842,77
9,16843,121
9,16844,38
9,16845,89
9,16846,71
9,16847,103
9,16848,108
9,16849,51
9,16850,186
9,16851,135
9,16852,108
9,16853,109
9,16854,166
9,16855,167
9,16856,243
9,16857,26
9,16858,103
9,16859,109
9,16860,64
9,16861,51
9,16862,57
9,16863,96
9,16864,96
9,16865,108
9,16866,96
9,16867,102
9,16868,96
9,16869,51
9,16870,64
9,16871,58
9,16872,109
9,16873,57
9,16874,64
9,16875,115
9,16876,102
9,16877,96
9,16878,96
9,16879,70
9,16880,102
9,16881,122
9,16882,167
9,16883,192
9,16884,192
9,16885,154
9,16886,173
9,16887,83
9,16888,121
9,16889,147
9,16890,122
9,16891,109
9,16892,141
9,16893,45
9,16894,71
9,16895,64
9,16896,83
9,16897,45
9,16898,147
9,16899,102
9,16900,64
9,16901,58
9,16902,231
9,16903,-52
9,16904,122
9,16905,109
9,16906,806
9,16907,237
9,16908,116
9,16909,148
9,16910,198
9,16911,141
9,16912,70
9,16913,58
9,16914,64
9,16915,77
9,16916,57
9,16917,166
9,16918,217
9,16919,115
9,16920,108
9,16921,192
9,16922,141
9,16923,141
9,16924,384
9,16925,141
9,16926,211
9,16927,141
9,16928,122
9,16929,52
9,16930,26
9,16931,64
9,16932,148
9,16933,172
9,16934,166
9,16935,70
9,16936,32
9,16937,198
9,16938,103
9,16939,115
9,16940,122
9,16941,58
9,16942,71
9,16943,140
9,16944,108
9,16945,32
9,16946,32
9,16947,96
9,16948,45
9,16949,96
9,16950,102
9,16951,141
9,16952,38
9,16953,115
9,16954,64
9,16955,103
9,16956,121
9,16957,64
9,16958,160
9,16959,115
9,16960,147
9,16961,70
9,16962,103
9,16963,-44
9,16964,115
9,16965,76
9,16966,147
9,16967,109
9,16968,154
9,16969,147
9,16970,64
9,16971,51
9,16972,-32
9,16973,179
9,16974,58
9,16975,364
9,16976,192
9,16977,64
9,16978,-44
9,16979,90
9,16980,102
9,16981,90
9,16982,64
9,16983,115
9,16984,121
9,16985,77
9,16986,26
9,16987,52
9,16988,51
9,16989,102
9,16990,64
9,16991,128
9,16992,358
9,16993,103
9,16994,96
9,16995,167
9,16996,128
9,16997,64
9,16998,166
9,16999,71
9,17000,147
9,17001,44
9,17002,39
9,17003,52
9,17004,70
9,17005,58
9,17006,83
9,17007,109
9,17008,121
9,17009,39
9,17010,64
9,17011,128
9,17012,199
9,17013,148
9,17014,115
9,17015,167
9,17016,109
9,17017,19
9,17018,76
9,17019,76
9,17020,77
9,17021,76
9,17022,71
9,17023,121
9,17024,147
9,17025,25
9,17026,70
9,17027,77
9,17028,26
9,17029,64
9,17030,58
9,17031,83
9,17032,103
9,17033,64
9,17034,-32
9,17035,173
9,17036,141
9,17037,64
9,17038,-192
9,17039,128
9,17040,52
9,17041,39
9,17042,58
9,17043,58
9,17044,102
9,17045,51
9,17046,71
9,17047,84
9,17048,115
9,17049,83
9,17050,307
9,17051,109
9,17052,83
9,17053,96
9,17054,160
9,17055,154
9,17056,39
9,17057,32
9,17058,77
9,17059,115
9,17060,179
9,17061,109
9,17062,160
9,17063,96
9,17064,115
9,17065,116
9,17066,160
9,17067,121
9,17068,160
9,17069,83
9,17070,103
9,17071,116
9,17072,57
9,17073,122
9,17074,51
9,17075,128
9,17076,179
9,17077,57
9,17078,121
9,17079,70
9,17080,-45
9,17081,205
9,17082,115
9,17083,96
9,17084,71
9,17085,90
9,17086,-45
9,17087,128
9,17088,64
9,17089,307
9,17090,25
9,17091,115
9,17092,64
9,17093,51
9,17094,70
9,17095,84
9,17096,102
9,17097,38
9,17098,32
9,17099,58
9,17100,294
9,17101,58
9,17102,64
9,17103,64
9,17104,115
9,17105,160
9,17106,102
9,17107,115
9,17108,102
9,17109,77
9,17110,51
9,17111,26
9,17112,-38
9,17113,96
9,17114,64
9,17115,147
9,17116,83
9,17117,96
9,17118,359
9,17119,115
9,17120,89
9,17121,134
9,17122,57
9,17123,32
9,17124,135
9,17125,71
9,17126,359
9,17127,141
9,17128,102
9,17129,-39
9,17130,167
9,17131,134
9,17132,180
9,17133,26
9,17134,58
9,17135,250
9,17136,102
9,17137,96
9,17138,77
9,17139,148
9,17140,77
9,17141,122
9,17142,70
9,17143,115
9,17144,-141
9,17145,121
9,17146,57
9,17147,166
9,17148,243
9,17149,64
9,17150,57
9,17151,115
9,17152,115
9,17153,26
9,17154,51
9,17155,51
9,17156,102
9,17157,64
9,17158,96
9,17159,160
9,17160,70
9,17161,838
9,17162,121
9,17163,762
9,17164,109
9,17165,153
9,17166,371
9,17167,109
9,17168,115
9,17169,26
9,17170,70
9,17171,115
9,17172,384
9,17173,64
9,17174,90
9,17175,102
9,17176,121
9,17177,109
9,17178,295
9,17179,167
9,17180,128
9,17181,371
9,17182,205
9,17183,102
9,17184,109
9,17185,64
9,17186,51
9,17187,332
9,17188,103
9,17189,76
9,17190,173
9,17191,96
9,17192,204
9,17193,160
9,17194,109
9,17195,173
9,17196,71
9,17197,64
9,17198,173
9,17199,128
9,17200,116
9,17201,51
9,17202,102
9,17203,96
9,17204,32
9,17205,64
9,17206,58
9,17207,313
9,17208,32
9,17209,109
9,17210,115
9,17211,121
9,17212,173
9,17213,160
9,17214,-44
9,17215,134
9,17216,51
9,17217,109
9,17218,115
9,17219,263
9,17220,83
9,17221,103
9,17222,71
9,17223,96
9,17224,-32
9,17225,109
9,17226,26
9,17227,77
9,17228,147
9,17229,-51
9,17230,45
9,17231,57
9,17232,153
9,17233,102
9,17234,166
9,17235,102
9,17236,-38
9,17237,128
9,17238,115
9,17239,76
9,17240,140
9,17241,57
9,17242,89
9,17243,102
9,17244,70
9,17245,64
9,17246,64
9,17247,121
9,17248,192
9,17249,102
9,17250,77
9,17251,-57
9,17252,134
9,17253,-26
9,17254,365
9,17255,71
9,17256,109
9,17257,45
9,17258,-52
9,17259,160
9,17260,51
9,17261,116
9,17262,154
9,17263,115
9,17264,121
9,17265,160
9,17266,167
9,17267,153
9,17268,115
9,17269,205
9,17270,154
9,17271,122
9,17272,153
9,17273,-71
9,17274,115
9,17275,71
9,17276,89
9,17277,32
9,17278,64
9,17279,51
9,17280,44
9,17281,57
9,17282,377
9,17283,64
9,17284,32
9,17285,38
9,17286,160
9,17287,96
9,17288,108
9,17289,135
9,17290,109
9,17291,147
9,17292,115
9,17293,-58
9,17294,179
9,17295,96
9,17296,39
9,17297,52
9,17298,51
9,17299,103
9,17300,122
9,17301,51
9,17302,71
9,17303,89
9,17304,102
9,17305,-39
9,17306,141
9,17307,166
9,17308,141
9,17309,141
9,17310,-19
9,17311,96
9,17312,121
9,17313,26
9,17314,371
9,17315,90
9,17316,134
9,17317,211
9,17318,217
9,17319,96
9,17320,51
9,17321,96
9,17322,64
9,17323,128
9,17324,307
9,17325,160
9,17326,205
9,17327,166
9,17328,115
9,17329,57
9,17330,26
9,17331,70
9,17332,57
9,17333,51
9,17334,128
9,17335,109
9,17336,64
9,17337,116
9,17338,64
9,17339,64
9,17340,57
9,17341,77
9,17342,179
9,17343,77
9,17344,179
9,17345,115
9,17346,109
9,17347,167
9,17348,160
9,17349,327
9,17350,45
9,17351,128
9,17352,90
9,17353,51
9,17354,58
9,17355,102
9,17356,244
9,17357,122
9,17358,51
9,17359,96
9,17360,198
9,17361,108
9,17362,38
9,17363,-45
9,17364,173
9,17365,173
9,17366,64
9,17367,122
9,17368,141
9,17369,26
9,17370,103
9,17371,116
9,17372,179
9,17373,147
9,17374,64
9,17375,102
9,17376,26
9,17377,77
9,17378,-39
9,17379,134
9,17380,115
9,17381,96
9,17382,186
9,17383,51
9,17384,173
9,17385,108
9,17386,128
9,17387,166
9,17388,167
9,17389,58
9,17390,90
9,17391,121
9,17392,141
9,17393,96
9,17394,147
9,17395,121
9,17396,205
9,17397,-32
9,17398,77
9,17399,128
9,17400,83
9,17401,121
9,17402,70
9,17403,103
9,17404,109
9,17405,51
9,17406,32
9,17407,102
9,17408,38
9,17409,-32
9,17410,32
9,17411,96
9,17412,64
9,17413,83
9,17414,64
9,17415,45
9,17416,173
9,17417,45
9,17418,781
9,17419,153
9,17420,250
9,17421,172
9,17422,109
9,17423,288
9,17424,-172
9,17425,70
9,17426,32
9,17427,58
9,17428,77
9,17429,122
9,17430,25
9,17431,116
9,17432,64
9,17433,77
9,17434,70
9,17435,218
9,17436,102
9,17437,109
9,17438,58
9,17439,224
9,17440,39
9,17441,352
9,17442,32
9,17443,64
9,17444,109
9,17445,-39
9,17446,38
9,17447,115
9,17448,64
9,17449,96
9,17450,90
9,17451,76
9,17452,172
9,17453,102
9,17454,76
9,17455,365
9,17456,166
9,17457,51
9,17458,58
9,17459,58
9,17460,64
9,17461,103
9,17462,45
9,17463,64
9,17464,90
9,17465,109
9,17466,77
9,17467,45
9,17468,160
9,17469,58
9,17470,32
9,17471,102
9,17472,103
9,17473,359
9,17474,160
9,17475,109
9,17476,96
9,17477,384
9,17478,173
9,17479,153
9,17480,128
9,17481,301
9,17482,102
9,17483,51
9,17484,76
9,17485,45
9,17486,83
9,17487,26
9,17488,134
9,17489,77
9,17490,116
9,17491,109
9,17492,64
9,17493,90
9,17494,52
9,17495,128
9,17496,115
9,17497,39
9,17498,51
9,17499,64
9,17500,109
9,17501,52
9,17502,64
9,17503,295
9,17504,51
9,17505,51
9,17506,57
9,17507,115
9,17508,192
9,17509,-134
9,17510,180
9,17511,173
9,17512,128
9,17513,179
9,17514,358
9,17515,179
9,17516,-51
9,17517,173
9,17518,384
9,17519,179
9,17520,76
9,17521,89
9,17522,84
9,17523,102
9,17524,192
9,17525,141
9,17526,57
9,17527,122
9,17528,128
9,17529,51
9,17530,52
9,17531,218
9,17532,108
9,17533,115
9,17534,32
9,17535,115
9,17536,172
9,17537,51
9,17538,160
9,17539,153
9,17540,58
9,17541,70
9,17542,153
9,17543,135
9,17544,96
9,17545,198
9,17546,115
9,17547,96
9,17548,218
9,17549,-26
9,17550,25
9,17551,109
9,17552,115
9,17553,122
9,17554,108
9,17555,-45
9,17556,224
9,17557,108
9,17558,160
9,17559,64
9,17560,167
9,17561,141
9,17562,70
9,17563,128
9,17564,122
9,17565,57
9,17566,180
9,17567,109
9,17568,109
9,17569,83
9,17570,26
9,17571,269
9,17572,57
9,17573,83
9,17574,64
9,17575,70
9,17576,45
9,17577,115
9,17578,83
9,17579,134
9,17580,109
9,17581,96
9,17582,140
9,17583,96
9,17584,83
9,17585,26
9,17586,51
9,17587,70
9,17588,45
9,17589,57
9,17590,71
9,17591,71
9,17592,115
9,17593,108
9,17594,160
9,17595,128
9,17596,116
9,17597,51
9,17598,173
9,17599,128
9,17600,102
9,17601,-32
9,17602,141
9,17603,32
9,17604,77
9,17605,51
9,17606,109
9,17607,51
9,17608,-45
9,17609,89
9,17610,115
9,17611,166
9,17612,128
9,17613,58
9,17614,64
9,17615,76
9,17616,153
9,17617,57
9,17618,103
9,17619,96
9,17620,-38
9,17621,167
9,17622,166
9,17623,179
9,17624,116
9,17625,57
9,17626,250
9,17627,128
9,17628,141
9,17629,378
9,17630,147
9,17631,115
9,17632,77
9,17633,102
9,17634,77
9,17635,57
9,17636,71
9,17637,147
9,17638,173
9,17639,-64
9,17640,205
9,17641,64
9,17642,218
9,17643,147
9,17644,128
9,17645,179
9,17646,204
9,17647,115
9,17648,84
9,17649,84
9,17650,199
9,17651,71
9,17652,64
9,17653,115
9,17654,45
9,17655,102
9,17656,109
9,17657,166
9,17658,115
9,17659,128
9,17660,211
9,17661,71
9,17662,64
9,17663,57
9,17664,147
9,17665,32
9,17666,115
9,17667,26
9,17668,83
9,17669,77
9,17670,58
9,17671,70
9,17672,371
9,17673,800
9,17674,160
9,17675,762
9,17676,167
9,17677,39
9,17678,71
9,17679,108
9,17680,83
9,17681,51
9,17682,58
9,17683,365
9,17684,154
9,17685,64
9,17686,121
9,17687,128
9,17688,134
9,17689,58
9,17690,51
9,17691,109
9,17692,179
9,17693,160
9,17694,51
9,17695,64
9,17696,64
9,17697,58
9,17698,58
9,17699,25
9,17700,64
9,17701,96
9,17702,77
9,17703,70
9,17704,-45
9,17705,-25
9,17706,115
9,17707,116
9,17708,160
9,17709,64
9,17710,116
9,17711,122
9,17712,186
9,17713,115
9,17714,25
9,17715,102
9,17716,71
9,17717,109
9,17718,787
9,17719,166
9,17720,102
9,17721,147
9,17722,96
9,17723,128
9,17724,185
9,17725,-38
9,17726,96
9,17727,135
9,17728,83
9,17729,141
9,17730,64
9,17731,44
9,17732,51
9,17733,96
9,17734,205
9,17735,141
9,17736,76
9,17737,83
9,17738,38
9,17739,44
9,17740,96
9,17741,83
9,17742,166
9,17743,57
9,17744,89
9,17745,64
9,17746,109
9,17747,77
9,17748,51
9,17749,108
9,17750,108
9,17751,115
9,17752,96
9,17753,64
9,17754,58
9,17755,70
9,17756,102
9,17757,64
9,17758,134
9,17759,121
9,17760,121
9,17761,134
9,17762,204
9,17763,160
9,17764,84
9,17765,64
9,17766,186
9,17767,121
9,17768,154
9,17769,45
9,17770,58
9,17771,121
9,17772,25
9,17773,89
9,17774,148
9,17775,167
9,17776,39
9,17777,51
9,17778,77
9,17779,141
9,17780,179
9,17781,109
9,17782,122
9,17783,166
9,17784,122
9,17785,51
9,17786,32
9,17787,32
9,17788,116
9,17789,51
9,17790,115
9,17791,83
9,17792,32
9,17793,-32
9,17794,51
9,17795,51
9,17796,115
9,17797,51
9,17798,365
9,17799,103
9,17800,141
9,17801,116
9,17802,262
9,17803,115
9,17804,109
9,17805,77
9,17806,160
9,17807,115
9,17808,166
9,17809,39
9,17810,256
9,17811,109
9,17812,44
9,17813,44
9,17814,-20
9,17815,231
9,17816,38
9,17817,-57
9,17818,83
9,17819,134
9,17820,121
9,17821,57
9,17822,147
9,17823,179
9,17824,154
9,17825,58
9,17826,-64
9,17827,134
9,17828,26
9,17829,58
9,17830,77
9,17831,-44
9,17832,96
9,17833,77
9,17834,109
9,17835,153
9,17836,320
9,17837,51
9,17838,116
9,17839,160
9,17840,64
9,17841,52
9,17842,-39
9,17843,173
9,17844,115
9,17845,51
9,17846,96
9,17847,51
9,17848,83
9,17849,-621
9,17850,96
9,17851,109
9,17852,71
9,17853,39
9,17854,122
9,17855,153
9,17856,153
9,17857,96
9,17858,167
9,17859,128
9,17860,160
9,17861,70
9,17862,102
9,17863,83
9,17864,77
9,17865,64
9,17866,64
9,17867,115
9,17868,115
9,17869,51
9,17870,51
9,17871,103
9,17872,109
9,17873,147
9,17874,77
9,17875,148
9,17876,173
9,17877,115
9,17878,90
9,17879,122
9,17880,103
9,17881,121
9,17882,109
9,17883,185
9,17884,147
9,17885,32
9,17886,173
9,17887,45
9,17888,90
9,17889,96
9,17890,109
9,17891,109
9,17892,160
9,17893,301
9,17894,-32
9,17895,45
9,17896,76
9,17897,89
9,17898,70
9,17899,378
9,17900,39
9,17901,84
9,17902,160
9,17903,172
9,17904,71
9,17905,108
9,17906,160
9,17907,122
9,17908,180
9,17909,160
9,17910,198
9,17911,147
9,17912,135
9,17913,-57
9,17914,128
9,17915,96
9,17916,205
9,17917,64
9,17918,102
9,17919,70
9,17920,25
9,17921,45
9,17922,52
9,17923,102
9,17924,77
9,17925,57
9,17926,-32
9,17927,134
9,17928,122
9,17929,121
9,17930,794
9,17931,32
9,17932,-51
9,17933,198
9,17934,77
9,17935,122
9,17936,83
9,17937,77
9,17938,64
9,17939,179
9,17940,115
9,17941,352
9,17942,128
9,17943,128
9,17944,44
9,17945,103
9,17946,102
9,17947,160
9,17948,115
9,17949,90
9,17950,333
9,17951,103
9,17952,103
9,17953,58
9,17954,25
9,17955,77
9,17956,96
9,17957,135
9,17958,45
9,17959,45
9,17960,102
9,17961,134
9,17962,135
9,17963,109
9,17964,115
9,17965,58
9,17966,90
9,17967,128
9,17968,179
9,17969,70
9,17970,57
9,17971,115
9,17972,109
9,17973,51
9,17974,51
9,17975,71
9,17976,64
9,17977,77
9,17978,102
9,17979,77
9,17980,109
9,17981,83
9,17982,83
9,17983,96
9,17984,64
9,17985,108
9,17986,121
9,17987,51
9,17988,212
9,17989,-26
9,17990,263
9,17991,166
9,17992,109
9,17993,147
9,17994,147
9,17995,103
9,17996,71
9,17997,160
9,17998,218
9,17999,57
9,18000,58
9,18001,103
9,18002,134
9,18003,115
9,18004,173
9,18005,115
9,18006,147
9,18007,109
9,18008,154
9,18009,32
9,18010,262
9,18011,20
9,18012,32
9,18013,64
9,18014,180
9,18015,-38
9,18016,115
9,18017,45
9,18018,51
9,18019,109
9,18020,102
9,18021,96
9,18022,77
9,18023,39
9,18024,115
9,18025,-6
9,18026,205
9,18027,211
9,18028,211
9,18029,313
9,18030,179
9,18031,121
9,18032,134
9,18033,89
9,18034,70
9,18035,109
9,18036,77
9,18037,83
9,18038,115
9,18039,96
9,18040,148
9,18041,52
9,18042,-39
9,18043,128
9,18044,76
9,18045,51
9,18046,-13
9,18047,122
9,18048,116
9,18049,51
9,18050,26
9,18051,70
9,18052,140
9,18053,77
9,18054,57
9,18055,365
9,18056,102
9,18057,160
9,18058,-205
9,18059,173
9,18060,186
9,18061,109
9,18062,198
9,18063,64
9,18064,160
9,18065,38
9,18066,64
9,18067,96
9,18068,58
9,18069,64
9,18070,167
9,18071,-51
9,18072,135
9,18073,84
9,18074,77
9,18075,128
9,18076,122
9,18077,64
9,18078,186
9,18079,76
9,18080,166
9,18081,103
9,18082,64
9,18083,109
9,18084,58
9,18085,64
9,18086,96
9,18087,397
9,18088,154
9,18089,115
9,18090,32
9,18091,122
9,18092,166
9,18093,-26
9,18094,38
9,18095,77
9,18096,64
9,18097,96
9,18098,179
9,18099,250
9,18100,179
9,18101,160
9,18102,121
9,18103,122
9,18104,109
9,18105,-83
9,18106,147
9,18107,103
9,18108,83
9,18109,115
9,18110,45
9,18111,77
9,18112,58
9,18113,57
9,18114,58
9,18115,83
9,18116,186
9,18117,89
9,18118,172
9,18119,-45
9,18120,83
9,18121,89
9,18122,109
9,18123,115
9,18124,71
9,18125,70
9,18126,173
9,18127,70
9,18128,147
9,18129,64
9,18130,51
9,18131,173
9,18132,90
9,18133,45
9,18134,160
9,18135,109
9,18136,365
9,18137,44
9,18138,57
9,18139,103
9,18140,134
9,18141,90
9,18142,140
9,18143,249
9,18144,64
9,18145,96
9,18146,89
9,18147,160
9,18148,173
9,18149,160
9,18150,135
9,18151,83
9,18152,77
9,18153,38
9,18154,128
9,18155,109
9,18156,109
9,18157,83
9,18158,211
9,18159,109
9,18160,71
9,18161,57
9,18162,71
9,18163,51
9,18164,275
9,18165,45
9,18166,109
9,18167,103
9,18168,109
9,18169,83
9,18170,32
9,18171,134
9,18172,160
9,18173,263
9,18174,64
9,18175,109
9,18176,77
9,18177,51
9,18178,83
9,18179,64
9,18180,51
9,18181,140
9,18182,76
9,18183,102
9,18184,122
9,18185,794
9,18186,71
9,18187,819
9,18188,116
9,18189,103
9,18190,-365
9,18191,116
9,18192,166
9,18193,38
9,18194,45
9,18195,121
9,18196,109
9,18197,57
9,18198,141
9,18199,115
9,18200,-45
9,18201,108
9,18202,109
9,18203,76
9,18204,167
9,18205,70
9,18206,122
9,18207,115
9,18208,70
9,18209,-26
9,18210,64
9,18211,32
9,18212,103
9,18213,64
9,18214,84
9,18215,141
9,18216,89
9,18217,134
9,18218,83
9,18219,57
9,18220,77
9,18221,-38
9,18222,83
9,18223,192
9,18224,295
9,18225,70
9,18226,141
9,18227,96
9,18228,167
9,18229,70
9,18230,153
9,18231,147
9,18232,64
9,18233,173
9,18234,140
9,18235,115
9,18236,166
9,18237,58
9,18238,122
9,18239,115
9,18240,83
9,18241,45
9,18242,103
9,18243,83
9,18244,153
9,18245,51
9,18246,122
9,18247,173
9,18248,167
9,18249,52
9,18250,26
9,18251,64
9,18252,39
9,18253,84
9,18254,96
9,18255,51
9,18256,108
9,18257,64
9,18258,89
9,18259,122
9,18260,154
9,18261,102
9,18262,204
9,18263,172
9,18264,89
9,18265,70
9,18266,102
9,18267,90
9,18268,122
9,18269,45
9,18270,192
9,18271,76
9,18272,51
9,18273,51
9,18274,71
9,18275,128
9,18276,70
9,18277,84
9,18278,121
9,18279,147
9,18280,141
9,18281,115
9,18282,64
9,18283,301
9,18284,38
9,18285,45
9,18286,45
9,18287,160
9,18288,57
9,18289,128
9,18290,64
9,18291,96
9,18292,64
9,18293,57
9,18294,211
9,18295,89
9,18296,186
9,18297,19
9,18298,58
9,18299,77
9,18300,64
9,18301,32
9,18302,96
9,18303,90
9,18304,77
9,18305,300
9,18306,64
9,18307,64
9,18308,83
9,18309,58
9,18310,64
9,18311,109
9,18312,116
9,18313,141
9,18314,167
9,18315,102
9,18316,173
9,18317,141
9,18318,140
9,18319,103
9,18320,103
9,18321,51
9,18322,-32
9,18323,116
9,18324,32
9,18325,51
9,18326,160
9,18327,141
9,18328,84
9,18329,180
9,18330,166
9,18331,109
9,18332,153
9,18333,160
9,18334,76
9,18335,64
9,18336,64
9,18337,64
9,18338,64
9,18339,64
9,18340,96
9,18341,77
9,18342,128
9,18343,77
9,18344,90
9,18345,70
9,18346,135
9,18347,147
9,18348,186
9,18349,51
9,18350,90
9,18351,115
9,18352,-45
9,18353,76
9,18354,32
9,18355,45
9,18356,96
9,18357,45
9,18358,77
9,18359,140
9,18360,64
9,18361,-397
9,18362,115
9,18363,141
9,18364,-45
9,18365,96
9,18366,45
9,18367,38
9,18368,70
9,18369,-38
9,18370,179
9,18371,166
9,18372,153
9,18373,115
9,18374,172
9,18375,128
9,18376,154
9,18377,84
9,18378,121
9,18379,153
9,18380,115
9,18381,58
9,18382,58
9,18383,64
9,18384,51
9,18385,32
9,18386,96
9,18387,115
9,18388,115
9,18389,89
9,18390,64
9,18391,141
9,18392,173
9,18393,64
9,18394,70
9,18395,103
9,18396,160
9,18397,32
9,18398,77
9,18399,89
9,18400,64
9,18401,83
9,18402,115
9,18403,166
9,18404,115
9,18405,51
9,18406,84
9,18407,147
9,18408,211
9,18409,51
9,18410,64
9,18411,269
9,18412,77
9,18413,51
9,18414,64
9,18415,71
9,18416,192
9,18417,-141
9,18418,128
9,18419,148
9,18420,109
9,18421,71
9,18422,102
9,18423,121
9,18424,96
9,18425,39
9,18426,135
9,18427,83
9,18428,160
9,18429,51
9,18430,-19
9,18431,51
9,18432,26
9,18433,26
9,18434,58
9,18435,25
9,18436,70
9,18437,-25
9,18438,19
9,18439,160
9,18440,58
9,18441,115
9,18442,870
9,18443,109
9,18444,173
9,18445,109
9,18446,64
9,18447,160
9,18448,51
9,18449,64
9,18450,51
9,18451,25
9,18452,332
9,18453,52
9,18454,64
9,18455,71
9,18456,96
9,18457,109
9,18458,102
9,18459,166
9,18460,173
9,18461,256
9,18462,199
9,18463,236
9,18464,96
9,18465,102
9,18466,83
9,18467,70
9,18468,64
9,18469,51
9,18470,76
9,18471,70
9,18472,83
9,18473,148
9,18474,140
9,18475,109
9,18476,58
9,18477,89
9,18478,77
9,18479,166
9,18480,128
9,18481,44
9,18482,32
9,18483,58
9,18484,109
9,18485,102
9,18486,128
9,18487,109
9,18488,109
9,18489,301
9,18490,128
9,18491,77
9,18492,121
9,18493,58
9,18494,25
9,18495,58
9,18496,77
9,18497,58
9,18498,166
9,18499,211
9,18500,109
9,18501,179
9,18502,128
9,18503,147
9,18504,199
9,18505,199
9,18506,51
9,18507,154
9,18508,115
9,18509,135
9,18510,115
9,18511,166
9,18512,103
9,18513,115
9,18514,103
9,18515,115
9,18516,84
9,18517,71
9,18518,121
9,18519,135
9,18520,102
9,18521,25
9,18522,26
9,18523,32
9,18524,76
9,18525,57
9,18526,198
9,18527,57
9,18528,70
9,18529,58
9,18530,83
9,18531,397
9,18532,70
9,18533,102
9,18534,90
9,18535,115
9,18536,96
9,18537,32
9,18538,25
9,18539,83
9,18540,57
9,18541,160
9,18542,-51
9,18543,211
9,18544,90
9,18545,102
9,18546,96
9,18547,135
9,18548,109
9,18549,122
9,18550,83
9,18551,390
9,18552,128
9,18553,141
9,18554,77
9,18555,64
9,18556,45
9,18557,20
9,18558,26
9,18559,70
9,18560,103
9,18561,-19
9,18562,83
9,18563,71
9,18564,32
9,18565,96
9,18566,32
9,18567,70
9,18568,135
9,18569,122
9,18570,115
9,18571,115
9,18572,237
9,18573,64
9,18574,147
9,18575,109
9,18576,83
9,18577,51
9,18578,-25
9,18579,103
9,18580,147
9,18581,45
9,18582,179
9,18583,-51
9,18584,141
9,18585,96
9,18586,96
9,18587,77
9,18588,135
9,18589,102
9,18590,70
9,18591,96
9,18592,70
9,18593,51
9,18594,51
9,18595,77
9,18596,76
9,18597,71
9,18598,96
9,18599,51
9,18600,71
9,18601,103
9,18602,141
9,18603,160
9,18604,58
9,18605,-32
9,18606,166
9,18607,121
9,18608,96
9,18609,-32
9,18610,83
9,18611,173
9,18612,173
9,18613,198
9,18614,218
9,18615,70
9,18616,64
9,18617,70
9,18618,199
9,18619,103
9,18620,115
9,18621,173
9,18622,115
9,18623,70
9,18624,64
9,18625,154
9,18626,192
9,18627,70
9,18628,76
9,18629,70
9,18630,64
9,18631,-45
9,18632,128
9,18633,358
9,18634,185
9,18635,128
9,18636,58
9,18637,147
9,18638,217
9,18639,122
9,18640,109
9,18641,172
9,18642,134
9,18643,83
9,18644,135
9,18645,160
9,18646,108
9,18647,167
9,18648,371
9,18649,345
9,18650,173
9,18651,109
9,18652,32
9,18653,115
9,18654,179
9,18655,166
9,18656,102
9,18657,-26
9,18658,186
9,18659,102
9,18660,167
9,18661,128
9,18662,179
9,18663,167
9,18664,160
9,18665,147
9,18666,102
9,18667,141
9,18668,70
9,18669,96
9,18670,160
9,18671,148
9,18672,45
9,18673,96
9,18674,58
9,18675,77
9,18676,32
9,18677,102
9,18678,204
9,18679,141
9,18680,64
9,18681,90
9,18682,77
9,18683,122
9,18684,173
9,18685,128
9,18686,135
9,18687,128
9,18688,102
9,18689,57
9,18690,52
9,18691,-25
9,18692,115
9,18693,51
9,18694,84
9,18695,154
9,18696,77
9,18697,762
9,18698,198
9,18699,780
9,18700,173
9,18701,-13
9,18702,83
9,18703,90
9,18704,64
9,18705,70
9,18706,-32
9,18707,51
9,18708,77
9,18709,57
9,18710,57
9,18711,83
9,18712,70
9,18713,103
9,18714,77
9,18715,103
9,18716,115
9,18717,77
9,18718,58
9,18719,108
9,18720,90
9,18721,19
9,18722,172
9,18723,-256
9,18724,153
9,18725,173
9,18726,140
9,18727,32
9,18728,51
9,18729,167
9,18730,198
9,18731,102
9,18732,135
9,18733,70
9,18734,141
9,18735,365
9,18736,192
9,18737,352
9,18738,166
9,18739,147
9,18740,38
9,18741,45
9,18742,108
9,18743,115
9,18744,83
9,18745,198
9,18746,96
9,18747,134
9,18748,-384
9,18749,180
9,18750,77
9,18751,153
9,18752,38
9,18753,102
9,18754,77
9,18755,70
9,18756,96
9,18757,45
9,18758,83
9,18759,160
9,18760,70
9,18761,167
9,18762,90
9,18763,71
9,18764,166
9,18765,96
9,18766,147
9,18767,96
9,18768,64
9,18769,160
9,18770,134
9,18771,122
9,18772,192
9,18773,352
9,18774,128
9,18775,109
9,18776,122
9,18777,160
9,18778,64
9,18779,122
9,18780,108
9,18781,58
9,18782,116
9,18783,-262
9,18784,116
9,18785,160
9,18786,102
9,18787,71
9,18788,173
9,18789,147
9,18790,166
9,18791,102
9,18792,148
9,18793,71
9,18794,128
9,18795,128
9,18796,103
9,18797,45
9,18798,166
9,18799,166
9,18800,-51
9,18801,77
9,18802,192
9,18803,122
9,18804,71
9,18805,70
9,18806,141
9,18807,115
9,18808,217
9,18809,96
9,18810,84
9,18811,128
9,18812,-44
9,18813,140
9,18814,173
9,18815,26
9,18816,77
9,18817,77
9,18818,83
9,18819,57
9,18820,109
9,18821,-51
9,18822,186
9,18823,83
9,18824,134
9,18825,160
9,18826,205
9,18827,153
9,18828,121
9,18829,58
9,18830,217
9,18831,115
9,18832,64
9,18833,90
9,18834,58
9,18835,115
9,18836,57
9,18837,64
9,18838,70
9,18839,154
9,18840,115
9,18841,128
9,18842,148
9,18843,128
9,18844,-45
9,18845,89
9,18846,64
9,18847,378
9,18848,64
9,18849,64
9,18850,45
9,18851,32
9,18852,147
9,18853,-13
9,18854,160
9,18855,70
9,18856,333
9,18857,141
9,18858,218
9,18859,128
9,18860,122
9,18861,64
9,18862,301
9,18863,128
9,18864,179
9,18865,-58
9,18866,83
9,18867,77
9,18868,102
9,18869,51
9,18870,160
9,18871,109
9,18872,-730
9,18873,70
9,18874,423
9,18875,128
9,18876,185
9,18877,109
9,18878,166
9,18879,103
9,18880,44
9,18881,57
9,18882,128
9,18883,134
9,18884,70
9,18885,57
9,18886,179
9,18887,115
9,18888,64
9,18889,45
9,18890,102
9,18891,70
9,18892,70
9,18893,51
9,18894,128
9,18895,71
9,18896,38
9,18897,70
9,18898,96
9,18899,102
9,18900,198
9,18901,64
9,18902,58
9,18903,141
9,18904,128
9,18905,64
9,18906,-38
9,18907,135
9,18908,153
9,18909,57
9,18910,134
9,18911,76
9,18912,71
9,18913,90
9,18914,167
9,18915,121
9,18916,128
9,18917,51
9,18918,134
9,18919,96
9,18920,102
9,18921,45
9,18922,64
9,18923,102
9,18924,160
9,18925,89
9,18926,141
9,18927,-39
9,18928,160
9,18929,58
9,18930,71
9,18931,160
9,18932,140
9,18933,51
9,18934,122
9,18935,64
9,18936,58
9,18937,45
9,18938,122
9,18939,13
9,18940,128
9,18941,77
9,18942,122
9,18943,147
9,18944,32
9,18945,102
9,18946,26
9,18947,51
9,18948,76
9,18949,122
9,18950,179
9,18951,326
9,18952,128
9,18953,96
9,18954,806
9,18955,166
9,18956,122
9,18957,83
9,18958,115
9,18959,185
9,18960,134
9,18961,83
9,18962,179
9,18963,115
9,18964,77
9,18965,19
9,18966,26
9,18967,64
9,18968,64
9,18969,160
9,18970,52
9,18971,205
9,18972,83
9,18973,166
9,18974,147
9,18975,173
9,18976,147
9,18977,103
9,18978,160
9,18979,77
9,18980,90
9,18981,96
9,18982,173
9,18983,109
9,18984,51
9,18985,115
9,18986,-51
9,18987,140
9,18988,96
9,18989,231
9,18990,109
9,18991,141
9,18992,147
9,18993,109
9,18994,77
9,18995,-51
9,18996,77
9,18997,128
9,18998,173
9,18999,70
9,19000,57
9,19001,205
9,19002,153
9,19003,147
9,19004,128
9,19005,58
9,19006,160
9,19007,115
9,19008,64
9,19009,58
9,19010,365
9,19011,115
9,19012,160
9,19013,205
9,19014,250
9,19015,154
9,19016,-45
9,19017,154
9,19018,160
9,19019,128
9,19020,134
9,19021,179
9,19022,-64
9,19023,90
9,19024,102
9,19025,102
9,19026,121
9,19027,134
9,19028,115
9,19029,77
9,19030,166
9,19031,122
9,19032,121
9,19033,39
9,19034,51
9,19035,45
9,19036,19
9,19037,-58
9,19038,83
9,19039,77
9,19040,160
9,19041,58
9,19042,51
9,19043,128
9,19044,134
9,19045,58
9,19046,115
9,19047,128
9,19048,71
9,19049,-70
9,19050,83
9,19051,121
9,19052,58
9,19053,57
9,19054,166
9,19055,166
9,19056,154
9,19057,96
9,19058,116
9,19059,192
9,19060,186
9,19061,77
9,19062,147
9,19063,121
9,19064,154
9,19065,51
9,19066,45
9,19067,44
9,19068,57
9,19069,19
9,19070,77
9,19071,64
9,19072,76
9,19073,39
9,19074,70
9,19075,25
9,19076,116
9,19077,-38
9,19078,173
9,19079,57
9,19080,64
9,19081,128
9,19082,141
9,19083,199
9,19084,122
9,19085,211
9,19086,185
9,19087,262
9,19088,71
9,19089,83
9,19090,83
9,19091,115
9,19092,83
9,19093,77
9,19094,89
9,19095,180
9,19096,109
9,19097,140
9,19098,121
9,19099,103
9,19100,141
9,19101,58
9,19102,154
9,19103,58
9,19104,-45
9,19105,102
9,19106,71
9,19107,116
9,19108,70
9,19109,64
9,19110,378
9,19111,57
9,19112,64
9,19113,147
9,19114,122
9,19115,109
9,19116,218
9,19117,96
9,19118,77
9,19119,115
9,19120,173
9,19121,32
9,19122,-45
9,19123,90
9,19124,58
9,19125,-71
9,19126,121
9,19127,128
9,19128,44
9,19129,154
9,19130,153
9,19131,147
9,19132,314
9,19133,45
9,19134,102
9,19135,83
9,19136,70
9,19137,44
9,19138,89
9,19139,103
9,19140,96
9,19141,147
9,19142,77
9,19143,102
9,19144,70
9,19145,58
9,19146,122
9,19147,89
9,19148,90
9,19149,96
9,19150,115
9,19151,147
9,19152,58
9,19153,58
9,19154,121
9,19155,128
9,19156,39
9,19157,58
9,19158,166
9,19159,109
9,19160,108
9,19161,45
9,19162,167
9,19163,128
9,19164,109
9,19165,134
9,19166,224
9,19167,109
9,19168,103
9,19169,64
9,19170,377
9,19171,122
9,19172,179
9,19173,51
9,19174,179
9,19175,96
9,19176,173
9,19177,102
9,19178,153
9,19179,122
9,19180,109
9,19181,282
9,19182,51
9,19183,83
9,19184,154
9,19185,96
9,19186,45
9,19187,122
9,19188,76
9,19189,-32
9,19190,134
9,19191,77
9,19192,83
9,19193,160
9,19194,71
9,19195,96
9,19196,838
9,19197,115
9,19198,103
9,19199,186
9,19200,301
9,19201,-32
9,19202,89
9,19203,77
9,19204,44
9,19205,64
9,19206,166
9,19207,64
9,19208,77
9,19209,819
9,19210,90
9,19211,774
9,19212,128
9,19213,-6
9,19214,154
9,19215,70
9,19216,-135
9,19217,282
9,19218,32
9,19219,25
9,19220,20
9,19221,52
9,19222,-25
9,19223,172
9,19224,108
9,19225,102
9,19226,103
9,19227,77
9,19228,64
9,19229,102
9,19230,70
9,19231,115
9,19232,102
9,19233,83
9,19234,-45
9,19235,71
9,19236,77
9,19237,115
9,19238,167
9,19239,71
9,19240,103
9,19241,51
9,19242,77
9,19243,378
9,19244,96
9,19245,115
9,19246,180
9,19247,102
9,19248,109
9,19249,32
9,19250,70
9,19251,64
9,19252,108
9,19253,160
9,19254,71
9,19255,83
9,19256,121
9,19257,83
9,19258,153
9,19259,70
9,19260,64
9,19261,77
9,19262,90
9,19263,83
9,19264,-38
9,19265,25
9,19266,102
9,19267,76
9,19268,70
9,19269,51
9,19270,153
9,19271,109
9,19272,147
9,19273,141
9,19274,173
9,19275,333
9,19276,38
9,19277,51
9,19278,160
9,19279,121
9,19280,96
9,19281,77
9,19282,160
9,19283,160
9,19284,147
9,19285,180
9,19286,128
9,19287,211
9,19288,115
9,19289,20
9,19290,45
9,19291,20
9,19292,70
9,19293,326
9,19294,166
9,19295,160
9,19296,70
9,19297,160
9,19298,57
9,19299,141
9,19300,102
9,19301,167
9,19302,192
9,19303,172
9,19304,173
9,19305,38
9,19306,141
9,19307,167
9,19308,51
9,19309,19
9,19310,51
9,19311,77
9,19312,58
9,19313,116
9,19314,122
9,19315,172
9,19316,103
9,19317,-38
9,19318,83
9,19319,135
9,19320,128
9,19321,89
9,19322,102
9,19323,13
9,19324,32
9,19325,77
9,19326,237
9,19327,32
9,19328,109
9,19329,-26
9,19330,64
9,19331,128
9,19332,172
9,19333,115
9,19334,102
9,19335,102
9,19336,148
9,19337,390
9,19338,109
9,19339,102
9,19340,109
9,19341,71
9,19342,102
9,19343,160
9,19344,147
9,19345,109
9,19346,96
9,19347,38
9,19348,83
9,19349,77
9,19350,64
9,19351,76
9,19352,90
9,19353,96
9,19354,140
9,19355,83
9,19356,167
9,19357,108
9,19358,64
9,19359,141
9,19360,102
9,19361,32
9,19362,58
9,19363,70
9,19364,115
9,19365,26
9,19366,57
9,19367,115
9,19368,77
9,19369,166
9,19370,122
9,19371,167
9,19372,141
9,19373,57
9,19374,64
9,19375,147
9,19376,45
9,19377,121
9,19378,32
9,19379,71
9,19380,141
9,19381,83
9,19382,147
9,19383,122
9,19384,51
9,19385,295
9,19386,57
9,19387,166
9,19388,128
9,19389,109
9,19390,103
9,19391,89
9,19392,122
9,19393,45
9,19394,90
9,19395,160
9,19396,128
9,19397,51
9,19398,51
9,19399,32
9,19400,103
9,19401,64
9,19402,64
9,19403,186
9,19404,39
9,19405,57
9,19406,90
9,19407,45
9,19408,186
9,19409,109
9,19410,32
9,19411,96
9,19412,154
9,19413,51
9,19414,51
9,19415,371
9,19416,147
9,19417,39
9,19418,121
9,19419,141
9,19420,109
9,19421,76
9,19422,140
9,19423,96
9,19424,57
9,19425,77
9,19426,128
9,19427,160
9,19428,108
9,19429,58
9,19430,57
9,19431,153
9,19432,135
9,19433,-38
9,19434,77
9,19435,115
9,19436,89
9,19437,83
9,19438,128
9,19439,192
9,19440,109
9,19441,128
9,19442,96
9,19443,172
9,19444,122
9,19445,103
9,19446,71
9,19447,-51
9,19448,77
9,19449,64
9,19450,102
9,19451,77
9,19452,160
9,19453,52
9,19454,109
9,19455,39
9,19456,64
9,19457,-13
9,19458,64
9,19459,230
9,19460,116
9,19461,51
9,19462,134
9,19463,83
9,19464,64
9,19465,141
9,19466,793
9,19467,166
9,19468,128
9,19469,64
9,19470,167
9,19471,44
9,19472,141
9,19473,26
9,19474,32
9,19475,64
9,19476,77
9,19477,134
9,19478,19
9,19479,-38
9,19480,115
9,19481,58
9,19482,77
9,19483,109
9,19484,51
9,19485,77
9,19486,77
9,19487,116
9,19488,52
9,19489,51
9,19490,26
9,19491,-51
9,19492,115
9,19493,71
9,19494,109
9,19495,154
9,19496,96
9,19497,83
9,19498,102
9,19499,96
9,19500,96
9,19501,-25
9,19502,180
9,19503,90
9,19504,147
9,19505,44
9,19506,76
9,19507,-70
9,19508,76
9,19509,83
9,19510,89
9,19511,109
9,19512,122
9,19513,64
9,19514,167
9,19515,109
9,19516,64
9,19517,160
9,19518,205
9,19519,64
9,19520,77
9,19521,109
9,19522,128
9,19523,301
9,19524,249
9,19525,109
9,19526,199
9,19527,109
9,19528,121
9,19529,51
9,19530,58
9,19531,64
9,19532,109
9,19533,-32
9,19534,83
9,19535,70
9,19536,84
9,19537,77
9,19538,358
9,19539,83
9,19540,160
9,19541,198
9,19542,141
9,19543,154
9,19544,167
9,19545,141
9,19546,109
9,19547,64
9,19548,51
9,19549,128
9,19550,64
9,19551,115
9,19552,77
9,19553,109
9,19554,268
9,19555,102
9,19556,205
9,19557,102
9,19558,160
9,19559,64
9,19560,109
9,19561,51
9,19562,38
9,19563,71
9,19564,122
9,19565,96
9,19566,192
9,19567,173
9,19568,160
9,19569,262
9,19570,166
9,19571,89
9,19572,128
9,19573,128
9,19574,256
9,19575,122
9,19576,166
9,19577,172
9,19578,122
9,19579,76
9,19580,141
9,19581,109
9,19582,109
9,19583,70
9,19584,160
9,19585,89
9,19586,70
9,19587,115
9,19588,51
9,19589,51
9,19590,45
9,19591,122
9,19592,90
9,19593,167
9,19594,205
9,19595,102
9,19596,185
9,19597,160
9,19598,116
9,19599,135
9,19600,115
9,19601,275
9,19602,70
9,19603,153
9,19604,70
9,19605,32
9,19606,64
9,19607,83
9,19608,83
9,19609,102
9,19610,64
9,19611,148
9,19612,76
9,19613,109
9,19614,147
9,19615,352
9,19616,58
9,19617,51
9,19618,51
9,19619,109
9,19620,102
9,19621,70
9,19622,45
9,19623,64
9,19624,45
9,19625,64
9,19626,147
9,19627,128
9,19628,83
9,19629,160
9,19630,128
9,19631,135
9,19632,70
9,19633,45
9,19634,77
9,19635,38
9,19636,71
9,19637,32
9,19638,103
9,19639,71
9,19640,38
9,19641,58
9,19642,135
9,19643,333
9,19644,70
9,19645,51
9,19646,32
9,19647,-19
9,19648,122
9,19649,-6
9,19650,77
9,19651,77
9,19652,58
9,19653,83
9,19654,64
9,19655,115
9,19656,83
9,19657,153
9,19658,90
9,19659,57
9,19660,64
9,19661,64
9,19662,57
9,19663,90
9,19664,71
9,19665,26
9,19666,19
9,19667,128
9,19668,167
9,19669,103
9,19670,550
9,19671,45
9,19672,103
9,19673,102
9,19674,39
9,19675,70
9,19676,32
9,19677,109
9,19678,64
9,19679,-135
9,19680,115
9,19681,51
9,19682,122
9,19683,102
9,19684,89
9,19685,108
9,19686,90
9,19687,109
9,19688,135
9,19689,115
9,19690,115
9,19691,173
9,19692,154
9,19693,102
9,19694,198
9,19695,116
9,19696,109
9,19697,44
9,19698,77
9,19699,90
9,19700,89
9,19701,160
9,19702,122
9,19703,96
9,19704,96
9,19705,109
9,19706,70
9,19707,83
9,19708,166
9,19709,96
9,19710,26
9,19711,58
9,19712,84
9,19713,96
9,19714,26
9,19715,64
9,19716,64
9,19717,32
9,19718,102
9,19719,135
9,19720,115
9,19721,806
9,19722,224
9,19723,774
9,19724,122
9,19725,122
9,19726,116
9,19727,141
9,19728,205
9,19729,57
9,19730,51
9,19731,108
9,19732,115
9,19733,58
9,19734,115
9,19735,83
9,19736,295
9,19737,71
9,19738,64
9,19739,96
9,19740,128
9,19741,76
9,19742,121
9,19743,58
9,19744,166
9,19745,58
9,19746,116
9,19747,77
9,19748,52
9,19749,64
9,19750,173
9,19751,25
9,19752,141
9,19753,109
9,19754,83
9,19755,57
9,19756,109
9,19757,102
9,19758,77
9,19759,64
9,19760,108
9,19761,26
9,19762,32
9,19763,19
9,19764,51
9,19765,83
9,19766,64
9,19767,77
9,19768,58
9,19769,179
9,19770,83
9,19771,180
9,19772,64
9,19773,109
9,19774,26
9,19775,-45
9,19776,83
9,19777,64
9,19778,115
9,19779,83
9,19780,115
9,19781,58
9,19782,84
9,19783,115
9,19784,115
9,19785,103
9,19786,301
9,19787,77
9,19788,77
9,19789,64
9,19790,166
9,19791,45
9,19792,58
9,19793,109
9,19794,83
9,19795,89
9,19796,70
9,19797,38
9,19798,205
9,19799,90
9,19800,147
9,19801,57
9,19802,173
9,19803,96
9,19804,109
9,19805,39
9,19806,199
9,19807,102
9,19808,122
9,19809,58
9,19810,173
9,19811,160
9,19812,103
9,19813,96
9,19814,64
9,19815,128
9,19816,167
9,19817,236
9,19818,32
9,19819,-45
9,19820,51
9,19821,198
9,19822,217
9,19823,-58
9,19824,64
9,19825,96
9,19826,96
9,19827,147
9,19828,77
9,19829,84
9,19830,32
9,19831,109
9,19832,135
9,19833,25
9,19834,352
9,19835,77
9,19836,102
9,19837,45
9,19838,-32
9,19839,-25
9,19840,96
9,19841,51
9,19842,71
9,19843,256
9,19844,64
9,19845,102
9,19846,90
9,19847,70
9,19848,70
9,19849,96
9,19850,141
9,19851,122
9,19852,167
9,19853,102
9,19854,167
9,19855,58
9,19856,115
9,19857,57
9,19858,83
9,19859,32
9,19860,52
9,19861,77
9,19862,70
9,19863,83
9,19864,109
9,19865,89
9,19866,70
9,19867,135
9,19868,135
9,19869,52
9,19870,26
9,19871,160
9,19872,70
9,19873,64
9,19874,26
9,19875,128
9,19876,-51
9,19877,70
9,19878,115
9,19879,102
9,19880,147
9,19881,96
9,19882,147
9,19883,295
9,19884,115
9,19885,38
9,19886,89
9,19887,166
9,19888,70
9,19889,52
9,19890,45
9,19891,58
9,19892,116
9,19893,32
9,19894,128
9,19895,70
9,19896,51
9,19897,-32
9,19898,153
9,19899,154
9,19900,147
9,19901,70
9,19902,313
9,19903,51
9,19904,102
9,19905,83
9,19906,109
9,19907,121
9,19908,122
9,19909,96
9,19910,122
9,19911,128
9,19912,141
9,19913,51
9,19914,128
9,19915,25
9,19916,115
9,19917,19
9,19918,147
9,19919,109
9,19920,64
9,19921,115
9,19922,102
9,19923,211
9,19924,179
9,19925,64
9,19926,275
9,19927,83
9,19928,115
9,19929,64
9,19930,102
9,19931,51
9,19932,58
9,19933,64
9,19934,58
9,19935,128
9,19936,58
9,19937,102
9,19938,121
9,19939,32
9,19940,147
9,19941,122
9,19942,32
9,19943,58
9,19944,109
9,19945,96
9,19946,71
9,19947,115
9,19948,83
9,19949,103
9,19950,57
9,19951,83
9,19952,51
9,19953,90
9,19954,262
9,19955,134
9,19956,-12
9,19957,109
9,19958,320
9,19959,128
9,19960,102
9,19961,45
9,19962,51
9,19963,96
9,19964,153
9,19965,64
9,19966,26
9,19967,58
9,19968,96
9,19969,51
9,19970,51
9,19971,-45
9,19972,77
9,19973,89
9,19974,377
9,19975,70
9,19976,64
9,19977,154
9,19978,768
9,19979,84
9,19980,83
9,19981,-51
9,19982,84
9,19983,96
9,19984,122
9,19985,64
9,19986,26
9,19987,115
9,19988,58
9,19989,38
9,19990,19
9,19991,115
9,19992,64
9,19993,121
9,19994,32
9,19995,70
9,19996,166
9,19997,122
9,19998,147
9,19999,122
9,20000,102
10,1,51
10,2,26
10,3,26
10,4,-32
10,5,76
10,6,26
10,7,-45
10,8,58
10,9,51
10,10,160
10,11,-339
10,12,198
10,13,198
10,14,179
10,15,166
10,16,218
10,17,32
10,18,25
10,19,25
10,20,109
10,21,102
10,22,26
10,23,70
10,24,-38
10,25,70
10,26,58
10,27,57
10,28,58
10,29,83
10,30,90
10,31,76
10,32,147
10,33,51
10,34,358
10,35,166
10,36,249
10,37,249
10,38,212
10,39,77
10,40,102
10,41,45
10,42,57
10,43,58
10,44,32
10,45,90
10,46,58
10,47,13
10,48,-243
10,49,486
10,50,71
10,51,64
10,52,135
10,53,51
10,54,-199
10,55,115
10,56,148
10,57,51
10,58,19
10,59,45
10,60,32
10,61,57
10,62,58
10,63,57
10,64,51
10,65,51
10,66,70
10,67,102
10,68,211
10,69,186
10,70,96
10,71,115
10,72,217
10,73,160
10,74,135
10,75,122
10,76,166
10,77,198
10,78,-192
10,79,90
10,80,57
10,81,128
10,82,26
10,83,121
10,84,58
10,85,58
10,86,-192
10,87,64
10,88,64
10,89,-25
10,90,-256
10,91,32
10,92,262
10,93,51
10,94,51
10,95,339
10,96,52
10,97,44
10,98,19
10,99,25
10,100,44
10,101,333
10,102,-204
10,103,115
10,104,25
10,105,205
10,106,64
10,107,77
10,108,186
10,109,224
10,110,76
10,111,-38
10,112,45
10,113,147
10,114,25
10,115,51
10,116,32
10,117,-38
10,118,83
10,119,77
10,120,76
10,121,76
10,122,77
10,123,-39
10,124,237
10,125,32
10,126,-52
10,127,83
10,128,70
10,129,96
10,130,154
10,131,64
10,132,224
10,133,300
10,134,122
10,135,198
10,136,167
10,137,167
10,138,211
10,139,365
10,140,64
10,141,122
10,142,96
10,143,109
10,144,52
10,145,-70
10,146,25
10,147,83
10,148,-416
10,149,96
10,150,32
10,151,58
10,152,51
10,153,64
10,154,51
10,155,346
10,156,38
10,157,51
10,158,-32
10,159,83
10,160,96
10,161,19
10,162,32
10,163,51
10,164,186
10,165,51
10,166,58
10,167,45
10,168,128
10,169,32
10,170,166
10,171,19
10,172,64
10,173,64
10,174,-64
10,175,77
10,176,90
10,177,326
10,178,77
10,179,83
10,180,58
10,181,44
10,182,39
10,183,32
10,184,173
10,185,70
10,186,167
10,187,186
10,188,403
10,189,179
10,190,199
10,191,108
10,192,109
10,193,26
10,194,44
10,195,13
10,196,32
10,197,121
10,198,77
10,199,96
10,200,71
10,201,57
10,202,26
10,203,58
10,204,58
10,205,89
10,206,103
10,207,70
10,208,103
10,209,231
10,210,173
10,211,250
10,212,116
10,213,544
10,214,218
10,215,205
10,216,192
10,217,211
10,218,185
10,219,26
10,220,70
10,221,-26
10,222,122
10,223,77
10,224,64
10,225,-25
10,226,39
10,227,51
10,228,64
10,229,25
10,230,96
10,231,51
10,232,77
10,233,826
10,234,116
10,235,755
10,236,198
10,237,96
10,238,-198
10,239,-70
10,240,77
10,241,160
10,242,19
10,243,19
10,244,45
10,245,45
10,246,64
10,247,109
10,248,38
10,249,32
10,250,19
10,251,-51
10,252,71
10,253,109
10,254,-141
10,255,71
10,256,109
10,257,-7
10,258,-26
10,259,-25
10,260,39
10,261,57
10,262,32
10,263,13
10,264,83
10,265,384
10,266,192
10,267,243
10,268,224
10,269,256
10,270,243
10,271,19
10,272,57
10,273,51
10,274,51
10,275,71
10,276,52
10,277,96
10,278,32
10,279,70
10,280,-205
10,281,378
10,282,64
10,283,115
10,284,134
10,285,160
10,286,64
10,287,128
10,288,122
10,289,70
10,290,51
10,291,64
10,292,115
10,293,71
10,294,64
10,295,116
10,296,96
10,297,58
10,298,19
10,299,-26
10,300,45
10,301,45
10,302,58
10,303,25
10,304,38
10,305,71
10,306,70
10,307,32
10,308,57
10,309,64
10,310,58
10,311,96
10,312,70
10,313,32
10,314,19
10,315,-32
10,316,-6
10,317,167
10,318,-45
10,319,70
10,320,83
10,321,103
10,322,96
10,323,237
10,324,231
10,325,224
10,326,160
10,327,115
10,328,185
10,329,166
10,330,25
10,331,52
10,332,121
10,333,58
10,334,90
10,335,108
10,336,96
10,337,71
10,338,71
10,339,243
10,340,77
10,341,90
10,342,39
10,343,314
10,344,84
10,345,51
10,346,-32
10,347,179
10,348,160
10,349,211
10,350,167
10,351,32
10,352,96
10,353,109
10,354,32
10,355,51
10,356,13
10,357,64
10,358,51
10,359,45
10,360,-58
10,361,-19
10,362,83
10,363,96
10,364,-192
10,365,109
10,366,64
10,367,51
10,368,-192
10,369,64
10,370,64
10,371,-205
10,372,224
10,373,199
10,374,13
10,375,115
10,376,71
10,377,122
10,378,102
10,379,128
10,380,64
10,381,358
10,382,103
10,383,70
10,384,70
10,385,57
10,386,26
10,387,64
10,388,109
10,389,26
10,390,109
10,391,76
10,392,32
10,393,-295
10,394,128
10,395,64
10,396,77
10,397,45
10,398,109
10,399,109
10,400,32
10,401,51
10,402,364
10,403,211
10,404,6
10,405,135
10,406,185
10,407,224
10,408,58
10,409,179
10,410,64
10,411,96
10,412,121
10,413,109
10,414,57
10,415,64
10,416,77
10,417,58
10,418,236
10,419,365
10,420,199
10,421,109
10,422,38
10,423,64
10,424,51
10,425,38
10,426,19
10,427,57
10,428,58
10,429,64
10,430,51
10,431,26
10,432,77
10,433,90
10,434,51
10,435,102
10,436,64
10,437,45
10,438,25
10,439,32
10,440,-45
10,441,57
10,442,32
10,443,134
10,444,64
10,445,51
10,446,45
10,447,58
10,448,179
10,449,64
10,450,71
10,451,141
10,452,-45
10,453,121
10,454,-192
10,455,71
10,456,58
10,457,70
10,458,64
10,459,45
10,460,32
10,461,32
10,462,64
10,463,26
10,464,25
10,465,70
10,466,76
10,467,-64
10,468,83
10,469,128
10,470,19
10,471,51
10,472,26
10,473,51
10,474,51
10,475,77
10,476,12
10,477,70
10,478,89
10,479,64
10,480,64
10,481,38
10,482,-345
10,483,25
10,484,51
10,485,-243
10,486,64
10,487,26
10,488,-32
10,489,38
10,490,275
10,491,77
10,492,64
10,493,115
10,494,70
10,495,-186
10,496,64
10,497,134
10,498,-32
10,499,45
10,500,-32
10,501,44
10,502,-390
10,503,128
10,504,51
10,505,102
10,506,39
10,507,180
10,508,-45
10,509,160
10,510,121
10,511,140
10,512,102
10,513,-19
10,514,51
10,515,102
10,516,32
10,517,64
10,518,-423
10,519,64
10,520,52
10,521,39
10,522,58
10,523,115
10,524,96
10,525,96
10,526,199
10,527,76
10,528,147
10,529,-26
10,530,-51
10,531,57
10,532,32
10,533,25
10,534,64
10,535,58
10,536,51
10,537,84
10,538,96
10,539,70
10,540,64
10,541,154
10,542,103
10,543,77
10,544,77
10,545,378
10,546,58
10,547,-45
10,548,115
10,549,352
10,550,64
10,551,102
10,552,90
10,553,51
10,554,64
10,555,58
10,556,51
10,557,147
10,558,237
10,559,569
10,560,84
10,561,109
10,562,77
10,563,-44
10,564,84
10,565,102
10,566,58
10,567,115
10,568,103
10,569,39
10,570,339
10,571,64
10,572,57
10,573,84
10,574,52
10,575,70
10,576,71
10,577,51
10,578,70
10,579,115
10,580,109
10,581,160
10,582,173
10,583,141
10,584,128
10,585,44
10,586,25
10,587,70
10,588,301
10,589,64
10,590,70
10,591,167
10,592,58
10,593,96
10,594,39
10,595,243
10,596,128
10,597,109
10,598,108
10,599,160
10,600,108
10,601,51
10,602,-19
10,603,115
10,604,77
10,605,57
10,606,148
10,607,160
10,608,128
10,609,186
10,610,115
10,611,77
10,612,71
10,613,102
10,614,70
10,615,109
10,616,39
10,617,122
10,618,64
10,619,103
10,620,186
10,621,96
10,622,173
10,623,307
10,624,64
10,625,224
10,626,58
10,627,70
10,628,64
10,629,102
10,630,134
10,631,160
10,632,217
10,633,128
10,634,108
10,635,122
10,636,122
10,637,167
10,638,180
10,639,89
10,640,128
10,641,26
10,642,58
10,643,57
10,644,103
10,645,103
10,646,19
10,647,173
10,648,115
10,649,-32
10,650,77
10,651,116
10,652,109
10,653,64
10,654,262
10,655,141
10,656,102
10,657,89
10,658,77
10,659,103
10,660,58
10,661,57
10,662,141
10,663,77
10,664,116
10,665,77
10,666,109
10,667,160
10,668,128
10,669,58
10,670,172
10,671,121
10,672,96
10,673,26
10,674,26
10,675,83
10,676,166
10,677,71
10,678,64
10,679,154
10,680,153
10,681,140
10,682,64
10,683,58
10,684,90
10,685,102
10,686,64
10,687,70
10,688,154
10,689,147
10,690,64
10,691,134
10,692,76
10,693,103
10,694,70
10,695,109
10,696,96
10,697,115
10,698,109
10,699,166
10,700,90
10,701,180
10,702,154
10,703,198
10,704,167
10,705,115
10,706,102
10,707,294
10,708,231
10,709,51
10,710,57
10,711,83
10,712,64
10,713,166
10,714,249
10,715,64
10,716,90
10,717,90
10,718,64
10,719,269
10,720,134
10,721,160
10,722,103
10,723,173
10,724,96
10,725,122
10,726,128
10,727,103
10,728,32
10,729,39
10,730,64
10,731,205
10,732,166
10,733,58
10,734,96
10,735,153
10,736,167
10,737,-25
10,738,116
10,739,51
10,740,77
10,741,141
10,742,173
10,743,115
10,744,83
10,745,813
10,746,83
10,747,832
10,748,103
10,749,64
10,750,121
10,751,96
10,752,103
10,753,102
10,754,26
10,755,109
10,756,32
10,757,44
10,758,57
10,759,90
10,760,167
10,761,109
10,762,160
10,763,64
10,764,57
10,765,96
10,766,57
10,767,71
10,768,116
10,769,39
10,770,76
10,771,205
10,772,167
10,773,96
10,774,102
10,775,89
10,776,77
10,777,167
10,778,96
10,779,122
10,780,90
10,781,108
10,782,90
10,783,57
10,784,89
10,785,58
10,786,58
10,787,51
10,788,20
10,789,51
10,790,25
10,791,320
10,792,115
10,793,102
10,794,115
10,795,128
10,796,71
10,797,205
10,798,-25
10,799,276
10,800,218
10,801,76
10,802,70
10,803,51
10,804,391
10,805,224
10,806,109
10,807,109
10,808,212
10,809,90
10,810,13
10,811,83
10,812,96
10,813,58
10,814,147
10,815,115
10,816,122
10,817,244
10,818,70
10,819,58
10,820,89
10,821,90
10,822,77
10,823,166
10,824,121
10,825,25
10,826,121
10,827,70
10,828,64
10,829,51
10,830,-26
10,831,134
10,832,121
10,833,70
10,834,51
10,835,102
10,836,-45
10,837,70
10,838,52
10,839,116
10,840,51
10,841,57
10,842,26
10,843,115
10,844,109
10,845,352
10,846,32
10,847,211
10,848,96
10,849,64
10,850,-160
10,851,160
10,852,89
10,853,26
10,854,83
10,855,314
10,856,103
10,857,77
10,858,-26
10,859,83
10,860,103
10,861,109
10,862,134
10,863,71
10,864,128
10,865,19
10,866,57
10,867,116
10,868,-26
10,869,217
10,870,154
10,871,121
10,872,38
10,873,186
10,874,70
10,875,192
10,876,154
10,877,140
10,878,90
10,879,141
10,880,115
10,881,58
10,882,192
10,883,51
10,884,122
10,885,102
10,886,51
10,887,-25
10,888,135
10,889,96
10,890,115
10,891,134
10,892,128
10,893,103
10,894,218
10,895,153
10,896,57
10,897,58
10,898,26
10,899,84
10,900,77
10,901,103
10,902,102
10,903,109
10,904,71
10,905,103
10,906,83
10,907,160
10,908,173
10,909,89
10,910,179
10,911,134
10,912,77
10,913,153
10,914,52
10,915,32
10,916,38
10,917,172
10,918,134
10,919,90
10,920,32
10,921,166
10,922,134
10,923,115
10,924,148
10,925,109
10,926,192
10,927,185
10,928,256
10,929,128
10,930,276
10,931,103
10,932,115
10,933,51
10,934,141
10,935,128
10,936,121
10,937,166
10,938,70
10,939,77
10,940,141
10,941,-32
10,942,179
10,943,109
10,944,186
10,945,122
10,946,147
10,947,167
10,948,148
10,949,122
10,950,128
10,951,122
10,952,64
10,953,51
10,954,122
10,955,71
10,956,115
10,957,90
10,958,160
10,959,58
10,960,-45
10,961,135
10,962,128
10,963,122
10,964,115
10,965,154
10,966,109
10,967,154
10,968,185
10,969,96
10,970,122
10,971,26
10,972,51
10,973,83
10,974,57
10,975,64
10,976,147
10,977,96
10,978,141
10,979,134
10,980,121
10,981,57
10,982,116
10,983,71
10,984,109
10,985,64
10,986,83
10,987,243
10,988,102
10,989,76
10,990,19
10,991,122
10,992,25
10,993,109
10,994,57
10,995,115
10,996,115
10,997,160
10,998,121
10,999,103
10,1000,64
10,1001,58
10,1002,774
10,1003,115
10,1004,340
10,1005,96
10,1006,90
10,1007,71
10,1008,77
10,1009,51
10,1010,26
10,1011,70
10,1012,52
10,1013,45
10,1014,378
10,1015,89
10,1016,140
10,1017,51
10,1018,116
10,1019,115
10,1020,-51
10,1021,96
10,1022,154
10,1023,103
10,1024,115
10,1025,211
10,1026,109
10,1027,64
10,1028,64
10,1029,51
10,1030,-52
10,1031,-250
10,1032,26
10,1033,96
10,1034,295
10,1035,45
10,1036,121
10,1037,96
10,1038,96
10,1039,116
10,1040,77
10,1041,-38
10,1042,83
10,1043,77
10,1044,115
10,1045,77
10,1046,173
10,1047,121
10,1048,57
10,1049,167
10,1050,172
10,1051,173
10,1052,115
10,1053,51
10,1054,153
10,1055,90
10,1056,77
10,1057,64
10,1058,128
10,1059,116
10,1060,77
10,1061,58
10,1062,211
10,1063,-51
10,1064,83
10,1065,26
10,1066,167
10,1067,26
10,1068,38
10,1069,57
10,1070,147
10,1071,57
10,1072,32
10,1073,57
10,1074,64
10,1075,58
10,1076,38
10,1077,51
10,1078,179
10,1079,116
10,1080,167
10,1081,-6
10,1082,38
10,1083,122
10,1084,-45
10,1085,32
10,1086,243
10,1087,352
10,1088,64
10,1089,58
10,1090,-13
10,1091,115
10,1092,115
10,1093,90
10,1094,531
10,1095,116
10,1096,51
10,1097,32
10,1098,365
10,1099,26
10,1100,64
10,1101,38
10,1102,103
10,1103,109
10,1104,57
10,1105,-7
10,1106,57
10,1107,83
10,1108,116
10,1109,-26
10,1110,115
10,1111,128
10,1112,90
10,1113,-32
10,1114,83
10,1115,25
10,1116,57
10,1117,51
10,1118,135
10,1119,70
10,1120,109
10,1121,57
10,1122,64
10,1123,90
10,1124,32
10,1125,26
10,1126,186
10,1127,64
10,1128,-134
10,1129,377
10,1130,-25
10,1131,154
10,1132,77
10,1133,96
10,1134,288
10,1135,64
10,1136,58
10,1137,19
10,1138,166
10,1139,102
10,1140,115
10,1141,45
10,1142,180
10,1143,58
10,1144,76
10,1145,64
10,1146,179
10,1147,205
10,1148,122
10,1149,-32
10,1150,77
10,1151,-26
10,1152,154
10,1153,96
10,1154,103
10,1155,103
10,1156,295
10,1157,64
10,1158,166
10,1159,90
10,1160,39
10,1161,51
10,1162,160
10,1163,115
10,1164,83
10,1165,301
10,1166,378
10,1167,109
10,1168,51
10,1169,45
10,1170,77
10,1171,-26
10,1172,-58
10,1173,77
10,1174,179
10,1175,64
10,1176,281
10,1177,198
10,1178,180
10,1179,32
10,1180,51
10,1181,83
10,1182,147
10,1183,83
10,1184,96
10,1185,25
10,1186,115
10,1187,96
10,1188,57
10,1189,58
10,1190,102
10,1191,160
10,1192,128
10,1193,-26
10,1194,154
10,1195,32
10,1196,108
10,1197,51
10,1198,173
10,1199,128
10,1200,122
10,1201,20
10,1202,102
10,1203,64
10,1204,-45
10,1205,45
10,1206,179
10,1207,57
10,1208,26
10,1209,71
10,1210,115
10,1211,77
10,1212,102
10,1213,51
10,1214,173
10,1215,57
10,1216,90
10,1217,102
10,1218,58
10,1219,96
10,1220,83
10,1221,83
10,1222,185
10,1223,-57
10,1224,121
10,1225,71
10,1226,377
10,1227,77
10,1228,70
10,1229,64
10,1230,262
10,1231,58
10,1232,116
10,1233,45
10,1234,147
10,1235,26
10,1236,77
10,1237,51
10,1238,51
10,1239,70
10,1240,108
10,1241,51
10,1242,154
10,1243,32
10,1244,96
10,1245,154
10,1246,371
10,1247,172
10,1248,58
10,1249,96
10,1250,102
10,1251,19
10,1252,64
10,1253,44
10,1254,77
10,1255,121
10,1256,58
10,1257,826
10,1258,179
10,1259,761
10,1260,77
10,1261,52
10,1262,147
10,1263,108
10,1264,96
10,1265,26
10,1266,57
10,1267,71
10,1268,71
10,1269,96
10,1270,166
10,1271,102
10,1272,102
10,1273,64
10,1274,115
10,1275,57
10,1276,45
10,1277,57
10,1278,128
10,1279,64
10,1280,90
10,1281,64
10,1282,32
10,1283,51
10,1284,64
10,1285,32
10,1286,141
10,1287,115
10,1288,115
10,1289,160
10,1290,128
10,1291,19
10,1292,96
10,1293,51
10,1294,250
10,1295,26
10,1296,301
10,1297,51
10,1298,90
10,1299,192
10,1300,115
10,1301,51
10,1302,378
10,1303,13
10,1304,70
10,1305,52
10,1306,121
10,1307,96
10,1308,32
10,1309,-38
10,1310,58
10,1311,109
10,1312,76
10,1313,109
10,1314,205
10,1315,89
10,1316,115
10,1317,64
10,1318,77
10,1319,192
10,1320,166
10,1321,26
10,1322,109
10,1323,83
10,1324,32
10,1325,52
10,1326,70
10,1327,122
10,1328,25
10,1329,51
10,1330,301
10,1331,115
10,1332,90
10,1333,64
10,1334,89
10,1335,70
10,1336,147
10,1337,32
10,1338,166
10,1339,115
10,1340,64
10,1341,13
10,1342,160
10,1343,83
10,1344,77
10,1345,141
10,1346,-320
10,1347,122
10,1348,70
10,1349,64
10,1350,179
10,1351,160
10,1352,25
10,1353,38
10,1354,83
10,1355,115
10,1356,83
10,1357,179
10,1358,153
10,1359,154
10,1360,115
10,1361,109
10,1362,377
10,1363,121
10,1364,64
10,1365,45
10,1366,205
10,1367,70
10,1368,64
10,1369,51
10,1370,115
10,1371,51
10,1372,198
10,1373,83
10,1374,172
10,1375,26
10,1376,96
10,1377,64
10,1378,64
10,1379,64
10,1380,109
10,1381,70
10,1382,365
10,1383,58
10,1384,109
10,1385,83
10,1386,224
10,1387,70
10,1388,64
10,1389,70
10,1390,102
10,1391,103
10,1392,58
10,1393,45
10,1394,77
10,1395,45
10,1396,-13
10,1397,45
10,1398,-45
10,1399,128
10,1400,64
10,1401,25
10,1402,198
10,1403,102
10,1404,51
10,1405,77
10,1406,199
10,1407,96
10,1408,58
10,1409,70
10,1410,6
10,1411,173
10,1412,51
10,1413,109
10,1414,83
10,1415,52
10,1416,71
10,1417,172
10,1418,231
10,1419,148
10,1420,115
10,1421,58
10,1422,83
10,1423,71
10,1424,212
10,1425,32
10,1426,71
10,1427,32
10,1428,70
10,1429,58
10,1430,38
10,1431,64
10,1432,57
10,1433,108
10,1434,154
10,1435,122
10,1436,281
10,1437,64
10,1438,83
10,1439,102
10,1440,45
10,1441,122
10,1442,90
10,1443,64
10,1444,109
10,1445,45
10,1446,115
10,1447,96
10,1448,70
10,1449,26
10,1450,96
10,1451,109
10,1452,26
10,1453,44
10,1454,148
10,1455,109
10,1456,-51
10,1457,192
10,1458,192
10,1459,102
10,1460,135
10,1461,77
10,1462,57
10,1463,109
10,1464,121
10,1465,70
10,1466,135
10,1467,64
10,1468,122
10,1469,51
10,1470,179
10,1471,45
10,1472,64
10,1473,141
10,1474,212
10,1475,128
10,1476,83
10,1477,173
10,1478,77
10,1479,70
10,1480,70
10,1481,77
10,1482,102
10,1483,288
10,1484,-39
10,1485,45
10,1486,167
10,1487,32
10,1488,77
10,1489,108
10,1490,115
10,1491,135
10,1492,90
10,1493,58
10,1494,108
10,1495,121
10,1496,160
10,1497,51
10,1498,7
10,1499,19
10,1500,76
10,1501,26
10,1502,70
10,1503,89
10,1504,-45
10,1505,115
10,1506,109
10,1507,25
10,1508,102
10,1509,32
10,1510,192
10,1511,115
10,1512,32
10,1513,57
10,1514,781
10,1515,160
10,1516,77
10,1517,51
10,1518,378
10,1519,128
10,1520,76
10,1521,45
10,1522,102
10,1523,26
10,1524,58
10,1525,-7
10,1526,52
10,1527,64
10,1528,103
10,1529,90
10,1530,122
10,1531,103
10,1532,122
10,1533,57
10,1534,-179
10,1535,115
10,1536,90
10,1537,103
10,1538,116
10,1539,51
10,1540,77
10,1541,51
10,1542,115
10,1543,96
10,1544,166
10,1545,44
10,1546,121
10,1547,109
10,1548,160
10,1549,51
10,1550,262
10,1551,109
10,1552,77
10,1553,51
10,1554,96
10,1555,51
10,1556,121
10,1557,51
10,1558,77
10,1559,52
10,1560,64
10,1561,115
10,1562,102
10,1563,32
10,1564,128
10,1565,32
10,1566,-32
10,1567,64
10,1568,108
10,1569,70
10,1570,160
10,1571,64
10,1572,96
10,1573,64
10,1574,77
10,1575,90
10,1576,103
10,1577,-32
10,1578,57
10,1579,70
10,1580,102
10,1581,90
10,1582,64
10,1583,64
10,1584,90
10,1585,90
10,1586,135
10,1587,70
10,1588,64
10,1589,83
10,1590,128
10,1591,153
10,1592,320
10,1593,217
10,1594,71
10,1595,13
10,1596,58
10,1597,-32
10,1598,45
10,1599,141
10,1600,115
10,1601,173
10,1602,71
10,1603,122
10,1604,147
10,1605,64
10,1606,89
10,1607,84
10,1608,269
10,1609,51
10,1610,71
10,1611,25
10,1612,102
10,1613,32
10,1614,83
10,1615,89
10,1616,64
10,1617,52
10,1618,103
10,1619,122
10,1620,115
10,1621,64
10,1622,122
10,1623,173
10,1624,102
10,1625,32
10,1626,84
10,1627,121
10,1628,77
10,1629,58
10,1630,109
10,1631,115
10,1632,77
10,1633,109
10,1634,103
10,1635,122
10,1636,45
10,1637,51
10,1638,51
10,1639,-58
10,1640,44
10,1641,115
10,1642,134
10,1643,185
10,1644,96
10,1645,-32
10,1646,89
10,1647,122
10,1648,64
10,1649,51
10,1650,160
10,1651,-44
10,1652,45
10,1653,90
10,1654,173
10,1655,371
10,1656,102
10,1657,45
10,1658,333
10,1659,147
10,1660,134
10,1661,313
10,1662,180
10,1663,58
10,1664,70
10,1665,64
10,1666,90
10,1667,378
10,1668,166
10,1669,64
10,1670,166
10,1671,71
10,1672,64
10,1673,70
10,1674,77
10,1675,103
10,1676,70
10,1677,64
10,1678,166
10,1679,115
10,1680,128
10,1681,39
10,1682,26
10,1683,-64
10,1684,173
10,1685,64
10,1686,83
10,1687,147
10,1688,51
10,1689,121
10,1690,77
10,1691,121
10,1692,89
10,1693,51
10,1694,96
10,1695,96
10,1696,77
10,1697,77
10,1698,25
10,1699,70
10,1700,57
10,1701,32
10,1702,70
10,1703,71
10,1704,90
10,1705,109
10,1706,147
10,1707,115
10,1708,109
10,1709,51
10,1710,217
10,1711,64
10,1712,64
10,1713,77
10,1714,109
10,1715,-70
10,1716,243
10,1717,64
10,1718,115
10,1719,96
10,1720,148
10,1721,96
10,1722,371
10,1723,115
10,1724,77
10,1725,275
10,1726,173
10,1727,147
10,1728,64
10,1729,32
10,1730,166
10,1731,115
10,1732,103
10,1733,-13
10,1734,71
10,1735,12
10,1736,116
10,1737,51
10,1738,70
10,1739,26
10,1740,76
10,1741,57
10,1742,128
10,1743,70
10,1744,172
10,1745,-52
10,1746,185
10,1747,122
10,1748,83
10,1749,77
10,1750,179
10,1751,51
10,1752,77
10,1753,52
10,1754,179
10,1755,166
10,1756,218
10,1757,83
10,1758,314
10,1759,108
10,1760,96
10,1761,51
10,1762,19
10,1763,26
10,1764,70
10,1765,-26
10,1766,237
10,1767,13
10,1768,115
10,1769,652
10,1770,122
10,1771,781
10,1772,90
10,1773,51
10,1774,96
10,1775,64
10,1776,109
10,1777,25
10,1778,294
10,1779,57
10,1780,45
10,1781,52
10,1782,128
10,1783,77
10,1784,-45
10,1785,77
10,1786,70
10,1787,128
10,1788,147
10,1789,51
10,1790,96
10,1791,64
10,1792,83
10,1793,26
10,1794,25
10,1795,51
10,1796,13
10,1797,38
10,1798,64
10,1799,141
10,1800,45
10,1801,45
10,1802,83
10,1803,58
10,1804,115
10,1805,51
10,1806,115
10,1807,70
10,1808,166
10,1809,64
10,1810,-26
10,1811,71
10,1812,26
10,1813,51
10,1814,121
10,1815,64
10,1816,96
10,1817,64
10,1818,32
10,1819,115
10,1820,109
10,1821,-71
10,1822,141
10,1823,268
10,1824,64
10,1825,77
10,1826,90
10,1827,70
10,1828,58
10,1829,96
10,1830,211
10,1831,109
10,1832,115
10,1833,96
10,1834,83
10,1835,96
10,1836,90
10,1837,25
10,1838,198
10,1839,32
10,1840,262
10,1841,64
10,1842,141
10,1843,-71
10,1844,128
10,1845,96
10,1846,83
10,1847,166
10,1848,153
10,1849,160
10,1850,160
10,1851,-20
10,1852,6
10,1853,64
10,1854,26
10,1855,108
10,1856,57
10,1857,64
10,1858,115
10,1859,147
10,1860,192
10,1861,57
10,1862,-64
10,1863,51
10,1864,160
10,1865,51
10,1866,19
10,1867,115
10,1868,57
10,1869,26
10,1870,57
10,1871,109
10,1872,-45
10,1873,45
10,1874,58
10,1875,109
10,1876,64
10,1877,115
10,1878,13
10,1879,109
10,1880,153
10,1881,45
10,1882,52
10,1883,109
10,1884,140
10,1885,26
10,1886,122
10,1887,128
10,1888,121
10,1889,51
10,1890,186
10,1891,51
10,1892,103
10,1893,39
10,1894,186
10,1895,64
10,1896,90
10,1897,26
10,1898,230
10,1899,77
10,1900,102
10,1901,38
10,1902,172
10,1903,358
10,1904,115
10,1905,121
10,1906,115
10,1907,51
10,1908,32
10,1909,45
10,1910,109
10,1911,128
10,1912,51
10,1913,64
10,1914,115
10,1915,147
10,1916,103
10,1917,38
10,1918,167
10,1919,115
10,1920,83
10,1921,39
10,1922,76
10,1923,83
10,1924,57
10,1925,52
10,1926,-26
10,1927,103
10,1928,154
10,1929,83
10,1930,103
10,1931,90
10,1932,51
10,1933,25
10,1934,96
10,1935,115
10,1936,51
10,1937,-77
10,1938,83
10,1939,26
10,1940,51
10,1941,52
10,1942,109
10,1943,160
10,1944,109
10,1945,51
10,1946,38
10,1947,134
10,1948,115
10,1949,58
10,1950,185
10,1951,115
10,1952,-45
10,1953,109
10,1954,108
10,1955,205
10,1956,70
10,1957,70
10,1958,134
10,1959,166
10,1960,64
10,1961,19
10,1962,64
10,1963,96
10,1964,96
10,1965,32
10,1966,102
10,1967,166
10,1968,121
10,1969,102
10,1970,122
10,1971,135
10,1972,115
10,1973,45
10,1974,128
10,1975,141
10,1976,186
10,1977,32
10,1978,64
10,1979,103
10,1980,-45
10,1981,77
10,1982,90
10,1983,71
10,1984,64
10,1985,45
10,1986,212
10,1987,173
10,1988,282
10,1989,-32
10,1990,192
10,1991,166
10,1992,64
10,1993,58
10,1994,109
10,1995,122
10,1996,83
10,1997,45
10,1998,96
10,1999,154
10,2000,102
10,2001,102
10,2002,180
10,2003,192
10,2004,115
10,2005,64
10,2006,103
10,2007,121
10,2008,84
10,2009,70
10,2010,179
10,2011,135
10,2012,167
10,2013,77
10,2014,173
10,2015,96
10,2016,148
10,2017,19
10,2018,115
10,2019,102
10,2020,84
10,2021,26
10,2022,57
10,2023,51
10,2024,90
10,2025,154
10,2026,877
10,2027,173
10,2028,179
10,2029,51
10,2030,-26
10,2031,128
10,2032,121
10,2033,96
10,2034,57
10,2035,70
10,2036,96
10,2037,51
10,2038,166
10,2039,57
10,2040,58
10,2041,147
10,2042,154
10,2043,172
10,2044,128
10,2045,358
10,2046,57
10,2047,128
10,2048,102
10,2049,52
10,2050,84
10,2051,39
10,2052,70
10,2053,38
10,2054,180
10,2055,109
10,2056,83
10,2057,51
10,2058,77
10,2059,51
10,2060,89
10,2061,44
10,2062,147
10,2063,77
10,2064,32
10,2065,32
10,2066,51
10,2067,-19
10,2068,167
10,2069,77
10,2070,83
10,2071,109
10,2072,109
10,2073,51
10,2074,211
10,2075,96
10,2076,102
10,2077,26
10,2078,122
10,2079,166
10,2080,115
10,2081,58
10,2082,109
10,2083,224
10,2084,96
10,2085,76
10,2086,109
10,2087,103
10,2088,109
10,2089,-25
10,2090,-32
10,2091,70
10,2092,45
10,2093,58
10,2094,102
10,2095,64
10,2096,115
10,2097,71
10,2098,173
10,2099,70
10,2100,70
10,2101,64
10,2102,166
10,2103,262
10,2104,154
10,2105,45
10,2106,103
10,2107,64
10,2108,19
10,2109,83
10,2110,71
10,2111,121
10,2112,58
10,2113,70
10,2114,128
10,2115,134
10,2116,103
10,2117,103
10,2118,147
10,2119,115
10,2120,115
10,2121,186
10,2122,-352
10,2123,64
10,2124,51
10,2125,45
10,2126,109
10,2127,90
10,2128,51
10,2129,71
10,2130,102
10,2131,365
10,2132,128
10,2133,57
10,2134,77
10,2135,32
10,2136,135
10,2137,-51
10,2138,90
10,2139,102
10,2140,39
10,2141,51
10,2142,154
10,2143,64
10,2144,70
10,2145,58
10,2146,96
10,2147,-58
10,2148,64
10,2149,32
10,2150,32
10,2151,32
10,2152,51
10,2153,45
10,2154,147
10,2155,103
10,2156,115
10,2157,-39
10,2158,212
10,2159,32
10,2160,45
10,2161,39
10,2162,64
10,2163,25
10,2164,58
10,2165,141
10,2166,217
10,2167,128
10,2168,71
10,2169,96
10,2170,198
10,2171,135
10,2172,173
10,2173,115
10,2174,102
10,2175,58
10,2176,77
10,2177,32
10,2178,154
10,2179,83
10,2180,173
10,2181,96
10,2182,77
10,2183,70
10,2184,44
10,2185,58
10,2186,96
10,2187,135
10,2188,109
10,2189,45
10,2190,186
10,2191,90
10,2192,25
10,2193,-13
10,2194,70
10,2195,64
10,2196,39
10,2197,38
10,2198,-26
10,2199,115
10,2200,90
10,2201,51
10,2202,186
10,2203,109
10,2204,51
10,2205,103
10,2206,160
10,2207,83
10,2208,64
10,2209,102
10,2210,-38
10,2211,116
10,2212,89
10,2213,58
10,2214,70
10,2215,64
10,2216,77
10,2217,96
10,2218,212
10,2219,115
10,2220,96
10,2221,83
10,2222,77
10,2223,89
10,2224,32
10,2225,52
10,2226,166
10,2227,83
10,2228,64
10,2229,44
10,2230,224
10,2231,205
10,2232,45
10,2233,57
10,2234,160
10,2235,70
10,2236,122
10,2237,115
10,2238,212
10,2239,128
10,2240,115
10,2241,-32
10,2242,179
10,2243,96
10,2244,147
10,2245,153
10,2246,218
10,2247,102
10,2248,160
10,2249,167
10,2250,160
10,2251,128
10,2252,89
10,2253,359
10,2254,205
10,2255,122
10,2256,116
10,2257,-26
10,2258,109
10,2259,352
10,2260,64
10,2261,58
10,2262,179
10,2263,89
10,2264,128
10,2265,51
10,2266,77
10,2267,115
10,2268,103
10,2269,39
10,2270,172
10,2271,218
10,2272,103
10,2273,32
10,2274,26
10,2275,-58
10,2276,52
10,2277,39
10,2278,70
10,2279,115
10,2280,44
10,2281,787
10,2282,102
10,2283,774
10,2284,115
10,2285,44
10,2286,173
10,2287,64
10,2288,116
10,2289,25
10,2290,135
10,2291,26
10,2292,51
10,2293,109
10,2294,141
10,2295,-51
10,2296,128
10,2297,109
10,2298,166
10,2299,90
10,2300,167
10,2301,76
10,2302,172
10,2303,224
10,2304,109
10,2305,102
10,2306,38
10,2307,26
10,2308,77
10,2309,212
10,2310,205
10,2311,64
10,2312,121
10,2313,76
10,2314,71
10,2315,153
10,2316,122
10,2317,83
10,2318,211
10,2319,166
10,2320,128
10,2321,77
10,2322,57
10,2323,64
10,2324,26
10,2325,64
10,2326,-38
10,2327,70
10,2328,64
10,2329,96
10,2330,76
10,2331,57
10,2332,52
10,2333,51
10,2334,166
10,2335,128
10,2336,71
10,2337,166
10,2338,230
10,2339,83
10,2340,64
10,2341,83
10,2342,179
10,2343,128
10,2344,64
10,2345,44
10,2346,51
10,2347,115
10,2348,26
10,2349,19
10,2350,52
10,2351,364
10,2352,122
10,2353,109
10,2354,147
10,2355,64
10,2356,102
10,2357,45
10,2358,205
10,2359,77
10,2360,58
10,2361,51
10,2362,89
10,2363,70
10,2364,6
10,2365,19
10,2366,140
10,2367,90
10,2368,64
10,2369,51
10,2370,153
10,2371,115
10,2372,102
10,2373,-25
10,2374,179
10,2375,116
10,2376,198
10,2377,38
10,2378,173
10,2379,83
10,2380,45
10,2381,51
10,2382,45
10,2383,128
10,2384,64
10,2385,52
10,2386,115
10,2387,96
10,2388,96
10,2389,64
10,2390,13
10,2391,160
10,2392,250
10,2393,32
10,2394,57
10,2395,64
10,2396,108
10,2397,-25
10,2398,167
10,2399,26
10,2400,84
10,2401,-19
10,2402,186
10,2403,25
10,2404,39
10,2405,51
10,2406,167
10,2407,57
10,2408,115
10,2409,70
10,2410,147
10,2411,-26
10,2412,154
10,2413,32
10,2414,122
10,2415,57
10,2416,-44
10,2417,83
10,2418,140
10,2419,26
10,2420,57
10,2421,52
10,2422,103
10,2423,70
10,2424,154
10,2425,96
10,2426,121
10,2427,109
10,2428,115
10,2429,64
10,2430,205
10,2431,64
10,2432,102
10,2433,-6
10,2434,121
10,2435,167
10,2436,64
10,2437,51
10,2438,83
10,2439,115
10,2440,64
10,2441,51
10,2442,244
10,2443,103
10,2444,70
10,2445,58
10,2446,212
10,2447,102
10,2448,45
10,2449,-32
10,2450,45
10,2451,51
10,2452,57
10,2453,52
10,2454,109
10,2455,166
10,2456,39
10,2457,102
10,2458,128
10,2459,115
10,2460,109
10,2461,45
10,2462,211
10,2463,326
10,2464,96
10,2465,64
10,2466,166
10,2467,128
10,2468,173
10,2469,57
10,2470,172
10,2471,96
10,2472,51
10,2473,83
10,2474,160
10,2475,64
10,2476,64
10,2477,-7
10,2478,71
10,2479,20
10,2480,57
10,2481,96
10,2482,167
10,2483,243
10,2484,96
10,2485,71
10,2486,128
10,2487,83
10,2488,365
10,2489,58
10,2490,384
10,2491,-26
10,2492,83
10,2493,52
10,2494,166
10,2495,70
10,2496,71
10,2497,121
10,2498,141
10,2499,109
10,2500,115
10,2501,76
10,2502,147
10,2503,64
10,2504,352
10,2505,51
10,2506,90
10,2507,70
10,2508,96
10,2509,256
10,2510,160
10,2511,45
10,2512,109
10,2513,103
10,2514,83
10,2515,153
10,2516,109
10,2517,153
10,2518,166
10,2519,134
10,2520,84
10,2521,154
10,2522,166
10,2523,-64
10,2524,128
10,2525,83
10,2526,166
10,2527,122
10,2528,70
10,2529,58
10,2530,173
10,2531,26
10,2532,167
10,2533,58
10,2534,211
10,2535,147
10,2536,77
10,2537,77
10,2538,774
10,2539,148
10,2540,128
10,2541,147
10,2542,-45
10,2543,147
10,2544,109
10,2545,102
10,2546,77
10,2547,314
10,2548,51
10,2549,70
10,2550,109
10,2551,116
10,2552,307
10,2553,301
10,2554,141
10,2555,134
10,2556,51
10,2557,109
10,2558,71
10,2559,147
10,2560,51
10,2561,70
10,2562,83
10,2563,45
10,2564,45
10,2565,39
10,2566,83
10,2567,77
10,2568,103
10,2569,76
10,2570,116
10,2571,64
10,2572,83
10,2573,39
10,2574,51
10,2575,147
10,2576,121
10,2577,64
10,2578,102
10,2579,58
10,2580,-45
10,2581,70
10,2582,211
10,2583,352
10,2584,102
10,2585,179
10,2586,141
10,2587,102
10,2588,102
10,2589,345
10,2590,134
10,2591,102
10,2592,96
10,2593,64
10,2594,243
10,2595,64
10,2596,109
10,2597,64
10,2598,173
10,2599,365
10,2600,96
10,2601,77
10,2602,115
10,2603,20
10,2604,109
10,2605,44
10,2606,160
10,2607,122
10,2608,64
10,2609,52
10,2610,205
10,2611,153
10,2612,51
10,2613,167
10,2614,173
10,2615,71
10,2616,71
10,2617,26
10,2618,121
10,2619,32
10,2620,-32
10,2621,185
10,2622,134
10,2623,19
10,2624,115
10,2625,147
10,2626,166
10,2627,166
10,2628,-45
10,2629,199
10,2630,167
10,2631,218
10,2632,96
10,2633,-45
10,2634,217
10,2635,109
10,2636,51
10,2637,179
10,2638,109
10,2639,160
10,2640,128
10,2641,58
10,2642,295
10,2643,134
10,2644,-45
10,2645,77
10,2646,218
10,2647,115
10,2648,44
10,2649,64
10,2650,153
10,2651,26
10,2652,51
10,2653,44
10,2654,134
10,2655,45
10,2656,45
10,2657,26
10,2658,-141
10,2659,57
10,2660,25
10,2661,32
10,2662,115
10,2663,135
10,2664,103
10,2665,115
10,2666,147
10,2667,153
10,2668,128
10,2669,76
10,2670,108
10,2671,96
10,2672,166
10,2673,51
10,2674,77
10,2675,51
10,2676,39
10,2677,52
10,2678,103
10,2679,64
10,2680,64
10,2681,64
10,2682,109
10,2683,103
10,2684,115
10,2685,45
10,2686,160
10,2687,77
10,2688,-45
10,2689,358
10,2690,141
10,2691,89
10,2692,57
10,2693,109
10,2694,-25
10,2695,122
10,2696,25
10,2697,76
10,2698,179
10,2699,109
10,2700,51
10,2701,38
10,2702,77
10,2703,64
10,2704,301
10,2705,-38
10,2706,167
10,2707,19
10,2708,58
10,2709,243
10,2710,153
10,2711,218
10,2712,109
10,2713,83
10,2714,160
10,2715,89
10,2716,122
10,2717,39
10,2718,167
10,2719,90
10,2720,-45
10,2721,64
10,2722,179
10,2723,64
10,2724,32
10,2725,19
10,2726,26
10,2727,52
10,2728,109
10,2729,90
10,2730,128
10,2731,71
10,2732,83
10,2733,58
10,2734,58
10,2735,64
10,2736,64
10,2737,45
10,2738,397
10,2739,71
10,2740,26
10,2741,-32
10,2742,51
10,2743,103
10,2744,58
10,2745,45
10,2746,122
10,2747,160
10,2748,96
10,2749,96
10,2750,83
10,2751,115
10,2752,71
10,2753,-52
10,2754,166
10,2755,77
10,2756,71
10,2757,52
10,2758,224
10,2759,64
10,2760,13
10,2761,32
10,2762,154
10,2763,109
10,2764,103
10,2765,76
10,2766,179
10,2767,102
10,2768,64
10,2769,-38
10,2770,115
10,2771,122
10,2772,109
10,2773,192
10,2774,173
10,2775,160
10,2776,96
10,2777,32
10,2778,51
10,2779,96
10,2780,96
10,2781,58
10,2782,102
10,2783,77
10,2784,64
10,2785,51
10,2786,115
10,2787,160
10,2788,160
10,2789,256
10,2790,58
10,2791,57
10,2792,64
10,2793,800
10,2794,76
10,2795,787
10,2796,57
10,2797,70
10,2798,173
10,2799,116
10,2800,326
10,2801,115
10,2802,154
10,2803,115
10,2804,-25
10,2805,109
10,2806,19
10,2807,108
10,2808,76
10,2809,89
10,2810,115
10,2811,52
10,2812,83
10,2813,64
10,2814,83
10,2815,-51
10,2816,71
10,2817,358
10,2818,71
10,2819,-12
10,2820,115
10,2821,51
10,2822,128
10,2823,70
10,2824,45
10,2825,96
10,2826,70
10,2827,320
10,2828,-45
10,2829,90
10,2830,51
10,2831,77
10,2832,211
10,2833,32
10,2834,84
10,2835,64
10,2836,32
10,2837,64
10,2838,167
10,2839,64
10,2840,45
10,2841,167
10,2842,90
10,2843,122
10,2844,108
10,2845,26
10,2846,102
10,2847,116
10,2848,71
10,2849,358
10,2850,134
10,2851,90
10,2852,32
10,2853,96
10,2854,-39
10,2855,121
10,2856,102
10,2857,-19
10,2858,83
10,2859,64
10,2860,32
10,2861,51
10,2862,58
10,2863,57
10,2864,-32
10,2865,64
10,2866,173
10,2867,128
10,2868,109
10,2869,186
10,2870,250
10,2871,116
10,2872,173
10,2873,45
10,2874,160
10,2875,71
10,2876,58
10,2877,51
10,2878,224
10,2879,90
10,2880,109
10,2881,58
10,2882,122
10,2883,108
10,2884,109
10,2885,115
10,2886,198
10,2887,77
10,2888,76
10,2889,58
10,2890,102
10,2891,167
10,2892,58
10,2893,51
10,2894,71
10,2895,103
10,2896,77
10,2897,58
10,2898,160
10,2899,58
10,2900,89
10,2901,-32
10,2902,83
10,2903,96
10,2904,89
10,2905,-25
10,2906,173
10,2907,71
10,2908,39
10,2909,45
10,2910,-64
10,2911,45
10,2912,83
10,2913,38
10,2914,154
10,2915,58
10,2916,58
10,2917,134
10,2918,185
10,2919,32
10,2920,121
10,2921,90
10,2922,-45
10,2923,121
10,2924,51
10,2925,51
10,2926,199
10,2927,109
10,2928,32
10,2929,-38
10,2930,83
10,2931,19
10,2932,38
10,2933,70
10,2934,102
10,2935,103
10,2936,32
10,2937,115
10,2938,147
10,2939,64
10,2940,96
10,2941,71
10,2942,218
10,2943,102
10,2944,102
10,2945,58
10,2946,141
10,2947,51
10,2948,58
10,2949,77
10,2950,71
10,2951,64
10,2952,-26
10,2953,71
10,2954,148
10,2955,77
10,2956,115
10,2957,32
10,2958,116
10,2959,109
10,2960,83
10,2961,-64
10,2962,128
10,2963,70
10,2964,38
10,2965,57
10,2966,167
10,2967,96
10,2968,70
10,2969,108
10,2970,121
10,2971,70
10,2972,58
10,2973,32
10,2974,103
10,2975,102
10,2976,109
10,2977,108
10,2978,268
10,2979,108
10,2980,230
10,2981,71
10,2982,58
10,2983,103
10,2984,58
10,2985,96
10,2986,70
10,2987,109
10,2988,173
10,2989,32
10,2990,58
10,2991,51
10,2992,71
10,2993,115
10,2994,204
10,2995,64
10,2996,103
10,2997,51
10,2998,96
10,2999,26
10,3000,58
10,3001,218
10,3002,52
10,3003,51
10,3004,83
10,3005,52
10,3006,116
10,3007,25
10,3008,51
10,3009,109
10,3010,83
10,3011,249
10,3012,103
10,3013,160
10,3014,268
10,3015,307
10,3016,371
10,3017,147
10,3018,205
10,3019,128
10,3020,160
10,3021,26
10,3022,51
10,3023,19
10,3024,51
10,3025,51
10,3026,96
10,3027,102
10,3028,134
10,3029,58
10,3030,52
10,3031,167
10,3032,45
10,3033,64
10,3034,141
10,3035,96
10,3036,96
10,3037,38
10,3038,32
10,3039,58
10,3040,116
10,3041,38
10,3042,103
10,3043,26
10,3044,44
10,3045,45
10,3046,160
10,3047,45
10,3048,-39
10,3049,58
10,3050,780
10,3051,224
10,3052,58
10,3053,281
10,3054,192
10,3055,83
10,3056,103
10,3057,19
10,3058,147
10,3059,58
10,3060,115
10,3061,103
10,3062,116
10,3063,147
10,3064,58
10,3065,58
10,3066,70
10,3067,109
10,3068,90
10,3069,64
10,3070,77
10,3071,52
10,3072,64
10,3073,51
10,3074,128
10,3075,141
10,3076,51
10,3077,51
10,3078,198
10,3079,51
10,3080,51
10,3081,51
10,3082,121
10,3083,167
10,3084,256
10,3085,39
10,3086,128
10,3087,134
10,3088,96
10,3089,26
10,3090,64
10,3091,70
10,3092,84
10,3093,45
10,3094,77
10,3095,45
10,3096,38
10,3097,-38
10,3098,186
10,3099,83
10,3100,115
10,3101,58
10,3102,243
10,3103,109
10,3104,64
10,3105,115
10,3106,186
10,3107,90
10,3108,102
10,3109,51
10,3110,154
10,3111,71
10,3112,212
10,3113,45
10,3114,140
10,3115,179
10,3116,32
10,3117,26
10,3118,103
10,3119,109
10,3120,109
10,3121,64
10,3122,179
10,3123,224
10,3124,128
10,3125,45
10,3126,173
10,3127,128
10,3128,108
10,3129,32
10,3130,64
10,3131,45
10,3132,26
10,3133,83
10,3134,135
10,3135,115
10,3136,96
10,3137,140
10,3138,64
10,3139,154
10,3140,96
10,3141,64
10,3142,128
10,3143,89
10,3144,39
10,3145,19
10,3146,19
10,3147,19
10,3148,32
10,3149,51
10,3150,160
10,3151,45
10,3152,103
10,3153,70
10,3154,77
10,3155,115
10,3156,83
10,3157,51
10,3158,102
10,3159,121
10,3160,154
10,3161,45
10,3162,58
10,3163,90
10,3164,256
10,3165,57
10,3166,51
10,3167,58
10,3168,26
10,3169,-32
10,3170,122
10,3171,51
10,3172,25
10,3173,45
10,3174,51
10,3175,166
10,3176,13
10,3177,90
10,3178,186
10,3179,121
10,3180,51
10,3181,64
10,3182,64
10,3183,64
10,3184,-32
10,3185,-38
10,3186,26
10,3187,51
10,3188,25
10,3189,26
10,3190,237
10,3191,58
10,3192,147
10,3193,115
10,3194,173
10,3195,141
10,3196,64
10,3197,70
10,3198,205
10,3199,58
10,3200,308
10,3201,96
10,3202,76
10,3203,45
10,3204,77
10,3205,58
10,3206,173
10,3207,51
10,3208,32
10,3209,96
10,3210,116
10,3211,-38
10,3212,116
10,3213,38
10,3214,51
10,3215,320
10,3216,64
10,3217,-71
10,3218,167
10,3219,58
10,3220,26
10,3221,51
10,3222,121
10,3223,32
10,3224,51
10,3225,108
10,3226,230
10,3227,115
10,3228,96
10,3229,39
10,3230,109
10,3231,90
10,3232,377
10,3233,51
10,3234,109
10,3235,51
10,3236,83
10,3237,70
10,3238,102
10,3239,109
10,3240,148
10,3241,39
10,3242,173
10,3243,96
10,3244,102
10,3245,51
10,3246,141
10,3247,90
10,3248,173
10,3249,45
10,3250,141
10,3251,70
10,3252,57
10,3253,51
10,3254,199
10,3255,64
10,3256,51
10,3257,89
10,3258,77
10,3259,128
10,3260,115
10,3261,108
10,3262,153
10,3263,52
10,3264,320
10,3265,57
10,3266,115
10,3267,102
10,3268,70
10,3269,77
10,3270,205
10,3271,108
10,3272,32
10,3273,51
10,3274,115
10,3275,160
10,3276,121
10,3277,39
10,3278,102
10,3279,96
10,3280,64
10,3281,45
10,3282,122
10,3283,77
10,3284,116
10,3285,45
10,3286,167
10,3287,103
10,3288,51
10,3289,52
10,3290,-25
10,3291,134
10,3292,102
10,3293,38
10,3294,-51
10,3295,134
10,3296,102
10,3297,64
10,3298,148
10,3299,51
10,3300,83
10,3301,32
10,3302,26
10,3303,122
10,3304,58
10,3305,800
10,3306,103
10,3307,774
10,3308,116
10,3309,77
10,3310,199
10,3311,96
10,3312,38
10,3313,-26
10,3314,166
10,3315,154
10,3316,90
10,3317,32
10,3318,205
10,3319,115
10,3320,71
10,3321,51
10,3322,173
10,3323,115
10,3324,160
10,3325,57
10,3326,102
10,3327,160
10,3328,109
10,3329,19
10,3330,109
10,3331,19
10,3332,76
10,3333,58
10,3334,115
10,3335,77
10,3336,102
10,3337,192
10,3338,230
10,3339,26
10,3340,115
10,3341,115
10,3342,211
10,3343,160
10,3344,83
10,3345,115
10,3346,122
10,3347,70
10,3348,51
10,3349,44
10,3350,205
10,3351,102
10,3352,32
10,3353,77
10,3354,122
10,3355,70
10,3356,77
10,3357,64
10,3358,186
10,3359,128
10,3360,89
10,3361,44
10,3362,128
10,3363,90
10,3364,64
10,3365,83
10,3366,134
10,3367,77
10,3368,115
10,3369,70
10,3370,58
10,3371,57
10,3372,51
10,3373,154
10,3374,173
10,3375,122
10,3376,71
10,3377,57
10,3378,205
10,3379,-237
10,3380,84
10,3381,96
10,3382,250
10,3383,19
10,3384,64
10,3385,352
10,3386,358
10,3387,25
10,3388,45
10,3389,192
10,3390,122
10,3391,134
10,3392,77
10,3393,122
10,3394,212
10,3395,102
10,3396,77
10,3397,64
10,3398,179
10,3399,108
10,3400,71
10,3401,39
10,3402,83
10,3403,103
10,3404,71
10,3405,103
10,3406,320
10,3407,160
10,3408,64
10,3409,52
10,3410,115
10,3411,58
10,3412,109
10,3413,83
10,3414,173
10,3415,84
10,3416,77
10,3417,26
10,3418,71
10,3419,64
10,3420,64
10,3421,25
10,3422,-32
10,3423,26
10,3424,58
10,3425,32
10,3426,179
10,3427,26
10,3428,320
10,3429,38
10,3430,128
10,3431,64
10,3432,172
10,3433,-51
10,3434,109
10,3435,90
10,3436,83
10,3437,134
10,3438,173
10,3439,103
10,3440,109
10,3441,102
10,3442,122
10,3443,25
10,3444,64
10,3445,90
10,3446,147
10,3447,39
10,3448,384
10,3449,52
10,3450,109
10,3451,109
10,3452,108
10,3453,90
10,3454,25
10,3455,115
10,3456,70
10,3457,45
10,3458,141
10,3459,103
10,3460,-38
10,3461,39
10,3462,96
10,3463,77
10,3464,134
10,3465,102
10,3466,166
10,3467,96
10,3468,64
10,3469,32
10,3470,45
10,3471,64
10,3472,96
10,3473,19
10,3474,77
10,3475,153
10,3476,64
10,3477,153
10,3478,211
10,3479,77
10,3480,128
10,3481,154
10,3482,115
10,3483,84
10,3484,147
10,3485,96
10,3486,141
10,3487,38
10,3488,70
10,3489,83
10,3490,153
10,3491,121
10,3492,115
10,3493,90
10,3494,211
10,3495,128
10,3496,57
10,3497,51
10,3498,166
10,3499,134
10,3500,109
10,3501,45
10,3502,71
10,3503,58
10,3504,38
10,3505,154
10,3506,211
10,3507,70
10,3508,83
10,3509,45
10,3510,403
10,3511,77
10,3512,45
10,3513,51
10,3514,128
10,3515,108
10,3516,90
10,3517,51
10,3518,102
10,3519,64
10,3520,38
10,3521,115
10,3522,263
10,3523,166
10,3524,115
10,3525,102
10,3526,173
10,3527,-58
10,3528,160
10,3529,52
10,3530,179
10,3531,108
10,3532,58
10,3533,51
10,3534,147
10,3535,90
10,3536,57
10,3537,51
10,3538,250
10,3539,192
10,3540,135
10,3541,134
10,3542,397
10,3543,-64
10,3544,71
10,3545,57
10,3546,51
10,3547,32
10,3548,844
10,3549,51
10,3550,128
10,3551,89
10,3552,64
10,3553,45
10,3554,102
10,3555,52
10,3556,77
10,3557,45
10,3558,140
10,3559,64
10,3560,83
10,3561,64
10,3562,794
10,3563,179
10,3564,64
10,3565,115
10,3566,160
10,3567,115
10,3568,96
10,3569,51
10,3570,147
10,3571,26
10,3572,52
10,3573,57
10,3574,167
10,3575,-64
10,3576,135
10,3577,109
10,3578,83
10,3579,77
10,3580,173
10,3581,-141
10,3582,365
10,3583,96
10,3584,103
10,3585,19
10,3586,64
10,3587,58
10,3588,103
10,3589,64
10,3590,224
10,3591,51
10,3592,89
10,3593,70
10,3594,103
10,3595,122
10,3596,115
10,3597,70
10,3598,205
10,3599,109
10,3600,333
10,3601,262
10,3602,167
10,3603,26
10,3604,39
10,3605,64
10,3606,365
10,3607,-45
10,3608,38
10,3609,58
10,3610,212
10,3611,109
10,3612,89
10,3613,167
10,3614,262
10,3615,192
10,3616,166
10,3617,44
10,3618,192
10,3619,-13
10,3620,90
10,3621,51
10,3622,186
10,3623,122
10,3624,115
10,3625,45
10,3626,64
10,3627,64
10,3628,25
10,3629,-25
10,3630,128
10,3631,102
10,3632,58
10,3633,77
10,3634,160
10,3635,115
10,3636,51
10,3637,71
10,3638,268
10,3639,83
10,3640,77
10,3641,-26
10,3642,205
10,3643,96
10,3644,25
10,3645,51
10,3646,243
10,3647,102
10,3648,108
10,3649,64
10,3650,58
10,3651,122
10,3652,134
10,3653,109
10,3654,173
10,3655,237
10,3656,263
10,3657,38
10,3658,211
10,3659,77
10,3660,38
10,3661,57
10,3662,19
10,3663,102
10,3664,102
10,3665,32
10,3666,77
10,3667,205
10,3668,122
10,3669,57
10,3670,109
10,3671,122
10,3672,71
10,3673,51
10,3674,19
10,3675,89
10,3676,57
10,3677,70
10,3678,96
10,3679,320
10,3680,96
10,3681,96
10,3682,64
10,3683,89
10,3684,51
10,3685,25
10,3686,167
10,3687,64
10,3688,199
10,3689,51
10,3690,115
10,3691,103
10,3692,64
10,3693,102
10,3694,186
10,3695,180
10,3696,109
10,3697,32
10,3698,109
10,3699,116
10,3700,64
10,3701,-38
10,3702,172
10,3703,38
10,3704,38
10,3705,64
10,3706,109
10,3707,-57
10,3708,141
10,3709,44
10,3710,179
10,3711,70
10,3712,64
10,3713,71
10,3714,109
10,3715,64
10,3716,64
10,3717,115
10,3718,358
10,3719,64
10,3720,96
10,3721,58
10,3722,167
10,3723,269
10,3724,167
10,3725,44
10,3726,217
10,3727,90
10,3728,51
10,3729,-58
10,3730,-25
10,3731,-19
10,3732,83
10,3733,32
10,3734,166
10,3735,64
10,3736,32
10,3737,58
10,3738,256
10,3739,77
10,3740,243
10,3741,70
10,3742,211
10,3743,345
10,3744,70
10,3745,-32
10,3746,122
10,3747,45
10,3748,96
10,3749,45
10,3750,403
10,3751,89
10,3752,83
10,3753,51
10,3754,115
10,3755,103
10,3756,71
10,3757,38
10,3758,256
10,3759,70
10,3760,57
10,3761,64
10,3762,128
10,3763,32
10,3764,64
10,3765,25
10,3766,84
10,3767,51
10,3768,77
10,3769,58
10,3770,115
10,3771,140
10,3772,121
10,3773,51
10,3774,199
10,3775,371
10,3776,58
10,3777,64
10,3778,83
10,3779,64
10,3780,121
10,3781,365
10,3782,64
10,3783,103
10,3784,58
10,3785,51
10,3786,19
10,3787,115
10,3788,121
10,3789,26
10,3790,128
10,3791,109
10,3792,147
10,3793,70
10,3794,122
10,3795,77
10,3796,102
10,3797,51
10,3798,77
10,3799,58
10,3800,58
10,3801,96
10,3802,70
10,3803,243
10,3804,89
10,3805,160
10,3806,89
10,3807,96
10,3808,58
10,3809,57
10,3810,218
10,3811,76
10,3812,25
10,3813,32
10,3814,77
10,3815,64
10,3816,109
10,3817,780
10,3818,83
10,3819,762
10,3820,64
10,3821,58
10,3822,89
10,3823,51
10,3824,64
10,3825,102
10,3826,77
10,3827,64
10,3828,32
10,3829,32
10,3830,32
10,3831,70
10,3832,32
10,3833,57
10,3834,-51
10,3835,173
10,3836,70
10,3837,25
10,3838,121
10,3839,154
10,3840,51
10,3841,64
10,3842,109
10,3843,26
10,3844,109
10,3845,90
10,3846,198
10,3847,-205
10,3848,108
10,3849,51
10,3850,26
10,3851,57
10,3852,64
10,3853,77
10,3854,218
10,3855,32
10,3856,77
10,3857,20
10,3858,102
10,3859,122
10,3860,109
10,3861,58
10,3862,148
10,3863,64
10,3864,64
10,3865,89
10,3866,70
10,3867,77
10,3868,71
10,3869,52
10,3870,217
10,3871,84
10,3872,58
10,3873,103
10,3874,186
10,3875,77
10,3876,116
10,3877,64
10,3878,134
10,3879,109
10,3880,64
10,3881,153
10,3882,71
10,3883,25
10,3884,71
10,3885,352
10,3886,51
10,3887,51
10,3888,58
10,3889,51
10,3890,116
10,3891,371
10,3892,-19
10,3893,96
10,3894,109
10,3895,109
10,3896,345
10,3897,51
10,3898,51
10,3899,19
10,3900,32
10,3901,26
10,3902,102
10,3903,32
10,3904,96
10,3905,147
10,3906,109
10,3907,64
10,3908,122
10,3909,51
10,3910,116
10,3911,96
10,3912,25
10,3913,32
10,3914,64
10,3915,121
10,3916,70
10,3917,51
10,3918,-45
10,3919,121
10,3920,77
10,3921,58
10,3922,160
10,3923,84
10,3924,115
10,3925,38
10,3926,96
10,3927,166
10,3928,135
10,3929,51
10,3930,160
10,3931,121
10,3932,109
10,3933,32
10,3934,167
10,3935,58
10,3936,109
10,3937,83
10,3938,179
10,3939,57
10,3940,38
10,3941,51
10,3942,179
10,3943,26
10,3944,51
10,3945,58
10,3946,173
10,3947,71
10,3948,109
10,3949,45
10,3950,-44
10,3951,116
10,3952,147
10,3953,70
10,3954,160
10,3955,32
10,3956,166
10,3957,51
10,3958,172
10,3959,103
10,3960,58
10,3961,64
10,3962,205
10,3963,109
10,3964,128
10,3965,77
10,3966,224
10,3967,83
10,3968,32
10,3969,44
10,3970,391
10,3971,19
10,3972,64
10,3973,57
10,3974,224
10,3975,83
10,3976,102
10,3977,-38
10,3978,212
10,3979,103
10,3980,122
10,3981,70
10,3982,173
10,3983,83
10,3984,70
10,3985,205
10,3986,32
10,3987,90
10,3988,38
10,3989,38
10,3990,109
10,3991,-51
10,3992,77
10,3993,96
10,3994,167
10,3995,121
10,3996,103
10,3997,39
10,3998,167
10,3999,58
10,4000,77
10,4001,44
10,4002,179
10,4003,83
10,4004,160
10,4005,45
10,4006,160
10,4007,96
10,4008,122
10,4009,45
10,4010,160
10,4011,96
10,4012,64
10,4013,71
10,4014,103
10,4015,32
10,4016,58
10,4017,109
10,4018,167
10,4019,90
10,4020,109
10,4021,96
10,4022,250
10,4023,115
10,4024,-45
10,4025,70
10,4026,103
10,4027,-205
10,4028,83
10,4029,38
10,4030,153
10,4031,-32
10,4032,51
10,4033,147
10,4034,173
10,4035,122
10,4036,115
10,4037,39
10,4038,211
10,4039,121
10,4040,102
10,4041,84
10,4042,83
10,4043,90
10,4044,70
10,4045,51
10,4046,147
10,4047,147
10,4048,70
10,4049,160
10,4050,198
10,4051,128
10,4052,141
10,4053,211
10,4054,179
10,4055,115
10,4056,96
10,4057,166
10,4058,109
10,4059,109
10,4060,83
10,4061,153
10,4062,44
10,4063,147
10,4064,128
10,4065,109
10,4066,64
10,4067,115
10,4068,115
10,4069,313
10,4070,122
10,4071,128
10,4072,122
10,4073,77
10,4074,781
10,4075,115
10,4076,76
10,4077,90
10,4078,211
10,4079,90
10,4080,365
10,4081,64
10,4082,166
10,4083,90
10,4084,70
10,4085,154
10,4086,121
10,4087,116
10,4088,115
10,4089,70
10,4090,166
10,4091,90
10,4092,134
10,4093,256
10,4094,166
10,4095,102
10,4096,77
10,4097,71
10,4098,198
10,4099,96
10,4100,173
10,4101,45
10,4102,58
10,4103,32
10,4104,128
10,4105,179
10,4106,218
10,4107,57
10,4108,166
10,4109,51
10,4110,103
10,4111,109
10,4112,205
10,4113,51
10,4114,52
10,4115,51
10,4116,58
10,4117,96
10,4118,116
10,4119,96
10,4120,64
10,4121,64
10,4122,186
10,4123,109
10,4124,109
10,4125,96
10,4126,51
10,4127,410
10,4128,128
10,4129,102
10,4130,115
10,4131,71
10,4132,77
10,4133,109
10,4134,-32
10,4135,122
10,4136,96
10,4137,51
10,4138,51
10,4139,173
10,4140,-45
10,4141,96
10,4142,108
10,4143,115
10,4144,135
10,4145,103
10,4146,192
10,4147,71
10,4148,77
10,4149,-57
10,4150,192
10,4151,70
10,4152,70
10,4153,52
10,4154,96
10,4155,25
10,4156,64
10,4157,90
10,4158,96
10,4159,32
10,4160,77
10,4161,-38
10,4162,135
10,4163,96
10,4164,51
10,4165,38
10,4166,211
10,4167,121
10,4168,90
10,4169,58
10,4170,167
10,4171,76
10,4172,51
10,4173,52
10,4174,147
10,4175,128
10,4176,84
10,4177,51
10,4178,83
10,4179,128
10,4180,122
10,4181,51
10,4182,58
10,4183,109
10,4184,153
10,4185,51
10,4186,96
10,4187,122
10,4188,64
10,4189,51
10,4190,45
10,4191,45
10,4192,-45
10,4193,77
10,4194,90
10,4195,58
10,4196,70
10,4197,25
10,4198,64
10,4199,77
10,4200,52
10,4201,96
10,4202,147
10,4203,90
10,4204,115
10,4205,39
10,4206,122
10,4207,358
10,4208,77
10,4209,51
10,4210,77
10,4211,109
10,4212,58
10,4213,51
10,4214,102
10,4215,166
10,4216,115
10,4217,96
10,4218,96
10,4219,128
10,4220,173
10,4221,32
10,4222,57
10,4223,70
10,4224,64
10,4225,58
10,4226,109
10,4227,70
10,4228,89
10,4229,52
10,4230,179
10,4231,90
10,4232,64
10,4233,44
10,4234,109
10,4235,122
10,4236,154
10,4237,147
10,4238,108
10,4239,141
10,4240,70
10,4241,45
10,4242,89
10,4243,64
10,4244,32
10,4245,44
10,4246,147
10,4247,128
10,4248,38
10,4249,199
10,4250,121
10,4251,121
10,4252,148
10,4253,64
10,4254,166
10,4255,83
10,4256,90
10,4257,26
10,4258,135
10,4259,103
10,4260,115
10,4261,90
10,4262,192
10,4263,77
10,4264,160
10,4265,39
10,4266,32
10,4267,147
10,4268,89
10,4269,-39
10,4270,371
10,4271,377
10,4272,166
10,4273,64
10,4274,115
10,4275,64
10,4276,51
10,4277,45
10,4278,167
10,4279,166
10,4280,147
10,4281,70
10,4282,122
10,4283,109
10,4284,115
10,4285,51
10,4286,364
10,4287,128
10,4288,102
10,4289,96
10,4290,134
10,4291,64
10,4292,64
10,4293,83
10,4294,83
10,4295,116
10,4296,39
10,4297,32
10,4298,45
10,4299,128
10,4300,115
10,4301,-51
10,4302,192
10,4303,51
10,4304,77
10,4305,51
10,4306,108
10,4307,102
10,4308,51
10,4309,70
10,4310,166
10,4311,77
10,4312,314
10,4313,90
10,4314,96
10,4315,115
10,4316,141
10,4317,44
10,4318,96
10,4319,58
10,4320,90
10,4321,19
10,4322,26
10,4323,96
10,4324,128
10,4325,-103
10,4326,45
10,4327,160
10,4328,160
10,4329,986
10,4330,96
10,4331,755
10,4332,71
10,4333,-7
10,4334,166
10,4335,122
10,4336,76
10,4337,25
10,4338,58
10,4339,58
10,4340,116
10,4341,45
10,4342,134
10,4343,122
10,4344,77
10,4345,51
10,4346,403
10,4347,115
10,4348,121
10,4349,115
10,4350,140
10,4351,57
10,4352,109
10,4353,25
10,4354,32
10,4355,19
10,4356,26
10,4357,96
10,4358,180
10,4359,71
10,4360,160
10,4361,26
10,4362,160
10,4363,64
10,4364,57
10,4365,90
10,4366,154
10,4367,77
10,4368,134
10,4369,20
10,4370,51
10,4371,45
10,4372,52
10,4373,38
10,4374,109
10,4375,-19
10,4376,71
10,4377,102
10,4378,128
10,4379,102
10,4380,77
10,4381,45
10,4382,166
10,4383,96
10,4384,140
10,4385,64
10,4386,205
10,4387,96
10,4388,140
10,4389,64
10,4390,83
10,4391,64
10,4392,121
10,4393,52
10,4394,167
10,4395,83
10,4396,134
10,4397,58
10,4398,96
10,4399,135
10,4400,45
10,4401,25
10,4402,154
10,4403,102
10,4404,115
10,4405,77
10,4406,230
10,4407,109
10,4408,154
10,4409,-39
10,4410,89
10,4411,25
10,4412,52
10,4413,116
10,4414,122
10,4415,109
10,4416,103
10,4417,153
10,4418,109
10,4419,371
10,4420,96
10,4421,96
10,4422,109
10,4423,166
10,4424,70
10,4425,45
10,4426,-45
10,4427,173
10,4428,160
10,4429,58
10,4430,160
10,4431,64
10,4432,96
10,4433,96
10,4434,167
10,4435,108
10,4436,160
10,4437,166
10,4438,116
10,4439,122
10,4440,83
10,4441,19
10,4442,51
10,4443,45
10,4444,96
10,4445,45
10,4446,96
10,4447,51
10,4448,108
10,4449,38
10,4450,71
10,4451,-64
10,4452,51
10,4453,45
10,4454,160
10,4455,51
10,4456,38
10,4457,83
10,4458,96
10,4459,148
10,4460,307
10,4461,51
10,4462,173
10,4463,141
10,4464,109
10,4465,71
10,4466,160
10,4467,96
10,4468,96
10,4469,38
10,4470,358
10,4471,96
10,4472,32
10,4473,83
10,4474,166
10,4475,90
10,4476,173
10,4477,52
10,4478,83
10,4479,71
10,4480,134
10,4481,83
10,4482,250
10,4483,70
10,4484,51
10,4485,32
10,4486,160
10,4487,64
10,4488,115
10,4489,103
10,4490,64
10,4491,141
10,4492,121
10,4493,166
10,4494,250
10,4495,108
10,4496,44
10,4497,70
10,4498,103
10,4499,96
10,4500,96
10,4501,84
10,4502,128
10,4503,64
10,4504,102
10,4505,134
10,4506,96
10,4507,64
10,4508,77
10,4509,90
10,4510,25
10,4511,51
10,4512,25
10,4513,103
10,4514,154
10,4515,140
10,4516,135
10,4517,26
10,4518,109
10,4519,57
10,4520,186
10,4521,38
10,4522,109
10,4523,122
10,4524,89
10,4525,51
10,4526,109
10,4527,19
10,4528,96
10,4529,167
10,4530,-20
10,4531,115
10,4532,134
10,4533,45
10,4534,173
10,4535,160
10,4536,115
10,4537,32
10,4538,19
10,4539,71
10,4540,391
10,4541,-25
10,4542,167
10,4543,44
10,4544,-45
10,4545,109
10,4546,167
10,4547,122
10,4548,102
10,4549,109
10,4550,-180
10,4551,83
10,4552,115
10,4553,83
10,4554,167
10,4555,64
10,4556,185
10,4557,51
10,4558,148
10,4559,26
10,4560,160
10,4561,224
10,4562,148
10,4563,-45
10,4564,173
10,4565,64
10,4566,115
10,4567,89
10,4568,224
10,4569,90
10,4570,103
10,4571,96
10,4572,96
10,4573,51
10,4574,141
10,4575,89
10,4576,70
10,4577,320
10,4578,128
10,4579,64
10,4580,45
10,4581,26
10,4582,70
10,4583,83
10,4584,96
10,4585,19
10,4586,774
10,4587,128
10,4588,109
10,4589,109
10,4590,179
10,4591,103
10,4592,109
10,4593,32
10,4594,167
10,4595,26
10,4596,45
10,4597,51
10,4598,198
10,4599,84
10,4600,160
10,4601,51
10,4602,166
10,4603,115
10,4604,116
10,4605,103
10,4606,186
10,4607,44
10,4608,199
10,4609,96
10,4610,141
10,4611,70
10,4612,147
10,4613,58
10,4614,160
10,4615,64
10,4616,71
10,4617,173
10,4618,128
10,4619,83
10,4620,83
10,4621,77
10,4622,122
10,4623,377
10,4624,77
10,4625,26
10,4626,90
10,4627,122
10,4628,52
10,4629,77
10,4630,109
10,4631,25
10,4632,102
10,4633,160
10,4634,90
10,4635,332
10,4636,262
10,4637,52
10,4638,122
10,4639,64
10,4640,109
10,4641,109
10,4642,154
10,4643,20
10,4644,167
10,4645,96
10,4646,115
10,4647,256
10,4648,153
10,4649,57
10,4650,275
10,4651,25
10,4652,-32
10,4653,44
10,4654,58
10,4655,58
10,4656,64
10,4657,-147
10,4658,141
10,4659,26
10,4660,83
10,4661,51
10,4662,167
10,4663,186
10,4664,70
10,4665,19
10,4666,32
10,4667,64
10,4668,52
10,4669,38
10,4670,186
10,4671,52
10,4672,32
10,4673,167
10,4674,109
10,4675,211
10,4676,77
10,4677,96
10,4678,179
10,4679,352
10,4680,128
10,4681,19
10,4682,25
10,4683,103
10,4684,32
10,4685,58
10,4686,109
10,4687,141
10,4688,109
10,4689,64
10,4690,122
10,4691,167
10,4692,135
10,4693,96
10,4694,102
10,4695,122
10,4696,153
10,4697,25
10,4698,102
10,4699,71
10,4700,103
10,4701,70
10,4702,103
10,4703,64
10,4704,109
10,4705,51
10,4706,89
10,4707,64
10,4708,64
10,4709,51
10,4710,108
10,4711,128
10,4712,52
10,4713,217
10,4714,109
10,4715,77
10,4716,45
10,4717,44
10,4718,76
10,4719,76
10,4720,45
10,4721,52
10,4722,154
10,4723,45
10,4724,58
10,4725,51
10,4726,173
10,4727,102
10,4728,116
10,4729,326
10,4730,122
10,4731,141
10,4732,140
10,4733,282
10,4734,77
10,4735,70
10,4736,109
10,4737,71
10,4738,166
10,4739,64
10,4740,359
10,4741,102
10,4742,128
10,4743,-51
10,4744,359
10,4745,64
10,4746,77
10,4747,96
10,4748,102
10,4749,32
10,4750,25
10,4751,64
10,4752,109
10,4753,38
10,4754,109
10,4755,96
10,4756,70
10,4757,45
10,4758,25
10,4759,-25
10,4760,160
10,4761,70
10,4762,147
10,4763,103
10,4764,51
10,4765,25
10,4766,128
10,4767,77
10,4768,76
10,4769,32
10,4770,38
10,4771,141
10,4772,45
10,4773,90
10,4774,77
10,4775,186
10,4776,390
10,4777,51
10,4778,70
10,4779,76
10,4780,58
10,4781,64
10,4782,115
10,4783,83
10,4784,167
10,4785,51
10,4786,115
10,4787,122
10,4788,89
10,4789,58
10,4790,135
10,4791,116
10,4792,96
10,4793,103
10,4794,199
10,4795,64
10,4796,96
10,4797,128
10,4798,211
10,4799,115
10,4800,109
10,4801,96
10,4802,96
10,4803,71
10,4804,64
10,4805,45
10,4806,173
10,4807,32
10,4808,64
10,4809,26
10,4810,83
10,4811,103
10,4812,58
10,4813,115
10,4814,172
10,4815,122
10,4816,115
10,4817,45
10,4818,51
10,4819,26
10,4820,45
10,4821,77
10,4822,58
10,4823,64
10,4824,154
10,4825,96
10,4826,160
10,4827,96
10,4828,160
10,4829,45
10,4830,39
10,4831,51
10,4832,77
10,4833,51
10,4834,77
10,4835,32
10,4836,140
10,4837,51
10,4838,64
10,4839,25
10,4840,32
10,4841,794
10,4842,109
10,4843,768
10,4844,71
10,4845,70
10,4846,172
10,4847,71
10,4848,90
10,4849,51
10,4850,51
10,4851,44
10,4852,38
10,4853,89
10,4854,64
10,4855,90
10,4856,-51
10,4857,71
10,4858,102
10,4859,83
10,4860,115
10,4861,128
10,4862,103
10,4863,52
10,4864,96
10,4865,52
10,4866,70
10,4867,115
10,4868,13
10,4869,45
10,4870,103
10,4871,179
10,4872,64
10,4873,45
10,4874,128
10,4875,77
10,4876,128
10,4877,51
10,4878,83
10,4879,70
10,4880,58
10,4881,25
10,4882,32
10,4883,167
10,4884,57
10,4885,51
10,4886,64
10,4887,-32
10,4888,70
10,4889,58
10,4890,70
10,4891,96
10,4892,77
10,4893,64
10,4894,147
10,4895,154
10,4896,122
10,4897,70
10,4898,90
10,4899,-64
10,4900,51
10,4901,57
10,4902,89
10,4903,64
10,4904,64
10,4905,44
10,4906,121
10,4907,71
10,4908,25
10,4909,-135
10,4910,19
10,4911,173
10,4912,179
10,4913,76
10,4914,154
10,4915,173
10,4916,58
10,4917,32
10,4918,102
10,4919,51
10,4920,77
10,4921,-32
10,4922,134
10,4923,134
10,4924,57
10,4925,26
10,4926,166
10,4927,58
10,4928,90
10,4929,96
10,4930,83
10,4931,122
10,4932,115
10,4933,64
10,4934,243
10,4935,128
10,4936,64
10,4937,26
10,4938,167
10,4939,77
10,4940,115
10,4941,51
10,4942,64
10,4943,102
10,4944,77
10,4945,70
10,4946,198
10,4947,167
10,4948,115
10,4949,121
10,4950,77
10,4951,38
10,4952,116
10,4953,39
10,4954,116
10,4955,45
10,4956,122
10,4957,51
10,4958,89
10,4959,96
10,4960,115
10,4961,102
10,4962,121
10,4963,57
10,4964,58
10,4965,32
10,4966,288
10,4967,45
10,4968,199
10,4969,173
10,4970,262
10,4971,128
10,4972,128
10,4973,64
10,4974,90
10,4975,90
10,4976,45
10,4977,64
10,4978,167
10,4979,19
10,4980,64
10,4981,154
10,4982,64
10,4983,77
10,4984,115
10,4985,70
10,4986,83
10,4987,115
10,4988,64
10,4989,64
10,4990,64
10,4991,32
10,4992,115
10,4993,64
10,4994,58
10,4995,64
10,4996,166
10,4997,32
10,4998,147
10,4999,44
10,5000,58
10,5001,52
10,5002,128
10,5003,64
10,5004,57
10,5005,58
10,5006,64
10,5007,19
10,5008,102
10,5009,51
10,5010,26
10,5011,90
10,5012,96
10,5013,102
10,5014,90
10,5015,109
10,5016,51
10,5017,109
10,5018,116
10,5019,64
10,5020,102
10,5021,45
10,5022,57
10,5023,134
10,5024,103
10,5025,64
10,5026,115
10,5027,64
10,5028,160
10,5029,58
10,5030,167
10,5031,147
10,5032,-218
10,5033,39
10,5034,25
10,5035,237
10,5036,64
10,5037,32
10,5038,96
10,5039,140
10,5040,102
10,5041,38
10,5042,154
10,5043,166
10,5044,198
10,5045,96
10,5046,-51
10,5047,128
10,5048,70
10,5049,51
10,5050,237
10,5051,57
10,5052,71
10,5053,89
10,5054,83
10,5055,275
10,5056,-32
10,5057,39
10,5058,115
10,5059,160
10,5060,134
10,5061,64
10,5062,71
10,5063,38
10,5064,90
10,5065,51
10,5066,32
10,5067,160
10,5068,64
10,5069,38
10,5070,51
10,5071,121
10,5072,135
10,5073,45
10,5074,147
10,5075,64
10,5076,128
10,5077,84
10,5078,70
10,5079,70
10,5080,77
10,5081,26
10,5082,410
10,5083,32
10,5084,83
10,5085,64
10,5086,96
10,5087,26
10,5088,147
10,5089,-32
10,5090,179
10,5091,57
10,5092,32
10,5093,45
10,5094,173
10,5095,96
10,5096,90
10,5097,83
10,5098,825
10,5099,128
10,5100,108
10,5101,153
10,5102,103
10,5103,89
10,5104,96
10,5105,26
10,5106,77
10,5107,160
10,5108,71
10,5109,52
10,5110,160
10,5111,58
10,5112,154
10,5113,77
10,5114,57
10,5115,-32
10,5116,192
10,5117,39
10,5118,64
10,5119,103
10,5120,90
10,5121,77
10,5122,102
10,5123,64
10,5124,102
10,5125,51
10,5126,77
10,5127,64
10,5128,64
10,5129,70
10,5130,102
10,5131,71
10,5132,-38
10,5133,70
10,5134,109
10,5135,-20
10,5136,64
10,5137,45
10,5138,122
10,5139,64
10,5140,103
10,5141,96
10,5142,109
10,5143,64
10,5144,179
10,5145,71
10,5146,128
10,5147,-45
10,5148,70
10,5149,64
10,5150,339
10,5151,102
10,5152,109
10,5153,96
10,5154,96
10,5155,64
10,5156,154
10,5157,32
10,5158,96
10,5159,64
10,5160,416
10,5161,19
10,5162,218
10,5163,71
10,5164,58
10,5165,167
10,5166,84
10,5167,109
10,5168,128
10,5169,90
10,5170,147
10,5171,64
10,5172,58
10,5173,64
10,5174,115
10,5175,77
10,5176,116
10,5177,-38
10,5178,64
10,5179,32
10,5180,192
10,5181,45
10,5182,64
10,5183,103
10,5184,57
10,5185,77
10,5186,108
10,5187,128
10,5188,390
10,5189,116
10,5190,269
10,5191,179
10,5192,109
10,5193,32
10,5194,64
10,5195,45
10,5196,32
10,5197,32
10,5198,153
10,5199,64
10,5200,51
10,5201,45
10,5202,102
10,5203,256
10,5204,-154
10,5205,52
10,5206,115
10,5207,109
10,5208,218
10,5209,167
10,5210,64
10,5211,32
10,5212,32
10,5213,45
10,5214,135
10,5215,64
10,5216,70
10,5217,96
10,5218,-250
10,5219,84
10,5220,377
10,5221,96
10,5222,160
10,5223,-58
10,5224,71
10,5225,58
10,5226,211
10,5227,154
10,5228,115
10,5229,109
10,5230,32
10,5231,58
10,5232,64
10,5233,32
10,5234,102
10,5235,58
10,5236,96
10,5237,83
10,5238,166
10,5239,122
10,5240,71
10,5241,52
10,5242,173
10,5243,96
10,5244,96
10,5245,19
10,5246,198
10,5247,64
10,5248,128
10,5249,51
10,5250,19
10,5251,102
10,5252,77
10,5253,70
10,5254,52
10,5255,205
10,5256,89
10,5257,166
10,5258,147
10,5259,122
10,5260,90
10,5261,83
10,5262,64
10,5263,52
10,5264,148
10,5265,256
10,5266,32
10,5267,32
10,5268,-26
10,5269,71
10,5270,-422
10,5271,76
10,5272,57
10,5273,57
10,5274,307
10,5275,211
10,5276,77
10,5277,26
10,5278,51
10,5279,64
10,5280,109
10,5281,32
10,5282,71
10,5283,57
10,5284,32
10,5285,26
10,5286,32
10,5287,64
10,5288,109
10,5289,32
10,5290,275
10,5291,70
10,5292,103
10,5293,51
10,5294,167
10,5295,172
10,5296,141
10,5297,51
10,5298,96
10,5299,51
10,5300,128
10,5301,51
10,5302,70
10,5303,64
10,5304,108
10,5305,103
10,5306,160
10,5307,109
10,5308,32
10,5309,32
10,5310,83
10,5311,77
10,5312,58
10,5313,64
10,5314,116
10,5315,32
10,5316,64
10,5317,51
10,5318,103
10,5319,116
10,5320,160
10,5321,38
10,5322,115
10,5323,58
10,5324,115
10,5325,70
10,5326,135
10,5327,45
10,5328,51
10,5329,96
10,5330,64
10,5331,52
10,5332,45
10,5333,-20
10,5334,179
10,5335,256
10,5336,52
10,5337,83
10,5338,186
10,5339,64
10,5340,154
10,5341,359
10,5342,115
10,5343,108
10,5344,64
10,5345,26
10,5346,45
10,5347,160
10,5348,0
10,5349,64
10,5350,13
10,5351,89
10,5352,58
10,5353,793
10,5354,109
10,5355,928
10,5356,205
10,5357,-57
10,5358,90
10,5359,103
10,5360,64
10,5361,32
10,5362,90
10,5363,172
10,5364,58
10,5365,26
10,5366,52
10,5367,52
10,5368,90
10,5369,83
10,5370,115
10,5371,154
10,5372,122
10,5373,115
10,5374,84
10,5375,109
10,5376,90
10,5377,32
10,5378,58
10,5379,51
10,5380,96
10,5381,44
10,5382,166
10,5383,64
10,5384,96
10,5385,45
10,5386,173
10,5387,71
10,5388,230
10,5389,57
10,5390,147
10,5391,70
10,5392,115
10,5393,32
10,5394,103
10,5395,102
10,5396,32
10,5397,308
10,5398,20
10,5399,32
10,5400,58
10,5401,45
10,5402,84
10,5403,77
10,5404,160
10,5405,83
10,5406,199
10,5407,96
10,5408,103
10,5409,365
10,5410,-39
10,5411,109
10,5412,77
10,5413,77
10,5414,102
10,5415,64
10,5416,96
10,5417,90
10,5418,90
10,5419,32
10,5420,64
10,5421,51
10,5422,32
10,5423,128
10,5424,109
10,5425,90
10,5426,-13
10,5427,-64
10,5428,102
10,5429,51
10,5430,19
10,5431,96
10,5432,70
10,5433,-13
10,5434,89
10,5435,38
10,5436,38
10,5437,19
10,5438,64
10,5439,371
10,5440,32
10,5441,378
10,5442,58
10,5443,64
10,5444,102
10,5445,32
10,5446,96
10,5447,57
10,5448,153
10,5449,58
10,5450,51
10,5451,249
10,5452,32
10,5453,19
10,5454,167
10,5455,83
10,5456,70
10,5457,64
10,5458,109
10,5459,32
10,5460,122
10,5461,32
10,5462,51
10,5463,57
10,5464,154
10,5465,45
10,5466,109
10,5467,96
10,5468,58
10,5469,32
10,5470,51
10,5471,45
10,5472,71
10,5473,103
10,5474,38
10,5475,25
10,5476,39
10,5477,359
10,5478,135
10,5479,57
10,5480,64
10,5481,45
10,5482,147
10,5483,295
10,5484,-32
10,5485,70
10,5486,198
10,5487,121
10,5488,64
10,5489,26
10,5490,89
10,5491,26
10,5492,25
10,5493,-192
10,5494,19
10,5495,121
10,5496,45
10,5497,64
10,5498,160
10,5499,128
10,5500,128
10,5501,83
10,5502,64
10,5503,84
10,5504,109
10,5505,19
10,5506,71
10,5507,102
10,5508,109
10,5509,51
10,5510,134
10,5511,160
10,5512,70
10,5513,51
10,5514,160
10,5515,141
10,5516,96
10,5517,51
10,5518,211
10,5519,71
10,5520,115
10,5521,39
10,5522,77
10,5523,121
10,5524,90
10,5525,45
10,5526,89
10,5527,96
10,5528,64
10,5529,71
10,5530,115
10,5531,70
10,5532,64
10,5533,109
10,5534,122
10,5535,70
10,5536,64
10,5537,102
10,5538,141
10,5539,77
10,5540,70
10,5541,51
10,5542,26
10,5543,96
10,5544,70
10,5545,39
10,5546,166
10,5547,108
10,5548,102
10,5549,-32
10,5550,70
10,5551,96
10,5552,25
10,5553,134
10,5554,166
10,5555,103
10,5556,153
10,5557,-7
10,5558,57
10,5559,71
10,5560,70
10,5561,38
10,5562,64
10,5563,70
10,5564,-45
10,5565,121
10,5566,173
10,5567,58
10,5568,51
10,5569,77
10,5570,77
10,5571,141
10,5572,186
10,5573,109
10,5574,179
10,5575,71
10,5576,141
10,5577,134
10,5578,-39
10,5579,90
10,5580,103
10,5581,51
10,5582,160
10,5583,57
10,5584,64
10,5585,26
10,5586,102
10,5587,64
10,5588,83
10,5589,256
10,5590,109
10,5591,58
10,5592,333
10,5593,83
10,5594,109
10,5595,51
10,5596,77
10,5597,45
10,5598,51
10,5599,26
10,5600,32
10,5601,102
10,5602,102
10,5603,70
10,5604,32
10,5605,32
10,5606,71
10,5607,64
10,5608,134
10,5609,64
10,5610,781
10,5611,-45
10,5612,121
10,5613,57
10,5614,199
10,5615,32
10,5616,64
10,5617,45
10,5618,192
10,5619,52
10,5620,51
10,5621,45
10,5622,199
10,5623,76
10,5624,51
10,5625,52
10,5626,160
10,5627,83
10,5628,103
10,5629,83
10,5630,122
10,5631,76
10,5632,45
10,5633,76
10,5634,167
10,5635,70
10,5636,64
10,5637,51
10,5638,185
10,5639,77
10,5640,-45
10,5641,128
10,5642,116
10,5643,-45
10,5644,-25
10,5645,122
10,5646,64
10,5647,-32
10,5648,77
10,5649,51
10,5650,83
10,5651,45
10,5652,64
10,5653,51
10,5654,115
10,5655,96
10,5656,103
10,5657,109
10,5658,109
10,5659,89
10,5660,121
10,5661,365
10,5662,179
10,5663,109
10,5664,83
10,5665,84
10,5666,160
10,5667,167
10,5668,173
10,5669,64
10,5670,192
10,5671,109
10,5672,365
10,5673,358
10,5674,83
10,5675,44
10,5676,32
10,5677,64
10,5678,77
10,5679,109
10,5680,115
10,5681,51
10,5682,77
10,5683,96
10,5684,-45
10,5685,115
10,5686,115
10,5687,90
10,5688,173
10,5689,-83
10,5690,77
10,5691,-6
10,5692,70
10,5693,71
10,5694,371
10,5695,115
10,5696,83
10,5697,58
10,5698,83
10,5699,166
10,5700,268
10,5701,89
10,5702,179
10,5703,224
10,5704,102
10,5705,345
10,5706,-12
10,5707,84
10,5708,115
10,5709,83
10,5710,-25
10,5711,103
10,5712,102
10,5713,134
10,5714,192
10,5715,83
10,5716,205
10,5717,64
10,5718,32
10,5719,109
10,5720,128
10,5721,-122
10,5722,135
10,5723,-13
10,5724,84
10,5725,32
10,5726,147
10,5727,121
10,5728,173
10,5729,116
10,5730,185
10,5731,288
10,5732,38
10,5733,122
10,5734,198
10,5735,32
10,5736,166
10,5737,89
10,5738,186
10,5739,58
10,5740,121
10,5741,352
10,5742,70
10,5743,90
10,5744,71
10,5745,-13
10,5746,-231
10,5747,19
10,5748,64
10,5749,134
10,5750,192
10,5751,45
10,5752,45
10,5753,64
10,5754,96
10,5755,122
10,5756,116
10,5757,109
10,5758,166
10,5759,58
10,5760,57
10,5761,25
10,5762,218
10,5763,58
10,5764,57
10,5765,57
10,5766,71
10,5767,103
10,5768,32
10,5769,90
10,5770,116
10,5771,96
10,5772,141
10,5773,38
10,5774,205
10,5775,58
10,5776,77
10,5777,32
10,5778,-45
10,5779,70
10,5780,121
10,5781,45
10,5782,108
10,5783,64
10,5784,32
10,5785,57
10,5786,128
10,5787,115
10,5788,128
10,5789,70
10,5790,64
10,5791,102
10,5792,57
10,5793,96
10,5794,109
10,5795,32
10,5796,71
10,5797,32
10,5798,217
10,5799,128
10,5800,71
10,5801,211
10,5802,26
10,5803,13
10,5804,64
10,5805,38
10,5806,148
10,5807,108
10,5808,103
10,5809,58
10,5810,192
10,5811,58
10,5812,116
10,5813,58
10,5814,-32
10,5815,121
10,5816,109
10,5817,314
10,5818,148
10,5819,154
10,5820,-32
10,5821,44
10,5822,115
10,5823,135
10,5824,83
10,5825,70
10,5826,-51
10,5827,128
10,5828,160
10,5829,58
10,5830,108
10,5831,89
10,5832,70
10,5833,45
10,5834,179
10,5835,57
10,5836,166
10,5837,45
10,5838,115
10,5839,77
10,5840,-38
10,5841,96
10,5842,153
10,5843,109
10,5844,51
10,5845,51
10,5846,77
10,5847,153
10,5848,96
10,5849,45
10,5850,58
10,5851,-38
10,5852,102
10,5853,57
10,5854,122
10,5855,90
10,5856,70
10,5857,57
10,5858,115
10,5859,32
10,5860,32
10,5861,167
10,5862,211
10,5863,-71
10,5864,45
10,5865,813
10,5866,116
10,5867,787
10,5868,103
10,5869,51
10,5870,205
10,5871,121
10,5872,115
10,5873,38
10,5874,109
10,5875,-32
10,5876,128
10,5877,51
10,5878,19
10,5879,39
10,5880,96
10,5881,89
10,5882,121
10,5883,141
10,5884,83
10,5885,45
10,5886,109
10,5887,404
10,5888,109
10,5889,39
10,5890,160
10,5891,90
10,5892,45
10,5893,141
10,5894,212
10,5895,25
10,5896,90
10,5897,52
10,5898,90
10,5899,64
10,5900,83
10,5901,58
10,5902,198
10,5903,377
10,5904,109
10,5905,307
10,5906,83
10,5907,25
10,5908,64
10,5909,77
10,5910,115
10,5911,89
10,5912,57
10,5913,51
10,5914,115
10,5915,57
10,5916,160
10,5917,51
10,5918,26
10,5919,77
10,5920,77
10,5921,83
10,5922,301
10,5923,64
10,5924,166
10,5925,64
10,5926,122
10,5927,122
10,5928,109
10,5929,51
10,5930,122
10,5931,64
10,5932,294
10,5933,64
10,5934,134
10,5935,121
10,5936,45
10,5937,70
10,5938,102
10,5939,96
10,5940,77
10,5941,160
10,5942,237
10,5943,115
10,5944,115
10,5945,26
10,5946,77
10,5947,384
10,5948,76
10,5949,38
10,5950,108
10,5951,77
10,5952,-45
10,5953,154
10,5954,115
10,5955,121
10,5956,71
10,5957,-70
10,5958,77
10,5959,115
10,5960,103
10,5961,19
10,5962,32
10,5963,96
10,5964,77
10,5965,102
10,5966,180
10,5967,116
10,5968,-45
10,5969,32
10,5970,141
10,5971,102
10,5972,109
10,5973,57
10,5974,115
10,5975,70
10,5976,121
10,5977,51
10,5978,64
10,5979,89
10,5980,108
10,5981,45
10,5982,70
10,5983,96
10,5984,83
10,5985,45
10,5986,70
10,5987,19
10,5988,45
10,5989,64
10,5990,147
10,5991,57
10,5992,44
10,5993,172
10,5994,288
10,5995,-71
10,5996,147
10,5997,45
10,5998,211
10,5999,32
10,6000,102
10,6001,57
10,6002,20
10,6003,51
10,6004,51
10,6005,-7
10,6006,83
10,6007,70
10,6008,52
10,6009,115
10,6010,76
10,6011,115
10,6012,115
10,6013,51
10,6014,179
10,6015,128
10,6016,45
10,6017,45
10,6018,115
10,6019,32
10,6020,39
10,6021,45
10,6022,179
10,6023,52
10,6024,70
10,6025,84
10,6026,115
10,6027,153
10,6028,-45
10,6029,32
10,6030,108
10,6031,-64
10,6032,211
10,6033,32
10,6034,179
10,6035,103
10,6036,115
10,6037,32
10,6038,108
10,6039,58
10,6040,51
10,6041,83
10,6042,141
10,6043,217
10,6044,58
10,6045,70
10,6046,205
10,6047,96
10,6048,77
10,6049,89
10,6050,230
10,6051,51
10,6052,115
10,6053,19
10,6054,64
10,6055,128
10,6056,237
10,6057,154
10,6058,160
10,6059,71
10,6060,186
10,6061,70
10,6062,122
10,6063,77
10,6064,45
10,6065,71
10,6066,167
10,6067,173
10,6068,109
10,6069,76
10,6070,102
10,6071,83
10,6072,166
10,6073,77
10,6074,166
10,6075,64
10,6076,38
10,6077,173
10,6078,141
10,6079,26
10,6080,32
10,6081,109
10,6082,192
10,6083,108
10,6084,89
10,6085,-32
10,6086,160
10,6087,45
10,6088,115
10,6089,39
10,6090,84
10,6091,57
10,6092,134
10,6093,102
10,6094,185
10,6095,102
10,6096,83
10,6097,122
10,6098,256
10,6099,148
10,6100,103
10,6101,83
10,6102,90
10,6103,83
10,6104,109
10,6105,96
10,6106,128
10,6107,77
10,6108,76
10,6109,115
10,6110,141
10,6111,-64
10,6112,51
10,6113,70
10,6114,122
10,6115,-32
10,6116,109
10,6117,-20
10,6118,71
10,6119,154
10,6120,77
10,6121,70
10,6122,422
10,6123,237
10,6124,199
10,6125,96
10,6126,243
10,6127,154
10,6128,71
10,6129,51
10,6130,141
10,6131,212
10,6132,403
10,6133,70
10,6134,122
10,6135,192
10,6136,77
10,6137,57
10,6138,89
10,6139,167
10,6140,58
10,6141,205
10,6142,122
10,6143,58
10,6144,96
10,6145,38
10,6146,147
10,6147,77
10,6148,64
10,6149,90
10,6150,83
10,6151,403
10,6152,57
10,6153,58
10,6154,109
10,6155,109
10,6156,109
10,6157,58
10,6158,147
10,6159,115
10,6160,57
10,6161,-20
10,6162,64
10,6163,58
10,6164,70
10,6165,90
10,6166,199
10,6167,51
10,6168,-45
10,6169,128
10,6170,256
10,6171,167
10,6172,71
10,6173,-52
10,6174,121
10,6175,89
10,6176,51
10,6177,96
10,6178,204
10,6179,70
10,6180,109
10,6181,58
10,6182,102
10,6183,199
10,6184,64
10,6185,51
10,6186,45
10,6187,51
10,6188,64
10,6189,160
10,6190,103
10,6191,102
10,6192,38
10,6193,122
10,6194,224
10,6195,115
10,6196,51
10,6197,58
10,6198,128
10,6199,58
10,6200,71
10,6201,57
10,6202,96
10,6203,134
10,6204,256
10,6205,58
10,6206,90
10,6207,57
10,6208,64
10,6209,58
10,6210,128
10,6211,-51
10,6212,58
10,6213,51
10,6214,115
10,6215,121
10,6216,122
10,6217,45
10,6218,19
10,6219,134
10,6220,102
10,6221,38
10,6222,102
10,6223,26
10,6224,128
10,6225,39
10,6226,372
10,6227,198
10,6228,211
10,6229,90
10,6230,198
10,6231,58
10,6232,109
10,6233,38
10,6234,147
10,6235,57
10,6236,39
10,6237,153
10,6238,134
10,6239,83
10,6240,51
10,6241,89
10,6242,147
10,6243,26
10,6244,51
10,6245,58
10,6246,64
10,6247,121
10,6248,39
10,6249,179
10,6250,154
10,6251,153
10,6252,128
10,6253,51
10,6254,128
10,6255,160
10,6256,109
10,6257,38
10,6258,102
10,6259,25
10,6260,102
10,6261,76
10,6262,211
10,6263,32
10,6264,71
10,6265,71
10,6266,185
10,6267,134
10,6268,90
10,6269,58
10,6270,230
10,6271,102
10,6272,-38
10,6273,64
10,6274,90
10,6275,64
10,6276,39
10,6277,38
10,6278,121
10,6279,58
10,6280,77
10,6281,70
10,6282,122
10,6283,116
10,6284,-39
10,6285,-6
10,6286,64
10,6287,96
10,6288,32
10,6289,-51
10,6290,333
10,6291,160
10,6292,90
10,6293,45
10,6294,32
10,6295,76
10,6296,26
10,6297,96
10,6298,103
10,6299,115
10,6300,121
10,6301,25
10,6302,166
10,6303,121
10,6304,-32
10,6305,32
10,6306,186
10,6307,141
10,6308,166
10,6309,108
10,6310,256
10,6311,19
10,6312,52
10,6313,71
10,6314,103
10,6315,167
10,6316,115
10,6317,64
10,6318,211
10,6319,25
10,6320,166
10,6321,-32
10,6322,96
10,6323,64
10,6324,141
10,6325,96
10,6326,83
10,6327,147
10,6328,70
10,6329,38
10,6330,192
10,6331,121
10,6332,121
10,6333,58
10,6334,96
10,6335,57
10,6336,96
10,6337,154
10,6338,154
10,6339,96
10,6340,51
10,6341,57
10,6342,172
10,6343,109
10,6344,70
10,6345,26
10,6346,160
10,6347,121
10,6348,121
10,6349,51
10,6350,179
10,6351,96
10,6352,192
10,6353,64
10,6354,205
10,6355,108
10,6356,57
10,6357,307
10,6358,90
10,6359,71
10,6360,122
10,6361,52
10,6362,108
10,6363,160
10,6364,153
10,6365,58
10,6366,32
10,6367,77
10,6368,84
10,6369,45
10,6370,-25
10,6371,26
10,6372,26
10,6373,25
10,6374,160
10,6375,83
10,6376,109
10,6377,800
10,6378,294
10,6379,768
10,6380,122
10,6381,89
10,6382,263
10,6383,64
10,6384,96
10,6385,64
10,6386,71
10,6387,64
10,6388,39
10,6389,45
10,6390,32
10,6391,77
10,6392,102
10,6393,45
10,6394,77
10,6395,173
10,6396,109
10,6397,102
10,6398,71
10,6399,154
10,6400,198
10,6401,77
10,6402,121
10,6403,64
10,6404,51
10,6405,179
10,6406,224
10,6407,173
10,6408,109
10,6409,51
10,6410,122
10,6411,64
10,6412,-38
10,6413,70
10,6414,192
10,6415,211
10,6416,108
10,6417,20
10,6418,153
10,6419,89
10,6420,-38
10,6421,51
10,6422,70
10,6423,58
10,6424,77
10,6425,109
10,6426,314
10,6427,90
10,6428,128
10,6429,71
10,6430,128
10,6431,83
10,6432,115
10,6433,71
10,6434,204
10,6435,64
10,6436,103
10,6437,45
10,6438,135
10,6439,89
10,6440,102
10,6441,160
10,6442,166
10,6443,25
10,6444,-32
10,6445,64
10,6446,198
10,6447,58
10,6448,44
10,6449,77
10,6450,135
10,6451,102
10,6452,109
10,6453,51
10,6454,116
10,6455,51
10,6456,102
10,6457,58
10,6458,122
10,6459,-39
10,6460,128
10,6461,-26
10,6462,320
10,6463,58
10,6464,51
10,6465,89
10,6466,58
10,6467,58
10,6468,109
10,6469,64
10,6470,179
10,6471,141
10,6472,166
10,6473,64
10,6474,71
10,6475,96
10,6476,141
10,6477,32
10,6478,141
10,6479,19
10,6480,89
10,6481,57
10,6482,180
10,6483,128
10,6484,109
10,6485,52
10,6486,58
10,6487,64
10,6488,365
10,6489,32
10,6490,51
10,6491,32
10,6492,76
10,6493,45
10,6494,70
10,6495,64
10,6496,140
10,6497,38
10,6498,108
10,6499,71
10,6500,38
10,6501,39
10,6502,179
10,6503,51
10,6504,103
10,6505,102
10,6506,313
10,6507,96
10,6508,166
10,6509,224
10,6510,204
10,6511,32
10,6512,96
10,6513,25
10,6514,84
10,6515,51
10,6516,83
10,6517,32
10,6518,96
10,6519,115
10,6520,64
10,6521,256
10,6522,109
10,6523,115
10,6524,173
10,6525,51
10,6526,173
10,6527,115
10,6528,128
10,6529,96
10,6530,121
10,6531,26
10,6532,365
10,6533,25
10,6534,153
10,6535,71
10,6536,103
10,6537,57
10,6538,141
10,6539,70
10,6540,102
10,6541,-25
10,6542,51
10,6543,115
10,6544,121
10,6545,52
10,6546,51
10,6547,115
10,6548,141
10,6549,64
10,6550,160
10,6551,160
10,6552,58
10,6553,262
10,6554,147
10,6555,205
10,6556,89
10,6557,64
10,6558,70
10,6559,70
10,6560,102
10,6561,102
10,6562,217
10,6563,154
10,6564,83
10,6565,45
10,6566,185
10,6567,116
10,6568,160
10,6569,-6
10,6570,141
10,6571,103
10,6572,135
10,6573,51
10,6574,-134
10,6575,186
10,6576,57
10,6577,141
10,6578,128
10,6579,64
10,6580,160
10,6581,32
10,6582,365
10,6583,103
10,6584,115
10,6585,38
10,6586,64
10,6587,115
10,6588,115
10,6589,45
10,6590,26
10,6591,102
10,6592,109
10,6593,90
10,6594,166
10,6595,140
10,6596,128
10,6597,51
10,6598,166
10,6599,57
10,6600,70
10,6601,-39
10,6602,122
10,6603,70
10,6604,64
10,6605,51
10,6606,486
10,6607,51
10,6608,135
10,6609,96
10,6610,116
10,6611,70
10,6612,205
10,6613,64
10,6614,64
10,6615,96
10,6616,-38
10,6617,45
10,6618,57
10,6619,121
10,6620,103
10,6621,358
10,6622,108
10,6623,90
10,6624,70
10,6625,32
10,6626,58
10,6627,19
10,6628,83
10,6629,26
10,6630,276
10,6631,359
10,6632,77
10,6633,32
10,6634,800
10,6635,103
10,6636,154
10,6637,-39
10,6638,102
10,6639,115
10,6640,83
10,6641,51
10,6642,84
10,6643,76
10,6644,103
10,6645,96
10,6646,77
10,6647,64
10,6648,51
10,6649,83
10,6650,115
10,6651,64
10,6652,71
10,6653,77
10,6654,166
10,6655,102
10,6656,153
10,6657,51
10,6658,275
10,6659,96
10,6660,64
10,6661,25
10,6662,108
10,6663,26
10,6664,128
10,6665,52
10,6666,134
10,6667,122
10,6668,83
10,6669,52
10,6670,116
10,6671,109
10,6672,109
10,6673,25
10,6674,32
10,6675,-70
10,6676,96
10,6677,51
10,6678,109
10,6679,-51
10,6680,83
10,6681,96
10,6682,135
10,6683,154
10,6684,58
10,6685,39
10,6686,218
10,6687,147
10,6688,76
10,6689,102
10,6690,76
10,6691,83
10,6692,121
10,6693,173
10,6694,52
10,6695,83
10,6696,44
10,6697,32
10,6698,26
10,6699,108
10,6700,64
10,6701,45
10,6702,121
10,6703,96
10,6704,90
10,6705,64
10,6706,128
10,6707,-32
10,6708,77
10,6709,71
10,6710,-26
10,6711,198
10,6712,58
10,6713,51
10,6714,45
10,6715,77
10,6716,57
10,6717,52
10,6718,154
10,6719,122
10,6720,26
10,6721,71
10,6722,160
10,6723,166
10,6724,135
10,6725,128
10,6726,45
10,6727,76
10,6728,173
10,6729,-26
10,6730,179
10,6731,160
10,6732,141
10,6733,64
10,6734,64
10,6735,167
10,6736,102
10,6737,275
10,6738,51
10,6739,71
10,6740,154
10,6741,77
10,6742,378
10,6743,160
10,6744,128
10,6745,-6
10,6746,51
10,6747,26
10,6748,45
10,6749,64
10,6750,166
10,6751,83
10,6752,141
10,6753,83
10,6754,103
10,6755,64
10,6756,51
10,6757,217
10,6758,102
10,6759,115
10,6760,58
10,6761,64
10,6762,154
10,6763,160
10,6764,77
10,6765,89
10,6766,83
10,6767,269
10,6768,167
10,6769,44
10,6770,19
10,6771,26
10,6772,64
10,6773,51
10,6774,64
10,6775,64
10,6776,57
10,6777,108
10,6778,96
10,6779,90
10,6780,320
10,6781,52
10,6782,19
10,6783,52
10,6784,96
10,6785,70
10,6786,121
10,6787,108
10,6788,57
10,6789,64
10,6790,77
10,6791,52
10,6792,32
10,6793,102
10,6794,141
10,6795,-32
10,6796,288
10,6797,32
10,6798,64
10,6799,76
10,6800,90
10,6801,365
10,6802,116
10,6803,64
10,6804,122
10,6805,71
10,6806,122
10,6807,70
10,6808,58
10,6809,90
10,6810,121
10,6811,96
10,6812,-39
10,6813,45
10,6814,102
10,6815,102
10,6816,109
10,6817,32
10,6818,83
10,6819,26
10,6820,122
10,6821,64
10,6822,115
10,6823,64
10,6824,160
10,6825,45
10,6826,58
10,6827,109
10,6828,96
10,6829,83
10,6830,89
10,6831,64
10,6832,71
10,6833,52
10,6834,57
10,6835,71
10,6836,102
10,6837,51
10,6838,262
10,6839,166
10,6840,121
10,6841,64
10,6842,121
10,6843,89
10,6844,211
10,6845,83
10,6846,109
10,6847,173
10,6848,109
10,6849,51
10,6850,115
10,6851,128
10,6852,96
10,6853,90
10,6854,128
10,6855,77
10,6856,109
10,6857,83
10,6858,58
10,6859,76
10,6860,109
10,6861,96
10,6862,153
10,6863,90
10,6864,141
10,6865,64
10,6866,160
10,6867,122
10,6868,102
10,6869,58
10,6870,96
10,6871,109
10,6872,122
10,6873,102
10,6874,160
10,6875,116
10,6876,134
10,6877,57
10,6878,160
10,6879,64
10,6880,77
10,6881,51
10,6882,58
10,6883,103
10,6884,153
10,6885,52
10,6886,199
10,6887,64
10,6888,76
10,6889,787
10,6890,115
10,6891,762
10,6892,103
10,6893,38
10,6894,57
10,6895,250
10,6896,122
10,6897,51
10,6898,52
10,6899,90
10,6900,51
10,6901,-26
10,6902,83
10,6903,109
10,6904,205
10,6905,64
10,6906,147
10,6907,115
10,6908,64
10,6909,109
10,6910,-45
10,6911,115
10,6912,102
10,6913,38
10,6914,70
10,6915,26
10,6916,64
10,6917,77
10,6918,45
10,6919,102
10,6920,109
10,6921,83
10,6922,96
10,6923,76
10,6924,76
10,6925,51
10,6926,378
10,6927,51
10,6928,121
10,6929,32
10,6930,70
10,6931,64
10,6932,71
10,6933,58
10,6934,186
10,6935,96
10,6936,71
10,6937,326
10,6938,109
10,6939,154
10,6940,57
10,6941,57
10,6942,64
10,6943,102
10,6944,122
10,6945,77
10,6946,179
10,6947,141
10,6948,148
10,6949,102
10,6950,90
10,6951,365
10,6952,109
10,6953,51
10,6954,390
10,6955,109
10,6956,57
10,6957,45
10,6958,115
10,6959,44
10,6960,115
10,6961,115
10,6962,179
10,6963,102
10,6964,122
10,6965,64
10,6966,173
10,6967,64
10,6968,116
10,6969,44
10,6970,-64
10,6971,128
10,6972,64
10,6973,45
10,6974,205
10,6975,-64
10,6976,64
10,6977,83
10,6978,134
10,6979,153
10,6980,102
10,6981,44
10,6982,160
10,6983,262
10,6984,243
10,6985,26
10,6986,57
10,6987,134
10,6988,57
10,6989,45
10,6990,160
10,6991,122
10,6992,58
10,6993,76
10,6994,128
10,6995,147
10,6996,115
10,6997,64
10,6998,166
10,6999,108
10,7000,148
10,7001,64
10,7002,84
10,7003,57
10,7004,122
10,7005,205
10,7006,-52
10,7007,135
10,7008,115
10,7009,45
10,7010,134
10,7011,71
10,7012,103
10,7013,-32
10,7014,204
10,7015,102
10,7016,70
10,7017,217
10,7018,96
10,7019,141
10,7020,167
10,7021,71
10,7022,211
10,7023,51
10,7024,77
10,7025,90
10,7026,147
10,7027,64
10,7028,45
10,7029,32
10,7030,58
10,7031,186
10,7032,70
10,7033,45
10,7034,263
10,7035,179
10,7036,122
10,7037,256
10,7038,96
10,7039,102
10,7040,64
10,7041,32
10,7042,64
10,7043,64
10,7044,57
10,7045,32
10,7046,89
10,7047,64
10,7048,-45
10,7049,122
10,7050,121
10,7051,77
10,7052,76
10,7053,-7
10,7054,96
10,7055,70
10,7056,115
10,7057,51
10,7058,26
10,7059,76
10,7060,32
10,7061,51
10,7062,160
10,7063,70
10,7064,45
10,7065,-51
10,7066,122
10,7067,64
10,7068,96
10,7069,25
10,7070,204
10,7071,64
10,7072,102
10,7073,64
10,7074,109
10,7075,378
10,7076,96
10,7077,102
10,7078,506
10,7079,147
10,7080,134
10,7081,51
10,7082,64
10,7083,102
10,7084,45
10,7085,102
10,7086,51
10,7087,58
10,7088,89
10,7089,57
10,7090,103
10,7091,102
10,7092,70
10,7093,32
10,7094,121
10,7095,83
10,7096,-57
10,7097,45
10,7098,-32
10,7099,179
10,7100,58
10,7101,32
10,7102,186
10,7103,64
10,7104,83
10,7105,128
10,7106,269
10,7107,109
10,7108,103
10,7109,64
10,7110,224
10,7111,71
10,7112,173
10,7113,90
10,7114,179
10,7115,58
10,7116,64
10,7117,-32
10,7118,154
10,7119,89
10,7120,153
10,7121,96
10,7122,218
10,7123,102
10,7124,77
10,7125,52
10,7126,211
10,7127,52
10,7128,115
10,7129,38
10,7130,160
10,7131,57
10,7132,166
10,7133,51
10,7134,153
10,7135,108
10,7136,96
10,7137,70
10,7138,307
10,7139,89
10,7140,121
10,7141,128
10,7142,115
10,7143,19
10,7144,121
10,7145,128
10,7146,794
10,7147,122
10,7148,121
10,7149,128
10,7150,198
10,7151,115
10,7152,160
10,7153,39
10,7154,115
10,7155,84
10,7156,90
10,7157,38
10,7158,115
10,7159,103
10,7160,58
10,7161,84
10,7162,153
10,7163,70
10,7164,115
10,7165,211
10,7166,473
10,7167,211
10,7168,166
10,7169,51
10,7170,147
10,7171,109
10,7172,90
10,7173,90
10,7174,167
10,7175,102
10,7176,38
10,7177,77
10,7178,218
10,7179,109
10,7180,109
10,7181,102
10,7182,160
10,7183,173
10,7184,121
10,7185,51
10,7186,64
10,7187,83
10,7188,64
10,7189,199
10,7190,128
10,7191,109
10,7192,64
10,7193,58
10,7194,198
10,7195,109
10,7196,135
10,7197,64
10,7198,198
10,7199,51
10,7200,57
10,7201,70
10,7202,128
10,7203,13
10,7204,51
10,7205,77
10,7206,-243
10,7207,77
10,7208,128
10,7209,51
10,7210,115
10,7211,64
10,7212,103
10,7213,64
10,7214,122
10,7215,115
10,7216,115
10,7217,83
10,7218,160
10,7219,122
10,7220,58
10,7221,231
10,7222,134
10,7223,77
10,7224,-13
10,7225,19
10,7226,96
10,7227,26
10,7228,115
10,7229,83
10,7230,173
10,7231,166
10,7232,64
10,7233,103
10,7234,160
10,7235,153
10,7236,122
10,7237,58
10,7238,115
10,7239,109
10,7240,109
10,7241,44
10,7242,109
10,7243,128
10,7244,51
10,7245,38
10,7246,167
10,7247,58
10,7248,-45
10,7249,76
10,7250,103
10,7251,160
10,7252,83
10,7253,70
10,7254,153
10,7255,102
10,7256,160
10,7257,52
10,7258,148
10,7259,51
10,7260,45
10,7261,45
10,7262,103
10,7263,71
10,7264,45
10,7265,198
10,7266,58
10,7267,77
10,7268,70
10,7269,19
10,7270,135
10,7271,96
10,7272,109
10,7273,96
10,7274,128
10,7275,211
10,7276,166
10,7277,51
10,7278,134
10,7279,19
10,7280,90
10,7281,71
10,7282,166
10,7283,64
10,7284,102
10,7285,52
10,7286,160
10,7287,19
10,7288,52
10,7289,89
10,7290,198
10,7291,108
10,7292,148
10,7293,57
10,7294,173
10,7295,25
10,7296,71
10,7297,52
10,7298,57
10,7299,83
10,7300,77
10,7301,32
10,7302,122
10,7303,76
10,7304,102
10,7305,84
10,7306,-32
10,7307,128
10,7308,109
10,7309,32
10,7310,70
10,7311,122
10,7312,45
10,7313,32
10,7314,25
10,7315,51
10,7316,102
10,7317,-256
10,7318,96
10,7319,90
10,7320,84
10,7321,57
10,7322,-51
10,7323,103
10,7324,166
10,7325,26
10,7326,-13
10,7327,103
10,7328,166
10,7329,51
10,7330,128
10,7331,64
10,7332,96
10,7333,103
10,7334,108
10,7335,77
10,7336,102
10,7337,115
10,7338,172
10,7339,147
10,7340,141
10,7341,57
10,7342,115
10,7343,83
10,7344,122
10,7345,51
10,7346,121
10,7347,121
10,7348,70
10,7349,51
10,7350,128
10,7351,108
10,7352,-45
10,7353,58
10,7354,71
10,7355,70
10,7356,122
10,7357,39
10,7358,109
10,7359,115
10,7360,103
10,7361,51
10,7362,192
10,7363,102
10,7364,166
10,7365,58
10,7366,179
10,7367,83
10,7368,-39
10,7369,52
10,7370,122
10,7371,70
10,7372,301
10,7373,44
10,7374,-45
10,7375,51
10,7376,96
10,7377,39
10,7378,58
10,7379,26
10,7380,147
10,7381,58
10,7382,45
10,7383,71
10,7384,58
10,7385,45
10,7386,77
10,7387,122
10,7388,166
10,7389,-19
10,7390,-250
10,7391,96
10,7392,141
10,7393,26
10,7394,-25
10,7395,51
10,7396,32
10,7397,96
10,7398,64
10,7399,70
10,7400,-51
10,7401,781
10,7402,115
10,7403,435
10,7404,135
10,7405,96
10,7406,77
10,7407,198
10,7408,135
10,7409,25
10,7410,108
10,7411,19
10,7412,409
10,7413,51
10,7414,173
10,7415,64
10,7416,135
10,7417,121
10,7418,365
10,7419,102
10,7420,121
10,7421,77
10,7422,186
10,7423,-160
10,7424,179
10,7425,71
10,7426,160
10,7427,26
10,7428,403
10,7429,51
10,7430,147
10,7431,103
10,7432,57
10,7433,77
10,7434,147
10,7435,89
10,7436,153
10,7437,358
10,7438,122
10,7439,115
10,7440,121
10,7441,26
10,7442,109
10,7443,115
10,7444,-52
10,7445,70
10,7446,83
10,7447,51
10,7448,58
10,7449,32
10,7450,109
10,7451,71
10,7452,154
10,7453,38
10,7454,102
10,7455,224
10,7456,237
10,7457,64
10,7458,262
10,7459,77
10,7460,109
10,7461,77
10,7462,154
10,7463,45
10,7464,58
10,7465,243
10,7466,122
10,7467,70
10,7468,64
10,7469,77
10,7470,134
10,7471,71
10,7472,109
10,7473,128
10,7474,192
10,7475,70
10,7476,166
10,7477,153
10,7478,128
10,7479,96
10,7480,71
10,7481,90
10,7482,64
10,7483,20
10,7484,102
10,7485,45
10,7486,-32
10,7487,77
10,7488,58
10,7489,58
10,7490,179
10,7491,160
10,7492,128
10,7493,58
10,7494,128
10,7495,96
10,7496,-45
10,7497,32
10,7498,-32
10,7499,115
10,7500,103
10,7501,64
10,7502,96
10,7503,64
10,7504,128
10,7505,109
10,7506,262
10,7507,102
10,7508,186
10,7509,26
10,7510,212
10,7511,96
10,7512,64
10,7513,57
10,7514,122
10,7515,51
10,7516,96
10,7517,25
10,7518,32
10,7519,116
10,7520,103
10,7521,38
10,7522,147
10,7523,102
10,7524,-141
10,7525,52
10,7526,154
10,7527,51
10,7528,102
10,7529,96
10,7530,167
10,7531,121
10,7532,153
10,7533,38
10,7534,89
10,7535,116
10,7536,211
10,7537,26
10,7538,173
10,7539,19
10,7540,52
10,7541,96
10,7542,160
10,7543,32
10,7544,71
10,7545,70
10,7546,186
10,7547,83
10,7548,179
10,7549,64
10,7550,140
10,7551,83
10,7552,77
10,7553,70
10,7554,160
10,7555,-25
10,7556,76
10,7557,32
10,7558,121
10,7559,128
10,7560,51
10,7561,52
10,7562,116
10,7563,77
10,7564,121
10,7565,179
10,7566,115
10,7567,77
10,7568,51
10,7569,160
10,7570,58
10,7571,122
10,7572,64
10,7573,64
10,7574,116
10,7575,102
10,7576,102
10,7577,84
10,7578,160
10,7579,160
10,7580,115
10,7581,83
10,7582,102
10,7583,77
10,7584,122
10,7585,51
10,7586,96
10,7587,102
10,7588,115
10,7589,77
10,7590,134
10,7591,115
10,7592,160
10,7593,45
10,7594,115
10,7595,122
10,7596,371
10,7597,-19
10,7598,109
10,7599,45
10,7600,109
10,7601,39
10,7602,167
10,7603,115
10,7604,128
10,7605,58
10,7606,77
10,7607,64
10,7608,102
10,7609,45
10,7610,71
10,7611,58
10,7612,128
10,7613,45
10,7614,115
10,7615,122
10,7616,57
10,7617,109
10,7618,154
10,7619,160
10,7620,173
10,7621,51
10,7622,84
10,7623,70
10,7624,109
10,7625,51
10,7626,166
10,7627,32
10,7628,115
10,7629,26
10,7630,154
10,7631,96
10,7632,58
10,7633,397
10,7634,167
10,7635,77
10,7636,186
10,7637,45
10,7638,44
10,7639,70
10,7640,64
10,7641,51
10,7642,108
10,7643,45
10,7644,122
10,7645,45
10,7646,38
10,7647,51
10,7648,58
10,7649,44
10,7650,141
10,7651,51
10,7652,109
10,7653,160
10,7654,71
10,7655,102
10,7656,70
10,7657,25
10,7658,806
10,7659,70
10,7660,371
10,7661,147
10,7662,205
10,7663,102
10,7664,166
10,7665,89
10,7666,185
10,7667,58
10,7668,38
10,7669,64
10,7670,134
10,7671,32
10,7672,58
10,7673,44
10,7674,89
10,7675,90
10,7676,377
10,7677,64
10,7678,64
10,7679,192
10,7680,115
10,7681,90
10,7682,-26
10,7683,45
10,7684,77
10,7685,96
10,7686,173
10,7687,26
10,7688,83
10,7689,51
10,7690,166
10,7691,340
10,7692,115
10,7693,51
10,7694,128
10,7695,147
10,7696,64
10,7697,39
10,7698,96
10,7699,58
10,7700,96
10,7701,44
10,7702,115
10,7703,108
10,7704,102
10,7705,64
10,7706,71
10,7707,141
10,7708,109
10,7709,32
10,7710,205
10,7711,64
10,7712,70
10,7713,122
10,7714,128
10,7715,57
10,7716,128
10,7717,96
10,7718,90
10,7719,45
10,7720,83
10,7721,45
10,7722,89
10,7723,32
10,7724,-38
10,7725,89
10,7726,115
10,7727,45
10,7728,-51
10,7729,128
10,7730,147
10,7731,96
10,7732,147
10,7733,-26
10,7734,128
10,7735,128
10,7736,-19
10,7737,25
10,7738,64
10,7739,51
10,7740,32
10,7741,39
10,7742,134
10,7743,192
10,7744,77
10,7745,70
10,7746,116
10,7747,109
10,7748,148
10,7749,-52
10,7750,173
10,7751,147
10,7752,64
10,7753,38
10,7754,19
10,7755,19
10,7756,32
10,7757,89
10,7758,180
10,7759,173
10,7760,64
10,7761,166
10,7762,128
10,7763,148
10,7764,173
10,7765,19
10,7766,531
10,7767,115
10,7768,134
10,7769,39
10,7770,102
10,7771,115
10,7772,70
10,7773,32
10,7774,218
10,7775,70
10,7776,-51
10,7777,384
10,7778,64
10,7779,96
10,7780,13
10,7781,51
10,7782,154
10,7783,64
10,7784,58
10,7785,352
10,7786,108
10,7787,160
10,7788,141
10,7789,262
10,7790,32
10,7791,96
10,7792,64
10,7793,32
10,7794,109
10,7795,25
10,7796,83
10,7797,51
10,7798,147
10,7799,89
10,7800,64
10,7801,96
10,7802,96
10,7803,166
10,7804,153
10,7805,32
10,7806,-52
10,7807,83
10,7808,76
10,7809,76
10,7810,57
10,7811,58
10,7812,115
10,7813,83
10,7814,70
10,7815,57
10,7816,32
10,7817,96
10,7818,128
10,7819,115
10,7820,134
10,7821,70
10,7822,109
10,7823,109
10,7824,57
10,7825,25
10,7826,25
10,7827,26
10,7828,64
10,7829,26
10,7830,64
10,7831,115
10,7832,45
10,7833,96
10,7834,173
10,7835,90
10,7836,167
10,7837,52
10,7838,320
10,7839,84
10,7840,38
10,7841,51
10,7842,140
10,7843,44
10,7844,-38
10,7845,77
10,7846,166
10,7847,83
10,7848,160
10,7849,32
10,7850,84
10,7851,96
10,7852,167
10,7853,103
10,7854,243
10,7855,102
10,7856,109
10,7857,32
10,7858,52
10,7859,83
10,7860,64
10,7861,64
10,7862,58
10,7863,26
10,7864,-38
10,7865,64
10,7866,340
10,7867,320
10,7868,109
10,7869,64
10,7870,32
10,7871,70
10,7872,102
10,7873,122
10,7874,128
10,7875,64
10,7876,115
10,7877,58
10,7878,128
10,7879,64
10,7880,32
10,7881,83
10,7882,371
10,7883,32
10,7884,90
10,7885,-32
10,7886,192
10,7887,148
10,7888,58
10,7889,64
10,7890,83
10,7891,166
10,7892,83
10,7893,64
10,7894,115
10,7895,109
10,7896,115
10,7897,51
10,7898,192
10,7899,89
10,7900,160
10,7901,58
10,7902,64
10,7903,102
10,7904,45
10,7905,25
10,7906,19
10,7907,199
10,7908,96
10,7909,19
10,7910,211
10,7911,89
10,7912,109
10,7913,787
10,7914,128
10,7915,761
10,7916,109
10,7917,58
10,7918,-51
10,7919,58
10,7920,108
10,7921,45
10,7922,32
10,7923,51
10,7924,-51
10,7925,45
10,7926,122
10,7927,71
10,7928,102
10,7929,71
10,7930,32
10,7931,77
10,7932,115
10,7933,64
10,7934,192
10,7935,58
10,7936,115
10,7937,57
10,7938,115
10,7939,77
10,7940,32
10,7941,52
10,7942,160
10,7943,77
10,7944,-57
10,7945,77
10,7946,109
10,7947,-218
10,7948,128
10,7949,71
10,7950,76
10,7951,64
10,7952,153
10,7953,45
10,7954,71
10,7955,51
10,7956,-44
10,7957,57
10,7958,102
10,7959,32
10,7960,44
10,7961,64
10,7962,76
10,7963,109
10,7964,147
10,7965,160
10,7966,57
10,7967,83
10,7968,96
10,7969,147
10,7970,397
10,7971,103
10,7972,115
10,7973,96
10,7974,345
10,7975,64
10,7976,76
10,7977,39
10,7978,211
10,7979,32
10,7980,77
10,7981,109
10,7982,147
10,7983,173
10,7984,109
10,7985,58
10,7986,185
10,7987,64
10,7988,-13
10,7989,52
10,7990,179
10,7991,121
10,7992,147
10,7993,70
10,7994,204
10,7995,32
10,7996,103
10,7997,160
10,7998,166
10,7999,76
10,8000,70
10,8001,109
10,8002,135
10,8003,134
10,8004,83
10,8005,57
10,8006,135
10,8007,166
10,8008,109
10,8009,44
10,8010,116
10,8011,109
10,8012,147
10,8013,166
10,8014,205
10,8015,103
10,8016,96
10,8017,166
10,8018,199
10,8019,115
10,8020,160
10,8021,166
10,8022,340
10,8023,103
10,8024,96
10,8025,-39
10,8026,83
10,8027,64
10,8028,51
10,8029,90
10,8030,58
10,8031,109
10,8032,71
10,8033,358
10,8034,70
10,8035,109
10,8036,77
10,8037,38
10,8038,154
10,8039,57
10,8040,83
10,8041,148
10,8042,96
10,8043,64
10,8044,90
10,8045,44
10,8046,199
10,8047,83
10,8048,134
10,8049,96
10,8050,-26
10,8051,57
10,8052,57
10,8053,51
10,8054,70
10,8055,52
10,8056,109
10,8057,-25
10,8058,140
10,8059,32
10,8060,76
10,8061,-39
10,8062,180
10,8063,70
10,8064,90
10,8065,352
10,8066,70
10,8067,45
10,8068,128
10,8069,32
10,8070,109
10,8071,-32
10,8072,64
10,8073,64
10,8074,83
10,8075,64
10,8076,64
10,8077,32
10,8078,172
10,8079,77
10,8080,115
10,8081,-32
10,8082,109
10,8083,-64
10,8084,76
10,8085,51
10,8086,192
10,8087,44
10,8088,77
10,8089,90
10,8090,96
10,8091,64
10,8092,109
10,8093,45
10,8094,102
10,8095,84
10,8096,121
10,8097,365
10,8098,160
10,8099,135
10,8100,71
10,8101,89
10,8102,218
10,8103,154
10,8104,103
10,8105,32
10,8106,96
10,8107,83
10,8108,115
10,8109,45
10,8110,-26
10,8111,77
10,8112,122
10,8113,26
10,8114,154
10,8115,77
10,8116,147
10,8117,115
10,8118,141
10,8119,122
10,8120,154
10,8121,51
10,8122,205
10,8123,45
10,8124,377
10,8125,58
10,8126,128
10,8127,70
10,8128,294
10,8129,128
10,8130,205
10,8131,71
10,8132,153
10,8133,96
10,8134,160
10,8135,64
10,8136,77
10,8137,64
10,8138,109
10,8139,154
10,8140,109
10,8141,58
10,8142,160
10,8143,141
10,8144,51
10,8145,217
10,8146,140
10,8147,115
10,8148,109
10,8149,90
10,8150,320
10,8151,70
10,8152,121
10,8153,153
10,8154,32
10,8155,39
10,8156,122
10,8157,115
10,8158,148
10,8159,116
10,8160,77
10,8161,-6
10,8162,128
10,8163,57
10,8164,140
10,8165,51
10,8166,39
10,8167,70
10,8168,77
10,8169,166
10,8170,794
10,8171,84
10,8172,115
10,8173,58
10,8174,173
10,8175,371
10,8176,57
10,8177,32
10,8178,58
10,8179,25
10,8180,102
10,8181,52
10,8182,109
10,8183,89
10,8184,166
10,8185,89
10,8186,217
10,8187,71
10,8188,135
10,8189,102
10,8190,-154
10,8191,166
10,8192,90
10,8193,32
10,8194,115
10,8195,45
10,8196,64
10,8197,57
10,8198,128
10,8199,96
10,8200,128
10,8201,57
10,8202,103
10,8203,64
10,8204,39
10,8205,109
10,8206,218
10,8207,141
10,8208,-134
10,8209,52
10,8210,122
10,8211,51
10,8212,57
10,8213,51
10,8214,109
10,8215,25
10,8216,282
10,8217,89
10,8218,167
10,8219,115
10,8220,166
10,8221,51
10,8222,70
10,8223,77
10,8224,77
10,8225,51
10,8226,166
10,8227,26
10,8228,313
10,8229,38
10,8230,77
10,8231,147
10,8232,198
10,8233,32
10,8234,103
10,8235,64
10,8236,102
10,8237,51
10,8238,147
10,8239,109
10,8240,57
10,8241,166
10,8242,217
10,8243,70
10,8244,147
10,8245,173
10,8246,148
10,8247,109
10,8248,198
10,8249,45
10,8250,38
10,8251,102
10,8252,58
10,8253,45
10,8254,45
10,8255,-64
10,8256,52
10,8257,96
10,8258,109
10,8259,116
10,8260,262
10,8261,96
10,8262,192
10,8263,77
10,8264,275
10,8265,39
10,8266,-38
10,8267,64
10,8268,58
10,8269,70
10,8270,192
10,8271,77
10,8272,57
10,8273,32
10,8274,70
10,8275,153
10,8276,64
10,8277,64
10,8278,84
10,8279,115
10,8280,77
10,8281,-13
10,8282,26
10,8283,51
10,8284,32
10,8285,109
10,8286,64
10,8287,64
10,8288,51
10,8289,102
10,8290,102
10,8291,109
10,8292,38
10,8293,58
10,8294,179
10,8295,83
10,8296,173
10,8297,70
10,8298,192
10,8299,121
10,8300,154
10,8301,57
10,8302,166
10,8303,109
10,8304,160
10,8305,64
10,8306,122
10,8307,109
10,8308,256
10,8309,64
10,8310,128
10,8311,77
10,8312,141
10,8313,32
10,8314,160
10,8315,102
10,8316,103
10,8317,96
10,8318,115
10,8319,71
10,8320,77
10,8321,38
10,8322,167
10,8323,64
10,8324,6
10,8325,77
10,8326,64
10,8327,128
10,8328,96
10,8329,345
10,8330,102
10,8331,64
10,8332,179
10,8333,103
10,8334,-45
10,8335,135
10,8336,70
10,8337,32
10,8338,51
10,8339,64
10,8340,64
10,8341,39
10,8342,166
10,8343,64
10,8344,122
10,8345,51
10,8346,71
10,8347,76
10,8348,160
10,8349,249
10,8350,122
10,8351,115
10,8352,109
10,8353,45
10,8354,141
10,8355,25
10,8356,83
10,8357,70
10,8358,166
10,8359,211
10,8360,102
10,8361,96
10,8362,108
10,8363,147
10,8364,109
10,8365,64
10,8366,160
10,8367,115
10,8368,115
10,8369,51
10,8370,179
10,8371,83
10,8372,84
10,8373,71
10,8374,167
10,8375,-51
10,8376,109
10,8377,160
10,8378,77
10,8379,77
10,8380,153
10,8381,192
10,8382,128
10,8383,205
10,8384,64
10,8385,102
10,8386,64
10,8387,102
10,8388,128
10,8389,64
10,8390,160
10,8391,51
10,8392,167
10,8393,173
10,8394,103
10,8395,64
10,8396,76
10,8397,57
10,8398,173
10,8399,77
10,8400,70
10,8401,-7
10,8402,160
10,8403,115
10,8404,115
10,8405,96
10,8406,167
10,8407,-51
10,8408,172
10,8409,109
10,8410,89
10,8411,76
10,8412,224
10,8413,57
10,8414,70
10,8415,122
10,8416,102
10,8417,-38
10,8418,122
10,8419,135
10,8420,-51
10,8421,44
10,8422,77
10,8423,64
10,8424,70
10,8425,339
10,8426,224
10,8427,768
10,8428,167
10,8429,76
10,8430,250
10,8431,121
10,8432,211
10,8433,25
10,8434,64
10,8435,64
10,8436,103
10,8437,83
10,8438,83
10,8439,96
10,8440,116
10,8441,-32
10,8442,122
10,8443,103
10,8444,115
10,8445,121
10,8446,51
10,8447,109
10,8448,121
10,8449,19
10,8450,352
10,8451,64
10,8452,64
10,8453,89
10,8454,109
10,8455,-45
10,8456,96
10,8457,57
10,8458,122
10,8459,108
10,8460,160
10,8461,128
10,8462,51
10,8463,51
10,8464,64
10,8465,26
10,8466,-19
10,8467,77
10,8468,-32
10,8469,71
10,8470,320
10,8471,57
10,8472,51
10,8473,58
10,8474,58
10,8475,70
10,8476,173
10,8477,64
10,8478,102
10,8479,256
10,8480,179
10,8481,108
10,8482,147
10,8483,102
10,8484,89
10,8485,192
10,8486,147
10,8487,160
10,8488,141
10,8489,160
10,8490,64
10,8491,108
10,8492,102
10,8493,58
10,8494,121
10,8495,39
10,8496,77
10,8497,45
10,8498,371
10,8499,77
10,8500,103
10,8501,128
10,8502,358
10,8503,115
10,8504,90
10,8505,109
10,8506,147
10,8507,64
10,8508,58
10,8509,51
10,8510,186
10,8511,102
10,8512,77
10,8513,70
10,8514,378
10,8515,26
10,8516,103
10,8517,83
10,8518,64
10,8519,256
10,8520,64
10,8521,25
10,8522,25
10,8523,103
10,8524,128
10,8525,57
10,8526,58
10,8527,90
10,8528,102
10,8529,58
10,8530,166
10,8531,128
10,8532,211
10,8533,51
10,8534,96
10,8535,103
10,8536,134
10,8537,25
10,8538,71
10,8539,77
10,8540,122
10,8541,90
10,8542,199
10,8543,26
10,8544,365
10,8545,44
10,8546,160
10,8547,90
10,8548,51
10,8549,52
10,8550,179
10,8551,115
10,8552,70
10,8553,160
10,8554,211
10,8555,250
10,8556,326
10,8557,102
10,8558,243
10,8559,115
10,8560,166
10,8561,44
10,8562,256
10,8563,-58
10,8564,45
10,8565,25
10,8566,83
10,8567,76
10,8568,102
10,8569,57
10,8570,179
10,8571,365
10,8572,160
10,8573,102
10,8574,32
10,8575,141
10,8576,83
10,8577,71
10,8578,109
10,8579,70
10,8580,135
10,8581,58
10,8582,115
10,8583,103
10,8584,108
10,8585,108
10,8586,141
10,8587,244
10,8588,128
10,8589,32
10,8590,179
10,8591,83
10,8592,154
10,8593,128
10,8594,199
10,8595,71
10,8596,77
10,8597,109
10,8598,90
10,8599,84
10,8600,109
10,8601,96
10,8602,173
10,8603,96
10,8604,140
10,8605,51
10,8606,212
10,8607,64
10,8608,115
10,8609,365
10,8610,160
10,8611,121
10,8612,121
10,8613,45
10,8614,115
10,8615,45
10,8616,122
10,8617,45
10,8618,173
10,8619,102
10,8620,134
10,8621,141
10,8622,102
10,8623,128
10,8624,71
10,8625,-52
10,8626,134
10,8627,160
10,8628,160
10,8629,26
10,8630,167
10,8631,122
10,8632,102
10,8633,51
10,8634,121
10,8635,64
10,8636,64
10,8637,90
10,8638,256
10,8639,89
10,8640,115
10,8641,153
10,8642,212
10,8643,102
10,8644,109
10,8645,199
10,8646,77
10,8647,64
10,8648,147
10,8649,45
10,8650,211
10,8651,64
10,8652,96
10,8653,58
10,8654,160
10,8655,51
10,8656,32
10,8657,76
10,8658,160
10,8659,64
10,8660,148
10,8661,90
10,8662,89
10,8663,77
10,8664,115
10,8665,26
10,8666,307
10,8667,77
10,8668,122
10,8669,-32
10,8670,58
10,8671,58
10,8672,122
10,8673,-26
10,8674,102
10,8675,25
10,8676,116
10,8677,32
10,8678,96
10,8679,70
10,8680,96
10,8681,128
10,8682,813
10,8683,167
10,8684,121
10,8685,64
10,8686,198
10,8687,-51
10,8688,122
10,8689,51
10,8690,109
10,8691,38
10,8692,51
10,8693,52
10,8694,135
10,8695,19
10,8696,64
10,8697,109
10,8698,166
10,8699,134
10,8700,90
10,8701,96
10,8702,58
10,8703,83
10,8704,109
10,8705,115
10,8706,173
10,8707,51
10,8708,154
10,8709,102
10,8710,109
10,8711,96
10,8712,352
10,8713,77
10,8714,166
10,8715,-64
10,8716,-45
10,8717,39
10,8718,109
10,8719,122
10,8720,128
10,8721,64
10,8722,71
10,8723,58
10,8724,51
10,8725,51
10,8726,109
10,8727,224
10,8728,51
10,8729,83
10,8730,172
10,8731,153
10,8732,115
10,8733,77
10,8734,90
10,8735,103
10,8736,116
10,8737,89
10,8738,192
10,8739,102
10,8740,108
10,8741,71
10,8742,115
10,8743,115
10,8744,332
10,8745,52
10,8746,57
10,8747,96
10,8748,64
10,8749,83
10,8750,45
10,8751,57
10,8752,147
10,8753,96
10,8754,160
10,8755,96
10,8756,135
10,8757,51
10,8758,32
10,8759,109
10,8760,250
10,8761,51
10,8762,115
10,8763,115
10,8764,71
10,8765,358
10,8766,371
10,8767,134
10,8768,115
10,8769,103
10,8770,141
10,8771,166
10,8772,185
10,8773,96
10,8774,172
10,8775,84
10,8776,109
10,8777,51
10,8778,64
10,8779,77
10,8780,84
10,8781,314
10,8782,83
10,8783,205
10,8784,153
10,8785,77
10,8786,134
10,8787,128
10,8788,422
10,8789,58
10,8790,109
10,8791,154
10,8792,173
10,8793,333
10,8794,-32
10,8795,96
10,8796,135
10,8797,52
10,8798,160
10,8799,166
10,8800,115
10,8801,96
10,8802,122
10,8803,25
10,8804,44
10,8805,64
10,8806,51
10,8807,345
10,8808,109
10,8809,64
10,8810,121
10,8811,167
10,8812,166
10,8813,115
10,8814,160
10,8815,314
10,8816,64
10,8817,58
10,8818,135
10,8819,109
10,8820,115
10,8821,51
10,8822,134
10,8823,102
10,8824,115
10,8825,96
10,8826,166
10,8827,173
10,8828,102
10,8829,57
10,8830,90
10,8831,141
10,8832,71
10,8833,-26
10,8834,76
10,8835,102
10,8836,77
10,8837,32
10,8838,166
10,8839,103
10,8840,109
10,8841,103
10,8842,211
10,8843,90
10,8844,90
10,8845,102
10,8846,64
10,8847,185
10,8848,173
10,8849,64
10,8850,-13
10,8851,96
10,8852,166
10,8853,51
10,8854,198
10,8855,115
10,8856,121
10,8857,38
10,8858,128
10,8859,83
10,8860,90
10,8861,52
10,8862,58
10,8863,192
10,8864,116
10,8865,45
10,8866,70
10,8867,77
10,8868,179
10,8869,154
10,8870,108
10,8871,128
10,8872,89
10,8873,52
10,8874,403
10,8875,64
10,8876,64
10,8877,58
10,8878,275
10,8879,122
10,8880,-45
10,8881,128
10,8882,115
10,8883,109
10,8884,378
10,8885,64
10,8886,154
10,8887,199
10,8888,102
10,8889,294
10,8890,167
10,8891,192
10,8892,64
10,8893,52
10,8894,109
10,8895,121
10,8896,116
10,8897,58
10,8898,76
10,8899,77
10,8900,83
10,8901,64
10,8902,64
10,8903,365
10,8904,167
10,8905,358
10,8906,115
10,8907,192
10,8908,128
10,8909,160
10,8910,140
10,8911,122
10,8912,116
10,8913,90
10,8914,103
10,8915,77
10,8916,83
10,8917,102
10,8918,205
10,8919,128
10,8920,122
10,8921,275
10,8922,64
10,8923,148
10,8924,250
10,8925,45
10,8926,211
10,8927,160
10,8928,71
10,8929,64
10,8930,391
10,8931,32
10,8932,51
10,8933,25
10,8934,268
10,8935,96
10,8936,115
10,8937,812
10,8938,115
10,8939,794
10,8940,281
10,8941,64
10,8942,70
10,8943,102
10,8944,180
10,8945,45
10,8946,115
10,8947,57
10,8948,-32
10,8949,57
10,8950,167
10,8951,83
10,8952,115
10,8953,58
10,8954,89
10,8955,211
10,8956,116
10,8957,167
10,8958,186
10,8959,121
10,8960,116
10,8961,122
10,8962,83
10,8963,166
10,8964,121
10,8965,57
10,8966,282
10,8967,45
10,8968,38
10,8969,122
10,8970,109
10,8971,96
10,8972,70
10,8973,102
10,8974,115
10,8975,301
10,8976,140
10,8977,237
10,8978,198
10,8979,64
10,8980,38
10,8981,64
10,8982,135
10,8983,122
10,8984,71
10,8985,115
10,8986,64
10,8987,128
10,8988,51
10,8989,96
10,8990,231
10,8991,115
10,8992,128
10,8993,52
10,8994,186
10,8995,121
10,8996,128
10,8997,89
10,8998,314
10,8999,204
10,9000,71
10,9001,51
10,9002,96
10,9003,173
10,9004,57
10,9005,89
10,9006,76
10,9007,57
10,9008,122
10,9009,71
10,9010,-44
10,9011,140
10,9012,122
10,9013,115
10,9014,205
10,9015,77
10,9016,96
10,9017,45
10,9018,198
10,9019,160
10,9020,326
10,9021,64
10,9022,128
10,9023,313
10,9024,45
10,9025,51
10,9026,160
10,9027,122
10,9028,148
10,9029,140
10,9030,160
10,9031,135
10,9032,173
10,9033,77
10,9034,115
10,9035,153
10,9036,83
10,9037,25
10,9038,173
10,9039,83
10,9040,122
10,9041,90
10,9042,166
10,9043,147
10,9044,173
10,9045,71
10,9046,154
10,9047,166
10,9048,198
10,9049,58
10,9050,141
10,9051,140
10,9052,-45
10,9053,19
10,9054,166
10,9055,167
10,9056,77
10,9057,70
10,9058,173
10,9059,96
10,9060,109
10,9061,83
10,9062,90
10,9063,26
10,9064,64
10,9065,212
10,9066,83
10,9067,154
10,9068,237
10,9069,64
10,9070,167
10,9071,160
10,9072,116
10,9073,51
10,9074,122
10,9075,154
10,9076,71
10,9077,39
10,9078,166
10,9079,140
10,9080,32
10,9081,103
10,9082,128
10,9083,179
10,9084,108
10,9085,51
10,9086,212
10,9087,140
10,9088,83
10,9089,57
10,9090,134
10,9091,89
10,9092,147
10,9093,32
10,9094,77
10,9095,122
10,9096,71
10,9097,38
10,9098,128
10,9099,20
10,9100,121
10,9101,52
10,9102,288
10,9103,83
10,9104,166
10,9105,32
10,9106,64
10,9107,121
10,9108,70
10,9109,64
10,9110,64
10,9111,26
10,9112,140
10,9113,77
10,9114,122
10,9115,121
10,9116,147
10,9117,51
10,9118,77
10,9119,166
10,9120,102
10,9121,365
10,9122,205
10,9123,141
10,9124,205
10,9125,167
10,9126,218
10,9127,230
10,9128,128
10,9129,96
10,9130,96
10,9131,204
10,9132,-45
10,9133,167
10,9134,153
10,9135,109
10,9136,90
10,9137,103
10,9138,211
10,9139,115
10,9140,160
10,9141,-32
10,9142,179
10,9143,135
10,9144,179
10,9145,167
10,9146,102
10,9147,160
10,9148,109
10,9149,89
10,9150,135
10,9151,58
10,9152,71
10,9153,-26
10,9154,275
10,9155,167
10,9156,83
10,9157,103
10,9158,211
10,9159,77
10,9160,166
10,9161,51
10,9162,160
10,9163,70
10,9164,96
10,9165,83
10,9166,116
10,9167,64
10,9168,108
10,9169,108
10,9170,167
10,9171,185
10,9172,377
10,9173,64
10,9174,218
10,9175,77
10,9176,135
10,9177,32
10,9178,108
10,9179,115
10,9180,160
10,9181,38
10,9182,154
10,9183,115
10,9184,38
10,9185,45
10,9186,172
10,9187,71
10,9188,39
10,9189,38
10,9190,160
10,9191,102
10,9192,89
10,9193,58
10,9194,807
10,9195,147
10,9196,147
10,9197,77
10,9198,154
10,9199,147
10,9200,167
10,9201,45
10,9202,77
10,9203,77
10,9204,57
10,9205,58
10,9206,192
10,9207,77
10,9208,122
10,9209,83
10,9210,-38
10,9211,141
10,9212,116
10,9213,64
10,9214,-147
10,9215,173
10,9216,128
10,9217,51
10,9218,109
10,9219,109
10,9220,198
10,9221,-32
10,9222,58
10,9223,25
10,9224,44
10,9225,51
10,9226,160
10,9227,96
10,9228,160
10,9229,25
10,9230,96
10,9231,134
10,9232,70
10,9233,-32
10,9234,84
10,9235,141
10,9236,77
10,9237,64
10,9238,180
10,9239,371
10,9240,116
10,9241,-19
10,9242,224
10,9243,147
10,9244,102
10,9245,166
10,9246,115
10,9247,83
10,9248,108
10,9249,39
10,9250,128
10,9251,167
10,9252,122
10,9253,70
10,9254,122
10,9255,122
10,9256,173
10,9257,51
10,9258,108
10,9259,115
10,9260,57
10,9261,51
10,9262,115
10,9263,45
10,9264,58
10,9265,57
10,9266,109
10,9267,70
10,9268,128
10,9269,77
10,9270,109
10,9271,199
10,9272,115
10,9273,45
10,9274,20
10,9275,147
10,9276,64
10,9277,57
10,9278,96
10,9279,135
10,9280,77
10,9281,57
10,9282,70
10,9283,153
10,9284,109
10,9285,109
10,9286,173
10,9287,403
10,9288,179
10,9289,45
10,9290,58
10,9291,19
10,9292,83
10,9293,51
10,9294,122
10,9295,134
10,9296,109
10,9297,57
10,9298,64
10,9299,109
10,9300,166
10,9301,64
10,9302,147
10,9303,301
10,9304,122
10,9305,83
10,9306,167
10,9307,70
10,9308,64
10,9309,51
10,9310,70
10,9311,64
10,9312,211
10,9313,58
10,9314,141
10,9315,116
10,9316,115
10,9317,64
10,9318,-51
10,9319,154
10,9320,70
10,9321,109
10,9322,141
10,9323,205
10,9324,211
10,9325,141
10,9326,160
10,9327,109
10,9328,115
10,9329,44
10,9330,160
10,9331,64
10,9332,71
10,9333,51
10,9334,211
10,9335,83
10,9336,192
10,9337,70
10,9338,121
10,9339,128
10,9340,122
10,9341,32
10,9342,109
10,9343,109
10,9344,-45
10,9345,71
10,9346,307
10,9347,58
10,9348,58
10,9349,51
10,9350,122
10,9351,90
10,9352,141
10,9353,103
10,9354,134
10,9355,167
10,9356,166
10,9357,57
10,9358,173
10,9359,128
10,9360,76
10,9361,-6
10,9362,109
10,9363,103
10,9364,108
10,9365,32
10,9366,51
10,9367,76
10,9368,83
10,9369,51
10,9370,115
10,9371,96
10,9372,77
10,9373,51
10,9374,64
10,9375,128
10,9376,64
10,9377,52
10,9378,199
10,9379,76
10,9380,122
10,9381,38
10,9382,64
10,9383,109
10,9384,32
10,9385,84
10,9386,64
10,9387,167
10,9388,64
10,9389,397
10,9390,243
10,9391,102
10,9392,109
10,9393,103
10,9394,64
10,9395,96
10,9396,64
10,9397,89
10,9398,186
10,9399,154
10,9400,141
10,9401,32
10,9402,115
10,9403,153
10,9404,58
10,9405,51
10,9406,70
10,9407,128
10,9408,96
10,9409,64
10,9410,173
10,9411,352
10,9412,51
10,9413,25
10,9414,51
10,9415,64
10,9416,83
10,9417,45
10,9418,90
10,9419,141
10,9420,128
10,9421,109
10,9422,115
10,9423,103
10,9424,89
10,9425,32
10,9426,153
10,9427,96
10,9428,38
10,9429,64
10,9430,294
10,9431,116
10,9432,89
10,9433,51
10,9434,134
10,9435,134
10,9436,147
10,9437,96
10,9438,83
10,9439,166
10,9440,70
10,9441,51
10,9442,109
10,9443,70
10,9444,115
10,9445,173
10,9446,141
10,9447,89
10,9448,167
10,9449,794
10,9450,153
10,9451,793
10,9452,109
10,9453,76
10,9454,115
10,9455,115
10,9456,186
10,9457,19
10,9458,115
10,9459,109
10,9460,147
10,9461,64
10,9462,121
10,9463,103
10,9464,58
10,9465,109
10,9466,70
10,9467,83
10,9468,134
10,9469,64
10,9470,167
10,9471,134
10,9472,199
10,9473,84
10,9474,294
10,9475,57
10,9476,115
10,9477,58
10,9478,217
10,9479,109
10,9480,83
10,9481,109
10,9482,141
10,9483,185
10,9484,-140
10,9485,102
10,9486,211
10,9487,128
10,9488,83
10,9489,-19
10,9490,-39
10,9491,57
10,9492,64
10,9493,45
10,9494,77
10,9495,58
10,9496,128
10,9497,115
10,9498,160
10,9499,103
10,9500,115
10,9501,96
10,9502,199
10,9503,262
10,9504,115
10,9505,122
10,9506,160
10,9507,147
10,9508,121
10,9509,51
10,9510,-71
10,9511,141
10,9512,90
10,9513,39
10,9514,70
10,9515,218
10,9516,102
10,9517,25
10,9518,198
10,9519,211
10,9520,134
10,9521,-70
10,9522,192
10,9523,173
10,9524,140
10,9525,71
10,9526,115
10,9527,108
10,9528,103
10,9529,32
10,9530,109
10,9531,39
10,9532,96
10,9533,39
10,9534,172
10,9535,64
10,9536,84
10,9537,84
10,9538,109
10,9539,116
10,9540,179
10,9541,83
10,9542,198
10,9543,179
10,9544,109
10,9545,38
10,9546,102
10,9547,64
10,9548,45
10,9549,32
10,9550,102
10,9551,96
10,9552,58
10,9553,32
10,9554,77
10,9555,128
10,9556,109
10,9557,-211
10,9558,172
10,9559,153
10,9560,70
10,9561,20
10,9562,32
10,9563,77
10,9564,122
10,9565,58
10,9566,160
10,9567,77
10,9568,64
10,9569,64
10,9570,77
10,9571,26
10,9572,128
10,9573,32
10,9574,147
10,9575,96
10,9576,108
10,9577,64
10,9578,128
10,9579,96
10,9580,154
10,9581,90
10,9582,211
10,9583,135
10,9584,218
10,9585,103
10,9586,147
10,9587,71
10,9588,45
10,9589,57
10,9590,121
10,9591,192
10,9592,115
10,9593,109
10,9594,115
10,9595,204
10,9596,166
10,9597,52
10,9598,96
10,9599,-25
10,9600,179
10,9601,102
10,9602,90
10,9603,166
10,9604,326
10,9605,38
10,9606,128
10,9607,116
10,9608,281
10,9609,57
10,9610,64
10,9611,57
10,9612,122
10,9613,64
10,9614,505
10,9615,134
10,9616,140
10,9617,45
10,9618,167
10,9619,148
10,9620,122
10,9621,109
10,9622,141
10,9623,26
10,9624,51
10,9625,32
10,9626,102
10,9627,121
10,9628,77
10,9629,64
10,9630,160
10,9631,102
10,9632,70
10,9633,102
10,9634,173
10,9635,153
10,9636,115
10,9637,45
10,9638,26
10,9639,141
10,9640,-44
10,9641,70
10,9642,64
10,9643,58
10,9644,96
10,9645,160
10,9646,89
10,9647,115
10,9648,108
10,9649,76
10,9650,122
10,9651,192
10,9652,403
10,9653,32
10,9654,52
10,9655,89
10,9656,109
10,9657,45
10,9658,192
10,9659,212
10,9660,109
10,9661,51
10,9662,96
10,9663,115
10,9664,128
10,9665,166
10,9666,198
10,9667,109
10,9668,377
10,9669,77
10,9670,205
10,9671,121
10,9672,167
10,9673,58
10,9674,115
10,9675,102
10,9676,122
10,9677,38
10,9678,32
10,9679,122
10,9680,71
10,9681,58
10,9682,153
10,9683,128
10,9684,352
10,9685,57
10,9686,205
10,9687,96
10,9688,96
10,9689,77
10,9690,179
10,9691,58
10,9692,154
10,9693,64
10,9694,32
10,9695,121
10,9696,-25
10,9697,39
10,9698,115
10,9699,77
10,9700,70
10,9701,71
10,9702,64
10,9703,90
10,9704,115
10,9705,365
10,9706,845
10,9707,160
10,9708,64
10,9709,122
10,9710,121
10,9711,25
10,9712,71
10,9713,51
10,9714,89
10,9715,45
10,9716,58
10,9717,51
10,9718,121
10,9719,109
10,9720,96
10,9721,166
10,9722,83
10,9723,83
10,9724,102
10,9725,58
10,9726,-217
10,9727,128
10,9728,77
10,9729,64
10,9730,109
10,9731,128
10,9732,115
10,9733,57
10,9734,122
10,9735,57
10,9736,166
10,9737,134
10,9738,121
10,9739,108
10,9740,122
10,9741,102
10,9742,173
10,9743,64
10,9744,64
10,9745,45
10,9746,89
10,9747,77
10,9748,51
10,9749,32
10,9750,160
10,9751,153
10,9752,179
10,9753,115
10,9754,160
10,9755,102
10,9756,115
10,9757,77
10,9758,115
10,9759,128
10,9760,147
10,9761,58
10,9762,256
10,9763,115
10,9764,77
10,9765,108
10,9766,134
10,9767,192
10,9768,128
10,9769,70
10,9770,115
10,9771,83
10,9772,77
10,9773,108
10,9774,237
10,9775,77
10,9776,108
10,9777,109
10,9778,84
10,9779,371
10,9780,147
10,9781,-71
10,9782,116
10,9783,128
10,9784,128
10,9785,-13
10,9786,70
10,9787,90
10,9788,109
10,9789,96
10,9790,108
10,9791,153
10,9792,83
10,9793,141
10,9794,180
10,9795,128
10,9796,128
10,9797,160
10,9798,70
10,9799,154
10,9800,108
10,9801,109
10,9802,19
10,9803,128
10,9804,51
10,9805,45
10,9806,58
10,9807,122
10,9808,83
10,9809,44
10,9810,167
10,9811,116
10,9812,-45
10,9813,211
10,9814,167
10,9815,-115
10,9816,173
10,9817,45
10,9818,121
10,9819,51
10,9820,77
10,9821,76
10,9822,160
10,9823,147
10,9824,83
10,9825,51
10,9826,90
10,9827,140
10,9828,57
10,9829,52
10,9830,135
10,9831,167
10,9832,134
10,9833,103
10,9834,141
10,9835,140
10,9836,116
10,9837,217
10,9838,83
10,9839,90
10,9840,122
10,9841,-51
10,9842,83
10,9843,134
10,9844,71
10,9845,52
10,9846,51
10,9847,77
10,9848,179
10,9849,141
10,9850,83
10,9851,76
10,9852,121
10,9853,64
10,9854,77
10,9855,83
10,9856,320
10,9857,-39
10,9858,173
10,9859,51
10,9860,115
10,9861,45
10,9862,26
10,9863,71
10,9864,83
10,9865,38
10,9866,167
10,9867,160
10,9868,121
10,9869,51
10,9870,26
10,9871,154
10,9872,109
10,9873,57
10,9874,140
10,9875,103
10,9876,109
10,9877,109
10,9878,116
10,9879,70
10,9880,154
10,9881,51
10,9882,77
10,9883,128
10,9884,282
10,9885,70
10,9886,102
10,9887,122
10,9888,102
10,9889,51
10,9890,71
10,9891,77
10,9892,147
10,9893,51
10,9894,204
10,9895,83
10,9896,44
10,9897,167
10,9898,147
10,9899,160
10,9900,217
10,9901,58
10,9902,102
10,9903,-51
10,9904,109
10,9905,141
10,9906,167
10,9907,166
10,9908,153
10,9909,134
10,9910,83
10,9911,90
10,9912,102
10,9913,122
10,9914,122
10,9915,-38
10,9916,224
10,9917,83
10,9918,64
10,9919,128
10,9920,45
10,9921,160
10,9922,148
10,9923,109
10,9924,70
10,9925,90
10,9926,204
10,9927,166
10,9928,173
10,9929,167
10,9930,211
10,9931,109
10,9932,115
10,9933,96
10,9934,192
10,9935,76
10,9936,109
10,9937,147
10,9938,205
10,9939,96
10,9940,109
10,9941,115
10,9942,205
10,9943,90
10,9944,115
10,9945,153
10,9946,141
10,9947,115
10,9948,192
10,9949,160
10,9950,179
10,9951,102
10,9952,90
10,9953,192
10,9954,160
10,9955,77
10,9956,96
10,9957,70
10,9958,166
10,9959,160
10,9960,51
10,9961,826
10,9962,403
10,9963,838
10,9964,115
10,9965,90
10,9966,179
10,9967,90
10,9968,-32
10,9969,70
10,9970,121
10,9971,64
10,9972,64
10,9973,109
10,9974,96
10,9975,64
10,9976,141
10,9977,71
10,9978,160
10,9979,103
10,9980,76
10,9981,115
10,9982,121
10,9983,121
10,9984,108
10,9985,-135
10,9986,64
10,9987,44
10,9988,83
10,9989,26
10,9990,109
10,9991,64
10,9992,134
10,9993,96
10,9994,192
10,9995,288
10,9996,205
10,9997,109
10,9998,256
10,9999,109
10,10000,71
10,10001,-26
10,10002,70
10,10003,45
10,10004,51
10,10005,51
10,10006,102
10,10007,96
10,10008,148
10,10009,192
10,10010,102
10,10011,83
10,10012,115
10,10013,96
10,10014,32
10,10015,166
10,10016,141
10,10017,90
10,10018,301
10,10019,141
10,10020,77
10,10021,109
10,10022,179
10,10023,108
10,10024,115
10,10025,19
10,10026,102
10,10027,109
10,10028,70
10,10029,115
10,10030,135
10,10031,51
10,10032,45
10,10033,-57
10,10034,160
10,10035,153
10,10036,51
10,10037,64
10,10038,115
10,10039,70
10,10040,64
10,10041,64
10,10042,116
10,10043,58
10,10044,58
10,10045,20
10,10046,96
10,10047,64
10,10048,89
10,10049,109
10,10050,121
10,10051,134
10,10052,71
10,10053,64
10,10054,115
10,10055,122
10,10056,211
10,10057,32
10,10058,25
10,10059,115
10,10060,83
10,10061,70
10,10062,167
10,10063,378
10,10064,115
10,10065,160
10,10066,243
10,10067,154
10,10068,147
10,10069,96
10,10070,192
10,10071,109
10,10072,180
10,10073,45
10,10074,89
10,10075,64
10,10076,192
10,10077,96
10,10078,172
10,10079,103
10,10080,44
10,10081,64
10,10082,84
10,10083,25
10,10084,128
10,10085,76
10,10086,70
10,10087,32
10,10088,57
10,10089,89
10,10090,128
10,10091,96
10,10092,134
10,10093,32
10,10094,102
10,10095,57
10,10096,122
10,10097,64
10,10098,148
10,10099,96
10,10100,218
10,10101,51
10,10102,192
10,10103,294
10,10104,-45
10,10105,109
10,10106,77
10,10107,205
10,10108,250
10,10109,51
10,10110,198
10,10111,122
10,10112,205
10,10113,71
10,10114,109
10,10115,51
10,10116,64
10,10117,26
10,10118,167
10,10119,45
10,10120,96
10,10121,52
10,10122,128
10,10123,102
10,10124,102
10,10125,359
10,10126,57
10,10127,128
10,10128,32
10,10129,26
10,10130,153
10,10131,76
10,10132,147
10,10133,57
10,10134,205
10,10135,83
10,10136,377
10,10137,109
10,10138,199
10,10139,32
10,10140,45
10,10141,102
10,10142,160
10,10143,115
10,10144,115
10,10145,115
10,10146,141
10,10147,198
10,10148,371
10,10149,45
10,10150,167
10,10151,160
10,10152,13
10,10153,57
10,10154,154
10,10155,64
10,10156,128
10,10157,57
10,10158,-45
10,10159,166
10,10160,109
10,10161,147
10,10162,180
10,10163,109
10,10164,115
10,10165,51
10,10166,173
10,10167,109
10,10168,102
10,10169,83
10,10170,84
10,10171,70
10,10172,224
10,10173,58
10,10174,77
10,10175,128
10,10176,153
10,10177,108
10,10178,199
10,10179,83
10,10180,250
10,10181,44
10,10182,160
10,10183,154
10,10184,103
10,10185,102
10,10186,148
10,10187,96
10,10188,103
10,10189,57
10,10190,45
10,10191,96
10,10192,103
10,10193,103
10,10194,141
10,10195,160
10,10196,64
10,10197,167
10,10198,199
10,10199,-57
10,10200,121
10,10201,90
10,10202,224
10,10203,77
10,10204,172
10,10205,64
10,10206,122
10,10207,103
10,10208,51
10,10209,115
10,10210,320
10,10211,109
10,10212,154
10,10213,25
10,10214,314
10,10215,108
10,10216,134
10,10217,115
10,10218,819
10,10219,160
10,10220,128
10,10221,160
10,10222,217
10,10223,115
10,10224,115
10,10225,64
10,10226,371
10,10227,58
10,10228,58
10,10229,141
10,10230,109
10,10231,128
10,10232,173
10,10233,58
10,10234,211
10,10235,115
10,10236,166
10,10237,160
10,10238,-51
10,10239,122
10,10240,122
10,10241,135
10,10242,211
10,10243,70
10,10244,109
10,10245,58
10,10246,19
10,10247,64
10,10248,140
10,10249,166
10,10250,45
10,10251,77
10,10252,71
10,10253,167
10,10254,83
10,10255,71
10,10256,122
10,10257,-32
10,10258,192
10,10259,109
10,10260,172
10,10261,166
10,10262,167
10,10263,64
10,10264,199
10,10265,71
10,10266,122
10,10267,115
10,10268,109
10,10269,96
10,10270,70
10,10271,121
10,10272,128
10,10273,282
10,10274,109
10,10275,122
10,10276,70
10,10277,32
10,10278,77
10,10279,166
10,10280,64
10,10281,96
10,10282,102
10,10283,25
10,10284,90
10,10285,90
10,10286,51
10,10287,64
10,10288,64
10,10289,148
10,10290,396
10,10291,198
10,10292,96
10,10293,102
10,10294,179
10,10295,205
10,10296,115
10,10297,-7
10,10298,64
10,10299,90
10,10300,167
10,10301,64
10,10302,109
10,10303,153
10,10304,301
10,10305,288
10,10306,83
10,10307,166
10,10308,166
10,10309,58
10,10310,76
10,10311,-32
10,10312,167
10,10313,32
10,10314,128
10,10315,102
10,10316,128
10,10317,57
10,10318,64
10,10319,135
10,10320,378
10,10321,38
10,10322,160
10,10323,121
10,10324,167
10,10325,154
10,10326,192
10,10327,121
10,10328,217
10,10329,44
10,10330,116
10,10331,154
10,10332,166
10,10333,-32
10,10334,102
10,10335,51
10,10336,83
10,10337,153
10,10338,70
10,10339,58
10,10340,90
10,10341,58
10,10342,128
10,10343,71
10,10344,64
10,10345,109
10,10346,116
10,10347,115
10,10348,333
10,10349,147
10,10350,160
10,10351,141
10,10352,167
10,10353,307
10,10354,115
10,10355,26
10,10356,77
10,10357,70
10,10358,167
10,10359,25
10,10360,70
10,10361,57
10,10362,122
10,10363,115
10,10364,-39
10,10365,128
10,10366,57
10,10367,147
10,10368,154
10,10369,64
10,10370,71
10,10371,39
10,10372,76
10,10373,51
10,10374,199
10,10375,90
10,10376,166
10,10377,38
10,10378,173
10,10379,320
10,10380,121
10,10381,83
10,10382,217
10,10383,307
10,10384,128
10,10385,57
10,10386,134
10,10387,70
10,10388,77
10,10389,26
10,10390,154
10,10391,45
10,10392,103
10,10393,70
10,10394,135
10,10395,115
10,10396,192
10,10397,128
10,10398,109
10,10399,-20
10,10400,154
10,10401,-13
10,10402,134
10,10403,64
10,10404,64
10,10405,70
10,10406,77
10,10407,147
10,10408,122
10,10409,141
10,10410,-64
10,10411,134
10,10412,71
10,10413,57
10,10414,167
10,10415,64
10,10416,173
10,10417,90
10,10418,64
10,10419,205
10,10420,83
10,10421,45
10,10422,198
10,10423,135
10,10424,109
10,10425,70
10,10426,32
10,10427,64
10,10428,205
10,10429,71
10,10430,58
10,10431,192
10,10432,103
10,10433,359
10,10434,96
10,10435,102
10,10436,90
10,10437,64
10,10438,26
10,10439,109
10,10440,109
10,10441,90
10,10442,44
10,10443,109
10,10444,38
10,10445,58
10,10446,84
10,10447,90
10,10448,275
10,10449,115
10,10450,71
10,10451,121
10,10452,96
10,10453,122
10,10454,32
10,10455,115
10,10456,115
10,10457,52
10,10458,96
10,10459,70
10,10460,103
10,10461,64
10,10462,173
10,10463,77
10,10464,115
10,10465,-32
10,10466,108
10,10467,76
10,10468,70
10,10469,45
10,10470,96
10,10471,76
10,10472,122
10,10473,807
10,10474,371
10,10475,787
10,10476,109
10,10477,51
10,10478,141
10,10479,90
10,10480,109
10,10481,51
10,10482,45
10,10483,109
10,10484,83
10,10485,-51
10,10486,58
10,10487,135
10,10488,147
10,10489,83
10,10490,115
10,10491,-44
10,10492,115
10,10493,70
10,10494,77
10,10495,160
10,10496,32
10,10497,-154
10,10498,70
10,10499,51
10,10500,90
10,10501,51
10,10502,121
10,10503,122
10,10504,173
10,10505,128
10,10506,115
10,10507,96
10,10508,89
10,10509,77
10,10510,211
10,10511,90
10,10512,115
10,10513,-32
10,10514,19
10,10515,26
10,10516,58
10,10517,45
10,10518,103
10,10519,160
10,10520,71
10,10521,109
10,10522,90
10,10523,108
10,10524,205
10,10525,83
10,10526,148
10,10527,115
10,10528,115
10,10529,148
10,10530,275
10,10531,102
10,10532,173
10,10533,96
10,10534,205
10,10535,166
10,10536,115
10,10537,64
10,10538,70
10,10539,58
10,10540,108
10,10541,58
10,10542,365
10,10543,109
10,10544,51
10,10545,160
10,10546,128
10,10547,115
10,10548,32
10,10549,179
10,10550,-250
10,10551,173
10,10552,134
10,10553,39
10,10554,160
10,10555,19
10,10556,52
10,10557,26
10,10558,109
10,10559,115
10,10560,77
10,10561,96
10,10562,141
10,10563,172
10,10564,313
10,10565,96
10,10566,115
10,10567,121
10,10568,-44
10,10569,52
10,10570,51
10,10571,167
10,10572,166
10,10573,64
10,10574,147
10,10575,-52
10,10576,186
10,10577,64
10,10578,192
10,10579,57
10,10580,-45
10,10581,122
10,10582,217
10,10583,115
10,10584,70
10,10585,39
10,10586,70
10,10587,102
10,10588,44
10,10589,25
10,10590,64
10,10591,77
10,10592,64
10,10593,25
10,10594,103
10,10595,365
10,10596,77
10,10597,45
10,10598,58
10,10599,90
10,10600,45
10,10601,122
10,10602,109
10,10603,167
10,10604,192
10,10605,89
10,10606,147
10,10607,90
10,10608,122
10,10609,51
10,10610,45
10,10611,121
10,10612,51
10,10613,109
10,10614,134
10,10615,167
10,10616,-51
10,10617,185
10,10618,160
10,10619,128
10,10620,179
10,10621,186
10,10622,205
10,10623,172
10,10624,70
10,10625,96
10,10626,64
10,10627,109
10,10628,64
10,10629,96
10,10630,167
10,10631,115
10,10632,109
10,10633,57
10,10634,167
10,10635,102
10,10636,109
10,10637,134
10,10638,262
10,10639,167
10,10640,122
10,10641,38
10,10642,249
10,10643,109
10,10644,64
10,10645,57
10,10646,134
10,10647,109
10,10648,51
10,10649,108
10,10650,89
10,10651,173
10,10652,77
10,10653,102
10,10654,64
10,10655,147
10,10656,160
10,10657,115
10,10658,134
10,10659,83
10,10660,108
10,10661,51
10,10662,173
10,10663,154
10,10664,134
10,10665,19
10,10666,211
10,10667,103
10,10668,70
10,10669,96
10,10670,167
10,10671,58
10,10672,83
10,10673,109
10,10674,198
10,10675,128
10,10676,212
10,10677,32
10,10678,826
10,10679,122
10,10680,198
10,10681,77
10,10682,57
10,10683,217
10,10684,173
10,10685,51
10,10686,121
10,10687,199
10,10688,179
10,10689,141
10,10690,198
10,10691,115
10,10692,154
10,10693,160
10,10694,198
10,10695,140
10,10696,45
10,10697,108
10,10698,70
10,10699,57
10,10700,64
10,10701,51
10,10702,84
10,10703,108
10,10704,115
10,10705,122
10,10706,160
10,10707,128
10,10708,115
10,10709,83
10,10710,378
10,10711,70
10,10712,103
10,10713,32
10,10714,166
10,10715,116
10,10716,371
10,10717,51
10,10718,153
10,10719,77
10,10720,140
10,10721,38
10,10722,198
10,10723,141
10,10724,83
10,10725,109
10,10726,141
10,10727,26
10,10728,109
10,10729,109
10,10730,793
10,10731,148
10,10732,70
10,10733,64
10,10734,109
10,10735,198
10,10736,77
10,10737,45
10,10738,109
10,10739,19
10,10740,154
10,10741,84
10,10742,269
10,10743,58
10,10744,51
10,10745,57
10,10746,90
10,10747,122
10,10748,166
10,10749,250
10,10750,64
10,10751,109
10,10752,172
10,10753,108
10,10754,147
10,10755,115
10,10756,89
10,10757,96
10,10758,172
10,10759,102
10,10760,64
10,10761,179
10,10762,166
10,10763,116
10,10764,121
10,10765,160
10,10766,179
10,10767,77
10,10768,96
10,10769,160
10,10770,-19
10,10771,141
10,10772,70
10,10773,96
10,10774,205
10,10775,154
10,10776,77
10,10777,121
10,10778,186
10,10779,96
10,10780,76
10,10781,172
10,10782,115
10,10783,121
10,10784,198
10,10785,160
10,10786,166
10,10787,121
10,10788,115
10,10789,96
10,10790,186
10,10791,122
10,10792,76
10,10793,32
10,10794,121
10,10795,58
10,10796,77
10,10797,96
10,10798,166
10,10799,153
10,10800,58
10,10801,275
10,10802,96
10,10803,116
10,10804,90
10,10805,57
10,10806,109
10,10807,192
10,10808,128
10,10809,71
10,10810,19
10,10811,57
10,10812,77
10,10813,179
10,10814,160
10,10815,128
10,10816,71
10,10817,103
10,10818,96
10,10819,122
10,10820,64
10,10821,39
10,10822,-45
10,10823,134
10,10824,134
10,10825,122
10,10826,57
10,10827,109
10,10828,115
10,10829,38
10,10830,166
10,10831,121
10,10832,64
10,10833,64
10,10834,-38
10,10835,167
10,10836,70
10,10837,404
10,10838,-32
10,10839,147
10,10840,186
10,10841,44
10,10842,96
10,10843,19
10,10844,89
10,10845,51
10,10846,313
10,10847,128
10,10848,64
10,10849,314
10,10850,77
10,10851,32
10,10852,70
10,10853,38
10,10854,70
10,10855,115
10,10856,64
10,10857,83
10,10858,115
10,10859,154
10,10860,160
10,10861,115
10,10862,89
10,10863,45
10,10864,103
10,10865,70
10,10866,70
10,10867,32
10,10868,102
10,10869,103
10,10870,134
10,10871,45
10,10872,58
10,10873,44
10,10874,186
10,10875,109
10,10876,109
10,10877,58
10,10878,-38
10,10879,77
10,10880,128
10,10881,102
10,10882,154
10,10883,122
10,10884,115
10,10885,45
10,10886,39
10,10887,64
10,10888,103
10,10889,58
10,10890,-38
10,10891,198
10,10892,109
10,10893,45
10,10894,109
10,10895,153
10,10896,77
10,10897,57
10,10898,58
10,10899,90
10,10900,141
10,10901,39
10,10902,192
10,10903,19
10,10904,109
10,10905,134
10,10906,128
10,10907,166
10,10908,167
10,10909,83
10,10910,77
10,10911,115
10,10912,128
10,10913,294
10,10914,116
10,10915,186
10,10916,57
10,10917,57
10,10918,160
10,10919,83
10,10920,141
10,10921,58
10,10922,-13
10,10923,134
10,10924,166
10,10925,64
10,10926,-52
10,10927,173
10,10928,154
10,10929,64
10,10930,180
10,10931,173
10,10932,64
10,10933,160
10,10934,115
10,10935,135
10,10936,160
10,10937,115
10,10938,109
10,10939,64
10,10940,153
10,10941,58
10,10942,352
10,10943,64
10,10944,121
10,10945,51
10,10946,57
10,10947,141
10,10948,83
10,10949,38
10,10950,84
10,10951,121
10,10952,77
10,10953,121
10,10954,371
10,10955,134
10,10956,199
10,10957,70
10,10958,205
10,10959,64
10,10960,173
10,10961,96
10,10962,173
10,10963,128
10,10964,121
10,10965,77
10,10966,166
10,10967,217
10,10968,-25
10,10969,51
10,10970,115
10,10971,102
10,10972,198
10,10973,-32
10,10974,237
10,10975,153
10,10976,109
10,10977,19
10,10978,154
10,10979,77
10,10980,89
10,10981,57
10,10982,51
10,10983,102
10,10984,128
10,10985,793
10,10986,64
10,10987,441
10,10988,179
10,10989,109
10,10990,102
10,10991,122
10,10992,108
10,10993,77
10,10994,96
10,10995,58
10,10996,26
10,10997,89
10,10998,45
10,10999,115
10,11000,135
10,11001,96
10,11002,70
10,11003,89
10,11004,128
10,11005,352
10,11006,58
10,11007,115
10,11008,71
10,11009,96
10,11010,64
10,11011,76
10,11012,57
10,11013,121
10,11014,121
10,11015,160
10,11016,166
10,11017,109
10,11018,128
10,11019,167
10,11020,224
10,11021,211
10,11022,70
10,11023,172
10,11024,96
10,11025,32
10,11026,64
10,11027,64
10,11028,13
10,11029,58
10,11030,102
10,11031,76
10,11032,77
10,11033,90
10,11034,57
10,11035,115
10,11036,115
10,11037,58
10,11038,115
10,11039,70
10,11040,148
10,11041,90
10,11042,103
10,11043,109
10,11044,179
10,11045,134
10,11046,166
10,11047,160
10,11048,32
10,11049,77
10,11050,64
10,11051,96
10,11052,115
10,11053,102
10,11054,122
10,11055,109
10,11056,166
10,11057,128
10,11058,211
10,11059,333
10,11060,77
10,11061,102
10,11062,103
10,11063,84
10,11064,134
10,11065,109
10,11066,71
10,11067,154
10,11068,115
10,11069,90
10,11070,179
10,11071,90
10,11072,51
10,11073,109
10,11074,90
10,11075,122
10,11076,77
10,11077,51
10,11078,166
10,11079,147
10,11080,108
10,11081,64
10,11082,83
10,11083,108
10,11084,115
10,11085,58
10,11086,57
10,11087,115
10,11088,64
10,11089,51
10,11090,102
10,11091,211
10,11092,109
10,11093,70
10,11094,179
10,11095,128
10,11096,134
10,11097,32
10,11098,166
10,11099,115
10,11100,185
10,11101,102
10,11102,173
10,11103,115
10,11104,102
10,11105,96
10,11106,173
10,11107,71
10,11108,58
10,11109,57
10,11110,199
10,11111,121
10,11112,89
10,11113,109
10,11114,51
10,11115,128
10,11116,218
10,11117,-32
10,11118,180
10,11119,64
10,11120,115
10,11121,58
10,11122,103
10,11123,108
10,11124,70
10,11125,90
10,11126,89
10,11127,-26
10,11128,141
10,11129,103
10,11130,141
10,11131,154
10,11132,154
10,11133,135
10,11134,141
10,11135,115
10,11136,96
10,11137,102
10,11138,77
10,11139,39
10,11140,109
10,11141,51
10,11142,77
10,11143,-52
10,11144,148
10,11145,57
10,11146,250
10,11147,83
10,11148,166
10,11149,153
10,11150,32
10,11151,109
10,11152,192
10,11153,70
10,11154,109
10,11155,77
10,11156,160
10,11157,77
10,11158,128
10,11159,154
10,11160,76
10,11161,64
10,11162,122
10,11163,173
10,11164,115
10,11165,148
10,11166,160
10,11167,57
10,11168,122
10,11169,102
10,11170,109
10,11171,167
10,11172,211
10,11173,96
10,11174,71
10,11175,122
10,11176,135
10,11177,122
10,11178,51
10,11179,64
10,11180,77
10,11181,19
10,11182,103
10,11183,44
10,11184,365
10,11185,205
10,11186,103
10,11187,77
10,11188,121
10,11189,186
10,11190,26
10,11191,103
10,11192,179
10,11193,58
10,11194,121
10,11195,198
10,11196,153
10,11197,38
10,11198,90
10,11199,108
10,11200,-44
10,11201,153
10,11202,167
10,11203,134
10,11204,115
10,11205,115
10,11206,77
10,11207,160
10,11208,96
10,11209,70
10,11210,128
10,11211,64
10,11212,186
10,11213,39
10,11214,109
10,11215,51
10,11216,160
10,11217,147
10,11218,128
10,11219,108
10,11220,166
10,11221,58
10,11222,109
10,11223,122
10,11224,121
10,11225,128
10,11226,153
10,11227,57
10,11228,153
10,11229,70
10,11230,32
10,11231,153
10,11232,205
10,11233,89
10,11234,83
10,11235,90
10,11236,166
10,11237,89
10,11238,122
10,11239,115
10,11240,83
10,11241,57
10,11242,794
10,11243,166
10,11244,364
10,11245,121
10,11246,301
10,11247,166
10,11248,122
10,11249,172
10,11250,115
10,11251,90
10,11252,167
10,11253,314
10,11254,64
10,11255,128
10,11256,70
10,11257,77
10,11258,199
10,11259,140
10,11260,199
10,11261,57
10,11262,70
10,11263,205
10,11264,179
10,11265,269
10,11266,26
10,11267,64
10,11268,109
10,11269,64
10,11270,32
10,11271,70
10,11272,140
10,11273,90
10,11274,173
10,11275,212
10,11276,166
10,11277,58
10,11278,77
10,11279,167
10,11280,167
10,11281,51
10,11282,154
10,11283,148
10,11284,64
10,11285,160
10,11286,58
10,11287,71
10,11288,134
10,11289,160
10,11290,64
10,11291,103
10,11292,51
10,11293,102
10,11294,121
10,11295,378
10,11296,109
10,11297,39
10,11298,108
10,11299,109
10,11300,160
10,11301,51
10,11302,180
10,11303,109
10,11304,115
10,11305,64
10,11306,109
10,11307,90
10,11308,102
10,11309,109
10,11310,109
10,11311,244
10,11312,128
10,11313,70
10,11314,122
10,11315,71
10,11316,38
10,11317,77
10,11318,115
10,11319,173
10,11320,167
10,11321,45
10,11322,90
10,11323,115
10,11324,70
10,11325,77
10,11326,102
10,11327,102
10,11328,64
10,11329,109
10,11330,121
10,11331,154
10,11332,205
10,11333,109
10,11334,64
10,11335,102
10,11336,384
10,11337,115
10,11338,64
10,11339,77
10,11340,64
10,11341,90
10,11342,45
10,11343,141
10,11344,83
10,11345,39
10,11346,90
10,11347,102
10,11348,135
10,11349,-32
10,11350,128
10,11351,96
10,11352,166
10,11353,45
10,11354,57
10,11355,84
10,11356,58
10,11357,205
10,11358,378
10,11359,-71
10,11360,-38
10,11361,58
10,11362,102
10,11363,19
10,11364,71
10,11365,154
10,11366,64
10,11367,173
10,11368,153
10,11369,58
10,11370,167
10,11371,128
10,11372,134
10,11373,26
10,11374,64
10,11375,89
10,11376,71
10,11377,39
10,11378,122
10,11379,64
10,11380,-38
10,11381,134
10,11382,160
10,11383,64
10,11384,378
10,11385,-128
10,11386,147
10,11387,128
10,11388,103
10,11389,-38
10,11390,397
10,11391,122
10,11392,109
10,11393,77
10,11394,102
10,11395,64
10,11396,-38
10,11397,32
10,11398,-13
10,11399,103
10,11400,64
10,11401,211
10,11402,71
10,11403,90
10,11404,109
10,11405,57
10,11406,372
10,11407,115
10,11408,76
10,11409,45
10,11410,57
10,11411,64
10,11412,64
10,11413,45
10,11414,109
10,11415,70
10,11416,83
10,11417,109
10,11418,57
10,11419,141
10,11420,230
10,11421,64
10,11422,83
10,11423,58
10,11424,116
10,11425,57
10,11426,109
10,11427,115
10,11428,71
10,11429,96
10,11430,134
10,11431,128
10,11432,179
10,11433,64
10,11434,180
10,11435,275
10,11436,70
10,11437,122
10,11438,160
10,11439,128
10,11440,192
10,11441,51
10,11442,122
10,11443,70
10,11444,45
10,11445,58
10,11446,198
10,11447,128
10,11448,218
10,11449,173
10,11450,148
10,11451,89
10,11452,64
10,11453,64
10,11454,198
10,11455,96
10,11456,167
10,11457,147
10,11458,179
10,11459,32
10,11460,38
10,11461,154
10,11462,192
10,11463,103
10,11464,109
10,11465,147
10,11466,198
10,11467,83
10,11468,167
10,11469,39
10,11470,230
10,11471,83
10,11472,192
10,11473,122
10,11474,180
10,11475,96
10,11476,166
10,11477,76
10,11478,198
10,11479,103
10,11480,128
10,11481,45
10,11482,121
10,11483,147
10,11484,192
10,11485,102
10,11486,39
10,11487,160
10,11488,128
10,11489,51
10,11490,45
10,11491,71
10,11492,140
10,11493,64
10,11494,51
10,11495,121
10,11496,71
10,11497,826
10,11498,122
10,11499,768
10,11500,186
10,11501,71
10,11502,115
10,11503,128
10,11504,160
10,11505,103
10,11506,19
10,11507,154
10,11508,108
10,11509,71
10,11510,160
10,11511,103
10,11512,-38
10,11513,166
10,11514,128
10,11515,167
10,11516,58
10,11517,109
10,11518,135
10,11519,192
10,11520,64
10,11521,108
10,11522,115
10,11523,25
10,11524,153
10,11525,51
10,11526,57
10,11527,64
10,11528,83
10,11529,115
10,11530,147
10,11531,51
10,11532,173
10,11533,64
10,11534,64
10,11535,154
10,11536,173
10,11537,38
10,11538,58
10,11539,25
10,11540,45
10,11541,102
10,11542,83
10,11543,115
10,11544,83
10,11545,102
10,11546,166
10,11547,64
10,11548,256
10,11549,45
10,11550,160
10,11551,70
10,11552,121
10,11553,115
10,11554,128
10,11555,19
10,11556,-45
10,11557,109
10,11558,199
10,11559,57
10,11560,70
10,11561,-51
10,11562,115
10,11563,64
10,11564,83
10,11565,96
10,11566,109
10,11567,77
10,11568,153
10,11569,128
10,11570,141
10,11571,218
10,11572,154
10,11573,45
10,11574,115
10,11575,134
10,11576,141
10,11577,51
10,11578,51
10,11579,64
10,11580,26
10,11581,96
10,11582,64
10,11583,64
10,11584,173
10,11585,102
10,11586,102
10,11587,121
10,11588,180
10,11589,115
10,11590,307
10,11591,122
10,11592,167
10,11593,51
10,11594,147
10,11595,115
10,11596,96
10,11597,45
10,11598,58
10,11599,115
10,11600,57
10,11601,77
10,11602,51
10,11603,122
10,11604,83
10,11605,96
10,11606,32
10,11607,121
10,11608,103
10,11609,96
10,11610,70
10,11611,128
10,11612,128
10,11613,58
10,11614,140
10,11615,109
10,11616,121
10,11617,25
10,11618,167
10,11619,-64
10,11620,109
10,11621,32
10,11622,19
10,11623,-64
10,11624,198
10,11625,96
10,11626,179
10,11627,160
10,11628,167
10,11629,58
10,11630,211
10,11631,83
10,11632,70
10,11633,45
10,11634,160
10,11635,25
10,11636,128
10,11637,83
10,11638,102
10,11639,116
10,11640,89
10,11641,96
10,11642,115
10,11643,109
10,11644,83
10,11645,51
10,11646,64
10,11647,90
10,11648,154
10,11649,44
10,11650,-45
10,11651,76
10,11652,135
10,11653,77
10,11654,19
10,11655,116
10,11656,122
10,11657,64
10,11658,116
10,11659,153
10,11660,179
10,11661,32
10,11662,51
10,11663,115
10,11664,57
10,11665,57
10,11666,26
10,11667,103
10,11668,45
10,11669,77
10,11670,116
10,11671,121
10,11672,102
10,11673,45
10,11674,102
10,11675,122
10,11676,122
10,11677,45
10,11678,83
10,11679,365
10,11680,102
10,11681,64
10,11682,90
10,11683,180
10,11684,167
10,11685,83
10,11686,51
10,11687,90
10,11688,153
10,11689,32
10,11690,71
10,11691,51
10,11692,109
10,11693,108
10,11694,76
10,11695,70
10,11696,128
10,11697,108
10,11698,140
10,11699,109
10,11700,115
10,11701,51
10,11702,51
10,11703,167
10,11704,166
10,11705,26
10,11706,167
10,11707,154
10,11708,211
10,11709,44
10,11710,70
10,11711,217
10,11712,134
10,11713,166
10,11714,71
10,11715,166
10,11716,154
10,11717,314
10,11718,-52
10,11719,179
10,11720,115
10,11721,96
10,11722,58
10,11723,64
10,11724,12
10,11725,-6
10,11726,141
10,11727,115
10,11728,-38
10,11729,115
10,11730,102
10,11731,128
10,11732,122
10,11733,64
10,11734,103
10,11735,25
10,11736,116
10,11737,45
10,11738,365
10,11739,51
10,11740,160
10,11741,70
10,11742,13
10,11743,51
10,11744,108
10,11745,64
10,11746,84
10,11747,44
10,11748,147
10,11749,64
10,11750,32
10,11751,64
10,11752,135
10,11753,89
10,11754,812
10,11755,154
10,11756,128
10,11757,70
10,11758,109
10,11759,128
10,11760,192
10,11761,19
10,11762,96
10,11763,25
10,11764,128
10,11765,45
10,11766,160
10,11767,102
10,11768,160
10,11769,76
10,11770,141
10,11771,128
10,11772,160
10,11773,198
10,11774,346
10,11775,180
10,11776,160
10,11777,64
10,11778,115
10,11779,90
10,11780,115
10,11781,102
10,11782,109
10,11783,90
10,11784,160
10,11785,64
10,11786,198
10,11787,115
10,11788,173
10,11789,58
10,11790,192
10,11791,173
10,11792,140
10,11793,25
10,11794,122
10,11795,122
10,11796,122
10,11797,64
10,11798,115
10,11799,89
10,11800,116
10,11801,89
10,11802,211
10,11803,32
10,11804,-45
10,11805,38
10,11806,140
10,11807,-64
10,11808,186
10,11809,109
10,11810,64
10,11811,84
10,11812,58
10,11813,307
10,11814,135
10,11815,83
10,11816,154
10,11817,25
10,11818,19
10,11819,32
10,11820,70
10,11821,102
10,11822,109
10,11823,64
10,11824,102
10,11825,116
10,11826,115
10,11827,38
10,11828,173
10,11829,77
10,11830,84
10,11831,109
10,11832,148
10,11833,32
10,11834,26
10,11835,-64
10,11836,186
10,11837,109
10,11838,237
10,11839,205
10,11840,64
10,11841,134
10,11842,141
10,11843,147
10,11844,180
10,11845,147
10,11846,83
10,11847,128
10,11848,167
10,11849,64
10,11850,364
10,11851,84
10,11852,77
10,11853,39
10,11854,57
10,11855,76
10,11856,192
10,11857,71
10,11858,109
10,11859,224
10,11860,134
10,11861,64
10,11862,109
10,11863,211
10,11864,134
10,11865,64
10,11866,-39
10,11867,77
10,11868,108
10,11869,167
10,11870,58
10,11871,173
10,11872,141
10,11873,109
10,11874,108
10,11875,115
10,11876,90
10,11877,128
10,11878,19
10,11879,38
10,11880,128
10,11881,84
10,11882,121
10,11883,115
10,11884,121
10,11885,102
10,11886,211
10,11887,167
10,11888,122
10,11889,26
10,11890,96
10,11891,70
10,11892,128
10,11893,26
10,11894,64
10,11895,64
10,11896,64
10,11897,116
10,11898,147
10,11899,109
10,11900,198
10,11901,243
10,11902,172
10,11903,70
10,11904,109
10,11905,51
10,11906,128
10,11907,256
10,11908,64
10,11909,154
10,11910,19
10,11911,128
10,11912,76
10,11913,64
10,11914,134
10,11915,134
10,11916,77
10,11917,83
10,11918,25
10,11919,128
10,11920,153
10,11921,32
10,11922,45
10,11923,128
10,11924,141
10,11925,45
10,11926,173
10,11927,364
10,11928,52
10,11929,57
10,11930,109
10,11931,115
10,11932,263
10,11933,38
10,11934,173
10,11935,64
10,11936,58
10,11937,52
10,11938,102
10,11939,64
10,11940,109
10,11941,51
10,11942,179
10,11943,-26
10,11944,166
10,11945,103
10,11946,109
10,11947,109
10,11948,166
10,11949,64
10,11950,141
10,11951,115
10,11952,173
10,11953,51
10,11954,71
10,11955,141
10,11956,256
10,11957,147
10,11958,102
10,11959,70
10,11960,167
10,11961,64
10,11962,64
10,11963,153
10,11964,186
10,11965,147
10,11966,147
10,11967,135
10,11968,71
10,11969,96
10,11970,-32
10,11971,212
10,11972,45
10,11973,102
10,11974,141
10,11975,115
10,11976,173
10,11977,365
10,11978,154
10,11979,160
10,11980,84
10,11981,109
10,11982,294
10,11983,128
10,11984,154
10,11985,148
10,11986,57
10,11987,115
10,11988,102
10,11989,64
10,11990,122
10,11991,160
10,11992,141
10,11993,115
10,11994,154
10,11995,153
10,11996,179
10,11997,70
10,11998,173
10,11999,192
10,12000,141
10,12001,45
10,12002,90
10,12003,57
10,12004,135
10,12005,96
10,12006,84
10,12007,71
10,12008,115
10,12009,448
10,12010,51
10,12011,768
10,12012,166
10,12013,90
10,12014,134
10,12015,128
10,12016,199
10,12017,52
10,12018,25
10,12019,19
10,12020,71
10,12021,51
10,12022,109
10,12023,96
10,12024,167
10,12025,90
10,12026,64
10,12027,135
10,12028,115
10,12029,96
10,12030,173
10,12031,166
10,12032,58
10,12033,339
10,12034,64
10,12035,32
10,12036,52
10,12037,58
10,12038,166
10,12039,51
10,12040,109
10,12041,51
10,12042,90
10,12043,128
10,12044,121
10,12045,109
10,12046,115
10,12047,154
10,12048,102
10,12049,58
10,12050,70
10,12051,26
10,12052,25
10,12053,102
10,12054,102
10,12055,77
10,12056,26
10,12057,57
10,12058,71
10,12059,205
10,12060,64
10,12061,108
10,12062,70
10,12063,116
10,12064,237
10,12065,90
10,12066,173
10,12067,26
10,12068,70
10,12069,70
10,12070,167
10,12071,70
10,12072,83
10,12073,32
10,12074,70
10,12075,211
10,12076,96
10,12077,64
10,12078,230
10,12079,115
10,12080,160
10,12081,115
10,12082,102
10,12083,32
10,12084,167
10,12085,64
10,12086,153
10,12087,154
10,12088,147
10,12089,70
10,12090,64
10,12091,19
10,12092,115
10,12093,64
10,12094,192
10,12095,122
10,12096,116
10,12097,108
10,12098,128
10,12099,204
10,12100,135
10,12101,134
10,12102,90
10,12103,218
10,12104,154
10,12105,20
10,12106,103
10,12107,83
10,12108,71
10,12109,51
10,12110,19
10,12111,147
10,12112,199
10,12113,76
10,12114,90
10,12115,198
10,12116,173
10,12117,116
10,12118,135
10,12119,204
10,12120,102
10,12121,32
10,12122,102
10,12123,26
10,12124,167
10,12125,64
10,12126,166
10,12127,102
10,12128,64
10,12129,51
10,12130,141
10,12131,128
10,12132,122
10,12133,64
10,12134,83
10,12135,154
10,12136,84
10,12137,84
10,12138,45
10,12139,147
10,12140,140
10,12141,45
10,12142,51
10,12143,371
10,12144,128
10,12145,396
10,12146,20
10,12147,116
10,12148,32
10,12149,-26
10,12150,167
10,12151,115
10,12152,77
10,12153,64
10,12154,122
10,12155,396
10,12156,115
10,12157,64
10,12158,109
10,12159,109
10,12160,115
10,12161,51
10,12162,70
10,12163,51
10,12164,32
10,12165,38
10,12166,83
10,12167,64
10,12168,96
10,12169,102
10,12170,186
10,12171,90
10,12172,109
10,12173,51
10,12174,102
10,12175,64
10,12176,83
10,12177,-256
10,12178,-32
10,12179,185
10,12180,109
10,12181,57
10,12182,57
10,12183,84
10,12184,84
10,12185,128
10,12186,58
10,12187,160
10,12188,128
10,12189,108
10,12190,160
10,12191,141
10,12192,-38
10,12193,-26
10,12194,237
10,12195,128
10,12196,192
10,12197,115
10,12198,154
10,12199,121
10,12200,269
10,12201,70
10,12202,109
10,12203,128
10,12204,71
10,12205,51
10,12206,-230
10,12207,77
10,12208,51
10,12209,141
10,12210,109
10,12211,115
10,12212,160
10,12213,90
10,12214,45
10,12215,96
10,12216,166
10,12217,90
10,12218,103
10,12219,166
10,12220,116
10,12221,57
10,12222,64
10,12223,58
10,12224,218
10,12225,83
10,12226,173
10,12227,160
10,12228,147
10,12229,121
10,12230,199
10,12231,121
10,12232,154
10,12233,140
10,12234,122
10,12235,109
10,12236,122
10,12237,109
10,12238,365
10,12239,83
10,12240,173
10,12241,198
10,12242,212
10,12243,166
10,12244,186
10,12245,64
10,12246,263
10,12247,173
10,12248,147
10,12249,109
10,12250,192
10,12251,39
10,12252,185
10,12253,39
10,12254,365
10,12255,103
10,12256,167
10,12257,115
10,12258,71
10,12259,77
10,12260,58
10,12261,51
10,12262,64
10,12263,96
10,12264,358
10,12265,102
10,12266,787
10,12267,-45
10,12268,-32
10,12269,89
10,12270,263
10,12271,84
10,12272,212
10,12273,45
10,12274,51
10,12275,84
10,12276,70
10,12277,64
10,12278,26
10,12279,103
10,12280,102
10,12281,320
10,12282,205
10,12283,102
10,12284,128
10,12285,109
10,12286,160
10,12287,160
10,12288,231
10,12289,45
10,12290,77
10,12291,83
10,12292,83
10,12293,71
10,12294,76
10,12295,122
10,12296,147
10,12297,109
10,12298,77
10,12299,-45
10,12300,186
10,12301,134
10,12302,96
10,12303,147
10,12304,154
10,12305,57
10,12306,96
10,12307,153
10,12308,51
10,12309,-38
10,12310,109
10,12311,109
10,12312,115
10,12313,115
10,12314,58
10,12315,90
10,12316,102
10,12317,77
10,12318,121
10,12319,122
10,12320,64
10,12321,160
10,12322,135
10,12323,19
10,12324,364
10,12325,205
10,12326,90
10,12327,109
10,12328,89
10,12329,52
10,12330,25
10,12331,89
10,12332,115
10,12333,135
10,12334,173
10,12335,103
10,12336,58
10,12337,224
10,12338,135
10,12339,51
10,12340,115
10,12341,77
10,12342,211
10,12343,115
10,12344,64
10,12345,52
10,12346,64
10,12347,57
10,12348,108
10,12349,70
10,12350,134
10,12351,103
10,12352,102
10,12353,147
10,12354,205
10,12355,58
10,12356,148
10,12357,173
10,12358,204
10,12359,333
10,12360,185
10,12361,70
10,12362,-26
10,12363,77
10,12364,122
10,12365,204
10,12366,58
10,12367,102
10,12368,90
10,12369,147
10,12370,166
10,12371,313
10,12372,115
10,12373,84
10,12374,218
10,12375,109
10,12376,90
10,12377,108
10,12378,96
10,12379,186
10,12380,58
10,12381,38
10,12382,122
10,12383,102
10,12384,205
10,12385,70
10,12386,160
10,12387,-64
10,12388,218
10,12389,128
10,12390,109
10,12391,224
10,12392,115
10,12393,44
10,12394,115
10,12395,249
10,12396,224
10,12397,397
10,12398,204
10,12399,173
10,12400,52
10,12401,102
10,12402,90
10,12403,384
10,12404,64
10,12405,64
10,12406,199
10,12407,109
10,12408,148
10,12409,204
10,12410,166
10,12411,211
10,12412,224
10,12413,121
10,12414,198
10,12415,83
10,12416,70
10,12417,51
10,12418,115
10,12419,115
10,12420,122
10,12421,153
10,12422,140
10,12423,-64
10,12424,102
10,12425,109
10,12426,115
10,12427,96
10,12428,173
10,12429,45
10,12430,51
10,12431,77
10,12432,57
10,12433,52
10,12434,64
10,12435,102
10,12436,58
10,12437,58
10,12438,-275
10,12439,90
10,12440,109
10,12441,121
10,12442,141
10,12443,167
10,12444,122
10,12445,148
10,12446,89
10,12447,180
10,12448,141
10,12449,109
10,12450,102
10,12451,108
10,12452,45
10,12453,57
10,12454,173
10,12455,109
10,12456,185
10,12457,58
10,12458,166
10,12459,160
10,12460,167
10,12461,198
10,12462,166
10,12463,154
10,12464,115
10,12465,96
10,12466,102
10,12467,102
10,12468,115
10,12469,192
10,12470,180
10,12471,167
10,12472,122
10,12473,397
10,12474,160
10,12475,109
10,12476,166
10,12477,256
10,12478,224
10,12479,167
10,12480,154
10,12481,135
10,12482,185
10,12483,167
10,12484,166
10,12485,109
10,12486,96
10,12487,166
10,12488,179
10,12489,58
10,12490,83
10,12491,70
10,12492,211
10,12493,83
10,12494,26
10,12495,90
10,12496,96
10,12497,96
10,12498,32
10,12499,52
10,12500,89
10,12501,64
10,12502,397
10,12503,121
10,12504,64
10,12505,301
10,12506,76
10,12507,58
10,12508,148
10,12509,32
10,12510,154
10,12511,140
10,12512,-32
10,12513,134
10,12514,358
10,12515,57
10,12516,141
10,12517,70
10,12518,237
10,12519,64
10,12520,173
10,12521,826
10,12522,154
10,12523,761
10,12524,57
10,12525,70
10,12526,211
10,12527,199
10,12528,173
10,12529,51
10,12530,51
10,12531,160
10,12532,32
10,12533,211
10,12534,58
10,12535,179
10,12536,116
10,12537,115
10,12538,64
10,12539,192
10,12540,122
10,12541,90
10,12542,83
10,12543,167
10,12544,77
10,12545,51
10,12546,115
10,12547,12
10,12548,128
10,12549,57
10,12550,179
10,12551,76
10,12552,141
10,12553,38
10,12554,147
10,12555,102
10,12556,84
10,12557,-39
10,12558,70
10,12559,102
10,12560,192
10,12561,83
10,12562,64
10,12563,64
10,12564,51
10,12565,32
10,12566,116
10,12567,38
10,12568,96
10,12569,58
10,12570,64
10,12571,102
10,12572,51
10,12573,45
10,12574,173
10,12575,70
10,12576,77
10,12577,102
10,12578,115
10,12579,109
10,12580,96
10,12581,102
10,12582,96
10,12583,166
10,12584,198
10,12585,51
10,12586,58
10,12587,109
10,12588,217
10,12589,186
10,12590,115
10,12591,153
10,12592,70
10,12593,96
10,12594,173
10,12595,77
10,12596,173
10,12597,198
10,12598,70
10,12599,109
10,12600,140
10,12601,45
10,12602,167
10,12603,96
10,12604,64
10,12605,25
10,12606,237
10,12607,122
10,12608,45
10,12609,320
10,12610,160
10,12611,102
10,12612,83
10,12613,70
10,12614,166
10,12615,128
10,12616,39
10,12617,32
10,12618,173
10,12619,102
10,12620,102
10,12621,167
10,12622,84
10,12623,154
10,12624,-45
10,12625,134
10,12626,76
10,12627,147
10,12628,153
10,12629,57
10,12630,109
10,12631,199
10,12632,103
10,12633,147
10,12634,64
10,12635,51
10,12636,-39
10,12637,160
10,12638,64
10,12639,364
10,12640,39
10,12641,70
10,12642,128
10,12643,38
10,12644,121
10,12645,116
10,12646,224
10,12647,64
10,12648,64
10,12649,153
10,12650,134
10,12651,103
10,12652,-45
10,12653,77
10,12654,198
10,12655,77
10,12656,115
10,12657,64
10,12658,186
10,12659,57
10,12660,109
10,12661,160
10,12662,64
10,12663,121
10,12664,167
10,12665,109
10,12666,288
10,12667,167
10,12668,173
10,12669,116
10,12670,217
10,12671,263
10,12672,167
10,12673,89
10,12674,25
10,12675,70
10,12676,115
10,12677,141
10,12678,109
10,12679,70
10,12680,90
10,12681,109
10,12682,102
10,12683,153
10,12684,64
10,12685,109
10,12686,90
10,12687,102
10,12688,173
10,12689,-19
10,12690,77
10,12691,83
10,12692,71
10,12693,96
10,12694,64
10,12695,89
10,12696,90
10,12697,83
10,12698,179
10,12699,109
10,12700,71
10,12701,83
10,12702,96
10,12703,122
10,12704,115
10,12705,147
10,12706,141
10,12707,160
10,12708,212
10,12709,109
10,12710,32
10,12711,122
10,12712,218
10,12713,64
10,12714,64
10,12715,121
10,12716,96
10,12717,51
10,12718,83
10,12719,180
10,12720,57
10,12721,64
10,12722,96
10,12723,173
10,12724,77
10,12725,96
10,12726,198
10,12727,122
10,12728,141
10,12729,51
10,12730,96
10,12731,173
10,12732,160
10,12733,19
10,12734,-32
10,12735,115
10,12736,115
10,12737,160
10,12738,103
10,12739,128
10,12740,154
10,12741,109
10,12742,128
10,12743,173
10,12744,122
10,12745,64
10,12746,51
10,12747,51
10,12748,64
10,12749,96
10,12750,141
10,12751,51
10,12752,116
10,12753,70
10,12754,167
10,12755,147
10,12756,180
10,12757,32
10,12758,64
10,12759,83
10,12760,166
10,12761,358
10,12762,109
10,12763,57
10,12764,83
10,12765,64
10,12766,52
10,12767,135
10,12768,45
10,12769,58
10,12770,109
10,12771,26
10,12772,301
10,12773,51
10,12774,172
10,12775,122
10,12776,51
10,12777,71
10,12778,794
10,12779,84
10,12780,128
10,12781,166
10,12782,-32
10,12783,179
10,12784,103
10,12785,51
10,12786,154
10,12787,64
10,12788,147
10,12789,115
10,12790,51
10,12791,115
10,12792,218
10,12793,211
10,12794,-32
10,12795,192
10,12796,83
10,12797,71
10,12798,51
10,12799,243
10,12800,96
10,12801,38
10,12802,134
10,12803,314
10,12804,58
10,12805,57
10,12806,141
10,12807,115
10,12808,185
10,12809,102
10,12810,173
10,12811,121
10,12812,109
10,12813,51
10,12814,70
10,12815,122
10,12816,96
10,12817,26
10,12818,154
10,12819,122
10,12820,45
10,12821,122
10,12822,58
10,12823,358
10,12824,64
10,12825,-38
10,12826,90
10,12827,77
10,12828,218
10,12829,83
10,12830,160
10,12831,115
10,12832,166
10,12833,102
10,12834,102
10,12835,109
10,12836,115
10,12837,109
10,12838,180
10,12839,115
10,12840,-13
10,12841,76
10,12842,83
10,12843,109
10,12844,52
10,12845,38
10,12846,-19
10,12847,64
10,12848,147
10,12849,102
10,12850,173
10,12851,128
10,12852,211
10,12853,116
10,12854,230
10,12855,167
10,12856,173
10,12857,141
10,12858,-38
10,12859,243
10,12860,154
10,12861,135
10,12862,230
10,12863,70
10,12864,58
10,12865,64
10,12866,64
10,12867,237
10,12868,230
10,12869,51
10,12870,25
10,12871,211
10,12872,96
10,12873,51
10,12874,64
10,12875,77
10,12876,167
10,12877,199
10,12878,186
10,12879,108
10,12880,96
10,12881,77
10,12882,128
10,12883,160
10,12884,109
10,12885,70
10,12886,83
10,12887,116
10,12888,77
10,12889,58
10,12890,103
10,12891,71
10,12892,12
10,12893,51
10,12894,153
10,12895,122
10,12896,378
10,12897,185
10,12898,64
10,12899,64
10,12900,70
10,12901,102
10,12902,173
10,12903,250
10,12904,166
10,12905,153
10,12906,186
10,12907,76
10,12908,116
10,12909,186
10,12910,64
10,12911,256
10,12912,166
10,12913,89
10,12914,115
10,12915,96
10,12916,70
10,12917,230
10,12918,70
10,12919,71
10,12920,57
10,12921,52
10,12922,185
10,12923,179
10,12924,102
10,12925,39
10,12926,83
10,12927,32
10,12928,371
10,12929,64
10,12930,89
10,12931,134
10,12932,64
10,12933,58
10,12934,57
10,12935,64
10,12936,77
10,12937,147
10,12938,108
10,12939,115
10,12940,128
10,12941,51
10,12942,166
10,12943,160
10,12944,167
10,12945,-45
10,12946,160
10,12947,173
10,12948,109
10,12949,-32
10,12950,282
10,12951,154
10,12952,71
10,12953,128
10,12954,121
10,12955,109
10,12956,70
10,12957,45
10,12958,166
10,12959,160
10,12960,211
10,12961,83
10,12962,243
10,12963,109
10,12964,122
10,12965,58
10,12966,-45
10,12967,173
10,12968,166
10,12969,115
10,12970,77
10,12971,217
10,12972,263
10,12973,212
10,12974,147
10,12975,128
10,12976,64
10,12977,147
10,12978,64
10,12979,83
10,12980,96
10,12981,109
10,12982,224
10,12983,364
10,12984,71
10,12985,38
10,12986,109
10,12987,134
10,12988,172
10,12989,122
10,12990,179
10,12991,160
10,12992,153
10,12993,77
10,12994,108
10,12995,71
10,12996,102
10,12997,19
10,12998,192
10,12999,109
10,13000,32
10,13001,128
10,13002,166
10,13003,166
10,13004,134
10,13005,90
10,13006,173
10,13007,166
10,13008,64
10,13009,51
10,13010,45
10,13011,115
10,13012,51
10,13013,70
10,13014,205
10,13015,147
10,13016,58
10,13017,109
10,13018,173
10,13019,45
10,13020,116
10,13021,128
10,13022,32
10,13023,70
10,13024,32
10,13025,26
10,13026,109
10,13027,64
10,13028,45
10,13029,58
10,13030,109
10,13031,96
10,13032,57
10,13033,826
10,13034,103
10,13035,845
10,13036,211
10,13037,70
10,13038,115
10,13039,77
10,13040,122
10,13041,19
10,13042,52
10,13043,109
10,13044,58
10,13045,45
10,13046,26
10,13047,109
10,13048,51
10,13049,103
10,13050,32
10,13051,154
10,13052,141
10,13053,84
10,13054,108
10,13055,339
10,13056,147
10,13057,25
10,13058,90
10,13059,26
10,13060,96
10,13061,173
10,13062,26
10,13063,89
10,13064,109
10,13065,115
10,13066,167
10,13067,32
10,13068,-51
10,13069,76
10,13070,186
10,13071,154
10,13072,70
10,13073,26
10,13074,179
10,13075,103
10,13076,26
10,13077,102
10,13078,173
10,13079,102
10,13080,64
10,13081,51
10,13082,128
10,13083,109
10,13084,108
10,13085,57
10,13086,160
10,13087,25
10,13088,224
10,13089,96
10,13090,218
10,13091,153
10,13092,167
10,13093,96
10,13094,71
10,13095,109
10,13096,77
10,13097,89
10,13098,160
10,13099,-57
10,13100,-39
10,13101,77
10,13102,32
10,13103,166
10,13104,51
10,13105,57
10,13106,57
10,13107,102
10,13108,70
10,13109,102
10,13110,108
10,13111,122
10,13112,102
10,13113,45
10,13114,154
10,13115,64
10,13116,38
10,13117,57
10,13118,71
10,13119,90
10,13120,83
10,13121,148
10,13122,109
10,13123,128
10,13124,71
10,13125,109
10,13126,51
10,13127,173
10,13128,64
10,13129,115
10,13130,32
10,13131,58
10,13132,45
10,13133,-26
10,13134,154
10,13135,45
10,13136,217
10,13137,71
10,13138,128
10,13139,-198
10,13140,198
10,13141,108
10,13142,76
10,13143,115
10,13144,134
10,13145,39
10,13146,147
10,13147,77
10,13148,167
10,13149,58
10,13150,32
10,13151,64
10,13152,134
10,13153,45
10,13154,141
10,13155,58
10,13156,576
10,13157,166
10,13158,250
10,13159,218
10,13160,173
10,13161,180
10,13162,377
10,13163,256
10,13164,109
10,13165,135
10,13166,403
10,13167,115
10,13168,77
10,13169,39
10,13170,77
10,13171,83
10,13172,26
10,13173,51
10,13174,154
10,13175,58
10,13176,108
10,13177,76
10,13178,77
10,13179,-32
10,13180,45
10,13181,180
10,13182,224
10,13183,217
10,13184,186
10,13185,51
10,13186,218
10,13187,147
10,13188,186
10,13189,51
10,13190,166
10,13191,19
10,13192,64
10,13193,122
10,13194,160
10,13195,77
10,13196,121
10,13197,76
10,13198,192
10,13199,179
10,13200,160
10,13201,58
10,13202,134
10,13203,52
10,13204,84
10,13205,166
10,13206,13
10,13207,32
10,13208,83
10,13209,90
10,13210,-32
10,13211,192
10,13212,109
10,13213,218
10,13214,57
10,13215,-45
10,13216,186
10,13217,173
10,13218,262
10,13219,179
10,13220,243
10,13221,333
10,13222,250
10,13223,147
10,13224,102
10,13225,32
10,13226,58
10,13227,115
10,13228,57
10,13229,89
10,13230,77
10,13231,122
10,13232,64
10,13233,96
10,13234,116
10,13235,122
10,13236,71
10,13237,103
10,13238,166
10,13239,121
10,13240,218
10,13241,96
10,13242,96
10,13243,148
10,13244,122
10,13245,109
10,13246,71
10,13247,108
10,13248,83
10,13249,64
10,13250,102
10,13251,212
10,13252,160
10,13253,179
10,13254,154
10,13255,140
10,13256,109
10,13257,128
10,13258,51
10,13259,64
10,13260,70
10,13261,64
10,13262,58
10,13263,-51
10,13264,38
10,13265,115
10,13266,109
10,13267,256
10,13268,116
10,13269,96
10,13270,173
10,13271,71
10,13272,77
10,13273,89
10,13274,192
10,13275,300
10,13276,128
10,13277,77
10,13278,160
10,13279,51
10,13280,64
10,13281,45
10,13282,19
10,13283,333
10,13284,58
10,13285,26
10,13286,237
10,13287,83
10,13288,26
10,13289,397
10,13290,800
10,13291,70
10,13292,147
10,13293,-32
10,13294,128
10,13295,109
10,13296,109
10,13297,58
10,13298,115
10,13299,147
10,13300,71
10,13301,-25
10,13302,26
10,13303,121
10,13304,185
10,13305,102
10,13306,109
10,13307,102
10,13308,172
10,13309,135
10,13310,-308
10,13311,167
10,13312,116
10,13313,32
10,13314,25
10,13315,71
10,13316,32
10,13317,26
10,13318,52
10,13319,70
10,13320,96
10,13321,160
10,13322,-45
10,13323,108
10,13324,224
10,13325,52
10,13326,154
10,13327,102
10,13328,96
10,13329,57
10,13330,180
10,13331,102
10,13332,77
10,13333,52
10,13334,166
10,13335,51
10,13336,-32
10,13337,89
10,13338,64
10,13339,115
10,13340,71
10,13341,70
10,13342,167
10,13343,224
10,13344,192
10,13345,83
10,13346,122
10,13347,64
10,13348,32
10,13349,103
10,13350,45
10,13351,64
10,13352,218
10,13353,44
10,13354,52
10,13355,64
10,13356,32
10,13357,51
10,13358,57
10,13359,103
10,13360,96
10,13361,32
10,13362,70
10,13363,25
10,13364,58
10,13365,128
10,13366,58
10,13367,166
10,13368,115
10,13369,51
10,13370,173
10,13371,116
10,13372,115
10,13373,583
10,13374,96
10,13375,64
10,13376,109
10,13377,103
10,13378,-26
10,13379,154
10,13380,140
10,13381,76
10,13382,186
10,13383,109
10,13384,77
10,13385,25
10,13386,25
10,13387,153
10,13388,51
10,13389,84
10,13390,128
10,13391,64
10,13392,109
10,13393,186
10,13394,134
10,13395,115
10,13396,108
10,13397,83
10,13398,147
10,13399,-32
10,13400,109
10,13401,45
10,13402,38
10,13403,64
10,13404,45
10,13405,44
10,13406,32
10,13407,141
10,13408,83
10,13409,103
10,13410,410
10,13411,64
10,13412,96
10,13413,51
10,13414,378
10,13415,77
10,13416,135
10,13417,109
10,13418,109
10,13419,217
10,13420,160
10,13421,128
10,13422,211
10,13423,160
10,13424,-45
10,13425,115
10,13426,57
10,13427,70
10,13428,38
10,13429,135
10,13430,32
10,13431,160
10,13432,70
10,13433,103
10,13434,115
10,13435,102
10,13436,128
10,13437,108
10,13438,64
10,13439,115
10,13440,121
10,13441,249
10,13442,32
10,13443,192
10,13444,45
10,13445,52
10,13446,397
10,13447,19
10,13448,26
10,13449,103
10,13450,77
10,13451,160
10,13452,141
10,13453,64
10,13454,199
10,13455,109
10,13456,128
10,13457,58
10,13458,134
10,13459,121
10,13460,70
10,13461,199
10,13462,185
10,13463,76
10,13464,109
10,13465,64
10,13466,230
10,13467,57
10,13468,166
10,13469,115
10,13470,199
10,13471,141
10,13472,122
10,13473,44
10,13474,204
10,13475,96
10,13476,103
10,13477,58
10,13478,122
10,13479,109
10,13480,205
10,13481,102
10,13482,122
10,13483,128
10,13484,116
10,13485,102
10,13486,173
10,13487,109
10,13488,108
10,13489,38
10,13490,71
10,13491,70
10,13492,173
10,13493,45
10,13494,77
10,13495,128
10,13496,166
10,13497,77
10,13498,102
10,13499,115
10,13500,339
10,13501,109
10,13502,64
10,13503,25
10,13504,217
10,13505,90
10,13506,185
10,13507,121
10,13508,166
10,13509,64
10,13510,64
10,13511,160
10,13512,115
10,13513,57
10,13514,116
10,13515,231
10,13516,64
10,13517,71
10,13518,121
10,13519,13
10,13520,128
10,13521,333
10,13522,77
10,13523,45
10,13524,77
10,13525,364
10,13526,115
10,13527,102
10,13528,103
10,13529,109
10,13530,-64
10,13531,148
10,13532,109
10,13533,102
10,13534,70
10,13535,109
10,13536,167
10,13537,-6
10,13538,108
10,13539,19
10,13540,153
10,13541,32
10,13542,89
10,13543,140
10,13544,84
10,13545,800
10,13546,122
10,13547,768
10,13548,90
10,13549,109
10,13550,108
10,13551,64
10,13552,160
10,13553,96
10,13554,26
10,13555,77
10,13556,71
10,13557,147
10,13558,19
10,13559,128
10,13560,256
10,13561,109
10,13562,121
10,13563,179
10,13564,109
10,13565,147
10,13566,51
10,13567,167
10,13568,205
10,13569,45
10,13570,166
10,13571,64
10,13572,140
10,13573,147
10,13574,166
10,13575,154
10,13576,121
10,13577,96
10,13578,115
10,13579,-13
10,13580,128
10,13581,57
10,13582,403
10,13583,96
10,13584,109
10,13585,-7
10,13586,45
10,13587,45
10,13588,51
10,13589,70
10,13590,51
10,13591,147
10,13592,64
10,13593,307
10,13594,115
10,13595,134
10,13596,64
10,13597,115
10,13598,140
10,13599,-44
10,13600,71
10,13601,103
10,13602,64
10,13603,108
10,13604,154
10,13605,96
10,13606,166
10,13607,365
10,13608,340
10,13609,103
10,13610,71
10,13611,-64
10,13612,70
10,13613,90
10,13614,160
10,13615,76
10,13616,64
10,13617,-64
10,13618,205
10,13619,70
10,13620,84
10,13621,83
10,13622,96
10,13623,102
10,13624,154
10,13625,52
10,13626,84
10,13627,70
10,13628,121
10,13629,70
10,13630,147
10,13631,115
10,13632,-12
10,13633,135
10,13634,52
10,13635,141
10,13636,122
10,13637,148
10,13638,109
10,13639,154
10,13640,115
10,13641,390
10,13642,96
10,13643,77
10,13644,166
10,13645,77
10,13646,-12
10,13647,45
10,13648,89
10,13649,108
10,13650,172
10,13651,217
10,13652,141
10,13653,102
10,13654,58
10,13655,77
10,13656,384
10,13657,51
10,13658,-26
10,13659,147
10,13660,83
10,13661,51
10,13662,51
10,13663,96
10,13664,109
10,13665,51
10,13666,154
10,13667,115
10,13668,166
10,13669,64
10,13670,70
10,13671,160
10,13672,352
10,13673,371
10,13674,115
10,13675,148
10,13676,154
10,13677,333
10,13678,102
10,13679,109
10,13680,90
10,13681,83
10,13682,77
10,13683,166
10,13684,275
10,13685,77
10,13686,128
10,13687,167
10,13688,89
10,13689,109
10,13690,84
10,13691,173
10,13692,115
10,13693,57
10,13694,19
10,13695,154
10,13696,77
10,13697,45
10,13698,58
10,13699,141
10,13700,109
10,13701,20
10,13702,166
10,13703,-58
10,13704,77
10,13705,96
10,13706,167
10,13707,173
10,13708,128
10,13709,44
10,13710,96
10,13711,166
10,13712,109
10,13713,52
10,13714,64
10,13715,57
10,13716,51
10,13717,103
10,13718,77
10,13719,192
10,13720,122
10,13721,115
10,13722,166
10,13723,115
10,13724,128
10,13725,58
10,13726,45
10,13727,19
10,13728,109
10,13729,70
10,13730,89
10,13731,167
10,13732,141
10,13733,58
10,13734,115
10,13735,116
10,13736,116
10,13737,32
10,13738,90
10,13739,205
10,13740,77
10,13741,364
10,13742,57
10,13743,115
10,13744,167
10,13745,115
10,13746,172
10,13747,358
10,13748,173
10,13749,115
10,13750,365
10,13751,90
10,13752,134
10,13753,109
10,13754,128
10,13755,199
10,13756,58
10,13757,160
10,13758,134
10,13759,173
10,13760,58
10,13761,140
10,13762,64
10,13763,166
10,13764,173
10,13765,77
10,13766,128
10,13767,96
10,13768,89
10,13769,-38
10,13770,102
10,13771,89
10,13772,115
10,13773,51
10,13774,147
10,13775,51
10,13776,89
10,13777,121
10,13778,141
10,13779,121
10,13780,45
10,13781,64
10,13782,71
10,13783,109
10,13784,96
10,13785,51
10,13786,58
10,13787,179
10,13788,32
10,13789,-32
10,13790,128
10,13791,115
10,13792,64
10,13793,38
10,13794,77
10,13795,115
10,13796,58
10,13797,96
10,13798,192
10,13799,89
10,13800,70
10,13801,-25
10,13802,780
10,13803,135
10,13804,160
10,13805,-38
10,13806,128
10,13807,147
10,13808,83
10,13809,58
10,13810,71
10,13811,45
10,13812,121
10,13813,64
10,13814,26
10,13815,167
10,13816,198
10,13817,77
10,13818,116
10,13819,90
10,13820,89
10,13821,-6
10,13822,-45
10,13823,179
10,13824,128
10,13825,32
10,13826,109
10,13827,115
10,13828,64
10,13829,52
10,13830,403
10,13831,-32
10,13832,102
10,13833,-26
10,13834,180
10,13835,102
10,13836,134
10,13837,154
10,13838,192
10,13839,128
10,13840,109
10,13841,64
10,13842,115
10,13843,109
10,13844,58
10,13845,57
10,13846,160
10,13847,-39
10,13848,135
10,13849,96
10,13850,108
10,13851,205
10,13852,160
10,13853,96
10,13854,173
10,13855,121
10,13856,122
10,13857,122
10,13858,365
10,13859,-45
10,13860,128
10,13861,121
10,13862,364
10,13863,71
10,13864,141
10,13865,32
10,13866,64
10,13867,64
10,13868,102
10,13869,-141
10,13870,179
10,13871,90
10,13872,64
10,13873,-13
10,13874,256
10,13875,173
10,13876,205
10,13877,134
10,13878,167
10,13879,166
10,13880,90
10,13881,128
10,13882,84
10,13883,148
10,13884,122
10,13885,32
10,13886,167
10,13887,64
10,13888,64
10,13889,122
10,13890,135
10,13891,166
10,13892,167
10,13893,45
10,13894,205
10,13895,-32
10,13896,141
10,13897,64
10,13898,90
10,13899,89
10,13900,32
10,13901,45
10,13902,32
10,13903,70
10,13904,128
10,13905,64
10,13906,135
10,13907,57
10,13908,64
10,13909,64
10,13910,64
10,13911,211
10,13912,103
10,13913,102
10,13914,25
10,13915,115
10,13916,32
10,13917,96
10,13918,160
10,13919,160
10,13920,116
10,13921,-32
10,13922,70
10,13923,70
10,13924,57
10,13925,185
10,13926,147
10,13927,76
10,13928,115
10,13929,96
10,13930,160
10,13931,371
10,13932,166
10,13933,89
10,13934,57
10,13935,76
10,13936,84
10,13937,58
10,13938,199
10,13939,19
10,13940,77
10,13941,-58
10,13942,109
10,13943,148
10,13944,115
10,13945,77
10,13946,77
10,13947,147
10,13948,198
10,13949,70
10,13950,77
10,13951,320
10,13952,116
10,13953,58
10,13954,32
10,13955,154
10,13956,128
10,13957,64
10,13958,58
10,13959,64
10,13960,58
10,13961,109
10,13962,160
10,13963,160
10,13964,186
10,13965,109
10,13966,211
10,13967,-70
10,13968,128
10,13969,45
10,13970,115
10,13971,90
10,13972,122
10,13973,64
10,13974,102
10,13975,192
10,13976,26
10,13977,108
10,13978,108
10,13979,-26
10,13980,115
10,13981,147
10,13982,89
10,13983,160
10,13984,83
10,13985,122
10,13986,244
10,13987,102
10,13988,13
10,13989,51
10,13990,58
10,13991,90
10,13992,71
10,13993,71
10,13994,77
10,13995,109
10,13996,128
10,13997,57
10,13998,173
10,13999,205
10,14000,166
10,14001,90
10,14002,77
10,14003,205
10,14004,52
10,14005,160
10,14006,358
10,14007,128
10,14008,102
10,14009,166
10,14010,-64
10,14011,134
10,14012,115
10,14013,109
10,14014,128
10,14015,147
10,14016,70
10,14017,57
10,14018,160
10,14019,141
10,14020,71
10,14021,96
10,14022,96
10,14023,141
10,14024,199
10,14025,103
10,14026,160
10,14027,352
10,14028,160
10,14029,51
10,14030,211
10,14031,121
10,14032,122
10,14033,102
10,14034,186
10,14035,115
10,14036,70
10,14037,148
10,14038,147
10,14039,64
10,14040,71
10,14041,141
10,14042,205
10,14043,179
10,14044,109
10,14045,128
10,14046,192
10,14047,83
10,14048,77
10,14049,32
10,14050,96
10,14051,51
10,14052,51
10,14053,58
10,14054,45
10,14055,20
10,14056,134
10,14057,793
10,14058,71
10,14059,877
10,14060,128
10,14061,83
10,14062,90
10,14063,77
10,14064,167
10,14065,32
10,14066,64
10,14067,51
10,14068,64
10,14069,57
10,14070,103
10,14071,115
10,14072,58
10,14073,84
10,14074,167
10,14075,109
10,14076,154
10,14077,109
10,14078,205
10,14079,109
10,14080,237
10,14081,58
10,14082,-32
10,14083,45
10,14084,38
10,14085,77
10,14086,115
10,14087,89
10,14088,365
10,14089,103
10,14090,160
10,14091,102
10,14092,179
10,14093,198
10,14094,39
10,14095,83
10,14096,109
10,14097,26
10,14098,64
10,14099,77
10,14100,76
10,14101,51
10,14102,160
10,14103,96
10,14104,167
10,14105,109
10,14106,83
10,14107,84
10,14108,154
10,14109,51
10,14110,160
10,14111,102
10,14112,109
10,14113,121
10,14114,128
10,14115,179
10,14116,-44
10,14117,109
10,14118,108
10,14119,154
10,14120,128
10,14121,19
10,14122,135
10,14123,38
10,14124,57
10,14125,275
10,14126,71
10,14127,167
10,14128,140
10,14129,32
10,14130,128
10,14131,58
10,14132,102
10,14133,57
10,14134,160
10,14135,83
10,14136,77
10,14137,167
10,14138,-32
10,14139,147
10,14140,71
10,14141,128
10,14142,64
10,14143,96
10,14144,153
10,14145,166
10,14146,166
10,14147,167
10,14148,128
10,14149,115
10,14150,160
10,14151,364
10,14152,166
10,14153,179
10,14154,19
10,14155,57
10,14156,51
10,14157,26
10,14158,70
10,14159,102
10,14160,83
10,14161,58
10,14162,103
10,14163,77
10,14164,32
10,14165,109
10,14166,128
10,14167,128
10,14168,205
10,14169,121
10,14170,115
10,14171,160
10,14172,135
10,14173,70
10,14174,160
10,14175,135
10,14176,115
10,14177,51
10,14178,71
10,14179,64
10,14180,90
10,14181,51
10,14182,122
10,14183,57
10,14184,96
10,14185,51
10,14186,58
10,14187,89
10,14188,115
10,14189,365
10,14190,77
10,14191,122
10,14192,173
10,14193,-19
10,14194,90
10,14195,275
10,14196,102
10,14197,102
10,14198,122
10,14199,-38
10,14200,147
10,14201,70
10,14202,57
10,14203,103
10,14204,153
10,14205,115
10,14206,141
10,14207,103
10,14208,121
10,14209,76
10,14210,-205
10,14211,135
10,14212,64
10,14213,57
10,14214,64
10,14215,84
10,14216,102
10,14217,109
10,14218,173
10,14219,205
10,14220,109
10,14221,-51
10,14222,153
10,14223,140
10,14224,51
10,14225,84
10,14226,51
10,14227,115
10,14228,83
10,14229,83
10,14230,147
10,14231,90
10,14232,32
10,14233,96
10,14234,70
10,14235,141
10,14236,109
10,14237,70
10,14238,140
10,14239,122
10,14240,186
10,14241,32
10,14242,121
10,14243,128
10,14244,256
10,14245,102
10,14246,154
10,14247,-45
10,14248,108
10,14249,57
10,14250,52
10,14251,141
10,14252,83
10,14253,71
10,14254,160
10,14255,102
10,14256,84
10,14257,103
10,14258,89
10,14259,115
10,14260,108
10,14261,39
10,14262,77
10,14263,57
10,14264,102
10,14265,58
10,14266,108
10,14267,84
10,14268,172
10,14269,77
10,14270,39
10,14271,122
10,14272,58
10,14273,160
10,14274,134
10,14275,109
10,14276,249
10,14277,64
10,14278,96
10,14279,115
10,14280,167
10,14281,96
10,14282,109
10,14283,115
10,14284,70
10,14285,-38
10,14286,192
10,14287,192
10,14288,45
10,14289,102
10,14290,19
10,14291,167
10,14292,89
10,14293,140
10,14294,109
10,14295,70
10,14296,116
10,14297,89
10,14298,186
10,14299,90
10,14300,108
10,14301,141
10,14302,147
10,14303,64
10,14304,121
10,14305,77
10,14306,32
10,14307,96
10,14308,109
10,14309,218
10,14310,121
10,14311,122
10,14312,141
10,14313,135
10,14314,781
10,14315,77
10,14316,102
10,14317,115
10,14318,185
10,14319,128
10,14320,71
10,14321,128
10,14322,89
10,14323,-38
10,14324,90
10,14325,51
10,14326,-45
10,14327,77
10,14328,115
10,14329,108
10,14330,25
10,14331,237
10,14332,332
10,14333,115
10,14334,83
10,14335,64
10,14336,76
10,14337,96
10,14338,26
10,14339,64
10,14340,102
10,14341,96
10,14342,-38
10,14343,83
10,14344,83
10,14345,115
10,14346,121
10,14347,148
10,14348,135
10,14349,102
10,14350,70
10,14351,160
10,14352,-45
10,14353,89
10,14354,58
10,14355,103
10,14356,77
10,14357,109
10,14358,71
10,14359,115
10,14360,192
10,14361,90
10,14362,141
10,14363,147
10,14364,51
10,14365,96
10,14366,179
10,14367,147
10,14368,122
10,14369,153
10,14370,128
10,14371,70
10,14372,71
10,14373,109
10,14374,103
10,14375,102
10,14376,179
10,14377,90
10,14378,76
10,14379,102
10,14380,256
10,14381,38
10,14382,51
10,14383,128
10,14384,166
10,14385,135
10,14386,90
10,14387,116
10,14388,128
10,14389,153
10,14390,173
10,14391,122
10,14392,167
10,14393,32
10,14394,58
10,14395,121
10,14396,134
10,14397,52
10,14398,141
10,14399,141
10,14400,51
10,14401,96
10,14402,64
10,14403,141
10,14404,96
10,14405,102
10,14406,64
10,14407,128
10,14408,128
10,14409,25
10,14410,45
10,14411,89
10,14412,89
10,14413,147
10,14414,58
10,14415,102
10,14416,115
10,14417,89
10,14418,77
10,14419,199
10,14420,141
10,14421,71
10,14422,166
10,14423,116
10,14424,58
10,14425,-7
10,14426,19
10,14427,64
10,14428,70
10,14429,26
10,14430,199
10,14431,26
10,14432,128
10,14433,64
10,14434,109
10,14435,32
10,14436,204
10,14437,115
10,14438,70
10,14439,134
10,14440,25
10,14441,96
10,14442,128
10,14443,77
10,14444,147
10,14445,102
10,14446,19
10,14447,364
10,14448,122
10,14449,25
10,14450,160
10,14451,96
10,14452,26
10,14453,57
10,14454,198
10,14455,140
10,14456,378
10,14457,122
10,14458,115
10,14459,224
10,14460,109
10,14461,83
10,14462,372
10,14463,186
10,14464,218
10,14465,52
10,14466,64
10,14467,89
10,14468,115
10,14469,45
10,14470,57
10,14471,116
10,14472,83
10,14473,115
10,14474,167
10,14475,83
10,14476,103
10,14477,166
10,14478,166
10,14479,128
10,14480,128
10,14481,58
10,14482,160
10,14483,71
10,14484,-58
10,14485,-25
10,14486,83
10,14487,64
10,14488,83
10,14489,103
10,14490,160
10,14491,77
10,14492,96
10,14493,102
10,14494,103
10,14495,148
10,14496,173
10,14497,45
10,14498,148
10,14499,102
10,14500,-45
10,14501,333
10,14502,122
10,14503,51
10,14504,116
10,14505,70
10,14506,71
10,14507,84
10,14508,109
10,14509,109
10,14510,160
10,14511,109
10,14512,128
10,14513,77
10,14514,167
10,14515,71
10,14516,122
10,14517,90
10,14518,32
10,14519,32
10,14520,115
10,14521,-32
10,14522,147
10,14523,160
10,14524,102
10,14525,167
10,14526,96
10,14527,96
10,14528,71
10,14529,397
10,14530,102
10,14531,122
10,14532,83
10,14533,102
10,14534,147
10,14535,141
10,14536,147
10,14537,57
10,14538,76
10,14539,147
10,14540,122
10,14541,57
10,14542,205
10,14543,365
10,14544,115
10,14545,64
10,14546,32
10,14547,52
10,14548,77
10,14549,57
10,14550,166
10,14551,128
10,14552,38
10,14553,77
10,14554,57
10,14555,102
10,14556,70
10,14557,122
10,14558,153
10,14559,77
10,14560,128
10,14561,135
10,14562,84
10,14563,45
10,14564,102
10,14565,64
10,14566,128
10,14567,109
10,14568,6
10,14569,1107
10,14570,140
10,14571,774
10,14572,166
10,14573,128
10,14574,-32
10,14575,128
10,14576,128
10,14577,25
10,14578,102
10,14579,83
10,14580,167
10,14581,70
10,14582,26
10,14583,122
10,14584,70
10,14585,166
10,14586,121
10,14587,166
10,14588,103
10,14589,141
10,14590,218
10,14591,103
10,14592,64
10,14593,109
10,14594,102
10,14595,352
10,14596,115
10,14597,96
10,14598,192
10,14599,121
10,14600,83
10,14601,-32
10,14602,186
10,14603,57
10,14604,109
10,14605,57
10,14606,141
10,14607,64
10,14608,134
10,14609,26
10,14610,58
10,14611,135
10,14612,39
10,14613,90
10,14614,108
10,14615,-38
10,14616,115
10,14617,140
10,14618,96
10,14619,109
10,14620,77
10,14621,160
10,14622,-51
10,14623,166
10,14624,64
10,14625,70
10,14626,109
10,14627,198
10,14628,-45
10,14629,122
10,14630,166
10,14631,147
10,14632,-38
10,14633,83
10,14634,71
10,14635,64
10,14636,45
10,14637,57
10,14638,199
10,14639,256
10,14640,26
10,14641,58
10,14642,121
10,14643,128
10,14644,115
10,14645,77
10,14646,154
10,14647,320
10,14648,122
10,14649,90
10,14650,77
10,14651,77
10,14652,115
10,14653,19
10,14654,19
10,14655,58
10,14656,90
10,14657,115
10,14658,90
10,14659,173
10,14660,179
10,14661,38
10,14662,64
10,14663,160
10,14664,115
10,14665,90
10,14666,51
10,14667,96
10,14668,96
10,14669,262
10,14670,179
10,14671,89
10,14672,96
10,14673,64
10,14674,109
10,14675,-58
10,14676,185
10,14677,25
10,14678,166
10,14679,199
10,14680,154
10,14681,25
10,14682,25
10,14683,58
10,14684,167
10,14685,64
10,14686,173
10,14687,205
10,14688,186
10,14689,96
10,14690,109
10,14691,57
10,14692,70
10,14693,51
10,14694,173
10,14695,-45
10,14696,83
10,14697,64
10,14698,121
10,14699,128
10,14700,109
10,14701,-38
10,14702,256
10,14703,57
10,14704,147
10,14705,84
10,14706,64
10,14707,103
10,14708,64
10,14709,64
10,14710,90
10,14711,84
10,14712,115
10,14713,51
10,14714,173
10,14715,231
10,14716,121
10,14717,96
10,14718,76
10,14719,58
10,14720,77
10,14721,-19
10,14722,38
10,14723,90
10,14724,39
10,14725,32
10,14726,19
10,14727,44
10,14728,147
10,14729,103
10,14730,160
10,14731,173
10,14732,147
10,14733,45
10,14734,38
10,14735,115
10,14736,45
10,14737,32
10,14738,109
10,14739,173
10,14740,173
10,14741,512
10,14742,250
10,14743,57
10,14744,141
10,14745,109
10,14746,122
10,14747,109
10,14748,109
10,14749,51
10,14750,173
10,14751,70
10,14752,115
10,14753,154
10,14754,205
10,14755,-52
10,14756,141
10,14757,32
10,14758,211
10,14759,96
10,14760,128
10,14761,58
10,14762,153
10,14763,179
10,14764,51
10,14765,77
10,14766,38
10,14767,71
10,14768,89
10,14769,154
10,14770,179
10,14771,116
10,14772,128
10,14773,51
10,14774,90
10,14775,153
10,14776,77
10,14777,52
10,14778,64
10,14779,147
10,14780,77
10,14781,51
10,14782,128
10,14783,45
10,14784,64
10,14785,333
10,14786,77
10,14787,83
10,14788,108
10,14789,109
10,14790,64
10,14791,115
10,14792,45
10,14793,52
10,14794,52
10,14795,19
10,14796,44
10,14797,83
10,14798,25
10,14799,185
10,14800,57
10,14801,96
10,14802,13
10,14803,121
10,14804,83
10,14805,96
10,14806,166
10,14807,76
10,14808,84
10,14809,90
10,14810,58
10,14811,103
10,14812,76
10,14813,19
10,14814,89
10,14815,116
10,14816,58
10,14817,84
10,14818,109
10,14819,77
10,14820,38
10,14821,32
10,14822,39
10,14823,115
10,14824,102
10,14825,57
10,14826,780
10,14827,109
10,14828,128
10,14829,96
10,14830,211
10,14831,384
10,14832,147
10,14833,32
10,14834,102
10,14835,70
10,14836,71
10,14837,51
10,14838,147
10,14839,77
10,14840,109
10,14841,108
10,14842,167
10,14843,365
10,14844,160
10,14845,218
10,14846,153
10,14847,154
10,14848,-32
10,14849,45
10,14850,70
10,14851,77
10,14852,51
10,14853,26
10,14854,166
10,14855,116
10,14856,83
10,14857,58
10,14858,148
10,14859,115
10,14860,134
10,14861,141
10,14862,128
10,14863,147
10,14864,102
10,14865,-39
10,14866,51
10,14867,122
10,14868,-13
10,14869,-25
10,14870,77
10,14871,32
10,14872,44
10,14873,109
10,14874,154
10,14875,90
10,14876,77
10,14877,116
10,14878,192
10,14879,153
10,14880,135
10,14881,38
10,14882,102
10,14883,186
10,14884,116
10,14885,64
10,14886,77
10,14887,153
10,14888,147
10,14889,45
10,14890,109
10,14891,84
10,14892,26
10,14893,109
10,14894,154
10,14895,160
10,14896,45
10,14897,89
10,14898,77
10,14899,115
10,14900,167
10,14901,77
10,14902,64
10,14903,141
10,14904,199
10,14905,44
10,14906,160
10,14907,71
10,14908,96
10,14909,96
10,14910,96
10,14911,58
10,14912,77
10,14913,122
10,14914,77
10,14915,160
10,14916,204
10,14917,103
10,14918,64
10,14919,192
10,14920,179
10,14921,77
10,14922,180
10,14923,154
10,14924,167
10,14925,52
10,14926,45
10,14927,103
10,14928,38
10,14929,109
10,14930,64
10,14931,90
10,14932,64
10,14933,89
10,14934,179
10,14935,167
10,14936,179
10,14937,32
10,14938,263
10,14939,51
10,14940,115
10,14941,90
10,14942,147
10,14943,109
10,14944,103
10,14945,26
10,14946,52
10,14947,64
10,14948,83
10,14949,64
10,14950,102
10,14951,83
10,14952,45
10,14953,134
10,14954,-32
10,14955,128
10,14956,160
10,14957,154
10,14958,179
10,14959,83
10,14960,115
10,14961,96
10,14962,115
10,14963,77
10,14964,83
10,14965,51
10,14966,64
10,14967,19
10,14968,89
10,14969,51
10,14970,275
10,14971,147
10,14972,192
10,14973,70
10,14974,32
10,14975,64
10,14976,135
10,14977,160
10,14978,25
10,14979,45
10,14980,58
10,14981,52
10,14982,96
10,14983,64
10,14984,71
10,14985,96
10,14986,71
10,14987,128
10,14988,122
10,14989,71
10,14990,96
10,14991,115
10,14992,128
10,14993,32
10,14994,57
10,14995,64
10,14996,83
10,14997,51
10,14998,115
10,14999,128
10,15000,365
10,15001,397
10,15002,122
10,15003,128
10,15004,211
10,15005,-39
10,15006,96
10,15007,167
10,15008,70
10,15009,32
10,15010,77
10,15011,32
10,15012,64
10,15013,64
10,15014,179
10,15015,96
10,15016,64
10,15017,109
10,15018,64
10,15019,25
10,15020,115
10,15021,102
10,15022,211
10,15023,153
10,15024,166
10,15025,96
10,15026,109
10,15027,134
10,15028,45
10,15029,38
10,15030,57
10,15031,109
10,15032,76
10,15033,64
10,15034,77
10,15035,116
10,15036,121
10,15037,51
10,15038,301
10,15039,122
10,15040,84
10,15041,64
10,15042,109
10,15043,51
10,15044,109
10,15045,64
10,15046,64
10,15047,128
10,15048,269
10,15049,51
10,15050,134
10,15051,166
10,15052,121
10,15053,154
10,15054,128
10,15055,160
10,15056,135
10,15057,71
10,15058,84
10,15059,173
10,15060,122
10,15061,83
10,15062,172
10,15063,135
10,15064,-39
10,15065,51
10,15066,102
10,15067,70
10,15068,141
10,15069,109
10,15070,128
10,15071,102
10,15072,96
10,15073,51
10,15074,64
10,15075,71
10,15076,51
10,15077,57
10,15078,128
10,15079,262
10,15080,57
10,15081,787
10,15082,116
10,15083,781
10,15084,83
10,15085,314
10,15086,109
10,15087,122
10,15088,148
10,15089,154
10,15090,51
10,15091,-51
10,15092,96
10,15093,76
10,15094,32
10,15095,32
10,15096,160
10,15097,109
10,15098,116
10,15099,76
10,15100,166
10,15101,83
10,15102,102
10,15103,135
10,15104,71
10,15105,51
10,15106,314
10,15107,64
10,15108,58
10,15109,109
10,15110,51
10,15111,-64
10,15112,83
10,15113,51
10,15114,83
10,15115,141
10,15116,70
10,15117,64
10,15118,-32
10,15119,160
10,15120,128
10,15121,26
10,15122,102
10,15123,83
10,15124,51
10,15125,26
10,15126,90
10,15127,83
10,15128,102
10,15129,115
10,15130,51
10,15131,115
10,15132,263
10,15133,-38
10,15134,76
10,15135,269
10,15136,83
10,15137,116
10,15138,51
10,15139,89
10,15140,52
10,15141,32
10,15142,102
10,15143,83
10,15144,134
10,15145,147
10,15146,116
10,15147,211
10,15148,51
10,15149,102
10,15150,57
10,15151,38
10,15152,45
10,15153,58
10,15154,160
10,15155,51
10,15156,71
10,15157,71
10,15158,76
10,15159,128
10,15160,128
10,15161,26
10,15162,122
10,15163,64
10,15164,154
10,15165,38
10,15166,64
10,15167,160
10,15168,262
10,15169,70
10,15170,70
10,15171,135
10,15172,153
10,15173,109
10,15174,314
10,15175,160
10,15176,218
10,15177,45
10,15178,70
10,15179,109
10,15180,51
10,15181,83
10,15182,148
10,15183,70
10,15184,288
10,15185,90
10,15186,218
10,15187,109
10,15188,160
10,15189,96
10,15190,173
10,15191,134
10,15192,224
10,15193,96
10,15194,153
10,15195,166
10,15196,84
10,15197,160
10,15198,57
10,15199,173
10,15200,115
10,15201,102
10,15202,108
10,15203,-38
10,15204,115
10,15205,128
10,15206,90
10,15207,102
10,15208,108
10,15209,109
10,15210,115
10,15211,89
10,15212,275
10,15213,64
10,15214,121
10,15215,64
10,15216,173
10,15217,77
10,15218,160
10,15219,51
10,15220,109
10,15221,64
10,15222,-25
10,15223,154
10,15224,115
10,15225,103
10,15226,167
10,15227,167
10,15228,371
10,15229,58
10,15230,205
10,15231,115
10,15232,102
10,15233,-25
10,15234,96
10,15235,64
10,15236,71
10,15237,-32
10,15238,-77
10,15239,64
10,15240,128
10,15241,77
10,15242,122
10,15243,122
10,15244,122
10,15245,57
10,15246,102
10,15247,115
10,15248,83
10,15249,71
10,15250,-26
10,15251,128
10,15252,32
10,15253,45
10,15254,-32
10,15255,186
10,15256,115
10,15257,109
10,15258,90
10,15259,140
10,15260,403
10,15261,109
10,15262,128
10,15263,147
10,15264,167
10,15265,109
10,15266,-32
10,15267,128
10,15268,167
10,15269,103
10,15270,173
10,15271,128
10,15272,141
10,15273,45
10,15274,64
10,15275,288
10,15276,198
10,15277,109
10,15278,102
10,15279,71
10,15280,45
10,15281,89
10,15282,83
10,15283,128
10,15284,134
10,15285,84
10,15286,77
10,15287,116
10,15288,192
10,15289,26
10,15290,32
10,15291,57
10,15292,45
10,15293,58
10,15294,64
10,15295,320
10,15296,128
10,15297,128
10,15298,-52
10,15299,180
10,15300,147
10,15301,103
10,15302,147
10,15303,135
10,15304,179
10,15305,51
10,15306,154
10,15307,58
10,15308,128
10,15309,70
10,15310,64
10,15311,116
10,15312,-25
10,15313,70
10,15314,154
10,15315,160
10,15316,121
10,15317,115
10,15318,160
10,15319,154
10,15320,77
10,15321,70
10,15322,25
10,15323,71
10,15324,153
10,15325,121
10,15326,122
10,15327,217
10,15328,57
10,15329,109
10,15330,25
10,15331,103
10,15332,167
10,15333,-32
10,15334,32
10,15335,160
10,15336,276
10,15337,83
10,15338,826
10,15339,231
10,15340,173
10,15341,160
10,15342,192
10,15343,167
10,15344,160
10,15345,51
10,15346,147
10,15347,64
10,15348,128
10,15349,-51
10,15350,103
10,15351,57
10,15352,186
10,15353,51
10,15354,90
10,15355,108
10,15356,160
10,15357,83
10,15358,70
10,15359,160
10,15360,64
10,15361,51
10,15362,25
10,15363,51
10,15364,64
10,15365,121
10,15366,96
10,15367,76
10,15368,64
10,15369,340
10,15370,326
10,15371,122
10,15372,32
10,15373,77
10,15374,314
10,15375,153
10,15376,51
10,15377,51
10,15378,77
10,15379,102
10,15380,71
10,15381,154
10,15382,70
10,15383,70
10,15384,103
10,15385,76
10,15386,128
10,15387,90
10,15388,154
10,15389,76
10,15390,115
10,15391,90
10,15392,173
10,15393,77
10,15394,160
10,15395,102
10,15396,70
10,15397,64
10,15398,115
10,15399,121
10,15400,108
10,15401,58
10,15402,-45
10,15403,52
10,15404,26
10,15405,58
10,15406,83
10,15407,148
10,15408,160
10,15409,109
10,15410,115
10,15411,109
10,15412,64
10,15413,89
10,15414,205
10,15415,205
10,15416,128
10,15417,359
10,15418,109
10,15419,134
10,15420,96
10,15421,154
10,15422,320
10,15423,147
10,15424,109
10,15425,90
10,15426,77
10,15427,71
10,15428,89
10,15429,96
10,15430,115
10,15431,192
10,15432,109
10,15433,166
10,15434,301
10,15435,45
10,15436,-26
10,15437,186
10,15438,83
10,15439,166
10,15440,141
10,15441,45
10,15442,211
10,15443,122
10,15444,147
10,15445,102
10,15446,70
10,15447,84
10,15448,204
10,15449,45
10,15450,32
10,15451,26
10,15452,51
10,15453,153
10,15454,109
10,15455,89
10,15456,147
10,15457,109
10,15458,198
10,15459,109
10,15460,212
10,15461,198
10,15462,121
10,15463,121
10,15464,70
10,15465,364
10,15466,115
10,15467,269
10,15468,179
10,15469,52
10,15470,32
10,15471,224
10,15472,166
10,15473,140
10,15474,166
10,15475,173
10,15476,58
10,15477,90
10,15478,141
10,15479,64
10,15480,122
10,15481,102
10,15482,115
10,15483,57
10,15484,160
10,15485,64
10,15486,-192
10,15487,83
10,15488,147
10,15489,140
10,15490,70
10,15491,115
10,15492,-51
10,15493,25
10,15494,116
10,15495,64
10,15496,64
10,15497,102
10,15498,83
10,15499,116
10,15500,116
10,15501,147
10,15502,19
10,15503,58
10,15504,172
10,15505,51
10,15506,109
10,15507,339
10,15508,154
10,15509,51
10,15510,167
10,15511,173
10,15512,167
10,15513,90
10,15514,109
10,15515,116
10,15516,70
10,15517,102
10,15518,26
10,15519,115
10,15520,102
10,15521,-231
10,15522,45
10,15523,64
10,15524,128
10,15525,115
10,15526,51
10,15527,19
10,15528,121
10,15529,199
10,15530,116
10,15531,83
10,15532,77
10,15533,71
10,15534,44
10,15535,109
10,15536,141
10,15537,83
10,15538,102
10,15539,-32
10,15540,77
10,15541,84
10,15542,64
10,15543,160
10,15544,38
10,15545,70
10,15546,147
10,15547,141
10,15548,154
10,15549,147
10,15550,154
10,15551,192
10,15552,102
10,15553,51
10,15554,141
10,15555,64
10,15556,147
10,15557,51
10,15558,103
10,15559,76
10,15560,147
10,15561,64
10,15562,64
10,15563,102
10,15564,96
10,15565,19
10,15566,166
10,15567,141
10,15568,160
10,15569,45
10,15570,19
10,15571,109
10,15572,115
10,15573,77
10,15574,64
10,15575,32
10,15576,108
10,15577,109
10,15578,96
10,15579,58
10,15580,122
10,15581,89
10,15582,128
10,15583,269
10,15584,109
10,15585,64
10,15586,58
10,15587,-275
10,15588,70
10,15589,-7
10,15590,64
10,15591,-64
10,15592,44
10,15593,788
10,15594,108
10,15595,775
10,15596,116
10,15597,52
10,15598,160
10,15599,64
10,15600,179
10,15601,96
10,15602,108
10,15603,84
10,15604,173
10,15605,64
10,15606,58
10,15607,198
10,15608,160
10,15609,57
10,15610,128
10,15611,102
10,15612,103
10,15613,45
10,15614,102
10,15615,153
10,15616,116
10,15617,160
10,15618,371
10,15619,45
10,15620,51
10,15621,154
10,15622,89
10,15623,64
10,15624,109
10,15625,115
10,15626,70
10,15627,64
10,15628,70
10,15629,70
10,15630,84
10,15631,147
10,15632,121
10,15633,64
10,15634,90
10,15635,-64
10,15636,26
10,15637,58
10,15638,115
10,15639,70
10,15640,38
10,15641,64
10,15642,96
10,15643,77
10,15644,121
10,15645,64
10,15646,90
10,15647,166
10,15648,115
10,15649,128
10,15650,128
10,15651,160
10,15652,121
10,15653,217
10,15654,135
10,15655,121
10,15656,122
10,15657,39
10,15658,51
10,15659,96
10,15660,39
10,15661,109
10,15662,58
10,15663,179
10,15664,96
10,15665,204
10,15666,-19
10,15667,128
10,15668,128
10,15669,58
10,15670,64
10,15671,115
10,15672,109
10,15673,109
10,15674,90
10,15675,109
10,15676,122
10,15677,-32
10,15678,128
10,15679,70
10,15680,70
10,15681,141
10,15682,115
10,15683,160
10,15684,83
10,15685,64
10,15686,160
10,15687,115
10,15688,166
10,15689,38
10,15690,32
10,15691,39
10,15692,115
10,15693,19
10,15694,64
10,15695,58
10,15696,64
10,15697,-45
10,15698,128
10,15699,128
10,15700,128
10,15701,64
10,15702,90
10,15703,153
10,15704,122
10,15705,51
10,15706,166
10,15707,346
10,15708,115
10,15709,51
10,15710,25
10,15711,32
10,15712,57
10,15713,45
10,15714,84
10,15715,52
10,15716,44
10,15717,19
10,15718,90
10,15719,108
10,15720,109
10,15721,108
10,15722,148
10,15723,160
10,15724,160
10,15725,128
10,15726,96
10,15727,371
10,15728,109
10,15729,26
10,15730,-51
10,15731,122
10,15732,38
10,15733,-294
10,15734,77
10,15735,109
10,15736,58
10,15737,96
10,15738,70
10,15739,359
10,15740,140
10,15741,115
10,15742,90
10,15743,102
10,15744,32
10,15745,64
10,15746,154
10,15747,51
10,15748,173
10,15749,-32
10,15750,64
10,15751,71
10,15752,167
10,15753,90
10,15754,115
10,15755,198
10,15756,-45
10,15757,109
10,15758,96
10,15759,64
10,15760,205
10,15761,19
10,15762,160
10,15763,64
10,15764,51
10,15765,-26
10,15766,70
10,15767,83
10,15768,71
10,15769,102
10,15770,83
10,15771,192
10,15772,109
10,15773,134
10,15774,96
10,15775,275
10,15776,154
10,15777,58
10,15778,128
10,15779,198
10,15780,128
10,15781,116
10,15782,96
10,15783,115
10,15784,109
10,15785,58
10,15786,140
10,15787,160
10,15788,121
10,15789,135
10,15790,102
10,15791,365
10,15792,109
10,15793,179
10,15794,51
10,15795,160
10,15796,121
10,15797,109
10,15798,64
10,15799,109
10,15800,96
10,15801,77
10,15802,384
10,15803,115
10,15804,109
10,15805,52
10,15806,26
10,15807,102
10,15808,51
10,15809,122
10,15810,160
10,15811,160
10,15812,166
10,15813,38
10,15814,109
10,15815,26
10,15816,77
10,15817,103
10,15818,64
10,15819,115
10,15820,160
10,15821,51
10,15822,-26
10,15823,32
10,15824,-45
10,15825,52
10,15826,199
10,15827,115
10,15828,186
10,15829,84
10,15830,102
10,15831,103
10,15832,83
10,15833,51
10,15834,26
10,15835,90
10,15836,102
10,15837,102
10,15838,51
10,15839,64
10,15840,51
10,15841,-32
10,15842,148
10,15843,52
10,15844,19
10,15845,-25
10,15846,134
10,15847,141
10,15848,154
10,15849,160
10,15850,838
10,15851,-39
10,15852,141
10,15853,96
10,15854,371
10,15855,122
10,15856,77
10,15857,71
10,15858,122
10,15859,19
10,15860,102
10,15861,51
10,15862,77
10,15863,122
10,15864,185
10,15865,89
10,15866,70
10,15867,122
10,15868,128
10,15869,160
10,15870,262
10,15871,128
10,15872,122
10,15873,26
10,15874,57
10,15875,26
10,15876,134
10,15877,58
10,15878,64
10,15879,102
10,15880,32
10,15881,77
10,15882,26
10,15883,102
10,15884,166
10,15885,89
10,15886,70
10,15887,141
10,15888,173
10,15889,70
10,15890,89
10,15891,57
10,15892,102
10,15893,198
10,15894,160
10,15895,96
10,15896,71
10,15897,372
10,15898,172
10,15899,199
10,15900,147
10,15901,44
10,15902,-45
10,15903,198
10,15904,179
10,15905,58
10,15906,84
10,15907,205
10,15908,166
10,15909,212
10,15910,51
10,15911,115
10,15912,186
10,15913,45
10,15914,64
10,15915,77
10,15916,128
10,15917,77
10,15918,32
10,15919,109
10,15920,83
10,15921,141
10,15922,153
10,15923,96
10,15924,45
10,15925,115
10,15926,199
10,15927,116
10,15928,160
10,15929,70
10,15930,160
10,15931,70
10,15932,115
10,15933,57
10,15934,723
10,15935,96
10,15936,96
10,15937,70
10,15938,211
10,15939,346
10,15940,128
10,15941,116
10,15942,166
10,15943,614
10,15944,166
10,15945,282
10,15946,52
10,15947,96
10,15948,76
10,15949,52
10,15950,58
10,15951,64
10,15952,204
10,15953,102
10,15954,167
10,15955,148
10,15956,173
10,15957,90
10,15958,90
10,15959,140
10,15960,103
10,15961,25
10,15962,26
10,15963,32
10,15964,115
10,15965,38
10,15966,64
10,15967,179
10,15968,77
10,15969,45
10,15970,115
10,15971,128
10,15972,76
10,15973,-32
10,15974,109
10,15975,84
10,15976,173
10,15977,128
10,15978,204
10,15979,103
10,15980,96
10,15981,64
10,15982,211
10,15983,141
10,15984,96
10,15985,32
10,15986,166
10,15987,372
10,15988,52
10,15989,32
10,15990,180
10,15991,121
10,15992,109
10,15993,179
10,15994,141
10,15995,167
10,15996,217
10,15997,58
10,15998,173
10,15999,109
10,16000,-45
10,16001,102
10,16002,256
10,16003,116
10,16004,39
10,16005,96
10,16006,58
10,16007,109
10,16008,172
10,16009,64
10,16010,211
10,16011,115
10,16012,154
10,16013,64
10,16014,76
10,16015,51
10,16016,115
10,16017,32
10,16018,339
10,16019,38
10,16020,128
10,16021,39
10,16022,295
10,16023,102
10,16024,141
10,16025,89
10,16026,160
10,16027,166
10,16028,147
10,16029,83
10,16030,102
10,16031,116
10,16032,45
10,16033,25
10,16034,83
10,16035,109
10,16036,89
10,16037,44
10,16038,147
10,16039,96
10,16040,166
10,16041,231
10,16042,96
10,16043,115
10,16044,77
10,16045,295
10,16046,371
10,16047,115
10,16048,32
10,16049,58
10,16050,173
10,16051,166
10,16052,71
10,16053,109
10,16054,262
10,16055,153
10,16056,288
10,16057,275
10,16058,51
10,16059,160
10,16060,-26
10,16061,115
10,16062,83
10,16063,109
10,16064,-25
10,16065,-52
10,16066,135
10,16067,147
10,16068,109
10,16069,51
10,16070,160
10,16071,128
10,16072,70
10,16073,173
10,16074,77
10,16075,122
10,16076,166
10,16077,51
10,16078,70
10,16079,51
10,16080,115
10,16081,45
10,16082,26
10,16083,122
10,16084,58
10,16085,103
10,16086,-52
10,16087,128
10,16088,96
10,16089,231
10,16090,116
10,16091,147
10,16092,13
10,16093,141
10,16094,77
10,16095,256
10,16096,204
10,16097,32
10,16098,26
10,16099,38
10,16100,26
10,16101,77
10,16102,262
10,16103,83
10,16104,102
10,16105,794
10,16106,160
10,16107,774
10,16108,84
10,16109,58
10,16110,205
10,16111,128
10,16112,160
10,16113,77
10,16114,58
10,16115,19
10,16116,115
10,16117,83
10,16118,96
10,16119,-64
10,16120,122
10,16121,96
10,16122,115
10,16123,153
10,16124,102
10,16125,57
10,16126,102
10,16127,167
10,16128,-45
10,16129,70
10,16130,167
10,16131,-58
10,16132,135
10,16133,364
10,16134,102
10,16135,58
10,16136,70
10,16137,51
10,16138,96
10,16139,51
10,16140,179
10,16141,-250
10,16142,109
10,16143,167
10,16144,224
10,16145,77
10,16146,-32
10,16147,83
10,16148,51
10,16149,57
10,16150,51
10,16151,32
10,16152,26
10,16153,51
10,16154,109
10,16155,153
10,16156,141
10,16157,115
10,16158,109
10,16159,339
10,16160,378
10,16161,391
10,16162,148
10,16163,90
10,16164,116
10,16165,70
10,16166,-51
10,16167,166
10,16168,57
10,16169,147
10,16170,166
10,16171,115
10,16172,377
10,16173,51
10,16174,108
10,16175,45
10,16176,121
10,16177,135
10,16178,179
10,16179,90
10,16180,102
10,16181,358
10,16182,103
10,16183,122
10,16184,83
10,16185,25
10,16186,71
10,16187,371
10,16188,32
10,16189,70
10,16190,166
10,16191,352
10,16192,-44
10,16193,141
10,16194,140
10,16195,141
10,16196,218
10,16197,45
10,16198,167
10,16199,167
10,16200,160
10,16201,25
10,16202,51
10,16203,121
10,16204,141
10,16205,84
10,16206,128
10,16207,135
10,16208,-19
10,16209,96
10,16210,122
10,16211,160
10,16212,58
10,16213,96
10,16214,-51
10,16215,179
10,16216,186
10,16217,32
10,16218,160
10,16219,77
10,16220,32
10,16221,32
10,16222,51
10,16223,25
10,16224,64
10,16225,301
10,16226,19
10,16227,45
10,16228,115
10,16229,26
10,16230,122
10,16231,96
10,16232,45
10,16233,38
10,16234,116
10,16235,32
10,16236,160
10,16237,32
10,16238,134
10,16239,77
10,16240,128
10,16241,-58
10,16242,115
10,16243,44
10,16244,89
10,16245,102
10,16246,160
10,16247,96
10,16248,90
10,16249,128
10,16250,109
10,16251,109
10,16252,262
10,16253,52
10,16254,173
10,16255,115
10,16256,70
10,16257,51
10,16258,122
10,16259,51
10,16260,64
10,16261,32
10,16262,77
10,16263,64
10,16264,58
10,16265,89
10,16266,141
10,16267,64
10,16268,108
10,16269,83
10,16270,128
10,16271,64
10,16272,57
10,16273,32
10,16274,64
10,16275,64
10,16276,32
10,16277,57
10,16278,135
10,16279,147
10,16280,186
10,16281,25
10,16282,160
10,16283,57
10,16284,122
10,16285,352
10,16286,167
10,16287,154
10,16288,186
10,16289,192
10,16290,173
10,16291,160
10,16292,173
10,16293,71
10,16294,140
10,16295,166
10,16296,102
10,16297,160
10,16298,20
10,16299,121
10,16300,134
10,16301,64
10,16302,172
10,16303,-44
10,16304,173
10,16305,134
10,16306,90
10,16307,102
10,16308,140
10,16309,116
10,16310,167
10,16311,102
10,16312,179
10,16313,52
10,16314,64
10,16315,26
10,16316,128
10,16317,90
10,16318,199
10,16319,109
10,16320,76
10,16321,122
10,16322,198
10,16323,76
10,16324,166
10,16325,166
10,16326,141
10,16327,109
10,16328,70
10,16329,128
10,16330,-13
10,16331,128
10,16332,51
10,16333,160
10,16334,45
10,16335,103
10,16336,77
10,16337,102
10,16338,218
10,16339,115
10,16340,166
10,16341,102
10,16342,115
10,16343,403
10,16344,-38
10,16345,64
10,16346,102
10,16347,128
10,16348,199
10,16349,57
10,16350,77
10,16351,153
10,16352,96
10,16353,76
10,16354,121
10,16355,64
10,16356,96
10,16357,39
10,16358,167
10,16359,167
10,16360,90
10,16361,64
10,16362,794
10,16363,135
10,16364,205
10,16365,212
10,16366,218
10,16367,64
10,16368,141
10,16369,45
10,16370,83
10,16371,64
10,16372,160
10,16373,71
10,16374,205
10,16375,109
10,16376,13
10,16377,51
10,16378,122
10,16379,147
10,16380,166
10,16381,51
10,16382,70
10,16383,76
10,16384,154
10,16385,51
10,16386,32
10,16387,70
10,16388,109
10,16389,102
10,16390,102
10,16391,160
10,16392,77
10,16393,90
10,16394,147
10,16395,83
10,16396,57
10,16397,153
10,16398,153
10,16399,166
10,16400,108
10,16401,45
10,16402,115
10,16403,122
10,16404,83
10,16405,51
10,16406,103
10,16407,96
10,16408,115
10,16409,38
10,16410,147
10,16411,121
10,16412,115
10,16413,58
10,16414,116
10,16415,102
10,16416,96
10,16417,70
10,16418,70
10,16419,141
10,16420,160
10,16421,109
10,16422,205
10,16423,90
10,16424,192
10,16425,-32
10,16426,134
10,16427,121
10,16428,166
10,16429,76
10,16430,160
10,16431,64
10,16432,89
10,16433,84
10,16434,141
10,16435,167
10,16436,115
10,16437,135
10,16438,121
10,16439,90
10,16440,115
10,16441,109
10,16442,64
10,16443,128
10,16444,64
10,16445,96
10,16446,180
10,16447,57
10,16448,77
10,16449,71
10,16450,64
10,16451,115
10,16452,115
10,16453,103
10,16454,237
10,16455,141
10,16456,77
10,16457,51
10,16458,116
10,16459,58
10,16460,77
10,16461,45
10,16462,77
10,16463,160
10,16464,173
10,16465,90
10,16466,166
10,16467,64
10,16468,-12
10,16469,83
10,16470,83
10,16471,243
10,16472,103
10,16473,38
10,16474,58
10,16475,70
10,16476,128
10,16477,77
10,16478,109
10,16479,96
10,16480,192
10,16481,115
10,16482,103
10,16483,167
10,16484,38
10,16485,64
10,16486,32
10,16487,186
10,16488,122
10,16489,115
10,16490,96
10,16491,135
10,16492,141
10,16493,32
10,16494,211
10,16495,96
10,16496,90
10,16497,77
10,16498,122
10,16499,64
10,16500,199
10,16501,52
10,16502,109
10,16503,109
10,16504,148
10,16505,96
10,16506,115
10,16507,166
10,16508,179
10,16509,115
10,16510,160
10,16511,96
10,16512,109
10,16513,109
10,16514,70
10,16515,70
10,16516,25
10,16517,90
10,16518,64
10,16519,103
10,16520,96
10,16521,71
10,16522,154
10,16523,135
10,16524,108
10,16525,45
10,16526,25
10,16527,76
10,16528,77
10,16529,64
10,16530,179
10,16531,83
10,16532,115
10,16533,89
10,16534,141
10,16535,109
10,16536,71
10,16537,64
10,16538,160
10,16539,211
10,16540,128
10,16541,154
10,16542,167
10,16543,83
10,16544,153
10,16545,-13
10,16546,77
10,16547,58
10,16548,90
10,16549,64
10,16550,205
10,16551,96
10,16552,121
10,16553,64
10,16554,218
10,16555,115
10,16556,-25
10,16557,141
10,16558,198
10,16559,84
10,16560,115
10,16561,38
10,16562,90
10,16563,282
10,16564,64
10,16565,58
10,16566,211
10,16567,147
10,16568,77
10,16569,115
10,16570,83
10,16571,-39
10,16572,115
10,16573,84
10,16574,77
10,16575,-32
10,16576,346
10,16577,70
10,16578,128
10,16579,167
10,16580,70
10,16581,77
10,16582,179
10,16583,153
10,16584,211
10,16585,90
10,16586,199
10,16587,109
10,16588,83
10,16589,70
10,16590,250
10,16591,103
10,16592,109
10,16593,122
10,16594,390
10,16595,83
10,16596,90
10,16597,115
10,16598,326
10,16599,115
10,16600,77
10,16601,-64
10,16602,45
10,16603,115
10,16604,134
10,16605,83
10,16606,121
10,16607,90
10,16608,320
10,16609,57
10,16610,70
10,16611,77
10,16612,109
10,16613,64
10,16614,115
10,16615,115
10,16616,121
10,16617,793
10,16618,116
10,16619,768
10,16620,166
10,16621,71
10,16622,160
10,16623,115
10,16624,103
10,16625,-6
10,16626,26
10,16627,121
10,16628,32
10,16629,102
10,16630,-64
10,16631,109
10,16632,89
10,16633,102
10,16634,128
10,16635,128
10,16636,-45
10,16637,224
10,16638,160
10,16639,122
10,16640,192
10,16641,71
10,16642,-45
10,16643,128
10,16644,115
10,16645,358
10,16646,160
10,16647,109
10,16648,109
10,16649,-205
10,16650,128
10,16651,96
10,16652,-38
10,16653,51
10,16654,52
10,16655,166
10,16656,141
10,16657,51
10,16658,13
10,16659,25
10,16660,115
10,16661,-26
10,16662,103
10,16663,160
10,16664,51
10,16665,96
10,16666,352
10,16667,-12
10,16668,122
10,16669,96
10,16670,160
10,16671,199
10,16672,70
10,16673,64
10,16674,121
10,16675,109
10,16676,166
10,16677,134
10,16678,77
10,16679,115
10,16680,121
10,16681,52
10,16682,19
10,16683,102
10,16684,57
10,16685,89
10,16686,147
10,16687,96
10,16688,128
10,16689,-51
10,16690,140
10,16691,115
10,16692,109
10,16693,198
10,16694,115
10,16695,115
10,16696,121
10,16697,-25
10,16698,345
10,16699,103
10,16700,45
10,16701,51
10,16702,371
10,16703,32
10,16704,-32
10,16705,128
10,16706,166
10,16707,122
10,16708,121
10,16709,89
10,16710,115
10,16711,115
10,16712,115
10,16713,57
10,16714,166
10,16715,102
10,16716,26
10,16717,70
10,16718,26
10,16719,-64
10,16720,134
10,16721,51
10,16722,115
10,16723,109
10,16724,148
10,16725,77
10,16726,173
10,16727,173
10,16728,83
10,16729,58
10,16730,38
10,16731,-44
10,16732,90
10,16733,147
10,16734,313
10,16735,173
10,16736,77
10,16737,58
10,16738,96
10,16739,109
10,16740,166
10,16741,-38
10,16742,134
10,16743,160
10,16744,167
10,16745,90
10,16746,153
10,16747,108
10,16748,147
10,16749,57
10,16750,103
10,16751,109
10,16752,147
10,16753,57
10,16754,64
10,16755,89
10,16756,64
10,16757,83
10,16758,103
10,16759,198
10,16760,77
10,16761,128
10,16762,128
10,16763,211
10,16764,128
10,16765,134
10,16766,58
10,16767,115
10,16768,102
10,16769,-7
10,16770,58
10,16771,173
10,16772,13
10,16773,71
10,16774,70
10,16775,102
10,16776,128
10,16777,141
10,16778,211
10,16779,122
10,16780,167
10,16781,64
10,16782,160
10,16783,141
10,16784,115
10,16785,57
10,16786,102
10,16787,83
10,16788,26
10,16789,89
10,16790,32
10,16791,115
10,16792,38
10,16793,231
10,16794,166
10,16795,167
10,16796,70
10,16797,51
10,16798,77
10,16799,192
10,16800,64
10,16801,51
10,16802,77
10,16803,122
10,16804,-45
10,16805,109
10,16806,83
10,16807,198
10,16808,122
10,16809,64
10,16810,160
10,16811,167
10,16812,115
10,16813,32
10,16814,64
10,16815,77
10,16816,109
10,16817,147
10,16818,115
10,16819,167
10,16820,371
10,16821,45
10,16822,166
10,16823,199
10,16824,167
10,16825,326
10,16826,160
10,16827,128
10,16828,128
10,16829,371
10,16830,180
10,16831,64
10,16832,64
10,16833,83
10,16834,173
10,16835,122
10,16836,115
10,16837,64
10,16838,160
10,16839,77
10,16840,115
10,16841,103
10,16842,64
10,16843,186
10,16844,64
10,16845,448
10,16846,58
10,16847,26
10,16848,141
10,16849,109
10,16850,122
10,16851,115
10,16852,109
10,16853,45
10,16854,116
10,16855,160
10,16856,77
10,16857,51
10,16858,83
10,16859,96
10,16860,147
10,16861,51
10,16862,121
10,16863,77
10,16864,70
10,16865,90
10,16866,89
10,16867,77
10,16868,64
10,16869,57
10,16870,160
10,16871,211
10,16872,26
10,16873,96
10,16874,781
10,16875,109
10,16876,115
10,16877,-51
10,16878,211
10,16879,122
10,16880,109
10,16881,64
10,16882,64
10,16883,102
10,16884,115
10,16885,64
10,16886,116
10,16887,84
10,16888,64
10,16889,58
10,16890,115
10,16891,160
10,16892,173
10,16893,103
10,16894,-250
10,16895,147
10,16896,173
10,16897,38
10,16898,115
10,16899,109
10,16900,-51
10,16901,58
10,16902,128
10,16903,-58
10,16904,71
10,16905,96
10,16906,160
10,16907,166
10,16908,116
10,16909,64
10,16910,109
10,16911,128
10,16912,32
10,16913,-7
10,16914,26
10,16915,-45
10,16916,58
10,16917,39
10,16918,76
10,16919,64
10,16920,57
10,16921,96
10,16922,160
10,16923,121
10,16924,167
10,16925,109
10,16926,147
10,16927,160
10,16928,103
10,16929,108
10,16930,179
10,16931,116
10,16932,102
10,16933,83
10,16934,205
10,16935,167
10,16936,103
10,16937,26
10,16938,103
10,16939,128
10,16940,160
10,16941,-70
10,16942,102
10,16943,116
10,16944,58
10,16945,153
10,16946,77
10,16947,32
10,16948,51
10,16949,140
10,16950,173
10,16951,-51
10,16952,77
10,16953,-20
10,16954,141
10,16955,51
10,16956,141
10,16957,96
10,16958,141
10,16959,160
10,16960,148
10,16961,44
10,16962,173
10,16963,52
10,16964,160
10,16965,70
10,16966,115
10,16967,-57
10,16968,166
10,16969,-32
10,16970,57
10,16971,166
10,16972,185
10,16973,32
10,16974,71
10,16975,102
10,16976,122
10,16977,96
10,16978,64
10,16979,122
10,16980,83
10,16981,58
10,16982,115
10,16983,153
10,16984,217
10,16985,25
10,16986,134
10,16987,116
10,16988,38
10,16989,45
10,16990,135
10,16991,71
10,16992,64
10,16993,44
10,16994,57
10,16995,77
10,16996,96
10,16997,57
10,16998,89
10,16999,71
10,17000,76
10,17001,64
10,17002,84
10,17003,102
10,17004,-39
10,17005,77
10,17006,57
10,17007,116
10,17008,192
10,17009,39
10,17010,160
10,17011,51
10,17012,211
10,17013,58
10,17014,160
10,17015,115
10,17016,103
10,17017,109
10,17018,134
10,17019,115
10,17020,115
10,17021,64
10,17022,173
10,17023,352
10,17024,51
10,17025,121
10,17026,51
10,17027,71
10,17028,103
10,17029,90
10,17030,57
10,17031,102
10,17032,96
10,17033,109
10,17034,89
10,17035,166
10,17036,122
10,17037,141
10,17038,32
10,17039,116
10,17040,121
10,17041,38
10,17042,70
10,17043,25
10,17044,121
10,17045,45
10,17046,153
10,17047,103
10,17048,77
10,17049,140
10,17050,378
10,17051,109
10,17052,77
10,17053,90
10,17054,269
10,17055,153
10,17056,128
10,17057,96
10,17058,160
10,17059,70
10,17060,103
10,17061,109
10,17062,84
10,17063,109
10,17064,96
10,17065,141
10,17066,77
10,17067,122
10,17068,96
10,17069,135
10,17070,-26
10,17071,166
10,17072,115
10,17073,134
10,17074,148
10,17075,128
10,17076,108
10,17077,172
10,17078,173
10,17079,122
10,17080,58
10,17081,52
10,17082,25
10,17083,32
10,17084,173
10,17085,128
10,17086,134
10,17087,108
10,17088,339
10,17089,64
10,17090,64
10,17091,51
10,17092,115
10,17093,58
10,17094,128
10,17095,116
10,17096,186
10,17097,57
10,17098,134
10,17099,135
10,17100,45
10,17101,57
10,17102,115
10,17103,134
10,17104,58
10,17105,39
10,17106,77
10,17107,96
10,17108,102
10,17109,160
10,17110,211
10,17111,77
10,17112,70
10,17113,140
10,17114,179
10,17115,115
10,17116,205
10,17117,115
10,17118,-52
10,17119,108
10,17120,96
10,17121,-32
10,17122,90
10,17123,108
10,17124,25
10,17125,52
10,17126,19
10,17127,77
10,17128,166
10,17129,832
10,17130,192
10,17131,793
10,17132,154
10,17133,51
10,17134,122
10,17135,166
10,17136,102
10,17137,25
10,17138,122
10,17139,32
10,17140,147
10,17141,44
10,17142,26
10,17143,77
10,17144,51
10,17145,57
10,17146,148
10,17147,108
10,17148,147
10,17149,116
10,17150,83
10,17151,172
10,17152,116
10,17153,45
10,17154,26
10,17155,64
10,17156,115
10,17157,160
10,17158,185
10,17159,70
10,17160,122
10,17161,211
10,17162,378
10,17163,70
10,17164,108
10,17165,70
10,17166,205
10,17167,102
10,17168,64
10,17169,45
10,17170,44
10,17171,64
10,17172,32
10,17173,96
10,17174,70
10,17175,109
10,17176,96
10,17177,89
10,17178,83
10,17179,70
10,17180,115
10,17181,103
10,17182,166
10,17183,128
10,17184,109
10,17185,102
10,17186,102
10,17187,64
10,17188,128
10,17189,134
10,17190,218
10,17191,115
10,17192,70
10,17193,39
10,17194,96
10,17195,160
10,17196,103
10,17197,-13
10,17198,166
10,17199,77
10,17200,90
10,17201,83
10,17202,102
10,17203,288
10,17204,167
10,17205,57
10,17206,121
10,17207,128
10,17208,128
10,17209,-26
10,17210,58
10,17211,64
10,17212,57
10,17213,57
10,17214,103
10,17215,77
10,17216,103
10,17217,148
10,17218,96
10,17219,173
10,17220,154
10,17221,141
10,17222,115
10,17223,109
10,17224,128
10,17225,58
10,17226,77
10,17227,115
10,17228,103
10,17229,96
10,17230,179
10,17231,102
10,17232,166
10,17233,128
10,17234,205
10,17235,160
10,17236,140
10,17237,192
10,17238,38
10,17239,333
10,17240,199
10,17241,32
10,17242,26
10,17243,103
10,17244,108
10,17245,231
10,17246,58
10,17247,70
10,17248,77
10,17249,57
10,17250,64
10,17251,109
10,17252,58
10,17253,58
10,17254,90
10,17255,102
10,17256,58
10,17257,70
10,17258,134
10,17259,109
10,17260,192
10,17261,172
10,17262,89
10,17263,128
10,17264,167
10,17265,45
10,17266,109
10,17267,83
10,17268,45
10,17269,32
10,17270,19
10,17271,109
10,17272,109
10,17273,83
10,17274,115
10,17275,141
10,17276,172
10,17277,70
10,17278,199
10,17279,134
10,17280,103
10,17281,116
10,17282,64
10,17283,20
10,17284,-45
10,17285,77
10,17286,96
10,17287,51
10,17288,121
10,17289,263
10,17290,77
10,17291,121
10,17292,109
10,17293,64
10,17294,135
10,17295,122
10,17296,167
10,17297,52
10,17298,77
10,17299,51
10,17300,39
10,17301,109
10,17302,26
10,17303,71
10,17304,160
10,17305,-32
10,17306,109
10,17307,199
10,17308,160
10,17309,70
10,17310,122
10,17311,179
10,17312,128
10,17313,45
10,17314,128
10,17315,167
10,17316,160
10,17317,109
10,17318,57
10,17319,77
10,17320,166
10,17321,102
10,17322,-12
10,17323,134
10,17324,70
10,17325,44
10,17326,70
10,17327,70
10,17328,70
10,17329,102
10,17330,71
10,17331,160
10,17332,160
10,17333,90
10,17334,141
10,17335,90
10,17336,153
10,17337,51
10,17338,109
10,17339,115
10,17340,173
10,17341,57
10,17342,64
10,17343,109
10,17344,77
10,17345,103
10,17346,205
10,17347,205
10,17348,70
10,17349,71
10,17350,128
10,17351,352
10,17352,192
10,17353,38
10,17354,25
10,17355,64
10,17356,122
10,17357,167
10,17358,154
10,17359,115
10,17360,64
10,17361,109
10,17362,173
10,17363,371
10,17364,160
10,17365,51
10,17366,108
10,17367,77
10,17368,77
10,17369,-32
10,17370,77
10,17371,128
10,17372,135
10,17373,-19
10,17374,154
10,17375,121
10,17376,115
10,17377,77
10,17378,397
10,17379,115
10,17380,96
10,17381,64
10,17382,179
10,17383,173
10,17384,109
10,17385,96
10,17386,800
10,17387,109
10,17388,90
10,17389,58
10,17390,173
10,17391,115
10,17392,243
10,17393,45
10,17394,25
10,17395,51
10,17396,57
10,17397,32
10,17398,64
10,17399,76
10,17400,64
10,17401,83
10,17402,96
10,17403,205
10,17404,109
10,17405,51
10,17406,167
10,17407,231
10,17408,52
10,17409,51
10,17410,256
10,17411,-32
10,17412,83
10,17413,64
10,17414,172
10,17415,109
10,17416,108
10,17417,45
10,17418,103
10,17419,51
10,17420,326
10,17421,167
10,17422,204
10,17423,167
10,17424,166
10,17425,58
10,17426,26
10,17427,173
10,17428,64
10,17429,217
10,17430,121
10,17431,64
10,17432,160
10,17433,102
10,17434,102
10,17435,70
10,17436,173
10,17437,51
10,17438,218
10,17439,122
10,17440,141
10,17441,32
10,17442,128
10,17443,160
10,17444,256
10,17445,204
10,17446,167
10,17447,-51
10,17448,199
10,17449,352
10,17450,58
10,17451,70
10,17452,115
10,17453,51
10,17454,172
10,17455,115
10,17456,83
10,17457,90
10,17458,108
10,17459,109
10,17460,115
10,17461,102
10,17462,128
10,17463,166
10,17464,77
10,17465,70
10,17466,77
10,17467,102
10,17468,109
10,17469,96
10,17470,90
10,17471,109
10,17472,90
10,17473,116
10,17474,147
10,17475,141
10,17476,57
10,17477,301
10,17478,109
10,17479,115
10,17480,116
10,17481,45
10,17482,64
10,17483,160
10,17484,147
10,17485,51
10,17486,84
10,17487,192
10,17488,147
10,17489,38
10,17490,19
10,17491,116
10,17492,154
10,17493,205
10,17494,281
10,17495,109
10,17496,148
10,17497,45
10,17498,64
10,17499,58
10,17500,51
10,17501,45
10,17502,64
10,17503,378
10,17504,141
10,17505,-70
10,17506,128
10,17507,84
10,17508,70
10,17509,64
10,17510,83
10,17511,135
10,17512,102
10,17513,109
10,17514,160
10,17515,154
10,17516,121
10,17517,71
10,17518,83
10,17519,128
10,17520,166
10,17521,44
10,17522,121
10,17523,115
10,17524,115
10,17525,51
10,17526,64
10,17527,71
10,17528,109
10,17529,96
10,17530,70
10,17531,115
10,17532,103
10,17533,38
10,17534,-26
10,17535,84
10,17536,128
10,17537,77
10,17538,103
10,17539,83
10,17540,64
10,17541,44
10,17542,19
10,17543,116
10,17544,70
10,17545,77
10,17546,160
10,17547,167
10,17548,77
10,17549,109
10,17550,64
10,17551,-64
10,17552,121
10,17553,64
10,17554,109
10,17555,71
10,17556,199
10,17557,57
10,17558,109
10,17559,173
10,17560,51
10,17561,122
10,17562,115
10,17563,160
10,17564,103
10,17565,51
10,17566,173
10,17567,147
10,17568,52
10,17569,340
10,17570,71
10,17571,51
10,17572,71
10,17573,39
10,17574,167
10,17575,115
10,17576,109
10,17577,109
10,17578,108
10,17579,64
10,17580,115
10,17581,128
10,17582,128
10,17583,102
10,17584,83
10,17585,103
10,17586,160
10,17587,51
10,17588,58
10,17589,147
10,17590,64
10,17591,160
10,17592,147
10,17593,64
10,17594,121
10,17595,51
10,17596,135
10,17597,96
10,17598,57
10,17599,154
10,17600,153
10,17601,243
10,17602,134
10,17603,116
10,17604,90
10,17605,32
10,17606,121
10,17607,-45
10,17608,38
10,17609,51
10,17610,128
10,17611,185
10,17612,102
10,17613,64
10,17614,58
10,17615,57
10,17616,128
10,17617,339
10,17618,58
10,17619,58
10,17620,32
10,17621,83
10,17622,134
10,17623,51
10,17624,147
10,17625,39
10,17626,-52
10,17627,186
10,17628,153
10,17629,173
10,17630,147
10,17631,333
10,17632,121
10,17633,45
10,17634,39
10,17635,-32
10,17636,90
10,17637,141
10,17638,32
10,17639,147
10,17640,147
10,17641,781
10,17642,64
10,17643,979
10,17644,-32
10,17645,96
10,17646,192
10,17647,84
10,17648,77
10,17649,0
10,17650,64
10,17651,116
10,17652,26
10,17653,52
10,17654,70
10,17655,179
10,17656,198
10,17657,109
10,17658,371
10,17659,160
10,17660,192
10,17661,64
10,17662,64
10,17663,179
10,17664,64
10,17665,96
10,17666,122
10,17667,116
10,17668,108
10,17669,45
10,17670,147
10,17671,38
10,17672,51
10,17673,76
10,17674,-32
10,17675,140
10,17676,160
10,17677,121
10,17678,237
10,17679,269
10,17680,249
10,17681,38
10,17682,186
10,17683,115
10,17684,58
10,17685,122
10,17686,179
10,17687,103
10,17688,58
10,17689,70
10,17690,192
10,17691,166
10,17692,115
10,17693,109
10,17694,121
10,17695,122
10,17696,128
10,17697,154
10,17698,179
10,17699,167
10,17700,371
10,17701,160
10,17702,148
10,17703,358
10,17704,358
10,17705,96
10,17706,90
10,17707,122
10,17708,51
10,17709,38
10,17710,102
10,17711,147
10,17712,71
10,17713,70
10,17714,198
10,17715,281
10,17716,154
10,17717,83
10,17718,224
10,17719,128
10,17720,166
10,17721,122
10,17722,103
10,17723,103
10,17724,96
10,17725,51
10,17726,115
10,17727,26
10,17728,64
10,17729,141
10,17730,70
10,17731,148
10,17732,166
10,17733,90
10,17734,122
10,17735,365
10,17736,116
10,17737,57
10,17738,-39
10,17739,160
10,17740,70
10,17741,45
10,17742,96
10,17743,96
10,17744,109
10,17745,89
10,17746,109
10,17747,141
10,17748,109
10,17749,109
10,17750,192
10,17751,128
10,17752,167
10,17753,51
10,17754,83
10,17755,180
10,17756,89
10,17757,51
10,17758,141
10,17759,32
10,17760,122
10,17761,64
10,17762,83
10,17763,89
10,17764,70
10,17765,57
10,17766,102
10,17767,301
10,17768,160
10,17769,249
10,17770,141
10,17771,192
10,17772,275
10,17773,64
10,17774,-19
10,17775,134
10,17776,192
10,17777,51
10,17778,153
10,17779,153
10,17780,83
10,17781,45
10,17782,128
10,17783,90
10,17784,116
10,17785,147
10,17786,115
10,17787,160
10,17788,205
10,17789,-38
10,17790,96
10,17791,135
10,17792,71
10,17793,77
10,17794,83
10,17795,-115
10,17796,134
10,17797,51
10,17798,378
10,17799,134
10,17800,154
10,17801,103
10,17802,154
10,17803,160
10,17804,128
10,17805,39
10,17806,147
10,17807,90
10,17808,173
10,17809,84
10,17810,364
10,17811,96
10,17812,-51
10,17813,77
10,17814,166
10,17815,116
10,17816,128
10,17817,173
10,17818,109
10,17819,83
10,17820,102
10,17821,-58
10,17822,218
10,17823,121
10,17824,90
10,17825,108
10,17826,134
10,17827,116
10,17828,166
10,17829,58
10,17830,371
10,17831,115
10,17832,109
10,17833,45
10,17834,83
10,17835,96
10,17836,135
10,17837,32
10,17838,19
10,17839,122
10,17840,147
10,17841,109
10,17842,198
10,17843,128
10,17844,109
10,17845,102
10,17846,109
10,17847,103
10,17848,153
10,17849,32
10,17850,122
10,17851,122
10,17852,77
10,17853,32
10,17854,115
10,17855,64
10,17856,281
10,17857,199
10,17858,89
10,17859,128
10,17860,211
10,17861,96
10,17862,269
10,17863,84
10,17864,116
10,17865,115
10,17866,115
10,17867,109
10,17868,103
10,17869,71
10,17870,109
10,17871,166
10,17872,108
10,17873,166
10,17874,372
10,17875,135
10,17876,166
10,17877,51
10,17878,160
10,17879,83
10,17880,84
10,17881,45
10,17882,160
10,17883,26
10,17884,115
10,17885,-19
10,17886,141
10,17887,135
10,17888,58
10,17889,51
10,17890,167
10,17891,19
10,17892,89
10,17893,249
10,17894,71
10,17895,-32
10,17896,64
10,17897,83
10,17898,787
10,17899,102
10,17900,147
10,17901,109
10,17902,77
10,17903,108
10,17904,-51
10,17905,103
10,17906,58
10,17907,109
10,17908,121
10,17909,135
10,17910,102
10,17911,103
10,17912,122
10,17913,167
10,17914,205
10,17915,166
10,17916,147
10,17917,173
10,17918,198
10,17919,192
10,17920,83
10,17921,64
10,17922,19
10,17923,-244
10,17924,58
10,17925,160
10,17926,58
10,17927,26
10,17928,115
10,17929,198
10,17930,122
10,17931,102
10,17932,58
10,17933,70
10,17934,103
10,17935,116
10,17936,141
10,17937,70
10,17938,128
10,17939,44
10,17940,57
10,17941,166
10,17942,70
10,17943,148
10,17944,58
10,17945,115
10,17946,205
10,17947,122
10,17948,154
10,17949,180
10,17950,64
10,17951,154
10,17952,-51
10,17953,173
10,17954,115
10,17955,102
10,17956,212
10,17957,96
10,17958,-26
10,17959,179
10,17960,109
10,17961,32
10,17962,32
10,17963,70
10,17964,108
10,17965,-6
10,17966,108
10,17967,365
10,17968,154
10,17969,96
10,17970,128
10,17971,134
10,17972,45
10,17973,26
10,17974,115
10,17975,71
10,17976,173
10,17977,58
10,17978,173
10,17979,83
10,17980,25
10,17981,39
10,17982,70
10,17983,103
10,17984,-39
10,17985,70
10,17986,26
10,17987,128
10,17988,140
10,17989,64
10,17990,122
10,17991,160
10,17992,154
10,17993,108
10,17994,70
10,17995,-51
10,17996,76
10,17997,64
10,17998,192
10,17999,64
10,18000,32
10,18001,121
10,18002,109
10,18003,76
10,18004,378
10,18005,90
10,18006,122
10,18007,102
10,18008,109
10,18009,38
10,18010,58
10,18011,58
10,18012,71
10,18013,38
10,18014,371
10,18015,58
10,18016,115
10,18017,58
10,18018,58
10,18019,51
10,18020,58
10,18021,58
10,18022,26
10,18023,58
10,18024,115
10,18025,64
10,18026,109
10,18027,64
10,18028,83
10,18029,77
10,18030,26
10,18031,115
10,18032,153
10,18033,51
10,18034,135
10,18035,52
10,18036,-38
10,18037,128
10,18038,173
10,18039,45
10,18040,102
10,18041,77
10,18042,103
10,18043,153
10,18044,115
10,18045,71
10,18046,116
10,18047,128
10,18048,134
10,18049,39
10,18050,20
10,18051,90
10,18052,102
10,18053,64
10,18054,64
10,18055,51
10,18056,52
10,18057,102
10,18058,160
10,18059,166
10,18060,96
10,18061,76
10,18062,160
10,18063,115
10,18064,160
10,18065,58
10,18066,192
10,18067,26
10,18068,-52
10,18069,64
10,18070,314
10,18071,103
10,18072,-45
10,18073,173
10,18074,121
10,18075,198
10,18076,109
10,18077,160
10,18078,140
10,18079,147
10,18080,71
10,18081,256
10,18082,115
10,18083,64
10,18084,109
10,18085,128
10,18086,179
10,18087,135
10,18088,-38
10,18089,185
10,18090,83
10,18091,256
10,18092,199
10,18093,109
10,18094,166
10,18095,115
10,18096,147
10,18097,179
10,18098,160
10,18099,122
10,18100,166
10,18101,102
10,18102,173
10,18103,115
10,18104,122
10,18105,57
10,18106,256
10,18107,141
10,18108,58
10,18109,96
10,18110,250
10,18111,128
10,18112,71
10,18113,115
10,18114,103
10,18115,167
10,18116,154
10,18117,160
10,18118,205
10,18119,64
10,18120,102
10,18121,109
10,18122,77
10,18123,108
10,18124,160
10,18125,192
10,18126,243
10,18127,262
10,18128,167
10,18129,128
10,18130,121
10,18131,102
10,18132,166
10,18133,135
10,18134,52
10,18135,20
10,18136,83
10,18137,-32
10,18138,89
10,18139,294
10,18140,160
10,18141,166
10,18142,179
10,18143,198
10,18144,115
10,18145,103
10,18146,179
10,18147,32
10,18148,58
10,18149,58
10,18150,77
10,18151,166
10,18152,148
10,18153,762
10,18154,141
10,18155,768
10,18156,115
10,18157,51
10,18158,-38
10,18159,116
10,18160,160
10,18161,57
10,18162,58
10,18163,25
10,18164,71
10,18165,205
10,18166,109
10,18167,160
10,18168,115
10,18169,109
10,18170,205
10,18171,64
10,18172,122
10,18173,64
10,18174,237
10,18175,115
10,18176,116
10,18177,90
10,18178,147
10,18179,19
10,18180,77
10,18181,64
10,18182,109
10,18183,71
10,18184,90
10,18185,70
10,18186,96
10,18187,83
10,18188,128
10,18189,102
10,18190,121
10,18191,51
10,18192,58
10,18193,64
10,18194,71
10,18195,19
10,18196,-45
10,18197,57
10,18198,102
10,18199,147
10,18200,71
10,18201,-32
10,18202,122
10,18203,64
10,18204,160
10,18205,116
10,18206,64
10,18207,160
10,18208,51
10,18209,64
10,18210,135
10,18211,134
10,18212,167
10,18213,186
10,18214,173
10,18215,128
10,18216,96
10,18217,-38
10,18218,71
10,18219,109
10,18220,83
10,18221,71
10,18222,173
10,18223,90
10,18224,102
10,18225,121
10,18226,96
10,18227,57
10,18228,77
10,18229,108
10,18230,51
10,18231,154
10,18232,115
10,18233,51
10,18234,153
10,18235,32
10,18236,64
10,18237,45
10,18238,160
10,18239,70
10,18240,153
10,18241,58
10,18242,103
10,18243,128
10,18244,153
10,18245,109
10,18246,83
10,18247,128
10,18248,147
10,18249,32
10,18250,135
10,18251,51
10,18252,109
10,18253,-25
10,18254,160
10,18255,26
10,18256,45
10,18257,96
10,18258,76
10,18259,109
10,18260,141
10,18261,83
10,18262,96
10,18263,167
10,18264,211
10,18265,32
10,18266,25
10,18267,109
10,18268,121
10,18269,90
10,18270,45
10,18271,32
10,18272,77
10,18273,-32
10,18274,70
10,18275,19
10,18276,51
10,18277,102
10,18278,160
10,18279,52
10,18280,109
10,18281,96
10,18282,166
10,18283,109
10,18284,269
10,18285,32
10,18286,172
10,18287,57
10,18288,135
10,18289,45
10,18290,230
10,18291,51
10,18292,147
10,18293,58
10,18294,135
10,18295,140
10,18296,44
10,18297,51
10,18298,160
10,18299,166
10,18300,64
10,18301,70
10,18302,172
10,18303,167
10,18304,410
10,18305,359
10,18306,108
10,18307,102
10,18308,141
10,18309,83
10,18310,115
10,18311,109
10,18312,77
10,18313,160
10,18314,262
10,18315,96
10,18316,122
10,18317,51
10,18318,109
10,18319,154
10,18320,236
10,18321,109
10,18322,26
10,18323,83
10,18324,140
10,18325,70
10,18326,121
10,18327,51
10,18328,128
10,18329,83
10,18330,109
10,18331,160
10,18332,109
10,18333,90
10,18334,173
10,18335,211
10,18336,115
10,18337,76
10,18338,166
10,18339,109
10,18340,166
10,18341,70
10,18342,109
10,18343,83
10,18344,160
10,18345,153
10,18346,115
10,18347,116
10,18348,160
10,18349,51
10,18350,77
10,18351,83
10,18352,154
10,18353,96
10,18354,141
10,18355,154
10,18356,96
10,18357,102
10,18358,154
10,18359,173
10,18360,128
10,18361,51
10,18362,71
10,18363,179
10,18364,153
10,18365,45
10,18366,70
10,18367,115
10,18368,199
10,18369,102
10,18370,192
10,18371,115
10,18372,166
10,18373,109
10,18374,-32
10,18375,70
10,18376,154
10,18377,32
10,18378,116
10,18379,64
10,18380,122
10,18381,70
10,18382,122
10,18383,32
10,18384,141
10,18385,109
10,18386,-64
10,18387,243
10,18388,198
10,18389,-26
10,18390,122
10,18391,70
10,18392,57
10,18393,140
10,18394,76
10,18395,134
10,18396,941
10,18397,180
10,18398,64
10,18399,77
10,18400,108
10,18401,-32
10,18402,45
10,18403,186
10,18404,122
10,18405,58
10,18406,103
10,18407,160
10,18408,147
10,18409,179
10,18410,787
10,18411,115
10,18412,134
10,18413,109
10,18414,89
10,18415,160
10,18416,77
10,18417,51
10,18418,115
10,18419,64
10,18420,96
10,18421,-26
10,18422,179
10,18423,38
10,18424,83
10,18425,205
10,18426,64
10,18427,167
10,18428,115
10,18429,102
10,18430,-742
10,18431,173
10,18432,71
10,18433,32
10,18434,58
10,18435,70
10,18436,83
10,18437,51
10,18438,96
10,18439,83
10,18440,58
10,18441,96
10,18442,192
10,18443,109
10,18444,102
10,18445,58
10,18446,89
10,18447,147
10,18448,128
10,18449,77
10,18450,103
10,18451,134
10,18452,64
10,18453,32
10,18454,70
10,18455,32
10,18456,295
10,18457,45
10,18458,153
10,18459,372
10,18460,166
10,18461,45
10,18462,32
10,18463,122
10,18464,167
10,18465,122
10,18466,141
10,18467,64
10,18468,217
10,18469,-19
10,18470,109
10,18471,147
10,18472,108
10,18473,90
10,18474,90
10,18475,83
10,18476,39
10,18477,128
10,18478,352
10,18479,115
10,18480,121
10,18481,109
10,18482,116
10,18483,64
10,18484,64
10,18485,83
10,18486,205
10,18487,121
10,18488,96
10,18489,109
10,18490,90
10,18491,26
10,18492,58
10,18493,58
10,18494,109
10,18495,141
10,18496,102
10,18497,109
10,18498,122
10,18499,160
10,18500,179
10,18501,115
10,18502,128
10,18503,154
10,18504,147
10,18505,39
10,18506,71
10,18507,-64
10,18508,51
10,18509,58
10,18510,26
10,18511,64
10,18512,83
10,18513,160
10,18514,160
10,18515,90
10,18516,116
10,18517,58
10,18518,154
10,18519,160
10,18520,141
10,18521,58
10,18522,115
10,18523,160
10,18524,44
10,18525,109
10,18526,71
10,18527,51
10,18528,77
10,18529,108
10,18530,83
10,18531,128
10,18532,96
10,18533,51
10,18534,147
10,18535,128
10,18536,147
10,18537,102
10,18538,108
10,18539,167
10,18540,128
10,18541,115
10,18542,-45
10,18543,173
10,18544,128
10,18545,51
10,18546,128
10,18547,64
10,18548,134
10,18549,90
10,18550,192
10,18551,115
10,18552,-52
10,18553,64
10,18554,199
10,18555,109
10,18556,103
10,18557,166
10,18558,128
10,18559,102
10,18560,83
10,18561,115
10,18562,154
10,18563,76
10,18564,32
10,18565,109
10,18566,115
10,18567,-122
10,18568,167
10,18569,301
10,18570,250
10,18571,102
10,18572,109
10,18573,128
10,18574,167
10,18575,128
10,18576,102
10,18577,89
10,18578,121
10,18579,71
10,18580,109
10,18581,109
10,18582,64
10,18583,166
10,18584,173
10,18585,45
10,18586,192
10,18587,115
10,18588,180
10,18589,166
10,18590,173
10,18591,103
10,18592,122
10,18593,102
10,18594,134
10,18595,71
10,18596,109
10,18597,77
10,18598,180
10,18599,154
10,18600,377
10,18601,167
10,18602,217
10,18603,172
10,18604,166
10,18605,160
10,18606,243
10,18607,109
10,18608,172
10,18609,89
10,18610,115
10,18611,141
10,18612,403
10,18613,58
10,18614,179
10,18615,109
10,18616,70
10,18617,109
10,18618,269
10,18619,64
10,18620,58
10,18621,96
10,18622,71
10,18623,173
10,18624,83
10,18625,71
10,18626,153
10,18627,109
10,18628,179
10,18629,32
10,18630,115
10,18631,103
10,18632,364
10,18633,96
10,18634,199
10,18635,102
10,18636,89
10,18637,38
10,18638,224
10,18639,77
10,18640,96
10,18641,51
10,18642,70
10,18643,96
10,18644,199
10,18645,57
10,18646,204
10,18647,45
10,18648,64
10,18649,58
10,18650,77
10,18651,166
10,18652,160
10,18653,51
10,18654,160
10,18655,218
10,18656,57
10,18657,102
10,18658,141
10,18659,58
10,18660,122
10,18661,64
10,18662,365
10,18663,122
10,18664,128
10,18665,800
10,18666,199
10,18667,793
10,18668,64
10,18669,115
10,18670,12
10,18671,64
10,18672,122
10,18673,57
10,18674,51
10,18675,122
10,18676,153
10,18677,237
10,18678,333
10,18679,70
10,18680,64
10,18681,-51
10,18682,103
10,18683,121
10,18684,122
10,18685,-51
10,18686,211
10,18687,179
10,18688,154
10,18689,45
10,18690,64
10,18691,135
10,18692,-7
10,18693,57
10,18694,70
10,18695,19
10,18696,90
10,18697,77
10,18698,211
10,18699,166
10,18700,115
10,18701,128
10,18702,109
10,18703,179
10,18704,160
10,18705,32
10,18706,32
10,18707,96
10,18708,51
10,18709,51
10,18710,115
10,18711,160
10,18712,32
10,18713,115
10,18714,128
10,18715,134
10,18716,153
10,18717,108
10,18718,128
10,18719,192
10,18720,96
10,18721,96
10,18722,128
10,18723,51
10,18724,160
10,18725,218
10,18726,198
10,18727,115
10,18728,179
10,18729,57
10,18730,64
10,18731,57
10,18732,96
10,18733,58
10,18734,160
10,18735,83
10,18736,320
10,18737,58
10,18738,135
10,18739,172
10,18740,90
10,18741,26
10,18742,108
10,18743,77
10,18744,102
10,18745,39
10,18746,71
10,18747,84
10,18748,58
10,18749,51
10,18750,167
10,18751,115
10,18752,115
10,18753,70
10,18754,186
10,18755,167
10,18756,134
10,18757,76
10,18758,167
10,18759,153
10,18760,147
10,18761,71
10,18762,134
10,18763,38
10,18764,38
10,18765,64
10,18766,70
10,18767,96
10,18768,77
10,18769,64
10,18770,148
10,18771,224
10,18772,122
10,18773,89
10,18774,89
10,18775,134
10,18776,160
10,18777,51
10,18778,51
10,18779,115
10,18780,102
10,18781,45
10,18782,83
10,18783,198
10,18784,160
10,18785,77
10,18786,89
10,18787,103
10,18788,64
10,18789,256
10,18790,153
10,18791,141
10,18792,128
10,18793,96
10,18794,205
10,18795,327
10,18796,148
10,18797,51
10,18798,154
10,18799,90
10,18800,109
10,18801,64
10,18802,25
10,18803,70
10,18804,77
10,18805,160
10,18806,109
10,18807,115
10,18808,154
10,18809,84
10,18810,198
10,18811,96
10,18812,148
10,18813,71
10,18814,167
10,18815,109
10,18816,384
10,18817,32
10,18818,-19
10,18819,96
10,18820,140
10,18821,57
10,18822,179
10,18823,166
10,18824,134
10,18825,185
10,18826,192
10,18827,103
10,18828,109
10,18829,64
10,18830,269
10,18831,198
10,18832,38
10,18833,-20
10,18834,115
10,18835,58
10,18836,103
10,18837,365
10,18838,77
10,18839,58
10,18840,90
10,18841,116
10,18842,84
10,18843,224
10,18844,115
10,18845,90
10,18846,64
10,18847,333
10,18848,71
10,18849,314
10,18850,160
10,18851,58
10,18852,180
10,18853,64
10,18854,218
10,18855,147
10,18856,121
10,18857,57
10,18858,160
10,18859,58
10,18860,71
10,18861,77
10,18862,122
10,18863,122
10,18864,-44
10,18865,134
10,18866,134
10,18867,135
10,18868,166
10,18869,76
10,18870,-26
10,18871,192
10,18872,122
10,18873,96
10,18874,102
10,18875,77
10,18876,83
10,18877,39
10,18878,58
10,18879,167
10,18880,167
10,18881,134
10,18882,-51
10,18883,211
10,18884,147
10,18885,115
10,18886,180
10,18887,141
10,18888,64
10,18889,39
10,18890,103
10,18891,160
10,18892,64
10,18893,38
10,18894,153
10,18895,32
10,18896,103
10,18897,84
10,18898,179
10,18899,121
10,18900,172
10,18901,96
10,18902,179
10,18903,103
10,18904,64
10,18905,102
10,18906,391
10,18907,58
10,18908,76
10,18909,19
10,18910,128
10,18911,109
10,18912,64
10,18913,70
10,18914,58
10,18915,83
10,18916,89
10,18917,70
10,18918,76
10,18919,121
10,18920,76
10,18921,58
10,18922,781
10,18923,83
10,18924,154
10,18925,45
10,18926,128
10,18927,128
10,18928,128
10,18929,51
10,18930,102
10,18931,70
10,18932,58
10,18933,-38
10,18934,58
10,18935,115
10,18936,70
10,18937,32
10,18938,167
10,18939,103
10,18940,148
10,18941,77
10,18942,-877
10,18943,154
10,18944,64
10,18945,44
10,18946,71
10,18947,96
10,18948,109
10,18949,96
10,18950,172
10,18951,70
10,18952,339
10,18953,58
10,18954,192
10,18955,135
10,18956,122
10,18957,83
10,18958,89
10,18959,-44
10,18960,83
10,18961,45
10,18962,70
10,18963,26
10,18964,397
10,18965,96
10,18966,109
10,18967,89
10,18968,109
10,18969,115
10,18970,122
10,18971,109
10,18972,166
10,18973,58
10,18974,371
10,18975,83
10,18976,153
10,18977,134
10,18978,128
10,18979,70
10,18980,154
10,18981,58
10,18982,166
10,18983,108
10,18984,327
10,18985,51
10,18986,102
10,18987,77
10,18988,38
10,18989,64
10,18990,103
10,18991,-13
10,18992,154
10,18993,64
10,18994,109
10,18995,160
10,18996,192
10,18997,90
10,18998,179
10,18999,148
10,19000,352
10,19001,64
10,19002,160
10,19003,96
10,19004,103
10,19005,38
10,19006,185
10,19007,141
10,19008,115
10,19009,38
10,19010,96
10,19011,224
10,19012,96
10,19013,58
10,19014,160
10,19015,160
10,19016,122
10,19017,70
10,19018,115
10,19019,45
10,19020,128
10,19021,45
10,19022,-26
10,19023,141
10,19024,102
10,19025,51
10,19026,64
10,19027,108
10,19028,166
10,19029,96
10,19030,102
10,19031,237
10,19032,90
10,19033,224
10,19034,19
10,19035,64
10,19036,38
10,19037,70
10,19038,121
10,19039,83
10,19040,160
10,19041,89
10,19042,71
10,19043,64
10,19044,32
10,19045,51
10,19046,83
10,19047,147
10,19048,58
10,19049,109
10,19050,128
10,19051,103
10,19052,64
10,19053,64
10,19054,121
10,19055,141
10,19056,64
10,19057,57
10,19058,109
10,19059,83
10,19060,77
10,19061,52
10,19062,57
10,19063,173
10,19064,83
10,19065,352
10,19066,134
10,19067,147
10,19068,153
10,19069,70
10,19070,518
10,19071,179
10,19072,57
10,19073,19
10,19074,58
10,19075,58
10,19076,115
10,19077,58
10,19078,70
10,19079,83
10,19080,103
10,19081,102
10,19082,96
10,19083,103
10,19084,121
10,19085,109
10,19086,45
10,19087,70
10,19088,166
10,19089,64
10,19090,64
10,19091,212
10,19092,108
10,19093,109
10,19094,90
10,19095,116
10,19096,121
10,19097,166
10,19098,167
10,19099,153
10,19100,147
10,19101,198
10,19102,64
10,19103,134
10,19104,192
10,19105,64
10,19106,57
10,19107,108
10,19108,90
10,19109,39
10,19110,179
10,19111,83
10,19112,96
10,19113,51
10,19114,115
10,19115,141
10,19116,192
10,19117,64
10,19118,179
10,19119,77
10,19120,198
10,19121,109
10,19122,-45
10,19123,217
10,19124,103
10,19125,96
10,19126,173
10,19127,96
10,19128,179
10,19129,116
10,19130,83
10,19131,115
10,19132,45
10,19133,262
10,19134,96
10,19135,108
10,19136,83
10,19137,32
10,19138,167
10,19139,135
10,19140,198
10,19141,51
10,19142,160
10,19143,307
10,19144,39
10,19145,45
10,19146,128
10,19147,64
10,19148,109
10,19149,45
10,19150,160
10,19151,179
10,19152,109
10,19153,90
10,19154,103
10,19155,64
10,19156,32
10,19157,109
10,19158,70
10,19159,71
10,19160,128
10,19161,128
10,19162,20
10,19163,288
10,19164,109
10,19165,185
10,19166,70
10,19167,186
10,19168,39
10,19169,45
10,19170,218
10,19171,102
10,19172,26
10,19173,32
10,19174,57
10,19175,70
10,19176,141
10,19177,1081
10,19178,84
10,19179,762
10,19180,135
10,19181,96
10,19182,250
10,19183,89
10,19184,77
10,19185,58
10,19186,71
10,19187,115
10,19188,52
10,19189,173
10,19190,64
10,19191,90
10,19192,115
10,19193,77
10,19194,166
10,19195,64
10,19196,102
10,19197,51
10,19198,115
10,19199,224
10,19200,83
10,19201,51
10,19202,103
10,19203,115
10,19204,77
10,19205,38
10,19206,103
10,19207,103
10,19208,115
10,19209,77
10,19210,141
10,19211,39
10,19212,148
10,19213,89
10,19214,128
10,19215,96
10,19216,115
10,19217,25
10,19218,84
10,19219,51
10,19220,26
10,19221,109
10,19222,122
10,19223,199
10,19224,57
10,19225,51
10,19226,166
10,19227,160
10,19228,64
10,19229,77
10,19230,173
10,19231,167
10,19232,173
10,19233,77
10,19234,71
10,19235,173
10,19236,224
10,19237,109
10,19238,211
10,19239,-51
10,19240,141
10,19241,64
10,19242,83
10,19243,64
10,19244,13
10,19245,38
10,19246,154
10,19247,70
10,19248,64
10,19249,64
10,19250,141
10,19251,115
10,19252,179
10,19253,108
10,19254,166
10,19255,70
10,19256,128
10,19257,96
10,19258,70
10,19259,71
10,19260,122
10,19261,102
10,19262,103
10,19263,115
10,19264,77
10,19265,115
10,19266,173
10,19267,90
10,19268,166
10,19269,115
10,19270,167
10,19271,224
10,19272,96
10,19273,217
10,19274,173
10,19275,153
10,19276,64
10,19277,211
10,19278,147
10,19279,32
10,19280,109
10,19281,224
10,19282,192
10,19283,154
10,19284,172
10,19285,64
10,19286,160
10,19287,237
10,19288,128
10,19289,115
10,19290,173
10,19291,70
10,19292,90
10,19293,51
10,19294,76
10,19295,333
10,19296,77
10,19297,90
10,19298,-44
10,19299,84
10,19300,57
10,19301,-38
10,19302,115
10,19303,51
10,19304,103
10,19305,115
10,19306,153
10,19307,154
10,19308,167
10,19309,154
10,19310,109
10,19311,96
10,19312,109
10,19313,96
10,19314,77
10,19315,116
10,19316,103
10,19317,64
10,19318,115
10,19319,128
10,19320,58
10,19321,57
10,19322,57
10,19323,147
10,19324,166
10,19325,64
10,19326,186
10,19327,71
10,19328,102
10,19329,51
10,19330,147
10,19331,166
10,19332,180
10,19333,141
10,19334,77
10,19335,64
10,19336,103
10,19337,186
10,19338,218
10,19339,122
10,19340,-45
10,19341,51
10,19342,64
10,19343,83
10,19344,71
10,19345,25
10,19346,64
10,19347,147
10,19348,103
10,19349,128
10,19350,333
10,19351,121
10,19352,102
10,19353,102
10,19354,180
10,19355,160
10,19356,122
10,19357,58
10,19358,128
10,19359,173
10,19360,64
10,19361,365
10,19362,217
10,19363,153
10,19364,128
10,19365,122
10,19366,160
10,19367,160
10,19368,147
10,19369,154
10,19370,166
10,19371,109
10,19372,180
10,19373,51
10,19374,115
10,19375,314
10,19376,64
10,19377,192
10,19378,141
10,19379,160
10,19380,199
10,19381,64
10,19382,167
10,19383,141
10,19384,121
10,19385,57
10,19386,326
10,19387,140
10,19388,128
10,19389,32
10,19390,224
10,19391,160
10,19392,128
10,19393,134
10,19394,115
10,19395,160
10,19396,115
10,19397,71
10,19398,192
10,19399,141
10,19400,135
10,19401,96
10,19402,122
10,19403,185
10,19404,83
10,19405,51
10,19406,90
10,19407,109
10,19408,166
10,19409,116
10,19410,115
10,19411,160
10,19412,141
10,19413,96
10,19414,26
10,19415,128
10,19416,103
10,19417,58
10,19418,70
10,19419,179
10,19420,154
10,19421,90
10,19422,-64
10,19423,32
10,19424,57
10,19425,83
10,19426,90
10,19427,172
10,19428,51
10,19429,32
10,19430,192
10,19431,109
10,19432,153
10,19433,39
10,19434,781
10,19435,115
10,19436,71
10,19437,205
10,19438,172
10,19439,179
10,19440,121
10,19441,64
10,19442,173
10,19443,64
10,19444,51
10,19445,58
10,19446,109
10,19447,147
10,19448,38
10,19449,51
10,19450,205
10,19451,153
10,19452,122
10,19453,51
10,19454,-352
10,19455,147
10,19456,102
10,19457,77
10,19458,64
10,19459,71
10,19460,32
10,19461,32
10,19462,71
10,19463,109
10,19464,269
10,19465,115
10,19466,128
10,19467,135
10,19468,83
10,19469,71
10,19470,115
10,19471,250
10,19472,167
10,19473,45
10,19474,128
10,19475,26
10,19476,38
10,19477,71
10,19478,45
10,19479,39
10,19480,109
10,19481,89
10,19482,-32
10,19483,141
10,19484,135
10,19485,45
10,19486,19
10,19487,109
10,19488,128
10,19489,166
10,19490,173
10,19491,314
10,19492,64
10,19493,64
10,19494,57
10,19495,83
10,19496,-52
10,19497,-25
10,19498,103
10,19499,128
10,19500,39
10,19501,115
10,19502,64
10,19503,116
10,19504,160
10,19505,116
10,19506,64
10,19507,108
10,19508,122
10,19509,71
10,19510,172
10,19511,320
10,19512,211
10,19513,102
10,19514,109
10,19515,70
10,19516,51
10,19517,352
10,19518,-38
10,19519,185
10,19520,115
10,19521,121
10,19522,128
10,19523,364
10,19524,77
10,19525,103
10,19526,180
10,19527,147
10,19528,102
10,19529,51
10,19530,172
10,19531,83
10,19532,102
10,19533,103
10,19534,115
10,19535,148
10,19536,64
10,19537,116
10,19538,70
10,19539,115
10,19540,90
10,19541,71
10,19542,172
10,19543,154
10,19544,-13
10,19545,166
10,19546,57
10,19547,83
10,19548,45
10,19549,64
10,19550,160
10,19551,153
10,19552,109
10,19553,102
10,19554,116
10,19555,-64
10,19556,70
10,19557,77
10,19558,45
10,19559,135
10,19560,102
10,19561,154
10,19562,103
10,19563,96
10,19564,167
10,19565,230
10,19566,179
10,19567,96
10,19568,102
10,19569,64
10,19570,-45
10,19571,39
10,19572,103
10,19573,51
10,19574,153
10,19575,32
10,19576,102
10,19577,45
10,19578,173
10,19579,77
10,19580,83
10,19581,90
10,19582,96
10,19583,64
10,19584,121
10,19585,25
10,19586,282
10,19587,180
10,19588,154
10,19589,64
10,19590,-44
10,19591,70
10,19592,70
10,19593,122
10,19594,96
10,19595,148
10,19596,90
10,19597,26
10,19598,58
10,19599,134
10,19600,103
10,19601,32
10,19602,160
10,19603,500
10,19604,52
10,19605,70
10,19606,-12
10,19607,179
10,19608,128
10,19609,160
10,19610,121
10,19611,173
10,19612,186
10,19613,58
10,19614,179
10,19615,90
10,19616,172
10,19617,-13
10,19618,51
10,19619,-20
10,19620,179
10,19621,71
10,19622,51
10,19623,115
10,19624,166
10,19625,76
10,19626,71
10,19627,70
10,19628,109
10,19629,96
10,19630,90
10,19631,180
10,19632,-45
10,19633,108
10,19634,-51
10,19635,122
10,19636,64
10,19637,32
10,19638,64
10,19639,115
10,19640,96
10,19641,64
10,19642,77
10,19643,109
10,19644,116
10,19645,44
10,19646,70
10,19647,122
10,19648,-38
10,19649,122
10,19650,96
10,19651,307
10,19652,173
10,19653,45
10,19654,51
10,19655,64
10,19656,26
10,19657,128
10,19658,90
10,19659,128
10,19660,154
10,19661,77
10,19662,77
10,19663,166
10,19664,148
10,19665,-32
10,19666,109
10,19667,52
10,19668,121
10,19669,58
10,19670,115
10,19671,102
10,19672,141
10,19673,64
10,19674,90
10,19675,64
10,19676,64
10,19677,52
10,19678,64
10,19679,71
10,19680,32
10,19681,58
10,19682,153
10,19683,64
10,19684,154
10,19685,185
10,19686,128
10,19687,77
10,19688,77
10,19689,794
10,19690,102
10,19691,787
10,19692,121
10,19693,58
10,19694,173
10,19695,115
10,19696,32
10,19697,-38
10,19698,45
10,19699,89
10,19700,122
10,19701,96
10,19702,26
10,19703,109
10,19704,173
10,19705,51
10,19706,186
10,19707,109
10,19708,57
10,19709,58
10,19710,192
10,19711,109
10,19712,70
10,19713,77
10,19714,32
10,19715,25
10,19716,58
10,19717,102
10,19718,-26
10,19719,77
10,19720,96
10,19721,58
10,19722,103
10,19723,160
10,19724,173
10,19725,64
10,19726,115
10,19727,109
10,19728,141
10,19729,307
10,19730,-51
10,19731,147
10,19732,51
10,19733,192
10,19734,160
10,19735,108
10,19736,115
10,19737,160
10,19738,300
10,19739,148
10,19740,116
10,19741,51
10,19742,211
10,19743,122
10,19744,115
10,19745,211
10,19746,218
10,19747,173
10,19748,154
10,19749,58
10,19750,102
10,19751,115
10,19752,70
10,19753,52
10,19754,173
10,19755,83
10,19756,32
10,19757,115
10,19758,51
10,19759,326
10,19760,32
10,19761,89
10,19762,166
10,19763,103
10,19764,205
10,19765,160
10,19766,141
10,19767,109
10,19768,109
10,19769,90
10,19770,211
10,19771,109
10,19772,-51
10,19773,180
10,19774,173
10,19775,160
10,19776,90
10,19777,141
10,19778,64
10,19779,89
10,19780,140
10,19781,115
10,19782,71
10,19783,115
10,19784,77
10,19785,71
10,19786,166
10,19787,115
10,19788,116
10,19789,205
10,19790,19
10,19791,128
10,19792,-38
10,19793,122
10,19794,180
10,19795,70
10,19796,128
10,19797,-51
10,19798,211
10,19799,128
10,19800,115
10,19801,52
10,19802,141
10,19803,115
10,19804,109
10,19805,32
10,19806,198
10,19807,58
10,19808,103
10,19809,-25
10,19810,122
10,19811,70
10,19812,57
10,19813,32
10,19814,211
10,19815,77
10,19816,58
10,19817,128
10,19818,141
10,19819,167
10,19820,57
10,19821,186
10,19822,364
10,19823,167
10,19824,141
10,19825,58
10,19826,102
10,19827,45
10,19828,179
10,19829,307
10,19830,64
10,19831,71
10,19832,365
10,19833,365
10,19834,64
10,19835,71
10,19836,166
10,19837,58
10,19838,51
10,19839,77
10,19840,115
10,19841,-77
10,19842,77
10,19843,71
10,19844,268
10,19845,64
10,19846,192
10,19847,173
10,19848,96
10,19849,71
10,19850,147
10,19851,192
10,19852,122
10,19853,96
10,19854,320
10,19855,90
10,19856,90
10,19857,45
10,19858,32
10,19859,115
10,19860,71
10,19861,96
10,19862,64
10,19863,116
10,19864,141
10,19865,147
10,19866,166
10,19867,154
10,19868,115
10,19869,320
10,19870,71
10,19871,-64
10,19872,134
10,19873,115
10,19874,116
10,19875,115
10,19876,205
10,19877,57
10,19878,102
10,19879,116
10,19880,122
10,19881,141
10,19882,32
10,19883,211
10,19884,109
10,19885,70
10,19886,77
10,19887,115
10,19888,58
10,19889,128
10,19890,167
10,19891,96
10,19892,64
10,19893,89
10,19894,217
10,19895,83
10,19896,141
10,19897,45
10,19898,167
10,19899,135
10,19900,154
10,19901,51
10,19902,198
10,19903,121
10,19904,77
10,19905,109
10,19906,122
10,19907,115
10,19908,160
10,19909,77
10,19910,77
10,19911,109
10,19912,77
10,19913,51
10,19914,108
10,19915,89
10,19916,108
10,19917,-7
10,19918,77
10,19919,45
10,19920,57
10,19921,103
10,19922,140
10,19923,173
10,19924,25
10,19925,32
10,19926,173
10,19927,76
10,19928,115
10,19929,83
10,19930,64
10,19931,167
10,19932,83
10,19933,51
10,19934,70
10,19935,71
10,19936,57
10,19937,45
10,19938,160
10,19939,108
10,19940,32
10,19941,90
10,19942,64
10,19943,58
10,19944,70
10,19945,326
10,19946,448
10,19947,103
10,19948,109
10,19949,70
10,19950,96
10,19951,83
10,19952,121
10,19953,51
10,19954,102
10,19955,64
10,19956,64
10,19957,39
10,19958,115
10,19959,121
10,19960,70
10,19961,38
10,19962,96
10,19963,167
10,19964,115
10,19965,58
10,19966,103
10,19967,115
10,19968,167
10,19969,45
10,19970,57
10,19971,51
10,19972,45
10,19973,51
10,19974,58
10,19975,51
10,19976,166
10,19977,102
10,19978,115
10,19979,96
10,19980,167
10,19981,96
10,19982,83
10,19983,45
10,19984,166
10,19985,64
10,19986,20
10,19987,77
10,19988,-51
10,19989,90
10,19990,57
10,19991,122
10,19992,102
10,19993,-13
10,19994,128
10,19995,45
10,19996,154
10,19997,71
10,19998,83
10,19999,115
10,20000,173
