pkt_id,tx_ts_ns,rx1_ts_ns,rx2_ts_ns,latency_rx1_ns,latency_rx2_ns,diff_latency_ns
1,0,2372,0,0,0,2372
2,0,2004051,2003696,0,0,355
3,0,3995808,3995423,0,0,384
4,0,5996806,5996450,0,0,355
5,0,7999148,7998755,0,0,393
6,0,10001759,10001388,0,0,370
7,0,12004988,12004615,0,0,373
8,0,14006609,14006287,0,0,322
9,0,16008059,16007698,0,0,360
10,0,18010388,18010001,0,0,387
11,0,20013714,20013347,0,0,366
12,0,22015550,22015166,0,0,384
13,0,24017663,24017284,0,0,379
14,0,26020516,26020144,0,0,372
15,0,28022527,28022151,0,0,375
16,0,30026039,30025675,0,0,364
17,0,32027959,32027603,0,0,355
18,0,34028289,34027921,0,0,368
19,0,36033029,36032643,0,0,386
20,0,38033862,38033499,0,0,362
21,0,40035860,40035469,0,0,391
22,0,42037019,42036644,0,0,375
23,0,44039466,44039135,0,0,330
24,0,46042585,46042213,0,0,371
25,0,48044742,48044364,0,0,377
26,0,50046383,50045998,0,0,384
27,0,52049602,52049233,0,0,369
28,0,54051238,54050858,0,0,380
29,0,56053344,56052969,0,0,375
30,0,58056017,58055651,0,0,365
31,0,60057795,60057427,0,0,367
32,0,62059596,62059213,0,0,383
33,0,64062435,64062039,0,0,396
34,0,66063877,66063488,0,0,388
35,0,68066653,68066254,0,0,399
36,0,70068195,70067814,0,0,381
37,0,72071180,72070776,0,0,404
38,0,74072694,74072303,0,0,391
39,0,76075644,76075223,0,0,421
40,0,78077190,78076791,0,0,398
41,0,80080096,80079691,0,0,404
42,0,82081169,82080757,0,0,412
43,0,84084564,84084171,0,0,393
44,0,86085240,86084865,0,0,375
45,0,88088721,88088292,0,0,428
46,0,90091409,90090986,0,0,423
47,0,92092097,92091701,0,0,396
48,0,94094153,94093782,0,0,370
49,0,96096869,96096497,0,0,372
50,0,98099424,98099044,0,0,380
51,0,100101444,100101019,0,0,424
52,0,102103334,102102935,0,0,399
53,0,104105991,104105600,0,0,391
54,0,106107874,106107487,0,0,386
55,0,108111117,108110700,0,0,417
56,0,110112600,110112227,0,0,372
57,0,112114703,112114322,0,0,381
58,0,114116755,114116348,0,0,407
59,0,116118869,116118468,0,0,400
60,0,118121541,118121023,0,0,517
61,0,120123560,120123179,0,0,381
62,0,122125807,122125443,0,0,364
63,0,124127928,124127525,0,0,402
64,0,126129984,126129608,0,0,376
65,0,128133173,128132764,0,0,409
66,0,130135482,130135107,0,0,374
67,0,132136820,132136413,0,0,406
68,0,134138949,134138528,0,0,421
69,0,136141248,136140852,0,0,395
70,0,138143446,138143035,0,0,411
71,0,140145742,140145343,0,0,399
72,0,142147364,142146964,0,0,400
73,0,144150064,144149663,0,0,400
74,0,146152370,146151968,0,0,402
75,0,148154618,148154202,0,0,415
76,0,150156696,150156289,0,0,406
77,0,152159098,152158688,0,0,410
78,0,154161244,154160839,0,0,404
79,0,156163186,156162782,0,0,403
80,0,158165439,158165069,0,0,369
81,0,160167880,160167477,0,0,403
82,0,162169948,162169545,0,0,402
83,0,164172431,164172022,0,0,408
84,0,166174887,166174513,0,0,374
85,0,168176861,168176438,0,0,422
86,0,170179373,170178970,0,0,402
87,0,172181274,172180862,0,0,411
88,0,174183454,174183072,0,0,382
89,0,176185662,176185255,0,0,406
90,0,178187542,178187114,0,0,428
91,0,180190947,180190546,0,0,400
92,0,182192440,182192064,0,0,376
93,0,184195728,184195319,0,0,408
94,0,186197017,186196606,0,0,411
95,0,188198919,188198528,0,0,391
96,0,190201416,190201048,0,0,368
97,0,192203569,192203170,0,0,398
98,0,194205460,194205072,0,0,387
99,0,196208898,196208504,0,0,393
100,0,198211154,198210785,0,0,368
101,0,200212649,200212268,0,0,381
102,0,202214283,202213889,0,0,393
103,0,204217368,204216981,0,0,387
104,0,206218853,206218458,0,0,395
105,0,208221308,208220919,0,0,389
106,0,210223281,210222910,0,0,371
107,0,212225621,212225238,0,0,382
108,0,214228498,214228104,0,0,393
109,0,216230496,216230123,0,0,373
110,0,218232336,218231957,0,0,379
111,0,220234620,220234220,0,0,400
112,0,222236875,222236488,0,0,386
113,0,224239457,224239072,0,0,384
114,0,226241132,226240740,0,0,392
115,0,228243074,228242694,0,0,380
116,0,230244678,230244277,0,0,400
117,0,232247956,232247581,0,0,375
118,0,234250698,234250305,0,0,393
119,0,236253201,236252791,0,0,409
120,0,238254662,238254296,0,0,366
121,0,240256811,240256416,0,0,394
122,0,242259287,242258907,0,0,380
123,0,244261107,244260704,0,0,402
124,0,246263325,246262943,0,0,382
125,0,248266008,248265611,0,0,396
126,0,250268184,250267819,0,0,365
127,0,252270283,252269876,0,0,407
128,0,254273847,254273491,0,0,356
129,0,256274579,256274193,0,0,385
130,0,258276757,258276408,0,0,348
131,0,260278963,260278582,0,0,381
132,0,262281088,262280734,0,0,354
133,0,264283865,264283478,0,0,386
134,0,266285607,266285235,0,0,372
135,0,268288359,268287974,0,0,385
136,0,270289887,270289530,0,0,357
137,0,272291702,272291316,0,0,385
138,0,274293246,274292873,0,0,373
139,0,276297087,276296692,0,0,395
140,0,278298800,278298420,0,0,380
141,0,280301916,280301516,0,0,399
142,0,282303582,282303202,0,0,379
143,0,284307168,284306759,0,0,408
144,0,286307732,286307364,0,0,367
145,0,288310112,288309743,0,0,368
146,0,290313134,290312774,0,0,360
147,0,292314741,292314355,0,0,385
148,0,294317071,294316701,0,0,370
149,0,296319411,296319038,0,0,373
150,0,298321292,298320919,0,0,373
151,0,300323138,300322752,0,0,386
152,0,302324633,302324268,0,0,365
153,0,304327876,304327501,0,0,374
154,0,306330703,306330324,0,0,379
155,0,308332525,308332144,0,0,380
156,0,310334669,310334314,0,0,355
157,0,312336644,312336254,0,0,389
158,0,314339358,314338987,0,0,370
159,0,316341341,316340943,0,0,397
160,0,318343547,318343128,0,0,419
161,0,320346053,320345659,0,0,394
162,0,322348204,322347822,0,0,382
163,0,324351193,324350802,0,0,391
164,0,326353923,326353546,0,0,377
165,0,328356013,328355606,0,0,406
166,0,330356994,330356590,0,0,404
167,0,332359285,332358893,0,0,392
168,0,334360932,334360546,0,0,386
169,0,336363543,336363159,0,0,384
170,0,338365820,338365413,0,0,406
171,0,340367683,340367281,0,0,401
172,0,342369615,342369223,0,0,392
173,0,344372863,344372454,0,0,408
174,0,346374570,346374164,0,0,406
175,0,348376633,348376223,0,0,409
176,0,350379011,350378617,0,0,393
177,0,352381226,352380842,0,0,384
178,0,354383550,354383173,0,0,376
179,0,356385846,356385445,0,0,400
180,0,358387898,358387492,0,0,406
181,0,360390359,360389977,0,0,382
182,0,362393253,362392883,0,0,369
183,0,364395531,364395128,0,0,403
184,0,366396907,366396517,0,0,389
185,0,368399845,368399444,0,0,401
186,0,370402440,370402048,0,0,392
187,0,372403782,372403393,0,0,388
188,0,374406145,374405766,0,0,379
189,0,376407885,376407478,0,0,407
190,0,378410267,378409893,0,0,373
191,0,380412253,380411840,0,0,413
192,0,382414951,382414574,0,0,377
193,0,384418020,384417597,0,0,422
194,0,386419406,386419019,0,0,387
195,0,388422107,388421688,0,0,418
196,0,390424482,390424085,0,0,396
197,0,392425939,392425544,0,0,395
198,0,394427984,394427575,0,0,408
199,0,396429967,396429554,0,0,413
200,0,398432359,398431973,0,0,386
201,0,400436184,400435781,0,0,402
202,0,402436536,402436135,0,0,400
203,0,404438085,404437695,0,0,389
204,0,406441496,406441110,0,0,385
205,0,408444367,408443950,0,0,416
206,0,410447033,410446624,0,0,408
207,0,412448042,412447622,0,0,419
208,0,414450455,414450068,0,0,386
209,0,416452795,416452399,0,0,395
210,0,418454857,418454479,0,0,377
211,0,420456826,420456420,0,0,406
212,0,422459020,422458633,0,0,386
213,0,424461040,424460644,0,0,395
214,0,426462424,426462014,0,0,409
215,0,428465897,428465488,0,0,408
216,0,430467822,430467440,0,0,382
217,0,432470395,432469991,0,0,404
218,0,434473634,434473210,0,0,424
219,0,436476679,436476243,0,0,435
220,0,438477005,438476617,0,0,387
221,0,440478887,440478480,0,0,406
222,0,442480540,442480125,0,0,415
223,0,444483171,444482692,0,0,479
224,0,446484651,446484277,0,0,374
225,0,448488447,448488040,0,0,406
226,0,450490641,450490234,0,0,406
227,0,452492426,452492020,0,0,405
228,0,454494690,454494305,0,0,385
229,0,456496902,456496498,0,0,403
230,0,458499121,458498730,0,0,391
231,0,460502269,460501860,0,0,408
232,0,462505773,462505387,0,0,385
233,0,464506881,464506469,0,0,411
234,0,466507825,466507417,0,0,407
235,0,468510773,468510384,0,0,388
236,0,470512771,470512357,0,0,413
237,0,472516357,472515958,0,0,399
238,0,474517145,474516737,0,0,407
239,0,476519354,476518955,0,0,398
240,0,478521995,478521775,0,0,220
241,0,480523937,480523550,0,0,386
242,0,482525964,482525587,0,0,376
243,0,484529747,484529343,0,0,403
244,0,486530363,486530101,0,0,262
245,0,488532493,488532096,0,0,396
246,0,490535029,490534528,0,0,501
247,0,492536955,492536551,0,0,404
248,0,494538827,494538435,0,0,391
249,0,496540567,496540191,0,0,376
250,0,498543685,498543284,0,0,400
251,0,500546541,500546130,0,0,411
252,0,502547804,502547456,0,0,348
253,0,504550570,504550189,0,0,381
254,0,506552843,506552488,0,0,355
255,0,508555025,508554629,0,0,395
256,0,510557761,510557384,0,0,377
257,0,512559505,512559114,0,0,390
258,0,514561273,514560874,0,0,399
259,0,516563491,516563078,0,0,413
260,0,518566504,518566152,0,0,352
261,0,520568056,520567667,0,0,388
262,0,522570508,522570139,0,0,369
263,0,524572441,524572067,0,0,373
264,0,526573761,526573376,0,0,384
265,0,528577173,528576791,0,0,382
266,0,530578990,530578617,0,0,373
267,0,532582071,532581661,0,0,409
268,0,534583994,534583627,0,0,366
269,0,536586337,536585939,0,0,397
270,0,538588300,538587923,0,0,376
271,0,540590656,540590262,0,0,394
272,0,542593261,542592888,0,0,373
273,0,544594714,544594301,0,0,413
274,0,546597026,546596637,0,0,389
275,0,548599694,548599273,0,0,420
276,0,550601235,550600823,0,0,412
277,0,552603920,552603505,0,0,415
278,0,554605697,554605289,0,0,407
279,0,556608381,556607953,0,0,427
280,0,558610522,558610189,0,0,332
281,0,560613104,560612748,0,0,355
282,0,562615000,562614647,0,0,353
283,0,564616932,564616526,0,0,406
284,0,566619812,566619456,0,0,355
285,0,568621973,568621595,0,0,377
286,0,570624167,570623801,0,0,366
287,0,572626083,572625680,0,0,402
288,0,574628532,574628187,0,0,345
289,0,576630388,576629967,0,0,420
290,0,578632251,578631863,0,0,387
291,0,580634920,580634512,0,0,408
292,0,582638845,582638458,0,0,387
293,0,584641243,584640839,0,0,404
294,0,586641559,586641166,0,0,393
295,0,588644017,588643606,0,0,411
296,0,590646180,590645789,0,0,391
297,0,592648089,592647698,0,0,390
298,0,594650388,594649990,0,0,398
299,0,596652999,596652620,0,0,378
300,0,598655252,598654870,0,0,382
301,0,600657959,600657431,0,0,528
302,0,602660010,602659644,0,0,365
303,0,604661790,604661400,0,0,389
304,0,606663653,606663298,0,0,355
305,0,608666052,608665647,0,0,405
306,0,610668222,610667838,0,0,383
307,0,612670384,612669976,0,0,407
308,0,614672979,614672573,0,0,406
309,0,616675016,616674607,0,0,408
310,0,618676886,618676500,0,0,386
311,0,620680579,620680169,0,0,410
312,0,622681591,622681184,0,0,407
313,0,624684294,624683912,0,0,382
314,0,626686386,626685992,0,0,394
315,0,628688519,628688103,0,0,415
316,0,630690435,630690019,0,0,416
317,0,632692764,632692381,0,0,383
318,0,634695113,634694701,0,0,412
319,0,636697691,636697257,0,0,433
320,0,638699611,638699221,0,0,389
321,0,640701797,640701381,0,0,416
322,0,642704159,642703750,0,0,408
323,0,644706083,644705684,0,0,399
324,0,646708376,646707980,0,0,395
325,0,648710644,648710235,0,0,408
326,0,650712758,650712347,0,0,411
327,0,652714591,652714194,0,0,396
328,0,654716177,654715806,0,0,370
329,0,656720303,656719887,0,0,416
330,0,658721374,658720955,0,0,419
331,0,660724138,660723754,0,0,384
332,0,662726589,662726209,0,0,379
333,0,664728336,664727937,0,0,399
334,0,666730632,666730225,0,0,406
335,0,668732393,668732062,0,0,330
336,0,670733628,670733253,0,0,375
337,0,672736050,672735653,0,0,396
338,0,674739443,674739035,0,0,407
339,0,676742163,676741773,0,0,389
340,0,678744060,678743698,0,0,362
341,0,680745993,680745602,0,0,391
342,0,682748442,682748033,0,0,408
343,0,684751988,684751600,0,0,388
344,0,686752523,686752162,0,0,360
345,0,688755023,688754639,0,0,384
346,0,690757359,690756955,0,0,404
347,0,692760539,692760142,0,0,396
348,0,694761563,694761191,0,0,371
349,0,696763586,696763193,0,0,393
350,0,698765385,698764995,0,0,389
351,0,700768281,700767898,0,0,382
352,0,702771067,702770579,0,0,487
353,0,704773352,704772926,0,0,425
354,0,706774976,706774586,0,0,389
355,0,708778061,708777672,0,0,388
356,0,710780566,710780149,0,0,416
357,0,712782719,712782313,0,0,405
358,0,714784719,714784314,0,0,404
359,0,716786035,716785625,0,0,409
360,0,718788586,718788181,0,0,405
361,0,720790617,720790231,0,0,386
362,0,722792689,722792281,0,0,408
363,0,724794622,724794230,0,0,392
364,0,726796049,726795669,0,0,379
365,0,728800398,728800006,0,0,392
366,0,730801584,730801200,0,0,384
367,0,732804170,732803781,0,0,388
368,0,734806260,734805854,0,0,406
369,0,736809188,736808781,0,0,407
370,0,738811456,738811087,0,0,368
371,0,740813105,740812730,0,0,375
372,0,742814961,742814587,0,0,374
373,0,744817433,744817026,0,0,407
374,0,746819701,746819292,0,0,409
375,0,748821730,748821332,0,0,397
376,0,750823923,750823523,0,0,400
377,0,752826203,752825822,0,0,380
378,0,754828635,754828229,0,0,406
379,0,756830230,756829851,0,0,379
380,0,758832161,758831791,0,0,370
381,0,760834950,760834566,0,0,384
382,0,762837528,762837116,0,0,411
383,0,764840422,764840025,0,0,396
384,0,766842204,766841842,0,0,361
385,0,768844800,768844413,0,0,386
386,0,770847134,770846768,0,0,366
387,0,772848345,772847936,0,0,408
388,0,774851001,774850640,0,0,361
389,0,776853133,776852723,0,0,409
390,0,778855131,778854748,0,0,382
391,0,780857352,780856986,0,0,366
392,0,782859344,782858983,0,0,361
393,0,784862894,784862513,0,0,381
394,0,786863694,786863321,0,0,372
395,0,788865752,788865368,0,0,383
396,0,790867523,790867166,0,0,356
397,0,792870443,792870052,0,0,391
398,0,794872908,794872512,0,0,395
399,0,796875170,796874797,0,0,373
400,0,798877339,798876971,0,0,367
401,0,800880203,800879838,0,0,364
402,0,802883434,802883103,0,0,330
403,0,804885083,804884716,0,0,367
404,0,806886284,806885900,0,0,384
405,0,808888612,808888229,0,0,382
406,0,810890501,810890124,0,0,377
407,0,812893398,812893022,0,0,375
408,0,814894687,814894323,0,0,364
409,0,816896586,816896177,0,0,408
410,0,818899738,818899338,0,0,400
411,0,820901622,820901195,0,0,427
412,0,822904087,822903692,0,0,395
413,0,824906228,824905858,0,0,369
414,0,826909275,826908921,0,0,353
415,0,828910469,828910041,0,0,428
416,0,830913372,830913193,0,0,178
417,0,832915509,832915104,0,0,404
418,0,834917235,834916736,0,0,499
419,0,836920550,836920144,0,0,405
420,0,838923691,838923316,0,0,374
421,0,840924188,840923796,0,0,391
422,0,842926181,842925786,0,0,394
423,0,844928465,844928085,0,0,380
424,0,846930753,846930388,0,0,365
425,0,848932800,848932416,0,0,383
426,0,850935111,850934714,0,0,397
427,0,852937565,852937174,0,0,391
428,0,854939793,854939411,0,0,382
429,0,856941722,856941319,0,0,402
430,0,858944242,858943847,0,0,395
431,0,860946791,860946373,0,0,417
432,0,862949619,862949096,0,0,522
433,0,864951894,864951477,0,0,416
434,0,866953207,866952812,0,0,395
435,0,868955126,868954705,0,0,421
436,0,870957476,870957070,0,0,406
437,0,872959821,872959408,0,0,413
438,0,874962702,874962312,0,0,389
439,0,876964396,876963988,0,0,408
440,0,878966555,878966182,0,0,373
441,0,880968411,880968142,0,0,269
442,0,882970982,882970570,0,0,412
443,0,884974955,884974512,0,0,443
444,0,886976097,886975726,0,0,370
445,0,888977489,888977081,0,0,407
446,0,890980146,890979751,0,0,395
447,0,892982247,892981845,0,0,401
448,0,894984547,894984165,0,0,382
449,0,896986201,896985827,0,0,373
450,0,898988584,898988188,0,0,395
451,0,900990424,900990038,0,0,386
452,0,902992053,902991680,0,0,373
453,0,904995106,904994712,0,0,393
454,0,906997808,906997451,0,0,356
455,0,908999757,908999366,0,0,390
456,0,911001574,911001191,0,0,383
457,0,913004932,913004543,0,0,388
458,0,915006512,915006099,0,0,413
459,0,917008795,917008428,0,0,366
460,0,919010944,919010572,0,0,372
461,0,921013022,921012608,0,0,413
462,0,923015352,923014934,0,0,417
463,0,925017685,925017272,0,0,413
464,0,927019543,927019179,0,0,364
465,0,929021762,929021385,0,0,377
466,0,931024249,931023842,0,0,406
467,0,933026192,933025938,0,0,253
468,0,935028162,935027773,0,0,388
469,0,937029932,937029537,0,0,395
470,0,939033143,939032764,0,0,379
471,0,941035367,941034977,0,0,389
472,0,943037420,943037047,0,0,373
473,0,945039478,945039068,0,0,409
474,0,947041993,947041593,0,0,399
475,0,949045070,949044650,0,0,420
476,0,951046592,951046249,0,0,342
477,0,953048424,953048026,0,0,397
478,0,955051366,955050960,0,0,406
479,0,957053022,957052729,0,0,292
480,0,959055298,959054943,0,0,354
481,0,961057388,961056977,0,0,411
482,0,963059418,963059042,0,0,375
483,0,965063305,965062924,0,0,381
484,0,967064743,967064388,0,0,355
485,0,969067031,969066649,0,0,382
486,0,971068734,971068355,0,0,379
487,0,973070334,973069945,0,0,388
488,0,975071856,975071455,0,0,400
489,0,977075063,977074650,0,0,413
490,0,979077436,979077020,0,0,415
491,0,981079829,981079413,0,0,415
492,0,983082023,983081640,0,0,383
493,0,985086631,985086249,0,0,382
494,0,987086024,987085624,0,0,399
495,0,989088176,989087780,0,0,395
496,0,991089804,991089411,0,0,393
497,0,993093073,993092670,0,0,402
498,0,995095470,995095069,0,0,400
499,0,997097115,997096720,0,0,395
500,0,999098674,999098258,0,0,416
501,0,1001102037,1001101645,0,0,391
502,0,1003104311,1003103902,0,0,408
503,0,1005105910,1005105512,0,0,397
504,0,1007107896,1007107507,0,0,389
505,0,1009111052,1009110655,0,0,397
506,0,1011113215,1011112799,0,0,416
507,0,1013115206,1013114789,0,0,416
508,0,1015118224,1015117838,0,0,386
509,0,1017120682,1017120298,0,0,383
510,0,1019121874,1019121479,0,0,395
511,0,1021123811,1021123405,0,0,406
512,0,1023125653,1023125268,0,0,385
513,0,1025128530,1025128104,0,0,425
514,0,1027130611,1027130214,0,0,396
515,0,1029133487,1029133074,0,0,412
516,0,1031135460,1031135062,0,0,398
517,0,1033137928,1033137513,0,0,415
518,0,1035140089,1035139670,0,0,419
519,0,1037142202,1037141807,0,0,394
520,0,1039144029,1039143674,0,0,355
521,0,1041146941,1041146550,0,0,391
522,0,1043148260,1043147874,0,0,386
523,0,1045150274,1045149868,0,0,405
524,0,1047152950,1047152543,0,0,406
525,0,1049155117,1049154718,0,0,399
526,0,1051157963,1051157573,0,0,390
527,0,1053159443,1053159044,0,0,399
528,0,1055161334,1055160969,0,0,365
529,0,1057164915,1057164538,0,0,377
530,0,1059165696,1059165327,0,0,369
531,0,1061168629,1061168248,0,0,381
532,0,1063170957,1063170568,0,0,388
533,0,1065173282,1065172869,0,0,412
534,0,1067175608,1067175326,0,0,281
535,0,1069177376,1069176990,0,0,386
536,0,1071179730,1071179365,0,0,365
537,0,1073182187,1073181776,0,0,411
538,0,1075184110,1075183724,0,0,386
539,0,1077186558,1077186165,0,0,393
540,0,1079188568,1079188184,0,0,384
541,0,1081190737,1081190335,0,0,402
542,0,1083193986,1083193611,0,0,375
543,0,1085197676,1085197285,0,0,390
544,0,1087197966,1087197560,0,0,405
545,0,1089199973,1089199579,0,0,393
546,0,1091202023,1091201640,0,0,382
547,0,1093205011,1093204604,0,0,407
548,0,1095207532,1095207149,0,0,383
549,0,1097208923,1097208523,0,0,399
550,0,1099210791,1099210382,0,0,409
551,0,1101213656,1101213257,0,0,398
552,0,1103215460,1103215062,0,0,397
553,0,1105217982,1105217599,0,0,382
554,0,1107219493,1107219083,0,0,410
555,0,1109221332,1109220925,0,0,406
556,0,1111224640,1111224242,0,0,397
557,0,1113226863,1113226456,0,0,407
558,0,1115228864,1115228482,0,0,382
559,0,1117231460,1117231071,0,0,388
560,0,1119233114,1119232714,0,0,400
561,0,1121235593,1121235188,0,0,405
562,0,1123237546,1123237170,0,0,376
563,0,1125239511,1125239103,0,0,408
564,0,1127241157,1127240764,0,0,393
565,0,1129244416,1129244028,0,0,388
566,0,1131247274,1131246874,0,0,399
567,0,1133248471,1133248087,0,0,383
568,0,1135249607,1135249252,0,0,355
569,0,1137252734,1137252332,0,0,402
570,0,1139255543,1139255147,0,0,395
571,0,1141257572,1141257173,0,0,399
572,0,1143259993,1143259600,0,0,393
573,0,1145261930,1145261537,0,0,392
574,0,1147264694,1147264323,0,0,370
575,0,1149266507,1149266116,0,0,390
576,0,1151268756,1151268408,0,0,347
577,0,1153271192,1153270842,0,0,350
578,0,1155272860,1155272494,0,0,366
579,0,1157274793,1157274394,0,0,399
580,0,1159278020,1159277658,0,0,361
581,0,1161280285,1161279894,0,0,391
582,0,1163282303,1163281927,0,0,376
583,0,1165284775,1165284403,0,0,372
584,0,1167287861,1167287499,0,0,361
585,0,1169289652,1169289259,0,0,393
586,0,1171291406,1171291024,0,0,382
587,0,1173293469,1173293071,0,0,397
588,0,1175295502,1175295133,0,0,368
589,0,1177298006,1177297628,0,0,377
590,0,1179299878,1179299499,0,0,379
591,0,1181302062,1181301647,0,0,415
592,0,1183305113,1183304741,0,0,372
593,0,1185309421,1185309024,0,0,397
594,0,1187309596,1187309213,0,0,383
595,0,1189311714,1189311323,0,0,390
596,0,1191312180,1191311804,0,0,375
597,0,1193315973,1193315567,0,0,406
598,0,1195317532,1195317144,0,0,387
599,0,1197320370,1197319989,0,0,380
600,0,1199322143,1199321768,0,0,375
601,0,1201324143,1201323739,0,0,404
602,0,1203326531,1203326146,0,0,384
603,0,1205328696,1205328330,0,0,366
604,0,1207331143,1207330749,0,0,393
605,0,1209333017,1209332622,0,0,395
606,0,1211335701,1211335308,0,0,392
607,0,1213337842,1213337456,0,0,386
608,0,1215340348,1215339991,0,0,356
609,0,1217342142,1217341746,0,0,395
610,0,1219344224,1219343829,0,0,395
611,0,1221347254,1221346871,0,0,383
612,0,1223349020,1223348666,0,0,354
613,0,1225351102,1225350690,0,0,411
614,0,1227353864,1227353459,0,0,404
615,0,1229355989,1229355593,0,0,396
616,0,1231358071,1231357682,0,0,388
617,0,1233359734,1233359358,0,0,375
618,0,1235362468,1235362090,0,0,377
619,0,1237364945,1237364564,0,0,381
620,0,1239366757,1239366408,0,0,348
621,0,1241370321,1241369921,0,0,399
622,0,1243371110,1243370708,0,0,402
623,0,1245373039,1245372654,0,0,384
624,0,1247375469,1247375093,0,0,376
625,0,1249377658,1249377257,0,0,400
626,0,1251380282,1251379889,0,0,392
627,0,1253382313,1253381918,0,0,395
628,0,1255384350,1255383960,0,0,390
629,0,1257386253,1257385846,0,0,407
630,0,1259387476,1259387089,0,0,386
631,0,1261389538,1261389153,0,0,384
632,0,1263392195,1263391826,0,0,368
633,0,1265395242,1265394836,0,0,406
634,0,1267397070,1267396665,0,0,405
635,0,1269400534,1269400143,0,0,391
636,0,1271402119,1271401723,0,0,395
637,0,1273404228,1273403823,0,0,404
638,0,1275406936,1275406551,0,0,384
639,0,1277409507,1277409103,0,0,404
640,0,1279410160,1279409808,0,0,352
641,0,1281413305,1281412931,0,0,374
642,0,1283415666,1283415274,0,0,392
643,0,1285419097,1285418699,0,0,397
644,0,1287420137,1287419768,0,0,369
645,0,1289422780,1289422400,0,0,380
646,0,1291424280,1291423935,0,0,345
647,0,1293426131,1293425755,0,0,376
648,0,1295427791,1295427420,0,0,370
649,0,1297431155,1297430742,0,0,413
650,0,1299433047,1299432652,0,0,395
651,0,1301435703,1301435294,0,0,408
652,0,1303438099,1303437703,0,0,396
653,0,1305440002,1305439591,0,0,411
654,0,1307442431,1307442020,0,0,411
655,0,1309444159,1309443752,0,0,406
656,0,1311445730,1311445328,0,0,402
657,0,1313450286,1313449915,0,0,370
658,0,1315451330,1315450970,0,0,359
659,0,1317452985,1317452609,0,0,375
660,0,1319454492,1319454119,0,0,373
661,0,1321457905,1321457521,0,0,384
662,0,1323460106,1323459723,0,0,382
663,0,1325462297,1325461925,0,0,372
664,0,1327464481,1327464105,0,0,375
665,0,1329466820,1329466440,0,0,380
666,0,1331468735,1331468298,0,0,437
667,0,1333471488,1333471099,0,0,388
668,0,1335473238,1335472885,0,0,352
669,0,1337475849,1337475451,0,0,398
670,0,1339478420,1339478056,0,0,364
671,0,1341479874,1341479485,0,0,388
672,0,1343482218,1343481842,0,0,376
673,0,1345485402,1345485009,0,0,392
674,0,1347487403,1347487019,0,0,384
675,0,1349489761,1349489362,0,0,399
676,0,1351491278,1351490874,0,0,404
677,0,1353494105,1353493712,0,0,393
678,0,1355495489,1355495137,0,0,352
679,0,1357497453,1357497045,0,0,407
680,0,1359499041,1359498658,0,0,383
681,0,1361502377,1361501994,0,0,382
682,0,1363504397,1363504017,0,0,379
683,0,1365506733,1365506343,0,0,389
684,0,1367509429,1367509048,0,0,380
685,0,1369511703,1369511283,0,0,420
686,0,1371513624,1371513225,0,0,399
687,0,1373515702,1373515291,0,0,411
688,0,1375518206,1375517802,0,0,404
689,0,1377519973,1377519567,0,0,405
690,0,1379521928,1379521555,0,0,373
691,0,1381523963,1381523597,0,0,365
692,0,1383526910,1383526516,0,0,393
693,0,1385530721,1385530317,0,0,404
694,0,1387532052,1387531661,0,0,391
695,0,1389533626,1389533226,0,0,399
696,0,1391535692,1391535317,0,0,375
697,0,1393538265,1393537856,0,0,409
698,0,1395540048,1395539651,0,0,396
699,0,1397542373,1397542002,0,0,370
700,0,1399544587,1399544197,0,0,389
701,0,1401546854,1401546444,0,0,409
702,0,1403549647,1403549298,0,0,349
703,0,1405550585,1405550208,0,0,377
704,0,1407552639,1407552247,0,0,391
705,0,1409556204,1409555800,0,0,404
706,0,1411557838,1411557462,0,0,375
707,0,1413560044,1413559665,0,0,379
708,0,1415562498,1415562125,0,0,373
709,0,1417565185,1417564806,0,0,378
710,0,1419566887,1419566486,0,0,400
711,0,1421569337,1421568953,0,0,383
712,0,1423571950,1423571567,0,0,382
713,0,1425573469,1425573093,0,0,375
714,0,1427575383,1427575024,0,0,359
715,0,1429578244,1429577869,0,0,375
716,0,1431580395,1431580014,0,0,380
717,0,1433582543,1433582176,0,0,366
718,0,1435584822,1435584447,0,0,375
719,0,1437586693,1437586297,0,0,395
720,0,1439588142,1439587755,0,0,386
721,0,1441591631,1441591215,0,0,416
722,0,1443593743,1443593400,0,0,343
723,0,1445595571,1445595170,0,0,400
724,0,1447598047,1447597654,0,0,392
725,0,1449600182,1449599793,0,0,389
726,0,1451602607,1451602211,0,0,396
727,0,1453604428,1453604029,0,0,399
728,0,1455606795,1455606384,0,0,410
729,0,1457609192,1457608786,0,0,405
730,0,1459612732,1459612339,0,0,393
731,0,1461613433,1461613024,0,0,408
732,0,1463615902,1463615496,0,0,406
733,0,1465618395,1465618031,0,0,364
734,0,1467621220,1467620837,0,0,383
735,0,1469623414,1469623008,0,0,405
736,0,1471625065,1471624692,0,0,373
737,0,1473626791,1473626400,0,0,390
738,0,1475629455,1475629111,0,0,343
739,0,1477632020,1477631642,0,0,377
740,0,1479633575,1479633166,0,0,408
741,0,1481636170,1481635792,0,0,378
742,0,1483638195,1483637824,0,0,370
743,0,1485641746,1485641355,0,0,391
744,0,1487642894,1487642511,0,0,382
745,0,1489644837,1489644466,0,0,370
746,0,1491646921,1491646532,0,0,388
747,0,1493649334,1493648923,0,0,410
748,0,1495652409,1495652018,0,0,391
749,0,1497653811,1497653436,0,0,374
750,0,1499655656,1499655273,0,0,382
751,0,1501658247,1501657863,0,0,383
752,0,1503660687,1503660335,0,0,352
753,0,1505662862,1505662489,0,0,373
754,0,1507665006,1507664649,0,0,356
755,0,1509666771,1509666380,0,0,391
756,0,1511668950,1511668570,0,0,380
757,0,1513671454,1513671088,0,0,366
758,0,1515673937,1515673548,0,0,388
759,0,1517675434,1517675058,0,0,376
760,0,1519677207,1519676835,0,0,371
761,0,1521680301,1521679915,0,0,385
762,0,1523682710,1523682343,0,0,367
763,0,1525684751,1525684372,0,0,379
764,0,1527686841,1527686464,0,0,377
765,0,1529689128,1529688755,0,0,373
766,0,1531691654,1531691289,0,0,364
767,0,1533694527,1533694150,0,0,377
768,0,1535696157,1535695772,0,0,385
769,0,1537698185,1537697802,0,0,383
770,0,1539700411,1539700048,0,0,362
771,0,1541702561,1541702164,0,0,397
772,0,1543705339,1543704972,0,0,367
773,0,1545706802,1545706426,0,0,376
774,0,1547709470,1547709089,0,0,381
775,0,1549712422,1549712029,0,0,393
776,0,1551714800,1551714439,0,0,360
777,0,1553715438,1553715067,0,0,370
778,0,1555717567,1555717188,0,0,379
779,0,1557719875,1557719498,0,0,376
780,0,1559721503,1559721146,0,0,357
781,0,1561724708,1561724321,0,0,387
782,0,1563726805,1563726441,0,0,364
783,0,1565728832,1565728465,0,0,367
784,0,1567731686,1567731288,0,0,397
785,0,1569735910,1569735554,0,0,355
786,0,1571736166,1571735786,0,0,379
787,0,1573738766,1573738384,0,0,382
788,0,1575740254,1575739897,0,0,357
789,0,1577742842,1577742464,0,0,377
790,0,1579745116,1579744733,0,0,382
791,0,1581747009,1581746616,0,0,393
792,0,1583749233,1583748854,0,0,378
793,0,1585752880,1585752498,0,0,382
794,0,1587753462,1587753083,0,0,379
795,0,1589756008,1589755625,0,0,382
796,0,1591758272,1591757761,0,0,511
797,0,1593760295,1593759923,0,0,371
798,0,1595763483,1595763104,0,0,378
799,0,1597765511,1597765129,0,0,382
800,0,1599766724,1599766315,0,0,408
801,0,1601769823,1601769406,0,0,416
802,0,1603770541,1603770166,0,0,375
803,0,1605775016,1605774623,0,0,393
804,0,1607776307,1607775921,0,0,386
805,0,1609777959,1609777577,0,0,382
806,0,1611779950,1611779573,0,0,377
807,0,1613781287,1613780892,0,0,395
808,0,1615783838,1615783453,0,0,384
809,0,1617787160,1617786748,0,0,412
810,0,1619788866,1619788469,0,0,397
811,0,1621790671,1621790256,0,0,415
812,0,1623793939,1623793561,0,0,377
813,0,1625796121,1625795725,0,0,395
814,0,1627798010,1627797628,0,0,382
815,0,1629800656,1629800267,0,0,388
816,0,1631803008,1631802605,0,0,402
817,0,1633804997,1633804602,0,0,395
818,0,1635807336,1635806960,0,0,375
819,0,1637809811,1637809416,0,0,394
820,0,1639811772,1639811369,0,0,402
821,0,1641814494,1641814083,0,0,411
822,0,1643815051,1643814656,0,0,395
823,0,1645818226,1645817826,0,0,399
824,0,1647820567,1647820143,0,0,424
825,0,1649822998,1649822573,0,0,424
826,0,1651824596,1651824177,0,0,419
827,0,1653827572,1653827143,0,0,428
828,0,1655829039,1655828613,0,0,425
829,0,1657831069,1657830643,0,0,426
830,0,1659833188,1659832781,0,0,407
831,0,1661835855,1661835438,0,0,416
832,0,1663838178,1663837755,0,0,422
833,0,1665840167,1665839766,0,0,401
834,0,1667841516,1667841132,0,0,384
835,0,1669845997,1669845591,0,0,405
836,0,1671848071,1671847683,0,0,387
837,0,1673849274,1673848876,0,0,397
838,0,1675851528,1675851132,0,0,395
839,0,1677854860,1677854465,0,0,395
840,0,1679855793,1679855404,0,0,388
841,0,1681858011,1681857631,0,0,379
842,0,1683860109,1683859703,0,0,406
843,0,1685863893,1685863488,0,0,404
844,0,1687864894,1687864500,0,0,394
845,0,1689866997,1689866599,0,0,397
846,0,1691869453,1691869059,0,0,394
847,0,1693871015,1693870623,0,0,392
848,0,1695872806,1695872417,0,0,389
849,0,1697875943,1697875549,0,0,394
850,0,1699878651,1699878282,0,0,369
851,0,1701880832,1701880437,0,0,395
852,0,1703882675,1703882266,0,0,408
853,0,1705884991,1705884586,0,0,404
854,0,1707887377,1707886968,0,0,408
855,0,1709889307,1709888904,0,0,403
856,0,1711891498,1711891110,0,0,387
857,0,1713893985,1713893589,0,0,395
858,0,1715896811,1715896445,0,0,366
859,0,1717898388,1717898017,0,0,370
860,0,1719900661,1719900283,0,0,377
861,0,1721902842,1721902446,0,0,395
862,0,1723904975,1723904578,0,0,396
863,0,1725907604,1725907185,0,0,419
864,0,1727909389,1727908982,0,0,406
865,0,1729911465,1729911078,0,0,387
866,0,1731913623,1731913258,0,0,365
867,0,1733916453,1733916076,0,0,376
868,0,1735918092,1735917721,0,0,370
869,0,1737920591,1737920189,0,0,401
870,0,1739922648,1739922251,0,0,397
871,0,1741924816,1741924425,0,0,391
872,0,1743927424,1743927097,0,0,326
873,0,1745929658,1745929289,0,0,368
874,0,1747931460,1747931068,0,0,392
875,0,1749933246,1749932851,0,0,395
876,0,1751935785,1751935409,0,0,375
877,0,1753938494,1753938128,0,0,366
878,0,1755940595,1755940219,0,0,375
879,0,1757942311,1757941923,0,0,387
880,0,1759943897,1759943514,0,0,382
881,0,1761947040,1761946649,0,0,391
882,0,1763949515,1763949156,0,0,359
883,0,1765952071,1765951681,0,0,389
884,0,1767954303,1767953924,0,0,379
885,0,1769956560,1769956178,0,0,382
886,0,1771958221,1771957840,0,0,380
887,0,1773960415,1773960015,0,0,400
888,0,1775962591,1775962217,0,0,373
889,0,1777965594,1777965197,0,0,396
890,0,1779967359,1779966983,0,0,376
891,0,1781969375,1781968984,0,0,391
892,0,1783973052,1783972686,0,0,366
893,0,1785976217,1785975813,0,0,404
894,0,1787977625,1787977240,0,0,385
895,0,1789978248,1789977869,0,0,379
896,0,1791981285,1791980911,0,0,373
897,0,1793984141,1793983754,0,0,386
898,0,1795984986,1795984623,0,0,363
899,0,1797987517,1797987125,0,0,391
900,0,1799989552,1799989175,0,0,377
901,0,1801991995,1801991605,0,0,389
902,0,1803994211,1803993831,0,0,379
903,0,1805996523,1805996135,0,0,388
904,0,1807998679,1807998316,0,0,362
905,0,1810001004,1810000624,0,0,379
906,0,1812002747,1812002370,0,0,377
907,0,1814005125,1814004746,0,0,378
908,0,1816007020,1816006667,0,0,352
909,0,1818009308,1818008937,0,0,370
910,0,1820011532,1820011143,0,0,388
911,0,1822013695,1822013314,0,0,381
912,0,1824016152,1824015767,0,0,384
913,0,1826019750,1826019382,0,0,368
914,0,1828020279,1828019938,0,0,341
915,0,1830022690,1830022332,0,0,357
916,0,1832024898,1832024512,0,0,386
917,0,1834026938,1834026555,0,0,382
918,0,1836028149,1836027766,0,0,382
919,0,1838032006,1838031629,0,0,377
920,0,1840033725,1840033352,0,0,372
921,0,1842036475,1842036061,0,0,413
922,0,1844038386,1844038035,0,0,351
923,0,1846040386,1846039991,0,0,395
924,0,1848043327,1848042914,0,0,412
925,0,1850045603,1850045213,0,0,389
926,0,1852047468,1852047070,0,0,397
927,0,1854049174,1854048827,0,0,346
928,0,1856050553,1856050154,0,0,399
929,0,1858053579,1858053163,0,0,416
930,0,1860055020,1860054653,0,0,367
931,0,1862059994,1862059601,0,0,393
932,0,1864060425,1864060051,0,0,374
933,0,1866063647,1866063247,0,0,400
934,0,1868065813,1868065438,0,0,375
935,0,1870067188,1870066775,0,0,413
936,0,1872069553,1872069152,0,0,401
937,0,1874071847,1874071438,0,0,408
938,0,1876074136,1876073746,0,0,390
939,0,1878076575,1878076164,0,0,411
940,0,1880078170,1880077766,0,0,404
941,0,1882080844,1882080438,0,0,405
942,0,1884082712,1884082335,0,0,376
943,0,1886086385,1886085995,0,0,390
944,0,1888088507,1888088100,0,0,406
945,0,1890090700,1890090276,0,0,424
946,0,1892091996,1892091601,0,0,395
947,0,1894094098,1894093676,0,0,422
948,0,1896095986,1896095570,0,0,415
949,0,1898098137,1898097714,0,0,422
950,0,1900099566,1900099159,0,0,407
951,0,1902102593,1902102161,0,0,432
952,0,1904103874,1904103484,0,0,389
953,0,1906107534,1906107136,0,0,397
954,0,1908109759,1908109387,0,0,372
955,0,1910111546,1910111146,0,0,400
956,0,1912112559,1912112161,0,0,397
957,0,1914115176,1914114768,0,0,407
958,0,1916118587,1916118194,0,0,393
959,0,1918120891,1918120511,0,0,379
960,0,1920123099,1920122725,0,0,373
961,0,1922125235,1922124840,0,0,395
962,0,1924127179,1924126781,0,0,397
963,0,1926129848,1926129455,0,0,393
964,0,1928131651,1928131288,0,0,362
965,0,1930134474,1930134058,0,0,415
966,0,1932136574,1932136168,0,0,406
967,0,1934139331,1934138940,0,0,391
968,0,1936140758,1936140295,0,0,462
969,0,1938142982,1938142588,0,0,393
970,0,1940145277,1940144867,0,0,409
971,0,1942147287,1942146891,0,0,395
972,0,1944149391,1944149016,0,0,374
973,0,1946151859,1946151456,0,0,402
974,0,1948154440,1948154057,0,0,382
975,0,1950156279,1950155885,0,0,393
976,0,1952158647,1952158252,0,0,394
977,0,1954161146,1954160750,0,0,395
978,0,1956163209,1956162839,0,0,370
979,0,1958165265,1958164856,0,0,408
980,0,1960167228,1960166857,0,0,370
981,0,1962170194,1962169802,0,0,391
982,0,1964172205,1964171813,0,0,392
983,0,1966174593,1966174201,0,0,392
984,0,1968176063,1968175672,0,0,391
985,0,1970179421,1970178996,0,0,424
986,0,1972181310,1972180933,0,0,377
987,0,1974182777,1974182395,0,0,382
988,0,1976185319,1976184914,0,0,404
989,0,1978187296,1978186889,0,0,406
990,0,1980189684,1980189280,0,0,404
991,0,1982191788,1982191392,0,0,395
992,0,1984194300,1984193929,0,0,370
993,0,1986197791,1986197402,0,0,388
994,0,1988198889,1988198520,0,0,368
995,0,1990201655,1990201269,0,0,386
996,0,1992204339,1992204002,0,0,337
997,0,1994205937,1994205543,0,0,393
998,0,1996208487,1996208102,0,0,385
999,0,1998210311,1998209931,0,0,379
1000,0,2000212132,2000211743,0,0,389
1001,0,2002213937,2002213557,0,0,379
1002,0,2004216579,2004216180,0,0,398
1003,0,2006218554,2006218153,0,0,400
1004,0,2008221833,2008221467,0,0,366
1005,0,2010223033,2010222645,0,0,387
1006,0,2012225386,2012224982,0,0,403
1007,0,2014227633,2014227254,0,0,379
1008,0,2016229864,2016229468,0,0,395
1009,0,2018232010,2018231625,0,0,384
1010,0,2020234326,2020233943,0,0,382
1011,0,2022236159,2022235750,0,0,408
1012,0,2024238420,2024238032,0,0,387
1013,0,2026240912,2026240532,0,0,379
1014,0,2028242914,2028242531,0,0,383
1015,0,2030244978,2030244583,0,0,395
1016,0,2032247529,2032247139,0,0,389
1017,0,2034250229,2034249814,0,0,415
1018,0,2036252241,2036251859,0,0,382
1019,0,2038253920,2038253513,0,0,406
1020,0,2040256055,2040255644,0,0,411
1021,0,2042258387,2042257970,0,0,417
1022,0,2044262117,2044261714,0,0,402
1023,0,2046262924,2046262544,0,0,379
1024,0,2048266282,2048265919,0,0,363
1025,0,2050268241,2050267859,0,0,382
1026,0,2052269647,2052269286,0,0,360
1027,0,2054271774,2054271397,0,0,376
1028,0,2056274282,2056273929,0,0,352
1029,0,2058276524,2058276143,0,0,381
1030,0,2060278840,2060278459,0,0,381
1031,0,2062280262,2062279881,0,0,380
1032,0,2064282095,2064281743,0,0,352
1033,0,2066285690,2066285305,0,0,384
1034,0,2068287937,2068287549,0,0,387
1035,0,2070289972,2070289593,0,0,379
1036,0,2072292038,2072291665,0,0,373
1037,0,2074294264,2074293890,0,0,373
1038,0,2076296528,2076296161,0,0,366
1039,0,2078298476,2078298101,0,0,375
1040,0,2080301262,2080300883,0,0,378
1041,0,2082303323,2082302941,0,0,382
1042,0,2084305029,2084304674,0,0,355
1043,0,2086308585,2086308213,0,0,372
1044,0,2088309954,2088309611,0,0,343
1045,0,2090312011,2090311611,0,0,400
1046,0,2092314217,2092313847,0,0,370
1047,0,2094316177,2094315808,0,0,369
1048,0,2096318555,2096318189,0,0,366
1049,0,2098320606,2098320222,0,0,383
1050,0,2100322248,2100321896,0,0,351
1051,0,2102325668,2102325289,0,0,379
1052,0,2104327850,2104327477,0,0,373
1053,0,2106330188,2106329806,0,0,382
1054,0,2108332379,2108332008,0,0,370
1055,0,2110333894,2110333521,0,0,373
1056,0,2112335577,2112335174,0,0,403
1057,0,2114338684,2114338283,0,0,401
1058,0,2116340705,2116340325,0,0,380
1059,0,2118345338,2118344928,0,0,410
1060,0,2120346232,2120345853,0,0,378
1061,0,2122347910,2122347507,0,0,403
1062,0,2124350046,2124349633,0,0,412
1063,0,2126352166,2126351771,0,0,395
1064,0,2128354311,2128353894,0,0,416
1065,0,2130356423,2130356016,0,0,406
1066,0,2132359270,2132358869,0,0,401
1067,0,2134360648,2134360253,0,0,394
1068,0,2136362241,2136361884,0,0,357
1069,0,2138366051,2138365629,0,0,422
1070,0,2140367679,2140367289,0,0,389
1071,0,2142369867,2142369464,0,0,403
1072,0,2144371959,2144371557,0,0,402
1073,0,2146374330,2146373924,0,0,405
1074,0,2148376606,2148376250,0,0,355
1075,0,2150378463,2150378073,0,0,390
1076,0,2152380045,2152379649,0,0,396
1077,0,2154384085,2154383680,0,0,404
1078,0,2156385290,2156385066,0,0,224
1079,0,2158387276,2158386874,0,0,401
1080,0,2160389116,2160388717,0,0,399
1081,0,2162392246,2162391856,0,0,389
1082,0,2164394643,2164394278,0,0,364
1083,0,2166396674,2166396292,0,0,382
1084,0,2168399029,2168398649,0,0,379
1085,0,2170401186,2170400778,0,0,407
1086,0,2172403621,2172403256,0,0,365
1087,0,2174405089,2174404700,0,0,389
1088,0,2176407073,2176406678,0,0,395
1089,0,2178409785,2178409370,0,0,414
1090,0,2180411887,2180411483,0,0,403
1091,0,2182414928,2182414528,0,0,399
1092,0,2184416951,2184416570,0,0,380
1093,0,2186420793,2186420384,0,0,408
1094,0,2188422165,2188421748,0,0,416
1095,0,2190424208,2190423809,0,0,398
1096,0,2192425739,2192425346,0,0,393
1097,0,2194427521,2194427130,0,0,391
1098,0,2196429305,2196428892,0,0,412
1099,0,2198431078,2198430687,0,0,391
1100,0,2200433991,2200433579,0,0,411
1101,0,2202436593,2202436177,0,0,415
1102,0,2204438583,2204438174,0,0,408
1103,0,2206440682,2206440258,0,0,424
1104,0,2208441936,2208441528,0,0,408
1105,0,2210445264,2210444849,0,0,414
1106,0,2212447533,2212447134,0,0,399
1107,0,2214449572,2214449155,0,0,416
1108,0,2216451266,2216450883,0,0,382
1109,0,2218454109,2218453686,0,0,422
1110,0,2220455621,2220455211,0,0,409
1111,0,2222458601,2222458202,0,0,399
1112,0,2224460864,2224460462,0,0,401
1113,0,2226464565,2226464152,0,0,412
1114,0,2228465633,2228465224,0,0,408
1115,0,2230467528,2230467124,0,0,404
1116,0,2232470180,2232469775,0,0,405
1117,0,2234472866,2234472453,0,0,413
1118,0,2236475734,2236475348,0,0,386
1119,0,2238476358,2238475940,0,0,417
1120,0,2240478999,2240478611,0,0,387
1121,0,2242481455,2242481054,0,0,400
1122,0,2244483116,2244482737,0,0,379
1123,0,2246486093,2246485675,0,0,417
1124,0,2248487689,2248487336,0,0,353
1125,0,2250489800,2250489401,0,0,399
1126,0,2252492101,2252491712,0,0,388
1127,0,2254494586,2254494189,0,0,397
1128,0,2256496750,2256496357,0,0,393
1129,0,2258499005,2258498619,0,0,386
1130,0,2260501443,2260501060,0,0,382
1131,0,2262504589,2262504218,0,0,370
1132,0,2264505505,2264505144,0,0,360
1133,0,2266508076,2266507683,0,0,392
1134,0,2268509814,2268509426,0,0,388
1135,0,2270512322,2270511937,0,0,384
1136,0,2272515059,2272514683,0,0,375
1137,0,2274517563,2274517173,0,0,390
1138,0,2276519040,2276518677,0,0,362
1139,0,2278520987,2278520603,0,0,384
1140,0,2280523291,2280522912,0,0,379
1141,0,2282525559,2282525166,0,0,393
1142,0,2284527539,2284527135,0,0,403
1143,0,2286531496,2286531093,0,0,403
1144,0,2288532304,2288531907,0,0,396
1145,0,2290534355,2290533957,0,0,397
1146,0,2292536708,2292536343,0,0,364
1147,0,2294538943,2294538549,0,0,394
1148,0,2296541226,2296540829,0,0,397
1149,0,2298543611,2298543234,0,0,377
1150,0,2300546807,2300546418,0,0,388
1151,0,2302547761,2302547374,0,0,387
1152,0,2304550647,2304550286,0,0,361
1153,0,2306553173,2306552779,0,0,393
1154,0,2308554251,2308553874,0,0,377
1155,0,2310556584,2310556202,0,0,382
1156,0,2312558748,2312558379,0,0,368
1157,0,2314561269,2314560885,0,0,384
1158,0,2316563170,2316562803,0,0,367
1159,0,2318565795,2318565415,0,0,379
1160,0,2320568097,2320567732,0,0,365
1161,0,2322569955,2322569570,0,0,385
1162,0,2324571984,2324571599,0,0,384
1163,0,2326574409,2326574039,0,0,370
1164,0,2328576629,2328576283,0,0,346
1165,0,2330578932,2330578547,0,0,385
1166,0,2332581036,2332580641,0,0,395
1167,0,2334583278,2334582898,0,0,379
1168,0,2336586378,2336586033,0,0,345
1169,0,2338587388,2338587019,0,0,369
1170,0,2340588940,2340588589,0,0,350
1171,0,2342592021,2342591615,0,0,406
1172,0,2344594215,2344593842,0,0,372
1173,0,2346596597,2346596222,0,0,375
1174,0,2348598943,2348598568,0,0,374
1175,0,2350601020,2350600638,0,0,381
1176,0,2352603413,2352603034,0,0,378
1177,0,2354605647,2354605261,0,0,386
1178,0,2356608379,2356608015,0,0,364
1179,0,2358609988,2358609609,0,0,379
1180,0,2360612462,2360612093,0,0,368
1181,0,2362614316,2362613943,0,0,373
1182,0,2364616952,2364616571,0,0,381
1183,0,2366618996,2366618597,0,0,398
1184,0,2368621248,2368620829,0,0,418
1185,0,2370623588,2370623198,0,0,389
1186,0,2372626670,2372626269,0,0,400
1187,0,2374627858,2374627451,0,0,406
1188,0,2376630101,2376629698,0,0,403
1189,0,2378632080,2378631689,0,0,391
1190,0,2380634478,2380634085,0,0,392
1191,0,2382636244,2382635810,0,0,434
1192,0,2384638426,2384638035,0,0,390
1193,0,2386642924,2386642548,0,0,376
1194,0,2388643451,2388643065,0,0,386
1195,0,2390645203,2390644792,0,0,411
1196,0,2392646715,2392646355,0,0,360
1197,0,2394649791,2394649373,0,0,417
1198,0,2396652730,2396652330,0,0,400
1199,0,2398654112,2398653699,0,0,412
1200,0,2400655728,2400655341,0,0,386
1201,0,2402658777,2402658395,0,0,382
1202,0,2404661450,2404661096,0,0,354
1203,0,2406663691,2406663282,0,0,408
1204,0,2408665783,2408665386,0,0,397
1205,0,2410669215,2410668832,0,0,382
1206,0,2412670159,2412669757,0,0,402
1207,0,2414672572,2414672165,0,0,406
1208,0,2416674501,2416674094,0,0,406
1209,0,2418676533,2418676146,0,0,387
1210,0,2420679280,2420678892,0,0,388
1211,0,2422681332,2422680932,0,0,400
1212,0,2424683625,2424683197,0,0,427
1213,0,2426685608,2426685215,0,0,393
1214,0,2428688397,2428687996,0,0,400
1215,0,2430690292,2430689869,0,0,422
1216,0,2432692028,2432691642,0,0,386
1217,0,2434694519,2434694126,0,0,393
1218,0,2436696689,2436696307,0,0,382
1219,0,2438699258,2438698849,0,0,408
1220,0,2440701020,2440700604,0,0,415
1221,0,2442703434,2442703023,0,0,411
1222,0,2444705346,2444704960,0,0,385
1223,0,2446708015,2446707582,0,0,432
1224,0,2448710289,2448709877,0,0,412
1225,0,2450712662,2450712266,0,0,396
1226,0,2452714571,2452714159,0,0,412
1227,0,2454716822,2454716388,0,0,433
1228,0,2456718755,2456718382,0,0,372
1229,0,2458721300,2458720889,0,0,411
1230,0,2460723332,2460722929,0,0,402
1231,0,2462726069,2462725653,0,0,415
1232,0,2464727629,2464727213,0,0,415
1233,0,2466729926,2466729520,0,0,406
1234,0,2468732620,2468732253,0,0,367
1235,0,2470734192,2470733777,0,0,414
1236,0,2472735836,2472735426,0,0,409
1237,0,2474739064,2474738674,0,0,389
1238,0,2476740786,2476740396,0,0,390
1239,0,2478742318,2478741916,0,0,402
1240,0,2480745710,2480745290,0,0,419
1241,0,2482749238,2482748837,0,0,400
1242,0,2484750208,2484749856,0,0,352
1243,0,2486754235,2486753816,0,0,419
1244,0,2488754640,2488754233,0,0,406
1245,0,2490757237,2490756804,0,0,432
1246,0,2492759862,2492759449,0,0,413
1247,0,2494762160,2494761712,0,0,447
1248,0,2496763699,2496763294,0,0,404
1249,0,2498766202,2498765797,0,0,405
1250,0,2500768406,2500768007,0,0,399
1251,0,2502771069,2502770665,0,0,404
1252,0,2504773348,2504772954,0,0,394
1253,0,2506775173,2506774782,0,0,391
1254,0,2508776934,2508776546,0,0,387
1255,0,2510779088,2510778703,0,0,384
1256,0,2512781442,2512781045,0,0,397
1257,0,2514783566,2514783182,0,0,384
1258,0,2516785716,2516785303,0,0,413
1259,0,2518788759,2518788350,0,0,409
1260,0,2520790149,2520789774,0,0,375
1261,0,2522792409,2522792011,0,0,398
1262,0,2524794716,2524794303,0,0,413
1263,0,2526796853,2526796442,0,0,411
1264,0,2528798656,2528798275,0,0,381
1265,0,2530800628,2530800240,0,0,387
1266,0,2532804208,2532803865,0,0,343
1267,0,2534806101,2534805721,0,0,380
1268,0,2536808153,2536807754,0,0,399
1269,0,2538810148,2538809777,0,0,370
1270,0,2540812200,2540811833,0,0,367
1271,0,2542814393,2542813987,0,0,405
1272,0,2544816920,2544816547,0,0,373
1273,0,2546819371,2546818997,0,0,373
1274,0,2548820832,2548820465,0,0,366
1275,0,2550822099,2550821708,0,0,391
1276,0,2552825287,2552824896,0,0,391
1277,0,2554828759,2554828395,0,0,364
1278,0,2556830512,2556830139,0,0,373
1279,0,2558832174,2558831781,0,0,393
1280,0,2560833829,2560833443,0,0,385
1281,0,2562837213,2562836844,0,0,369
1282,0,2564839381,2564839005,0,0,375
1283,0,2566841826,2566841427,0,0,398
1284,0,2568843642,2568843269,0,0,373
1285,0,2570845840,2570845474,0,0,365
1286,0,2572847726,2572847351,0,0,375
1287,0,2574849919,2574849521,0,0,397
1288,0,2576851423,2576851024,0,0,398
1289,0,2578854753,2578854422,0,0,330
1290,0,2580857275,2580856889,0,0,385
1291,0,2582859091,2582858709,0,0,382
1292,0,2584861195,2584860831,0,0,364
1293,0,2586865326,2586864973,0,0,352
1294,0,2588866208,2588865836,0,0,372
1295,0,2590868098,2590867718,0,0,380
1296,0,2592872306,2592871878,0,0,427
1297,0,2594873761,2594873363,0,0,398
1298,0,2596874838,2596874462,0,0,375
1299,0,2598877276,2598876844,0,0,432
1300,0,2600879274,2600878907,0,0,366
1301,0,2602881793,2602881383,0,0,410
1302,0,2604883502,2604883088,0,0,413
1303,0,2606885891,2606885483,0,0,408
1304,0,2608888145,2608887748,0,0,397
1305,0,2610890294,2610889911,0,0,382
1306,0,2612892521,2612892176,0,0,345
1307,0,2614895038,2614894645,0,0,393
1308,0,2616897154,2616896790,0,0,364
1309,0,2618899265,2618898892,0,0,373
1310,0,2620901840,2620901463,0,0,376
1311,0,2622903335,2622902964,0,0,370
1312,0,2624904885,2624904492,0,0,393
1313,0,2626908271,2626907904,0,0,367
1314,0,2628911202,2628910839,0,0,362
1315,0,2630912028,2630911644,0,0,383
1316,0,2632913904,2632913543,0,0,360
1317,0,2634917373,2634917006,0,0,366
1318,0,2636919048,2636918667,0,0,381
1319,0,2638922119,2638921716,0,0,402
1320,0,2640923634,2640923248,0,0,386
1321,0,2642926662,2642926280,0,0,382
1322,0,2644928875,2644928512,0,0,362
1323,0,2646929990,2646929584,0,0,405
1324,0,2648931240,2648930867,0,0,373
1325,0,2650934595,2650934219,0,0,375
1326,0,2652937120,2652936737,0,0,382
1327,0,2654938852,2654938469,0,0,382
1328,0,2656940322,2656939929,0,0,393
1329,0,2658943508,2658943110,0,0,397
1330,0,2660946017,2660945646,0,0,370
1331,0,2662948395,2662947991,0,0,404
1332,0,2664951415,2664950994,0,0,420
1333,0,2666952649,2666952237,0,0,412
1334,0,2668954907,2668954509,0,0,398
1335,0,2670957231,2670956817,0,0,413
1336,0,2672959356,2672958943,0,0,413
1337,0,2674961163,2674960778,0,0,384
1338,0,2676962804,2676962393,0,0,411
1339,0,2678966085,2678965674,0,0,411
1340,0,2680967824,2680967428,0,0,395
1341,0,2682970741,2682970346,0,0,395
1342,0,2684972948,2684972577,0,0,371
1343,0,2686975975,2686975580,0,0,395
1344,0,2688977105,2688976723,0,0,382
1345,0,2690979480,2690979081,0,0,399
1346,0,2692981587,2692981203,0,0,384
1347,0,2694984923,2694984510,0,0,413
1348,0,2696986982,2696986600,0,0,382
1349,0,2698988588,2698988202,0,0,385
1350,0,2700990602,2700990175,0,0,426
1351,0,2702994291,2702993874,0,0,416
1352,0,2704995200,2704994794,0,0,406
1353,0,2706997262,2706996878,0,0,384
1354,0,2708999167,2708998785,0,0,382
1355,0,2711001620,2711001203,0,0,417
1356,0,2713003523,2713003123,0,0,400
1357,0,2715006400,2715005999,0,0,401
1358,0,2717008112,2717007710,0,0,402
1359,0,2719010600,2719010203,0,0,396
1360,0,2721012523,2721012112,0,0,411
1361,0,2723014719,2723014325,0,0,393
1362,0,2725016909,2725016540,0,0,368
1363,0,2727019260,2727018856,0,0,404
1364,0,2729021568,2729021199,0,0,369
1365,0,2731024023,2731023621,0,0,402
1366,0,2733025776,2733025368,0,0,407
1367,0,2735028211,2735027816,0,0,394
1368,0,2737030560,2737030170,0,0,390
1369,0,2739034280,2739033887,0,0,392
1370,0,2741034728,2741034332,0,0,395
1371,0,2743037196,2743036795,0,0,401
1372,0,2745039460,2745039078,0,0,382
1373,0,2747041578,2747041202,0,0,376
1374,0,2749043820,2749043440,0,0,380
1375,0,2751046103,2751045704,0,0,399
1376,0,2753048617,2753048207,0,0,409
1377,0,2755050939,2755050505,0,0,433
1378,0,2757052898,2757052503,0,0,394
1379,0,2759055613,2759055215,0,0,398
1380,0,2761057555,2761057179,0,0,375
1381,0,2763059380,2763058967,0,0,413
1382,0,2765061193,2765060770,0,0,422
1383,0,2767064258,2767063842,0,0,416
1384,0,2769066580,2769066177,0,0,403
1385,0,2771068438,2771068040,0,0,397
1386,0,2773069961,2773069552,0,0,408
1387,0,2775072298,2775071883,0,0,415
1388,0,2777073715,2777073306,0,0,408
1389,0,2779077033,2779076649,0,0,384
1390,0,2781079307,2781078900,0,0,406
1391,0,2783081447,2783081026,0,0,420
1392,0,2785083483,2785083083,0,0,400
1393,0,2787087737,2787087349,0,0,387
1394,0,2789088775,2789088412,0,0,362
1395,0,2791090777,2791090370,0,0,406
1396,0,2793092471,2793092082,0,0,389
1397,0,2795095339,2795094942,0,0,396
1398,0,2797097226,2797096822,0,0,404
1399,0,2799099757,2799099379,0,0,377
1400,0,2801101797,2801101402,0,0,395
1401,0,2803104043,2803103646,0,0,397
1402,0,2805107024,2805106665,0,0,359
1403,0,2807109337,2807108932,0,0,404
1404,0,2809110418,2809110019,0,0,399
1405,0,2811114150,2811113761,0,0,388
1406,0,2813114837,2813114462,0,0,374
1407,0,2815116929,2815116546,0,0,382
1408,0,2817119586,2817119205,0,0,381
1409,0,2819121588,2819121193,0,0,394
1410,0,2821123623,2821123267,0,0,355
1411,0,2823126817,2823126438,0,0,378
1412,0,2825129388,2825129022,0,0,365
1413,0,2827130344,2827129950,0,0,393
1414,0,2829132930,2829132555,0,0,374
1415,0,2831135587,2831135196,0,0,391
1416,0,2833137689,2833137334,0,0,355
1417,0,2835139649,2835139285,0,0,363
1418,0,2837141173,2837140785,0,0,387
1419,0,2839143152,2839142799,0,0,353
1420,0,2841145885,2841145533,0,0,351
1421,0,2843148143,2843147747,0,0,395
1422,0,2845150481,2845150093,0,0,388
1423,0,2847154294,2847153912,0,0,382
1424,0,2849156296,2849155950,0,0,346
1425,0,2851157926,2851157543,0,0,382
1426,0,2853160062,2853159673,0,0,388
1427,0,2855162117,2855161746,0,0,370
1428,0,2857164375,2857164015,0,0,359
1429,0,2859166027,2859165627,0,0,400
1430,0,2861167719,2861167347,0,0,372
1431,0,2863171067,2863170695,0,0,372
1432,0,2865172767,2865172370,0,0,396
1433,0,2867175375,2867174950,0,0,425
1434,0,2869177393,2869176983,0,0,410
1435,0,2871179669,2871179253,0,0,415
1436,0,2873181592,2873181193,0,0,398
1437,0,2875183911,2875183510,0,0,400
1438,0,2877186294,2877185890,0,0,403
1439,0,2879188566,2879188175,0,0,391
1440,0,2881190400,2881190029,0,0,371
1441,0,2883192875,2883192509,0,0,366
1442,0,2885196059,2885195686,0,0,373
1443,0,2887198919,2887198543,0,0,376
1444,0,2889200405,2889200049,0,0,356
1445,0,2891202754,2891202370,0,0,384
1446,0,2893203995,2893203600,0,0,395
1447,0,2895206110,2895205721,0,0,389
1448,0,2897208615,2897208234,0,0,381
1449,0,2899210512,2899210119,0,0,393
1450,0,2901212536,2901212154,0,0,382
1451,0,2903215181,2903214785,0,0,395
1452,0,2905217271,2905216889,0,0,382
1453,0,2907220106,2907219715,0,0,391
1454,0,2909221829,2909221457,0,0,371
1455,0,2911223833,2911223437,0,0,395
1456,0,2913225843,2913225436,0,0,406
1457,0,2915228577,2915228162,0,0,415
1458,0,2917230537,2917230123,0,0,413
1459,0,2919233391,2919232996,0,0,395
1460,0,2921235822,2921235417,0,0,404
1461,0,2923237559,2923237144,0,0,414
1462,0,2925239542,2925239141,0,0,401
1463,0,2927241808,2927241397,0,0,411
1464,0,2929243880,2929243471,0,0,408
1465,0,2931245939,2931245529,0,0,410
1466,0,2933248370,2933247977,0,0,393
1467,0,2935250597,2935250191,0,0,406
1468,0,2937252840,2937252442,0,0,397
1469,0,2939255250,2939254835,0,0,414
1470,0,2941257465,2941257088,0,0,376
1471,0,2943260013,2943259621,0,0,392
1472,0,2945261582,2945261211,0,0,370
1473,0,2947264060,2947263649,0,0,411
1474,0,2949266182,2949265802,0,0,380
1475,0,2951269269,2951268883,0,0,386
1476,0,2953271633,2953271253,0,0,379
1477,0,2955273176,2955272771,0,0,404
1478,0,2957275804,2957275393,0,0,411
1479,0,2959276743,2959276344,0,0,399
1480,0,2961278386,2961278006,0,0,379
1481,0,2963282406,2963282005,0,0,400
1482,0,2965284115,2965283709,0,0,406
1483,0,2967286612,2967286229,0,0,382
1484,0,2969288391,2969288010,0,0,380
1485,0,2971291293,2971290883,0,0,409
1486,0,2973292855,2973292474,0,0,381
1487,0,2975294602,2975294191,0,0,410
1488,0,2977296224,2977295843,0,0,380
1489,0,2979299546,2979299145,0,0,400
1490,0,2981301701,2981301335,0,0,366
1491,0,2983304243,2983303860,0,0,382
1492,0,2985306048,2985305698,0,0,349
1493,0,2987310084,2987309683,0,0,400
1494,0,2989310448,2989310058,0,0,389
1495,0,2991312933,2991312534,0,0,399
1496,0,2993315804,2993315422,0,0,382
1497,0,2995317566,2995317159,0,0,406
1498,0,2997319425,2997319022,0,0,402
1499,0,2999321759,2999321360,0,0,398
1500,0,3001324151,3001323768,0,0,382
1501,0,3003326204,3003325805,0,0,399
1502,0,3005329051,3005328642,0,0,408
1503,0,3007330713,3007330310,0,0,402
1504,0,3009333457,3009333085,0,0,372
1505,0,3011335835,3011335415,0,0,420
1506,0,3013337605,3013337215,0,0,389
1507,0,3015341199,3015340790,0,0,408
1508,0,3017343095,3017342743,0,0,352
1509,0,3019344242,3019343849,0,0,393
1510,0,3021346293,3021345898,0,0,395
1511,0,3023348501,3023348114,0,0,386
1512,0,3025350681,3025350262,0,0,419
1513,0,3027352798,3027352400,0,0,397
1514,0,3029355422,3029354997,0,0,424
1515,0,3031358330,3031357936,0,0,394
1516,0,3033359343,3033358941,0,0,402
1517,0,3035361884,3035361485,0,0,399
1518,0,3037363562,3037363177,0,0,384
1519,0,3039365211,3039364818,0,0,392
1520,0,3041368622,3041368248,0,0,373
1521,0,3043371193,3043370788,0,0,405
1522,0,3045373117,3045372752,0,0,364
1523,0,3047375271,3047374885,0,0,386
1524,0,3049377655,3049377255,0,0,400
1525,0,3051379546,3051379137,0,0,408
1526,0,3053382235,3053381856,0,0,379
1527,0,3055384317,3055383919,0,0,397
1528,0,3057386188,3057385806,0,0,382
1529,0,3059388811,3059388396,0,0,415
1530,0,3061391130,3061390723,0,0,407
1531,0,3063392891,3063392472,0,0,418
1532,0,3065395129,3065394746,0,0,382
1533,0,3067398096,3067397687,0,0,408
1534,0,3069399213,3069398817,0,0,395
1535,0,3071401860,3071401469,0,0,391
1536,0,3073404015,3073403607,0,0,408
1537,0,3075406027,3075405626,0,0,400
1538,0,3077407273,3077406878,0,0,395
1539,0,3079410548,3079410148,0,0,399
1540,0,3081413324,3081412928,0,0,396
1541,0,3083415085,3083414674,0,0,410
1542,0,3085417498,3085417080,0,0,417
1543,0,3087421141,3087420732,0,0,408
1544,0,3089421647,3089421271,0,0,376
1545,0,3091424204,3091423825,0,0,379
1546,0,3093426080,3093425705,0,0,375
1547,0,3095428743,3095428359,0,0,384
1548,0,3097430554,3097430211,0,0,342
1549,0,3099432915,3099432510,0,0,405
1550,0,3101435169,3101434785,0,0,384
1551,0,3103437874,3103437519,0,0,355
1552,0,3105439272,3105438906,0,0,366
1553,0,3107443125,3107442732,0,0,392
1554,0,3109444841,3109444457,0,0,384
1555,0,3111447410,3111447037,0,0,373
1556,0,3113449302,3113448946,0,0,355
1557,0,3115451516,3115451130,0,0,386
1558,0,3117453188,3117452817,0,0,370
1559,0,3119454811,3119454425,0,0,386
1560,0,3121456665,3121456285,0,0,379
1561,0,3123459649,3123459265,0,0,384
1562,0,3125461524,3125461160,0,0,364
1563,0,3127463934,3127463538,0,0,395
1564,0,3129466461,3129466058,0,0,403
1565,0,3131468859,3131468457,0,0,402
1566,0,3133471018,3133470641,0,0,377
1567,0,3135472819,3135472435,0,0,384
1568,0,3137475342,3137474960,0,0,382
1569,0,3139478586,3139478208,0,0,377
1570,0,3141479541,3141479139,0,0,402
1571,0,3143482014,3143481621,0,0,393
1572,0,3145484413,3145484040,0,0,373
1573,0,3147486606,3147486206,0,0,399
1574,0,3149488635,3149488231,0,0,404
1575,0,3151490730,3151490343,0,0,387
1576,0,3153493031,3153492633,0,0,397
1577,0,3155495319,3155494896,0,0,422
1578,0,3157497331,3157496934,0,0,396
1579,0,3159499496,3159499124,0,0,372
1580,0,3161501984,3161501589,0,0,395
1581,0,3163503801,3163503395,0,0,405
1582,0,3165505005,3165504594,0,0,411
1583,0,3167507429,3167507021,0,0,407
1584,0,3169510714,3169510341,0,0,373
1585,0,3171513492,3171513087,0,0,404
1586,0,3173515907,3173515532,0,0,375
1587,0,3175518374,3175517975,0,0,399
1588,0,3177519943,3177519559,0,0,383
1589,0,3179522357,3179521932,0,0,425
1590,0,3181524110,3181523721,0,0,389
1591,0,3183525982,3183525594,0,0,388
1592,0,3185527918,3185527536,0,0,382
1593,0,3187532271,3187531873,0,0,398
1594,0,3189533060,3189532681,0,0,379
1595,0,3191535570,3191535177,0,0,393
1596,0,3193537700,3193537324,0,0,375
1597,0,3195540456,3195540075,0,0,380
1598,0,3197542427,3197542044,0,0,382
1599,0,3199543820,3199543421,0,0,399
1600,0,3201545577,3201545204,0,0,373
1601,0,3203548809,3203548430,0,0,379
1602,0,3205551094,3205550746,0,0,347
1603,0,3207554152,3207553790,0,0,362
1604,0,3209556778,3209556442,0,0,336
1605,0,3211558189,3211557810,0,0,379
1606,0,3213560930,3213560564,0,0,365
1607,0,3215562035,3215561656,0,0,379
1608,0,3217564184,3217563800,0,0,384
1609,0,3219567731,3219567349,0,0,382
1610,0,3221569531,3221569140,0,0,391
1611,0,3223571734,3223571349,0,0,384
1612,0,3225573314,3225572946,0,0,367
1613,0,3227575578,3227575185,0,0,393
1614,0,3229578100,3229577716,0,0,384
1615,0,3231579480,3231579114,0,0,365
1616,0,3233580869,3233580489,0,0,380
1617,0,3235584487,3235584066,0,0,420
1618,0,3237586444,3237586071,0,0,373
1619,0,3239588666,3239588287,0,0,379
1620,0,3241590898,3241590551,0,0,347
1621,0,3243592790,3243592371,0,0,418
1622,0,3245594193,3245593797,0,0,395
1623,0,3247597924,3247597513,0,0,411
1624,0,3249600954,3249600590,0,0,364
1625,0,3251602202,3251601793,0,0,409
1626,0,3253603853,3253603492,0,0,360
1627,0,3255605276,3255604887,0,0,388
1628,0,3257608803,3257608428,0,0,375
1629,0,3259610615,3259610215,0,0,400
1630,0,3261612119,3261611724,0,0,395
1631,0,3263615688,3263615307,0,0,381
1632,0,3265617784,3265617407,0,0,377
1633,0,3267619812,3267619404,0,0,407
1634,0,3269622060,3269621680,0,0,379
1635,0,3271625307,3271624905,0,0,402
1636,0,3273627983,3273627602,0,0,381
1637,0,3275628361,3275627964,0,0,396
1638,0,3277629600,3277629195,0,0,404
1639,0,3279632278,3279631868,0,0,409
1640,0,3281635435,3281635052,0,0,382
1641,0,3283637462,3283637053,0,0,408
1642,0,3285639756,3285639357,0,0,398
1643,0,3287643332,3287642948,0,0,384
1644,0,3289644491,3289644112,0,0,379
1645,0,3291646779,3291646381,0,0,398
1646,0,3293649381,3293648999,0,0,381
1647,0,3295651201,3295650784,0,0,416
1648,0,3297653160,3297652770,0,0,389
1649,0,3299655901,3299655489,0,0,411
1650,0,3301657876,3301657487,0,0,389
1651,0,3303660022,3303659625,0,0,396
1652,0,3305662154,3305661745,0,0,408
1653,0,3307664567,3307664158,0,0,408
1654,0,3309666912,3309666498,0,0,413
1655,0,3311669098,3311668687,0,0,411
1656,0,3313671111,3313670722,0,0,388
1657,0,3315673307,3315672898,0,0,408
1658,0,3317675981,3317675570,0,0,411
1659,0,3319677840,3319677458,0,0,382
1660,0,3321679842,3321679442,0,0,399
1661,0,3323683679,3323683276,0,0,402
1662,0,3325684948,3325684530,0,0,417
1663,0,3327686440,3327686042,0,0,397
1664,0,3329688823,3329688454,0,0,368
1665,0,3331690988,3331690589,0,0,399
1666,0,3333692994,3333692611,0,0,382
1667,0,3335696313,3335695923,0,0,390
1668,0,3337699215,3337698822,0,0,393
1669,0,3339700048,3339699684,0,0,364
1670,0,3341702210,3341701813,0,0,396
1671,0,3343704505,3343704100,0,0,404
1672,0,3345706529,3345706113,0,0,415
1673,0,3347708770,3347708368,0,0,401
1674,0,3349710750,3349710341,0,0,408
1675,0,3351713311,3351712903,0,0,407
1676,0,3353715076,3353714699,0,0,376
1677,0,3355716975,3355716572,0,0,403
1678,0,3357720310,3357719896,0,0,413
1679,0,3359723573,3359723152,0,0,420
1680,0,3361725314,3361724924,0,0,390
1681,0,3363727504,3363727119,0,0,385
1682,0,3365729777,3365729413,0,0,363
1683,0,3367732211,3367731834,0,0,376
1684,0,3369732964,3369732597,0,0,366
1685,0,3371735289,3371734885,0,0,404
1686,0,3373738105,3373737721,0,0,383
1687,0,3375740114,3375739743,0,0,370
1688,0,3377741943,3377741576,0,0,367
1689,0,3379744208,3379743819,0,0,388
1690,0,3381746520,3381746148,0,0,372
1691,0,3383748677,3383748290,0,0,386
1692,0,3385750958,3385750577,0,0,380
1693,0,3387754305,3387753921,0,0,383
1694,0,3389756173,3389755788,0,0,384
1695,0,3391758376,3391758003,0,0,373
1696,0,3393759408,3393759010,0,0,398
1697,0,3395763307,3395762894,0,0,413
1698,0,3397763971,3397763606,0,0,365
1699,0,3399766279,3399765871,0,0,407
1700,0,3401769298,3401768917,0,0,380
1701,0,3403771393,3403770984,0,0,408
1702,0,3405773169,3405772770,0,0,398
1703,0,3407775276,3407774882,0,0,394
1704,0,3409776732,3409776352,0,0,379
1705,0,3411779788,3411779429,0,0,359
1706,0,3413782569,3413782175,0,0,393
1707,0,3415784581,3415784167,0,0,413
1708,0,3417786471,3417786079,0,0,391
1709,0,3419788565,3419788179,0,0,386
1710,0,3421789455,3421789065,0,0,389
1711,0,3423792058,3423791653,0,0,404
1712,0,3425794511,3425794106,0,0,404
1713,0,3427797644,3427797250,0,0,393
1714,0,3429800050,3429799696,0,0,353
1715,0,3431802930,3431802536,0,0,394
1716,0,3433803250,3433802849,0,0,401
1717,0,3435806806,3435806431,0,0,375
1718,0,3437808884,3437808515,0,0,368
1719,0,3439810894,3439810512,0,0,382
1720,0,3441813473,3441813134,0,0,339
1721,0,3443815687,3443815315,0,0,372
1722,0,3445817527,3445817128,0,0,399
1723,0,3447820250,3447819857,0,0,393
1724,0,3449822260,3449821869,0,0,391
1725,0,3451824452,3451824073,0,0,379
1726,0,3453826915,3453826534,0,0,381
1727,0,3455828624,3455828225,0,0,398
1728,0,3457830302,3457829939,0,0,363
1729,0,3459833244,3459832849,0,0,395
1730,0,3461835364,3461834979,0,0,384
1731,0,3463839404,3463839022,0,0,382
1732,0,3465840937,3465840582,0,0,355
1733,0,3467843121,3467842721,0,0,399
1734,0,3469844556,3469844173,0,0,383
1735,0,3471846968,3471846588,0,0,379
1736,0,3473849051,3473848698,0,0,352
1737,0,3475851702,3475851323,0,0,378
1738,0,3477853049,3477852683,0,0,365
1739,0,3479855591,3479855224,0,0,367
1740,0,3481857693,3481857316,0,0,377
1741,0,3483859911,3483859540,0,0,370
1742,0,3485862446,3485862074,0,0,372
1743,0,3487865335,3487864950,0,0,385
1744,0,3489865841,3489865469,0,0,372
1745,0,3491868978,3491868591,0,0,387
1746,0,3493871049,3493870689,0,0,359
1747,0,3495873334,3495872941,0,0,393
1748,0,3497875497,3497875131,0,0,366
1749,0,3499877405,3499877001,0,0,404
1750,0,3501878912,3501878539,0,0,372
1751,0,3503882330,3503881951,0,0,379
1752,0,3505885250,3505884879,0,0,370
1753,0,3507886506,3507886110,0,0,395
1754,0,3509888655,3509888283,0,0,372
1755,0,3511891478,3511891090,0,0,387
1756,0,3513893629,3513893224,0,0,404
1757,0,3515896506,3515896101,0,0,405
1758,0,3517899357,3517898966,0,0,391
1759,0,3519899700,3519899305,0,0,395
1760,0,3521901582,3521901182,0,0,399
1761,0,3523904556,3523904193,0,0,362
1762,0,3525906730,3525906386,0,0,343
1763,0,3527909505,3527909123,0,0,382
1764,0,3529911085,3529910692,0,0,393
1765,0,3531913309,3531912925,0,0,383
1766,0,3533915471,3533915089,0,0,382
1767,0,3535918219,3535917835,0,0,383
1768,0,3537919951,3537919584,0,0,367
1769,0,3539921978,3539921615,0,0,362
1770,0,3541924317,3541923946,0,0,371
1771,0,3543926497,3543926098,0,0,399
1772,0,3545927756,3545927375,0,0,380
1773,0,3547931293,3547930904,0,0,388
1774,0,3549933353,3549932984,0,0,369
1775,0,3551936109,3551935720,0,0,388
1776,0,3553938056,3553937660,0,0,395
1777,0,3555940180,3555939791,0,0,388
1778,0,3557942626,3557942271,0,0,355
1779,0,3559944411,3559944039,0,0,372
1780,0,3561946724,3561946326,0,0,397
1781,0,3563948769,3563948390,0,0,379
1782,0,3565951469,3565951089,0,0,380
1783,0,3567953338,3567952955,0,0,382
1784,0,3569954975,3569954601,0,0,373
1785,0,3571957728,3571957323,0,0,404
1786,0,3573960485,3573960100,0,0,385
1787,0,3575961968,3575961575,0,0,393
1788,0,3577964689,3577964289,0,0,400
1789,0,3579966658,3579966289,0,0,368
1790,0,3581969282,3581968907,0,0,375
1791,0,3583970570,3583970177,0,0,392
1792,0,3585972834,3585972485,0,0,348
1793,0,3587976784,3587976413,0,0,370
1794,0,3589977615,3589977255,0,0,359
1795,0,3591980252,3591979861,0,0,391
1796,0,3593982464,3593982117,0,0,346
1797,0,3595984898,3595984523,0,0,375
1798,0,3597986800,3597986413,0,0,386
1799,0,3599989243,3599988858,0,0,385
1800,0,3601991368,3601991004,0,0,364
1801,0,3603993631,3603993264,0,0,367
1802,0,3605995548,3605995186,0,0,362
1803,0,3607997941,3607997560,0,0,381
1804,0,3610000284,3609999921,0,0,362
1805,0,3612002879,3612002494,0,0,385
1806,0,3614004685,3614004303,0,0,382
1807,0,3616008453,3616008085,0,0,368
1808,0,3618010388,3618009996,0,0,392
1809,0,3620012741,3620012348,0,0,393
1810,0,3622014222,3622013852,0,0,369
1811,0,3624016997,3624016598,0,0,399
1812,0,3626018802,3626018431,0,0,370
1813,0,3628021229,3628020848,0,0,380
1814,0,3630022468,3630022071,0,0,396
1815,0,3632024577,3632024184,0,0,393
1816,0,3634026946,3634026576,0,0,370
1817,0,3636029296,3636028914,0,0,382
1818,0,3638031397,3638031027,0,0,369
1819,0,3640033611,3640033230,0,0,380
1820,0,3642035903,3642035522,0,0,381
1821,0,3644038280,3644037901,0,0,379
1822,0,3646040775,3646040399,0,0,376
1823,0,3648042241,3648041858,0,0,382
1824,0,3650045051,3650044642,0,0,408
1825,0,3652047969,3652047562,0,0,406
1826,0,3654049251,3654048842,0,0,408
1827,0,3656052017,3656051604,0,0,412
1828,0,3658053602,3658053204,0,0,397
1829,0,3660055844,3660055472,0,0,371
1830,0,3662058030,3662057635,0,0,395
1831,0,3664060550,3664060144,0,0,405
1832,0,3666062528,3666062155,0,0,373
1833,0,3668065200,3668064817,0,0,382
1834,0,3670067039,3670066648,0,0,391
1835,0,3672069739,3672069347,0,0,391
1836,0,3674071497,3674071120,0,0,377
1837,0,3676073089,3676072692,0,0,396
1838,0,3678074586,3678074204,0,0,382
1839,0,3680077989,3680077614,0,0,375
1840,0,3682080414,3682080031,0,0,383
1841,0,3684082413,3684082032,0,0,381
1842,0,3686085149,3686084767,0,0,382
1843,0,3688089551,3688089203,0,0,348
1844,0,3690088793,3690088407,0,0,385
1845,0,3692090046,3692089676,0,0,369
1846,0,3694092170,3694091787,0,0,382
1847,0,3696094422,3696094039,0,0,383
1848,0,3698097802,3698097401,0,0,401
1849,0,3700101444,3700101030,0,0,413
1850,0,3702102620,3702102231,0,0,388
1851,0,3704105428,3704105020,0,0,408
1852,0,3706107274,3706106871,0,0,402
1853,0,3708109285,3708108865,0,0,419
1854,0,3710111844,3710111477,0,0,366
1855,0,3712113507,3712113110,0,0,397
1856,0,3714115821,3714115450,0,0,370
1857,0,3716118202,3716117817,0,0,384
1858,0,3718120696,3718120324,0,0,372
1859,0,3720124145,3720123736,0,0,408
1860,0,3722125747,3722125365,0,0,382
1861,0,3724128812,3724128417,0,0,394
1862,0,3726130892,3726130477,0,0,415
1863,0,3728131103,3728130703,0,0,400
1864,0,3730132411,3730132037,0,0,373
1865,0,3732136119,3732135731,0,0,387
1866,0,3734138056,3734137652,0,0,404
1867,0,3736140215,3736139813,0,0,402
1868,0,3738142752,3738142379,0,0,373
1869,0,3740144750,3740144365,0,0,384
1870,0,3742146768,3742146359,0,0,409
1871,0,3744148687,3744148282,0,0,404
1872,0,3746150298,3746149914,0,0,384
1873,0,3748154348,3748153959,0,0,388
1874,0,3750155692,3750155319,0,0,373
1875,0,3752158094,3752157710,0,0,383
1876,0,3754160411,3754160008,0,0,402
1877,0,3756162534,3756162131,0,0,402
1878,0,3758164871,3758164467,0,0,404
1879,0,3760167785,3760167395,0,0,389
1880,0,3762169300,3762168907,0,0,393
1881,0,3764172002,3764171622,0,0,380
1882,0,3766173583,3766173210,0,0,373
1883,0,3768175739,3768175348,0,0,391
1884,0,3770178200,3770177816,0,0,383
1885,0,3772180566,3772180181,0,0,385
1886,0,3774182905,3774182515,0,0,389
1887,0,3776184952,3776184557,0,0,395
1888,0,3778186912,3778186533,0,0,378
1889,0,3780189567,3780189196,0,0,370
1890,0,3782191357,3782190984,0,0,373
1891,0,3784195118,3784194728,0,0,389
1892,0,3786197111,3786196738,0,0,373
1893,0,3788199121,3788198725,0,0,395
1894,0,3790199142,3790198737,0,0,405
1895,0,3792202501,3792202096,0,0,404
1896,0,3794205585,3794205187,0,0,397
1897,0,3796207831,3796207451,0,0,379
1898,0,3798208822,3798208442,0,0,380
1899,0,3800210991,3800210587,0,0,403
1900,0,3802213602,3802213200,0,0,402
1901,0,3804216348,3804215961,0,0,386
1902,0,3806218171,3806217780,0,0,391
1903,0,3808220600,3808220199,0,0,400
1904,0,3810222593,3810222213,0,0,380
1905,0,3812224808,3812224424,0,0,383
1906,0,3814227608,3814227227,0,0,380
1907,0,3816229613,3816229252,0,0,361
1908,0,3818231324,3818230923,0,0,400
1909,0,3820234235,3820233843,0,0,391
1910,0,3822235930,3822235552,0,0,377
1911,0,3824237931,3824237535,0,0,395
1912,0,3826239921,3826239533,0,0,388
1913,0,3828243208,3828242829,0,0,379
1914,0,3830245449,3830245074,0,0,375
1915,0,3832247782,3832247379,0,0,403
1916,0,3834250246,3834249854,0,0,391
1917,0,3836251669,3836251305,0,0,363
1918,0,3838253949,3838253597,0,0,352
1919,0,3840255740,3840255361,0,0,379
1920,0,3842258096,3842257748,0,0,348
1921,0,3844260429,3844260058,0,0,370
1922,0,3846262465,3846262114,0,0,350
1923,0,3848264697,3848264318,0,0,379
1924,0,3850267148,3850266795,0,0,353
1925,0,3852269415,3852269042,0,0,373
1926,0,3854271642,3854271274,0,0,368
1927,0,3856274256,3856273896,0,0,360
1928,0,3858276529,3858276156,0,0,373
1929,0,3860277967,3860277571,0,0,395
1930,0,3862280283,3862279898,0,0,384
1931,0,3864281447,3864281042,0,0,405
1932,0,3866284745,3866284395,0,0,350
1933,0,3868287219,3868286847,0,0,371
1934,0,3870290781,3870290400,0,0,380
1935,0,3872291897,3872291501,0,0,396
1936,0,3874294294,3874293924,0,0,370
1937,0,3876295497,3876295114,0,0,382
1938,0,3878297802,3878297440,0,0,361
1939,0,3880300106,3880299725,0,0,381
1940,0,3882301050,3882300679,0,0,370
1941,0,3884303517,3884303125,0,0,392
1942,0,3886306237,3886305866,0,0,370
1943,0,3888310892,3888310503,0,0,389
1944,0,3890311416,3890311060,0,0,356
1945,0,3892313682,3892313300,0,0,382
1946,0,3894316150,3894315784,0,0,366
1947,0,3896318040,3896317674,0,0,366
1948,0,3898320391,3898320009,0,0,382
1949,0,3900322920,3900322529,0,0,391
1950,0,3902325211,3902324815,0,0,395
1951,0,3904327187,3904326788,0,0,398
1952,0,3906329503,3906329130,0,0,373
1953,0,3908332857,3908332481,0,0,375
1954,0,3910333991,3910333635,0,0,355
1955,0,3912336537,3912336130,0,0,407
1956,0,3914338802,3914338447,0,0,355
1957,0,3916340991,3916340600,0,0,391
1958,0,3918342993,3918342587,0,0,405
1959,0,3920344657,3920344244,0,0,413
1960,0,3922345995,3922345579,0,0,415
1961,0,3924349625,3924349231,0,0,393
1962,0,3926352054,3926351647,0,0,407
1963,0,3928354103,3928353708,0,0,395
1964,0,3930356844,3930356465,0,0,379
1965,0,3932359706,3932359292,0,0,413
1966,0,3934360491,3934360110,0,0,380
1967,0,3936362762,3936362355,0,0,407
1968,0,3938364772,3938364344,0,0,427
1969,0,3940367218,3940366804,0,0,413
1970,0,3942369631,3942369222,0,0,408
1971,0,3944372854,3944372435,0,0,418
1972,0,3946373736,3946373315,0,0,420
1973,0,3948376111,3948375710,0,0,401
1974,0,3950378646,3950378241,0,0,404
1975,0,3952380215,3952379813,0,0,401
1976,0,3954382107,3954381751,0,0,356
1977,0,3956384566,3956384192,0,0,374
1978,0,3958386271,3958385896,0,0,375
1979,0,3960389296,3960388893,0,0,402
1980,0,3962391464,3962391067,0,0,396
1981,0,3964394225,3964393816,0,0,408
1982,0,3966396540,3966396177,0,0,362
1983,0,3968398450,3968398040,0,0,409
1984,0,3970400766,3970400393,0,0,373
1985,0,3972403002,3972402586,0,0,415
1986,0,3974404728,3974404362,0,0,365
1987,0,3976407755,3976407357,0,0,397
1988,0,3978408846,3978408474,0,0,371
1989,0,3980411360,3980410966,0,0,393
1990,0,3982413098,3982412690,0,0,407
1991,0,3984415952,3984415557,0,0,395
1992,0,3986418331,3986417934,0,0,396
1993,0,3988422105,3988421730,0,0,375
1994,0,3990422859,3990422474,0,0,385
1995,0,3992425193,3992424811,0,0,381
1996,0,3994427186,3994426782,0,0,404
1997,0,3996429810,3996429412,0,0,397
1998,0,3998432014,3998431606,0,0,407
1999,0,4000433616,4000433210,0,0,406
2000,0,4002434830,4002434447,0,0,382
2001,0,4004437268,4004436872,0,0,395
2002,0,4006440706,4006440341,0,0,365
2003,0,4008442786,4008442402,0,0,384
2004,0,4010444795,4010444426,0,0,368
2005,0,4012447369,4012446973,0,0,395
2006,0,4014449137,4014448759,0,0,377
2007,0,4016451514,4016451147,0,0,366
2008,0,4018454019,4018453648,0,0,370
2009,0,4020456215,4020455811,0,0,404
2010,0,4022458186,4022457817,0,0,369
2011,0,4024460870,4024460481,0,0,388
2012,0,4026462858,4026462459,0,0,399
2013,0,4028465255,4028464859,0,0,395
2014,0,4030467692,4030467289,0,0,402
2015,0,4032469898,4032469482,0,0,416
2016,0,4034471997,4034471645,0,0,352
2017,0,4036474244,4036473868,0,0,375
2018,0,4038476550,4038476175,0,0,375
2019,0,4040479080,4040478696,0,0,384
2020,0,4042480550,4042480204,0,0,345
2021,0,4044482595,4044482226,0,0,369
2022,0,4046484058,4046483683,0,0,375
2023,0,4048487773,4048487375,0,0,397
2024,0,4050489633,4050489265,0,0,367
2025,0,4052493027,4052492653,0,0,373
2026,0,4054494229,4054493853,0,0,376
2027,0,4056496690,4056496291,0,0,399
2028,0,4058498496,4058498122,0,0,373
2029,0,4060500426,4060500033,0,0,393
2030,0,4062502669,4062502298,0,0,370
2031,0,4064505089,4064504723,0,0,366
2032,0,4066507912,4066507503,0,0,408
2033,0,4068509644,4068509255,0,0,388
2034,0,4070512148,4070511770,0,0,377
2035,0,4072513912,4072513543,0,0,369
2036,0,4074516311,4074515905,0,0,406
2037,0,4076518188,4076517811,0,0,377
2038,0,4078519628,4078519235,0,0,393
2039,0,4080522958,4080522540,0,0,417
2040,0,4082524811,4082524438,0,0,373
2041,0,4084527702,4084527292,0,0,409
2042,0,4086530409,4086529995,0,0,413
2043,0,4088534369,4088533979,0,0,390
2044,0,4090534943,4090534543,0,0,400
2045,0,4092536084,4092535675,0,0,408
2046,0,4094538777,4094538389,0,0,387
2047,0,4096540276,4096539899,0,0,376
2048,0,4098542295,4098541949,0,0,346
2049,0,4100544961,4100544597,0,0,364
2050,0,4102547456,4102547089,0,0,366
2051,0,4104550008,4104549622,0,0,385
2052,0,4106552215,4106551875,0,0,340
2053,0,4108554055,4108553710,0,0,345
2054,0,4110556259,4110555863,0,0,395
2055,0,4112558250,4112557877,0,0,373
2056,0,4114559711,4114559335,0,0,375
2057,0,4116562755,4116562392,0,0,362
2058,0,4118564785,4118564412,0,0,373
2059,0,4120566581,4120566200,0,0,380
2060,0,4122569411,4122569041,0,0,370
2061,0,4124572381,4124571997,0,0,383
2062,0,4126575231,4126574864,0,0,366
2063,0,4128575936,4128575559,0,0,377
2064,0,4130578535,4130578181,0,0,354
2065,0,4132581309,4132580926,0,0,382
2066,0,4134582703,4134582364,0,0,339
2067,0,4136586131,4136585765,0,0,366
2068,0,4138587330,4138586975,0,0,354
2069,0,4140589325,4140588946,0,0,379
2070,0,4142590914,4142590538,0,0,375
2071,0,4144593914,4144593541,0,0,372
2072,0,4146596628,4146596251,0,0,376
2073,0,4148598503,4148598132,0,0,370
2074,0,4150600593,4150600212,0,0,381
2075,0,4152602767,4152602384,0,0,382
2076,0,4154605555,4154605184,0,0,370
2077,0,4156607868,4156607495,0,0,373
2078,0,4158610373,4158609974,0,0,399
2079,0,4160613510,4160613128,0,0,382
2080,0,4162616581,4162616168,0,0,412
2081,0,4164616861,4164616474,0,0,387
2082,0,4166619032,4166618662,0,0,370
2083,0,4168620882,4168620466,0,0,415
2084,0,4170623451,4170623098,0,0,352
2085,0,4172625216,4172624832,0,0,384
2086,0,4174627276,4174626868,0,0,407
2087,0,4176629973,4176629586,0,0,386
2088,0,4178632299,4178631883,0,0,416
2089,0,4180634532,4180634123,0,0,408
2090,0,4182636428,4182636005,0,0,422
2091,0,4184638728,4184638314,0,0,413
2092,0,4186640850,4186640471,0,0,379
2093,0,4188644602,4188644188,0,0,414
2094,0,4190645350,4190644946,0,0,404
2095,0,4192647735,4192647331,0,0,404
2096,0,4194649851,4194649454,0,0,396
2097,0,4196652033,4196651638,0,0,394
2098,0,4198654696,4198654304,0,0,392
2099,0,4200657132,4200656731,0,0,400
2100,0,4202658912,4202658515,0,0,397
2101,0,4204661366,4204660973,0,0,392
2102,0,4206663202,4206662789,0,0,413
2103,0,4208665678,4208665270,0,0,408
2104,0,4210667369,4210666977,0,0,392
2105,0,4212670298,4212669891,0,0,406
2106,0,4214671869,4214671492,0,0,376
2107,0,4216674026,4216673635,0,0,391
2108,0,4218676521,4218676134,0,0,386
2109,0,4220678653,4220678262,0,0,391
2110,0,4222681578,4222681217,0,0,361
2111,0,4224683946,4224683546,0,0,400
2112,0,4226685215,4226684788,0,0,427
2113,0,4228687470,4228687072,0,0,397
2114,0,4230689993,4230689588,0,0,405
2115,0,4232693031,4232692635,0,0,395
2116,0,4234694941,4234694543,0,0,398
2117,0,4236697072,4236696676,0,0,395
2118,0,4238698826,4238698411,0,0,415
2119,0,4240700916,4240700494,0,0,421
2120,0,4242703441,4242703066,0,0,375
2121,0,4244705446,4244705053,0,0,392
2122,0,4246707486,4246707104,0,0,382
2123,0,4248709423,4248709033,0,0,389
2124,0,4250711314,4250710943,0,0,370
2125,0,4252714142,4252713736,0,0,406
2126,0,4254716758,4254716359,0,0,399
2127,0,4256718517,4256718118,0,0,399
2128,0,4258720782,4258720388,0,0,393
2129,0,4260723471,4260723064,0,0,406
2130,0,4262725499,4262725102,0,0,397
2131,0,4264727618,4264727195,0,0,423
2132,0,4266729622,4266729242,0,0,379
2133,0,4268732153,4268731746,0,0,407
2134,0,4270734341,4270733928,0,0,412
2135,0,4272737488,4272737071,0,0,416
2136,0,4274738587,4274738200,0,0,387
2137,0,4276740851,4276740457,0,0,394
2138,0,4278743314,4278742937,0,0,377
2139,0,4280745502,4280745112,0,0,389
2140,0,4282747404,4282746988,0,0,415
2141,0,4284749991,4284749600,0,0,391
2142,0,4286752195,4286751806,0,0,388
2143,0,4288755670,4288755271,0,0,399
2144,0,4290756330,4290755939,0,0,391
2145,0,4292758852,4292758479,0,0,373
2146,0,4294760524,4294760152,0,0,371
2147,0,4296763836,4296763429,0,0,407
2148,0,4298766311,4298765968,0,0,342
2149,0,4300767763,4300767378,0,0,384
2150,0,4302769772,4302769387,0,0,384
2151,0,4304771742,4304771359,0,0,383
2152,0,4306773599,4306773217,0,0,381
2153,0,4308777364,4308776964,0,0,399
2154,0,4310778617,4310778244,0,0,373
2155,0,4312780869,4312780469,0,0,399
2156,0,4314783391,4314783022,0,0,368
2157,0,4316785526,4316785132,0,0,394
2158,0,4318787512,4318787142,0,0,369
2159,0,4320789584,4320789200,0,0,383
2160,0,4322791125,4322790734,0,0,391
2161,0,4324794402,4324794014,0,0,387
2162,0,4326796977,4326796611,0,0,365
2163,0,4328798992,4328798584,0,0,407
2164,0,4330800897,4330800528,0,0,369
2165,0,4332803302,4332802905,0,0,396
2166,0,4334805440,4334805062,0,0,377
2167,0,4336807554,4336807160,0,0,393
2168,0,4338810225,4338809834,0,0,391
2169,0,4340812137,4340811766,0,0,370
2170,0,4342815015,4342814620,0,0,394
2171,0,4344817018,4344816638,0,0,380
2172,0,4346817797,4346817401,0,0,396
2173,0,4348820783,4348820404,0,0,379
2174,0,4350823393,4350822997,0,0,395
2175,0,4352824860,4352824479,0,0,380
2176,0,4354826413,4354826031,0,0,382
2177,0,4356830051,4356829668,0,0,382
2178,0,4358831802,4358831437,0,0,364
2179,0,4360834391,4360834008,0,0,382
2180,0,4362836180,4362835811,0,0,369
2181,0,4364838809,4364838442,0,0,366
2182,0,4366841123,4366840743,0,0,380
2183,0,4368843231,4368842842,0,0,388
2184,0,4370845540,4370845159,0,0,380
2185,0,4372847523,4372847156,0,0,367
2186,0,4374849686,4374849310,0,0,375
2187,0,4376851766,4376851380,0,0,385
2188,0,4378852960,4378852597,0,0,362
2189,0,4380856611,4380856220,0,0,391
2190,0,4382859851,4382859464,0,0,386
2191,0,4384860981,4384860770,0,0,210
2192,0,4386864115,4386863759,0,0,355
2193,0,4388868751,4388868390,0,0,361
2194,0,4390869328,4390868973,0,0,354
2195,0,4392870972,4392870600,0,0,372
2196,0,4394871635,4394871281,0,0,354
2197,0,4396872898,4396872515,0,0,382
2198,0,4398875379,4398875010,0,0,369
2199,0,4400878622,4400878258,0,0,364
2200,0,4402881053,4402880688,0,0,365
2201,0,4404883370,4404882995,0,0,375
2202,0,4406885407,4406885045,0,0,361
2203,0,4408887594,4408887199,0,0,395
2204,0,4410889543,4410889202,0,0,340
2205,0,4412892226,4412891851,0,0,375
2206,0,4414894856,4414894483,0,0,372
2207,0,4416896579,4416896200,0,0,379
2208,0,4418899991,4418899600,0,0,391
2209,0,4420901950,4420901557,0,0,393
2210,0,4422904195,4422903813,0,0,381
2211,0,4424905674,4424905269,0,0,404
2212,0,4426908139,4426907752,0,0,387
2213,0,4428910348,4428909931,0,0,417
2214,0,4430912460,4430912044,0,0,415
2215,0,4432914814,4432914397,0,0,416
2216,0,4434916754,4434916388,0,0,366
2217,0,4436919112,4436918701,0,0,411
2218,0,4438921436,4438921037,0,0,399
2219,0,4440923031,4440922626,0,0,405
2220,0,4442925660,4442925278,0,0,382
2221,0,4444927772,4444927351,0,0,420
2222,0,4446929467,4446929056,0,0,411
2223,0,4448931221,4448930798,0,0,422
2224,0,4450934230,4450933849,0,0,381
2225,0,4452936902,4452936523,0,0,378
2226,0,4454940033,4454939662,0,0,370
2227,0,4456941040,4456940675,0,0,365
2228,0,4458943348,4458942968,0,0,379
2229,0,4460945662,4460945242,0,0,419
2230,0,4462947545,4462947150,0,0,394
2231,0,4464950331,4464949940,0,0,391
2232,0,4466952559,4466952155,0,0,404
2233,0,4468954377,4468953969,0,0,407
2234,0,4470956649,4470956276,0,0,373
2235,0,4472958975,4472958550,0,0,424
2236,0,4474961070,4474960665,0,0,405
2237,0,4476963517,4476963123,0,0,394
2238,0,4478965948,4478965521,0,0,426
2239,0,4480967559,4480967143,0,0,416
2240,0,4482970299,4482969906,0,0,393
2241,0,4484972732,4484972321,0,0,411
2242,0,4486974222,4486973847,0,0,375
2243,0,4488978916,4488978507,0,0,408
2244,0,4490979721,4490979337,0,0,384
2245,0,4492982128,4492981713,0,0,414
2246,0,4494983116,4494982730,0,0,386
2247,0,4496985204,4496984805,0,0,399
2248,0,4498986824,4498986433,0,0,391
2249,0,4500990175,4500989766,0,0,408
2250,0,4502992053,4502991652,0,0,401
2251,0,4504994569,4504994146,0,0,422
2252,0,4506997140,4506996755,0,0,385
2253,0,4508998883,4508998470,0,0,412
2254,0,4511001130,4511000713,0,0,416
2255,0,4513003559,4513003143,0,0,415
2256,0,4515005371,4515004988,0,0,382
2257,0,4517008063,4517007671,0,0,391
2258,0,4519009962,4519009570,0,0,392
2259,0,4521011803,4521011397,0,0,405
2260,0,4523013669,4523013284,0,0,384
2261,0,4525016532,4525016133,0,0,399
2262,0,4527018367,4527017984,0,0,382
2263,0,4529020785,4529020357,0,0,427
2264,0,4531022105,4531021668,0,0,436
2265,0,4533025553,4533025142,0,0,411
2266,0,4535027687,4535027292,0,0,395
2267,0,4537030343,4537029905,0,0,437
2268,0,4539032505,4539032094,0,0,411
2269,0,4541034915,4541034515,0,0,400
2270,0,4543037076,4543036671,0,0,404
2271,0,4545038873,4545038442,0,0,430
2272,0,4547041139,4547040760,0,0,378
2273,0,4549043474,4549043068,0,0,406
2274,0,4551045419,4551045008,0,0,411
2275,0,4553048737,4553048333,0,0,404
2276,0,4555051242,4555050865,0,0,377
2277,0,4557052056,4557051664,0,0,392
2278,0,4559054423,4559054031,0,0,391
2279,0,4561056542,4561056131,0,0,411
2280,0,4563059116,4563058728,0,0,387
2281,0,4565061964,4565061581,0,0,382
2282,0,4567063469,4567063079,0,0,390
2283,0,4569065766,4569065343,0,0,422
2284,0,4571068133,4571067760,0,0,373
2285,0,4573070185,4573069749,0,0,435
2286,0,4575072137,4575071742,0,0,394
2287,0,4577074336,4577073934,0,0,401
2288,0,4579076440,4579076047,0,0,392
2289,0,4581079195,4581078813,0,0,382
2290,0,4583081197,4583080806,0,0,391
2291,0,4585083703,4585083313,0,0,389
2292,0,4587085541,4587085148,0,0,393
2293,0,4589089195,4589088814,0,0,380
2294,0,4591089713,4591089322,0,0,391
2295,0,4593091285,4593090904,0,0,380
2296,0,4595094256,4595093842,0,0,413
2297,0,4597096458,4597096076,0,0,381
2298,0,4599098510,4599098096,0,0,413
2299,0,4601101856,4601101460,0,0,395
2300,0,4603102697,4603102330,0,0,367
2301,0,4605105314,4605104933,0,0,381
2302,0,4607107264,4607106893,0,0,370
2303,0,4609109743,4609109350,0,0,393
2304,0,4611111514,4611111126,0,0,387
2305,0,4613114783,4613114402,0,0,381
2306,0,4615116880,4615116514,0,0,366
2307,0,4617120018,4617119623,0,0,395
2308,0,4619122510,4619122125,0,0,384
2309,0,4621123386,4621122990,0,0,395
2310,0,4623125804,4623125433,0,0,370
2311,0,4625128486,4625128095,0,0,391
2312,0,4627130180,4627129800,0,0,380
2313,0,4629131723,4629131328,0,0,395
2314,0,4631133420,4631133034,0,0,386
2315,0,4633136654,4633136298,0,0,356
2316,0,4635138988,4635138606,0,0,382
2317,0,4637142970,4637142582,0,0,387
2318,0,4639144230,4639143869,0,0,361
2319,0,4641145669,4641145247,0,0,422
2320,0,4643148867,4643148449,0,0,417
2321,0,4645151355,4645150963,0,0,392
2322,0,4647152924,4647152537,0,0,387
2323,0,4649154849,4649154450,0,0,399
2324,0,4651157041,4651156653,0,0,387
2325,0,4653158914,4653158510,0,0,404
2326,0,4655160900,4655160521,0,0,379
2327,0,4657162191,4657161788,0,0,402
2328,0,4659164543,4659164206,0,0,337
2329,0,4661167516,4661167143,0,0,373
2330,0,4663169365,4663168981,0,0,384
2331,0,4665172480,4665172096,0,0,384
2332,0,4667174233,4667173894,0,0,339
2333,0,4669177035,4669176672,0,0,363
2334,0,4671179446,4671179073,0,0,373
2335,0,4673180955,4673180550,0,0,404
2336,0,4675183623,4675183237,0,0,386
2337,0,4677185866,4677185471,0,0,394
2338,0,4679188011,4679187736,0,0,275
2339,0,4681190276,4681189878,0,0,398
2340,0,4683192132,4683191695,0,0,437
2341,0,4685194763,4685194386,0,0,377
2342,0,4687196651,4687196247,0,0,404
2343,0,4689200829,4689200458,0,0,370
2344,0,4691201397,4691200988,0,0,408
2345,0,4693204009,4693203604,0,0,405
2346,0,4695205498,4695205103,0,0,394
2347,0,4697208400,4697208010,0,0,389
2348,0,4699210698,4699210296,0,0,402
2349,0,4701212436,4701212042,0,0,394
2350,0,4703214881,4703214471,0,0,410
2351,0,4705216694,4705216275,0,0,419
2352,0,4707219109,4707218723,0,0,385
2353,0,4709221321,4709220912,0,0,408
2354,0,4711224946,4711224565,0,0,380
2355,0,4713226139,4713225723,0,0,415
2356,0,4715227895,4715227492,0,0,402
2357,0,4717229931,4717229539,0,0,391
2358,0,4719231692,4719231284,0,0,408
2359,0,4721234658,4721234253,0,0,404
2360,0,4723236598,4723236207,0,0,391
2361,0,4725238878,4725238475,0,0,402
2362,0,4727241282,4727240900,0,0,382
2363,0,4729244049,4729243640,0,0,408
2364,0,4731245874,4731245476,0,0,398
2365,0,4733247771,4733247388,0,0,382
2366,0,4735250706,4735250309,0,0,397
2367,0,4737252678,4737252260,0,0,417
2368,0,4739255026,4739254630,0,0,395
2369,0,4741257534,4741257155,0,0,379
2370,0,4743259370,4743258986,0,0,384
2371,0,4745262656,4745262253,0,0,402
2372,0,4747265527,4747265135,0,0,391
2373,0,4749265757,4749265347,0,0,410
2374,0,4751267920,4751267537,0,0,382
2375,0,4753270341,4753269927,0,0,413
2376,0,4755272445,4755272039,0,0,406
2377,0,4757274843,4757274450,0,0,393
2378,0,4759276829,4759276431,0,0,397
2379,0,4761278660,4761278264,0,0,395
2380,0,4763280275,4763279896,0,0,379
2381,0,4765284003,4765283618,0,0,384
2382,0,4767286757,4767286322,0,0,435
2383,0,4769289242,4769288851,0,0,391
2384,0,4771290015,4771289656,0,0,359
2385,0,4773292761,4773292375,0,0,386
2386,0,4775294653,4775294283,0,0,370
2387,0,4777296305,4777295897,0,0,407
2388,0,4779298085,4779297708,0,0,377
2389,0,4781301484,4781301088,0,0,395
2390,0,4783304581,4783304188,0,0,392
2391,0,4785305467,4785305062,0,0,405
2392,0,4787306829,4787306443,0,0,386
2393,0,4789311111,4789310743,0,0,368
2394,0,4791311141,4791310761,0,0,380
2395,0,4793313366,4793312988,0,0,377
2396,0,4795315781,4795315402,0,0,378
2397,0,4797319159,4797318770,0,0,388
2398,0,4799321535,4799321156,0,0,379
2399,0,4801323589,4801323208,0,0,381
2400,0,4803325962,4803325591,0,0,370
2401,0,4805328126,4805327741,0,0,384
2402,0,4807330069,4807329678,0,0,391
2403,0,4809333058,4809332638,0,0,420
2404,0,4811334931,4811334540,0,0,391
2405,0,4813337085,4813336672,0,0,412
2406,0,4815339047,4815338689,0,0,357
2407,0,4817341667,4817341241,0,0,425
2408,0,4819343651,4819343236,0,0,415
2409,0,4821346995,4821346615,0,0,379
2410,0,4823347717,4823347322,0,0,395
2411,0,4825350246,4825349833,0,0,413
2412,0,4827352151,4827351753,0,0,397
2413,0,4829353564,4829353177,0,0,386
2414,0,4831357065,4831356666,0,0,399
2415,0,4833359665,4833359265,0,0,399
2416,0,4835361650,4835361247,0,0,402
2417,0,4837363896,4837363503,0,0,392
2418,0,4839365795,4839365430,0,0,365
2419,0,4841368083,4841367674,0,0,408
2420,0,4843370215,4843369809,0,0,405
2421,0,4845373024,4845372647,0,0,376
2422,0,4847375187,4847374808,0,0,378
2423,0,4849377027,4849376617,0,0,409
2424,0,4851378017,4851377644,0,0,373
2425,0,4853381417,4853381009,0,0,407
2426,0,4855384061,4855383683,0,0,377
2427,0,4857386435,4857386024,0,0,411
2428,0,4859386914,4859386531,0,0,382
2429,0,4861389914,4861389521,0,0,393
2430,0,4863391369,4863390971,0,0,397
2431,0,4865394805,4865394409,0,0,395
2432,0,4867397092,4867396706,0,0,385
2433,0,4869399311,4869398914,0,0,397
2434,0,4871401244,4871400877,0,0,367
2435,0,4873403835,4873403431,0,0,404
2436,0,4875406321,4875405940,0,0,380
2437,0,4877408130,4877407767,0,0,362
2438,0,4879410802,4879410433,0,0,368
2439,0,4881412966,4881412583,0,0,382
2440,0,4883415525,4883415123,0,0,401
2441,0,4885417719,4885417339,0,0,379
2442,0,4887418292,4887417918,0,0,373
2443,0,4889422627,4889422226,0,0,401
2444,0,4891423937,4891423572,0,0,364
2445,0,4893426703,4893426318,0,0,384
2446,0,4895428674,4895428294,0,0,379
2447,0,4897430320,4897429929,0,0,391
2448,0,4899433622,4899433258,0,0,364
2449,0,4901435631,4901435253,0,0,377
2450,0,4903437507,4903437132,0,0,375
2451,0,4905439959,4905439575,0,0,384
2452,0,4907441593,4907441226,0,0,366
2453,0,4909443416,4909443057,0,0,359
2454,0,4911444847,4911444476,0,0,370
2455,0,4913448415,4913448008,0,0,406
2456,0,4915450274,4915449866,0,0,408
2457,0,4917452662,4917452255,0,0,406
2458,0,4919454746,4919454355,0,0,391
2459,0,4921457247,4921456824,0,0,423
2460,0,4923459628,4923459243,0,0,384
2461,0,4925461696,4925461313,0,0,382
2462,0,4927463994,4927463590,0,0,404
2463,0,4929466983,4929466576,0,0,406
2464,0,4931468896,4931468530,0,0,365
2465,0,4933471220,4933470828,0,0,392
2466,0,4935472461,4935472081,0,0,379
2467,0,4937474003,4937473610,0,0,393
2468,0,4939477045,4939476653,0,0,391
2469,0,4941479644,4941479253,0,0,391
2470,0,4943481619,4943481230,0,0,388
2471,0,4945483422,4945483028,0,0,393
2472,0,4947485184,4947484815,0,0,368
2473,0,4949488320,4949487930,0,0,390
2474,0,4951490274,4951489886,0,0,388
2475,0,4953492885,4953492472,0,0,412
2476,0,4955494746,4955494354,0,0,392
2477,0,4957497067,4957496680,0,0,386
2478,0,4959498830,4959498438,0,0,391
2479,0,4961500613,4961500202,0,0,411
2480,0,4963504072,4963503660,0,0,412
2481,0,4965506075,4965505689,0,0,386
2482,0,4967510238,4967509842,0,0,395
2483,0,4969511206,4969510771,0,0,435
2484,0,4971511453,4971511047,0,0,406
2485,0,4973515004,4973514600,0,0,404
2486,0,4975517150,4975516737,0,0,413
2487,0,4977519076,4977518658,0,0,417
2488,0,4979520808,4979520423,0,0,385
2489,0,4981524133,4981523751,0,0,382
2490,0,4983526137,4983525769,0,0,367
2491,0,4985528276,4985527858,0,0,417
2492,0,4987530388,4987530008,0,0,379
2493,0,4989534586,4989534174,0,0,412
2494,0,4991535882,4991535492,0,0,389
2495,0,4993538238,4993537831,0,0,406
2496,0,4995539853,4995539479,0,0,373
2497,0,4997542305,4997541911,0,0,394
2498,0,4999545499,4999545098,0,0,400
2499,0,5001548016,5001547611,0,0,404
2500,0,5003550053,5003549697,0,0,355
2501,0,5005550399,5005549983,0,0,415
2502,0,5007553063,5007552656,0,0,407
2503,0,5009555029,5009554629,0,0,399
2504,0,5011557343,5011556972,0,0,370
2505,0,5013559406,5013559024,0,0,382
2506,0,5015561635,5015561238,0,0,397
2507,0,5017564054,5017563656,0,0,397
2508,0,5019566012,5019565636,0,0,375
2509,0,5021568377,5021567964,0,0,412
2510,0,5023570665,5023570260,0,0,404
2511,0,5025572696,5025572309,0,0,386
2512,0,5027575304,5027574945,0,0,359
2513,0,5029577267,5029576881,0,0,386
2514,0,5031580378,5031580011,0,0,366
2515,0,5033582883,5033582504,0,0,379
2516,0,5035584070,5035583705,0,0,365
2517,0,5037586385,5037586002,0,0,382
2518,0,5039589263,5039588865,0,0,397
2519,0,5041590905,5041590504,0,0,401
2520,0,5043592858,5043592461,0,0,396
2521,0,5045595191,5045594795,0,0,395
2522,0,5047597312,5047596932,0,0,379
2523,0,5049599471,5049599096,0,0,374
2524,0,5051601613,5051601224,0,0,388
2525,0,5053603815,5053603422,0,0,393
2526,0,5055606476,5055606067,0,0,408
2527,0,5057608078,5057607698,0,0,380
2528,0,5059610959,5059610548,0,0,411
2529,0,5061613092,5061612693,0,0,398
2530,0,5063614870,5063614492,0,0,377
2531,0,5065617705,5065617317,0,0,387
2532,0,5067619614,5067619267,0,0,347
2533,0,5069621874,5069621480,0,0,393
2534,0,5071624100,5071623695,0,0,404
2535,0,5073626581,5073626175,0,0,405
2536,0,5075629619,5075629202,0,0,416
2537,0,5077630782,5077630376,0,0,406
2538,0,5079633184,5079632771,0,0,412
2539,0,5081635058,5081634651,0,0,407
2540,0,5083637550,5083637184,0,0,365
2541,0,5085639667,5085639257,0,0,410
2542,0,5087641631,5087641231,0,0,399
2543,0,5089645171,5089644772,0,0,399
2544,0,5091646892,5091646474,0,0,417
2545,0,5093649443,5093649033,0,0,410
2546,0,5095650536,5095650131,0,0,404
2547,0,5097652822,5097652428,0,0,394
2548,0,5099655088,5099654669,0,0,419
2549,0,5101657660,5101657273,0,0,387
2550,0,5103659793,5103659377,0,0,416
2551,0,5105661413,5105661000,0,0,412
2552,0,5107662881,5107662509,0,0,372
2553,0,5109666450,5109666047,0,0,402
2554,0,5111669189,5111668774,0,0,415
2555,0,5113671986,5113671571,0,0,415
2556,0,5115673136,5115672764,0,0,372
2557,0,5117674715,5117674324,0,0,391
2558,0,5119676759,5119676350,0,0,408
2559,0,5121679278,5121678901,0,0,377
2560,0,5123680824,5123680423,0,0,400
2561,0,5125684421,5125683998,0,0,422
2562,0,5127686272,5127685875,0,0,397
2563,0,5129688404,5129688035,0,0,369
2564,0,5131691251,5131690815,0,0,435
2565,0,5133692840,5133692420,0,0,419
2566,0,5135695433,5135695049,0,0,384
2567,0,5137698064,5137697651,0,0,412
2568,0,5139700261,5139699904,0,0,357
2569,0,5141701539,5141701175,0,0,364
2570,0,5143703860,5143703468,0,0,392
2571,0,5145706066,5145705684,0,0,382
2572,0,5147708730,5147708358,0,0,372
2573,0,5149712339,5149711945,0,0,394
2574,0,5151712712,5151712313,0,0,399
2575,0,5153715137,5153714743,0,0,393
2576,0,5155717848,5155717496,0,0,352
2577,0,5157719258,5157718885,0,0,373
2578,0,5159721025,5159720670,0,0,355
2579,0,5161724056,5161723698,0,0,357
2580,0,5163725987,5163725608,0,0,379
2581,0,5165728410,5165728029,0,0,380
2582,0,5167730851,5167730450,0,0,401
2583,0,5169732688,5169732314,0,0,373
2584,0,5171735040,5171734677,0,0,362
2585,0,5173736976,5173736580,0,0,395
2586,0,5175738536,5175738179,0,0,357
2587,0,5177741668,5177741271,0,0,396
2588,0,5179744298,5179743924,0,0,373
2589,0,5181746480,5181746097,0,0,383
2590,0,5183749132,5183748728,0,0,403
2591,0,5185751697,5185751314,0,0,383
2592,0,5187753228,5187752842,0,0,385
2593,0,5189757112,5189756698,0,0,413
2594,0,5191758485,5191758085,0,0,399
2595,0,5193759663,5193759256,0,0,407
2596,0,5195761697,5195761290,0,0,406
2597,0,5197764370,5197763937,0,0,433
2598,0,5199766267,5199765873,0,0,394
2599,0,5201768600,5201768204,0,0,395
2600,0,5203770985,5203770606,0,0,378
2601,0,5205772991,5205772590,0,0,400
2602,0,5207774952,5207774552,0,0,399
2603,0,5209777529,5209777137,0,0,392
2604,0,5211780206,5211779838,0,0,368
2605,0,5213781988,5213781586,0,0,401
2606,0,5215784100,5215783702,0,0,397
2607,0,5217785849,5217785456,0,0,392
2608,0,5219787746,5219787354,0,0,391
2609,0,5221792020,5221791617,0,0,402
2610,0,5223793037,5223792658,0,0,379
2611,0,5225795353,5225794978,0,0,375
2612,0,5227797148,5227796768,0,0,379
2613,0,5229800171,5229799759,0,0,411
2614,0,5231801525,5231801126,0,0,399
2615,0,5233803737,5233803321,0,0,415
2616,0,5235805089,5235804697,0,0,392
2617,0,5237808559,5237808158,0,0,400
2618,0,5239810884,5239810482,0,0,402
2619,0,5241812834,5241812431,0,0,403
2620,0,5243815483,5243815121,0,0,362
2621,0,5245817782,5245817388,0,0,393
2622,0,5247819805,5247819410,0,0,395
2623,0,5249822008,5249821617,0,0,391
2624,0,5251824298,5251823913,0,0,384
2625,0,5253827082,5253826687,0,0,395
2626,0,5255830033,5255829666,0,0,366
2627,0,5257832989,5257832610,0,0,379
2628,0,5259834531,5259834165,0,0,366
2629,0,5261835963,5261835550,0,0,412
2630,0,5263837563,5263837197,0,0,366
2631,0,5265839482,5265839105,0,0,376
2632,0,5267842043,5267841662,0,0,380
2633,0,5269844759,5269844350,0,0,409
2634,0,5271846301,5271845902,0,0,399
2635,0,5273848384,5273847991,0,0,393
2636,0,5275850486,5275850138,0,0,348
2637,0,5277853175,5277852785,0,0,389
2638,0,5279855485,5279855092,0,0,393
2639,0,5281857051,5281856662,0,0,388
2640,0,5283858934,5283858561,0,0,372
2641,0,5285862784,5285862384,0,0,399
2642,0,5287865052,5287864696,0,0,356
2643,0,5289867361,5289866964,0,0,397
2644,0,5291868546,5291868135,0,0,411
2645,0,5293870838,5293870440,0,0,397
2646,0,5295874141,5295873745,0,0,395
2647,0,5297875423,5297875034,0,0,388
2648,0,5299877681,5299877298,0,0,382
2649,0,5301880341,5301879928,0,0,413
2650,0,5303882053,5303881687,0,0,366
2651,0,5305884089,5305883696,0,0,393
2652,0,5307886882,5307886516,0,0,365
2653,0,5309888559,5309888134,0,0,424
2654,0,5311890834,5311890439,0,0,395
2655,0,5313892793,5313892399,0,0,394
2656,0,5315895548,5315895152,0,0,395
2657,0,5317897657,5317897249,0,0,407
2658,0,5319899751,5319899377,0,0,374
2659,0,5321902533,5321902142,0,0,391
2660,0,5323904284,5323903922,0,0,361
2661,0,5325906364,5325905954,0,0,409
2662,0,5327908206,5327907799,0,0,407
2663,0,5329910025,5329909651,0,0,373
2664,0,5331914275,5331913876,0,0,399
2665,0,5333915457,5333915067,0,0,390
2666,0,5335917386,5335917006,0,0,379
2667,0,5337920316,5337919936,0,0,379
2668,0,5339922043,5339921680,0,0,362
2669,0,5341924332,5341923948,0,0,384
2670,0,5343927044,5343926649,0,0,395
2671,0,5345930119,5345929731,0,0,388
2672,0,5347930655,5347930262,0,0,393
2673,0,5349933480,5349933056,0,0,424
2674,0,5351935208,5351934833,0,0,374
2675,0,5353937400,5353937017,0,0,382
2676,0,5355939568,5355939180,0,0,387
2677,0,5357942220,5357941784,0,0,435
2678,0,5359944740,5359944323,0,0,417
2679,0,5361946369,5361945976,0,0,393
2680,0,5363948674,5363948310,0,0,364
2681,0,5365951370,5365950979,0,0,391
2682,0,5367955750,5367955347,0,0,402
2683,0,5369955351,5369954957,0,0,393
2684,0,5371957591,5371957200,0,0,390
2685,0,5373959841,5373959440,0,0,400
2686,0,5375962723,5375962454,0,0,269
2687,0,5377964235,5377963852,0,0,382
2688,0,5379966536,5379966168,0,0,367
2689,0,5381968854,5381968498,0,0,356
2690,0,5383970534,5383970160,0,0,374
2691,0,5385973389,5385973006,0,0,382
2692,0,5387975198,5387974843,0,0,355
2693,0,5389978542,5389978161,0,0,381
2694,0,5391980146,5391979764,0,0,382
2695,0,5393981988,5393981608,0,0,380
2696,0,5395984155,5395983760,0,0,395
2697,0,5397986411,5397985996,0,0,415
2698,0,5399988615,5399988210,0,0,405
2699,0,5401990848,5401990434,0,0,413
2700,0,5403992832,5403992456,0,0,375
2701,0,5405996867,5405996447,0,0,420
2702,0,5407997531,5407997107,0,0,424
2703,0,5409999721,5409999303,0,0,417
2704,0,5412003246,5412002882,0,0,364
2705,0,5414005855,5414005483,0,0,371
2706,0,5416006705,5416006337,0,0,368
2707,0,5418008417,5418008012,0,0,404
2708,0,5420010330,5420009948,0,0,382
2709,0,5422013258,5422012869,0,0,389
2710,0,5424015784,5424015393,0,0,390
2711,0,5426018327,5426018013,0,0,314
2712,0,5428019977,5428019615,0,0,362
2713,0,5430022264,5430021853,0,0,411
2714,0,5432025040,5432024659,0,0,380
2715,0,5434027115,5434026746,0,0,368
2716,0,5436027764,5436027382,0,0,382
2717,0,5438031121,5438030739,0,0,381
2718,0,5440033339,5440032965,0,0,374
2719,0,5442036353,5442035972,0,0,381
2720,0,5444037725,5444037335,0,0,389
2721,0,5446039829,5446039439,0,0,390
2722,0,5448042153,5448041798,0,0,355
2723,0,5450044447,5450044035,0,0,411
2724,0,5452046643,5452046260,0,0,382
2725,0,5454049757,5454049359,0,0,398
2726,0,5456051820,5456051431,0,0,388
2727,0,5458053876,5458053492,0,0,384
2728,0,5460054495,5460054124,0,0,370
2729,0,5462057586,5462057183,0,0,403
2730,0,5464060252,5464059941,0,0,310
2731,0,5466062020,5466061624,0,0,396
2732,0,5468064498,5468064093,0,0,405
2733,0,5470066359,5470065932,0,0,426
2734,0,5472068720,5472068331,0,0,388
2735,0,5474070857,5474070454,0,0,402
2736,0,5476073292,5476072899,0,0,393
2737,0,5478076566,5478076161,0,0,404
2738,0,5480077761,5480077394,0,0,366
2739,0,5482079770,5482079361,0,0,408
2740,0,5484081968,5484081575,0,0,393
2741,0,5486084353,5486083941,0,0,412
2742,0,5488087060,5488086694,0,0,365
2743,0,5490090453,5490090058,0,0,395
2744,0,5492091131,5492090766,0,0,364
2745,0,5494093661,5494093262,0,0,399
2746,0,5496095986,5496095602,0,0,384
2747,0,5498097434,5498097038,0,0,395
2748,0,5500099110,5500098733,0,0,376
2749,0,5502102167,5502101776,0,0,391
2750,0,5504104881,5504104450,0,0,431
2751,0,5506106415,5506106022,0,0,393
2752,0,5508108886,5508108530,0,0,355
2753,0,5510111428,5510111038,0,0,389
2754,0,5512113127,5512112763,0,0,364
2755,0,5514117170,5514116775,0,0,395
2756,0,5516117650,5516117301,0,0,348
2757,0,5518119939,5518119538,0,0,400
2758,0,5520121993,5520121611,0,0,381
2759,0,5522124382,5522123988,0,0,394
2760,0,5524126871,5524126507,0,0,363
2761,0,5526128795,5526128428,0,0,367
2762,0,5528130935,5528130570,0,0,365
2763,0,5530134334,5530133948,0,0,385
2764,0,5532136273,5532135916,0,0,356
2765,0,5534137871,5534137492,0,0,379
2766,0,5536139908,5536139519,0,0,388
2767,0,5538142227,5538141822,0,0,405
2768,0,5540144203,5540143804,0,0,399
2769,0,5542146537,5542146141,0,0,395
2770,0,5544148830,5544148344,0,0,485
2771,0,5546151046,5546150651,0,0,394
2772,0,5548153310,5548152941,0,0,368
2773,0,5550156391,5550155997,0,0,394
2774,0,5552157572,5552157182,0,0,389
2775,0,5554159981,5554159577,0,0,403
2776,0,5556162207,5556161797,0,0,410
2777,0,5558164285,5558163908,0,0,376
2778,0,5560166659,5560166314,0,0,345
2779,0,5562168601,5562168220,0,0,380
2780,0,5564171022,5564170658,0,0,363
2781,0,5566173128,5566172741,0,0,386
2782,0,5568176015,5568175642,0,0,373
2783,0,5570177917,5570177519,0,0,398
2784,0,5572180215,5572179833,0,0,382
2785,0,5574182193,5574181816,0,0,376
2786,0,5576184219,5576183863,0,0,355
2787,0,5578187289,5578186913,0,0,376
2788,0,5580188828,5580188469,0,0,359
2789,0,5582191400,5582191015,0,0,384
2790,0,5584193208,5584192822,0,0,386
2791,0,5586195729,5586195328,0,0,400
2792,0,5588198641,5588198240,0,0,400
2793,0,5590201208,5590200842,0,0,366
2794,0,5592201279,5592200914,0,0,365
2795,0,5594204708,5594204323,0,0,385
2796,0,5596206344,5596205995,0,0,349
2797,0,5598208806,5598208410,0,0,395
2798,0,5600211283,5600210893,0,0,389
2799,0,5602213605,5602213229,0,0,375
2800,0,5604215330,5604214950,0,0,379
2801,0,5606218224,5606217864,0,0,360
2802,0,5608220370,5608220013,0,0,357
2803,0,5610222203,5610221845,0,0,357
2804,0,5612224328,5612223946,0,0,382
2805,0,5614226775,5614226392,0,0,382
2806,0,5616229062,5616228698,0,0,363
2807,0,5618230543,5618230177,0,0,366
2808,0,5620232302,5620231933,0,0,368
2809,0,5622235650,5622235281,0,0,368
2810,0,5624239348,5624238982,0,0,366
2811,0,5626239644,5626239258,0,0,386
2812,0,5628241346,5628240987,0,0,359
2813,0,5630244898,5630244499,0,0,399
2814,0,5632247111,5632246738,0,0,373
2815,0,5634248614,5634248228,0,0,386
2816,0,5636250236,5636249892,0,0,343
2817,0,5638253414,5638253038,0,0,376
2818,0,5640255519,5640255159,0,0,359
2819,0,5642258193,5642257821,0,0,372
2820,0,5644260204,5644259840,0,0,363
2821,0,5646262566,5646262189,0,0,376
2822,0,5648264746,5648264366,0,0,379
2823,0,5650266868,5650266475,0,0,393
2824,0,5652269122,5652268777,0,0,344
2825,0,5654271619,5654271257,0,0,361
2826,0,5656273102,5656272748,0,0,353
2827,0,5658276066,5658275705,0,0,360
2828,0,5660279024,5660278663,0,0,361
2829,0,5662280169,5662279795,0,0,373
2830,0,5664282878,5664282481,0,0,397
2831,0,5666284888,5666284506,0,0,382
2832,0,5668287733,5668287358,0,0,375
2833,0,5670289724,5670289341,0,0,382
2834,0,5672291664,5672291292,0,0,371
2835,0,5674293262,5674292890,0,0,371
2836,0,5676296009,5676295616,0,0,393
2837,0,5678297560,5678297166,0,0,393
2838,0,5680299601,5680299205,0,0,395
2839,0,5682303380,5682303000,0,0,379
2840,0,5684305557,5684305215,0,0,342
2841,0,5686306655,5686306276,0,0,379
2842,0,5688308968,5688308623,0,0,345
2843,0,5690312752,5690312381,0,0,370
2844,0,5692313548,5692313204,0,0,343
2845,0,5694315861,5694315492,0,0,369
2846,0,5696318886,5696318513,0,0,373
2847,0,5698322193,5698321797,0,0,395
2848,0,5700322241,5700321845,0,0,395
2849,0,5702324896,5702324491,0,0,404
2850,0,5704326862,5704326354,0,0,507
2851,0,5706329445,5706329047,0,0,398
2852,0,5708331362,5708330979,0,0,382
2853,0,5710333310,5710332896,0,0,413
2854,0,5712335840,5712335449,0,0,391
2855,0,5714337867,5714337459,0,0,407
2856,0,5716340420,5716340043,0,0,376
2857,0,5718342941,5718342560,0,0,381
2858,0,5720344836,5720344429,0,0,407
2859,0,5722346916,5722346519,0,0,396
2860,0,5724349180,5724348817,0,0,363
2861,0,5726351595,5726351194,0,0,400
2862,0,5728353513,5728353133,0,0,379
2863,0,5730355691,5730355298,0,0,392
2864,0,5732358049,5732357671,0,0,377
2865,0,5734361064,5734360680,0,0,383
2866,0,5736362650,5736362247,0,0,402
2867,0,5738364401,5738363992,0,0,408
2868,0,5740366767,5740366366,0,0,400
2869,0,5742369140,5742368738,0,0,402
2870,0,5744371146,5744370745,0,0,400
2871,0,5746373591,5746373201,0,0,390
2872,0,5748375686,5748375303,0,0,382
2873,0,5750378117,5750377712,0,0,405
2874,0,5752380484,5752380089,0,0,395
2875,0,5754382413,5754381972,0,0,441
2876,0,5756384628,5756384347,0,0,280
2877,0,5758387016,5758386638,0,0,377
2878,0,5760390165,5760389762,0,0,402
2879,0,5762392791,5762392362,0,0,428
2880,0,5764393757,5764393384,0,0,373
2881,0,5766395698,5766395299,0,0,399
2882,0,5768398460,5768398095,0,0,364
2883,0,5770401868,5770401470,0,0,397
2884,0,5772402919,5772402509,0,0,409
2885,0,5774404770,5774404365,0,0,404
2886,0,5776407280,5776406885,0,0,394
2887,0,5778408889,5778408478,0,0,411
2888,0,5780411351,5780410995,0,0,356
2889,0,5782413939,5782413546,0,0,393
2890,0,5784415408,5784415029,0,0,379
2891,0,5786416702,5786416302,0,0,400
2892,0,5788419330,5788418938,0,0,392
2893,0,5790423713,5790423307,0,0,406
2894,0,5792424808,5792424400,0,0,407
2895,0,5794427055,5794426651,0,0,404
2896,0,5796428574,5796428189,0,0,384
2897,0,5798430928,5798430518,0,0,410
2898,0,5800433986,5800433627,0,0,358
2899,0,5802435867,5802435458,0,0,408
2900,0,5804438850,5804438483,0,0,367
2901,0,5806441105,5806440701,0,0,404
2902,0,5808443370,5808442975,0,0,395
2903,0,5810445907,5810445474,0,0,433
2904,0,5812446938,5812446582,0,0,355
2905,0,5814449645,5814449265,0,0,380
2906,0,5816451876,5816451519,0,0,357
2907,0,5818453602,5818453221,0,0,381
2908,0,5820456117,5820455747,0,0,370
2909,0,5822458031,5822457623,0,0,407
2910,0,5824460335,5824459944,0,0,391
2911,0,5826462368,5826461963,0,0,405
2912,0,5828465226,5828464864,0,0,362
2913,0,5830466695,5830466312,0,0,383
2914,0,5832469164,5832468819,0,0,344
2915,0,5834472625,5834472225,0,0,400
2916,0,5836474624,5836474258,0,0,366
2917,0,5838476022,5838475626,0,0,395
2918,0,5840477856,5840477523,0,0,332
2919,0,5842481338,5842480921,0,0,416
2920,0,5844482438,5844482056,0,0,382
2921,0,5846484703,5846484332,0,0,370
2922,0,5848486582,5848486197,0,0,385
2923,0,5850489372,5850488963,0,0,408
2924,0,5852491476,5852491105,0,0,370
2925,0,5854493467,5854493083,0,0,384
2926,0,5856495778,5856495404,0,0,373
2927,0,5858497695,5858497307,0,0,387
2928,0,5860498737,5860498368,0,0,369
2929,0,5862501351,5862500986,0,0,364
2930,0,5864505406,5864505022,0,0,383
2931,0,5866507667,5866507318,0,0,349
2932,0,5868509200,5868508826,0,0,373
2933,0,5870511266,5870510894,0,0,372
2934,0,5872514143,5872513768,0,0,375
2935,0,5874515489,5874515114,0,0,374
2936,0,5876517263,5876516897,0,0,366
2937,0,5878520903,5878520533,0,0,369
2938,0,5880524160,5880523795,0,0,364
2939,0,5882524466,5882524071,0,0,394
2940,0,5884526054,5884525679,0,0,375
2941,0,5886529131,5886528758,0,0,373
2942,0,5888531692,5888531303,0,0,388
2943,0,5890534850,5890534460,0,0,390
2944,0,5892536117,5892535776,0,0,341
2945,0,5894539158,5894538759,0,0,398
2946,0,5896541342,5896540969,0,0,373
2947,0,5898542743,5898542373,0,0,370
2948,0,5900544737,5900544388,0,0,348
2949,0,5902547198,5902546825,0,0,373
2950,0,5904549804,5904549411,0,0,393
2951,0,5906551534,5906551194,0,0,339
2952,0,5908553752,5908553397,0,0,355
2953,0,5910556362,5910555988,0,0,373
2954,0,5912558398,5912558017,0,0,381
2955,0,5914561248,5914560875,0,0,373
2956,0,5916563844,5916563456,0,0,388
2957,0,5918564564,5918564193,0,0,370
2958,0,5920566816,5920566419,0,0,397
2959,0,5922569451,5922569044,0,0,406
2960,0,5924572427,5924572076,0,0,350
2961,0,5926574735,5926574355,0,0,379
2962,0,5928576356,5928575985,0,0,370
2963,0,5930578204,5930577815,0,0,389
2964,0,5932580351,5932579978,0,0,373
2965,0,5934582565,5934582176,0,0,388
2966,0,5936585301,5936584916,0,0,384
2967,0,5938587067,5938586671,0,0,395
2968,0,5940588116,5940587723,0,0,393
2969,0,5942591516,5942591133,0,0,383
2970,0,5944594352,5944593987,0,0,364
2971,0,5946597175,5946596786,0,0,388
2972,0,5948598363,5948597998,0,0,364
2973,0,5950601053,5950600652,0,0,400
2974,0,5952604240,5952603826,0,0,413
2975,0,5954605532,5954605273,0,0,259
2976,0,5956606812,5956606428,0,0,384
2977,0,5958609527,5958609141,0,0,386
2978,0,5960611350,5960610969,0,0,380
2979,0,5962613471,5962613071,0,0,400
2980,0,5964616191,5964615822,0,0,368
2981,0,5966618166,5966617764,0,0,402
2982,0,5968620395,5968619987,0,0,407
2983,0,5970622444,5970622035,0,0,408
2984,0,5972625137,5972624753,0,0,384
2985,0,5974626909,5974626513,0,0,395
2986,0,5976629382,5976628968,0,0,413
2987,0,5978631195,5978630784,0,0,411
2988,0,5980632779,5980632393,0,0,385
2989,0,5982636265,5982635854,0,0,411
2990,0,5984638198,5984637812,0,0,386
2991,0,5986640637,5986640220,0,0,417
2992,0,5988643737,5988643315,0,0,421
2993,0,5990648919,5990648498,0,0,420
2994,0,5992648384,5992647984,0,0,399
2995,0,5994649730,5994649314,0,0,415
2996,0,5996651197,5996650781,0,0,416
2997,0,5998652647,5998652219,0,0,427
2998,0,6000655932,6000655515,0,0,417
2999,0,6002657898,6002657488,0,0,409
3000,0,6004659460,6004659076,0,0,383
3001,0,6006662835,6006662432,0,0,403
3002,0,6008665013,6008664627,0,0,385
3003,0,6010666828,6010666433,0,0,394
3004,0,6012669251,6012668867,0,0,384
3005,0,6014671652,6014671256,0,0,396
3006,0,6016674085,6016673688,0,0,397
3007,0,6018675764,6018675362,0,0,401
3008,0,6020678822,6020678473,0,0,348
3009,0,6022680543,6022680137,0,0,406
3010,0,6024682697,6024682341,0,0,356
3011,0,6026686456,6026686056,0,0,400
3012,0,6028688391,6028687891,0,0,500
3013,0,6030689847,6030689452,0,0,395
3014,0,6032691723,6032691328,0,0,395
3015,0,6034693838,6034693433,0,0,404
3016,0,6036696163,6036695779,0,0,384
3017,0,6038698885,6038698491,0,0,393
3018,0,6040700661,6040700258,0,0,402
3019,0,6042703225,6042702838,0,0,387
3020,0,6044704905,6044704494,0,0,410
3021,0,6046707284,6046706862,0,0,421
3022,0,6048709056,6048708666,0,0,390
3023,0,6050712146,6050711726,0,0,419
3024,0,6052713928,6052713566,0,0,362
3025,0,6054715898,6054715502,0,0,395
3026,0,6056718269,6056717894,0,0,375
3027,0,6058720858,6058720467,0,0,390
3028,0,6060722240,6060721876,0,0,363
3029,0,6062725296,6062724891,0,0,405
3030,0,6064726849,6064726445,0,0,403
3031,0,6066729245,6066728830,0,0,415
3032,0,6068731330,6068730978,0,0,352
3033,0,6070733734,6070733356,0,0,378
3034,0,6072735802,6072735438,0,0,363
3035,0,6074738070,6074737695,0,0,375
3036,0,6076740894,6076740503,0,0,390
3037,0,6078742506,6078742101,0,0,405
3038,0,6080745775,6080745380,0,0,394
3039,0,6082748175,6082747785,0,0,389
3040,0,6084749273,6084748919,0,0,353
3041,0,6086751989,6086751620,0,0,369
3042,0,6088753947,6088753582,0,0,365
3043,0,6090758360,6090757959,0,0,400
3044,0,6092759340,6092759000,0,0,339
3045,0,6094761043,6094760676,0,0,367
3046,0,6096763170,6096762816,0,0,354
3047,0,6098766161,6098765770,0,0,391
3048,0,6100767635,6100767258,0,0,376
3049,0,6102770069,6102769723,0,0,346
3050,0,6104773127,6104772744,0,0,382
3051,0,6106773970,6106773581,0,0,389
3052,0,6108776212,6108775837,0,0,375
3053,0,6110778469,6110778120,0,0,348
3054,0,6112780197,6112779824,0,0,373
3055,0,6114782683,6114782312,0,0,370
3056,0,6116785017,6116784633,0,0,384
3057,0,6118787130,6118786737,0,0,392
3058,0,6120789309,6120788945,0,0,364
3059,0,6122791327,6122790913,0,0,413
3060,0,6124792628,6124792246,0,0,382
3061,0,6126796233,6126795845,0,0,387
3062,0,6128797915,6128797537,0,0,377
3063,0,6130799719,6130799308,0,0,410
3064,0,6132803004,6132802635,0,0,368
3065,0,6134806191,6134805826,0,0,365
3066,0,6136807415,6136807036,0,0,378
3067,0,6138809716,6138809314,0,0,402
3068,0,6140811690,6140811304,0,0,386
3069,0,6142814669,6142814294,0,0,375
3070,0,6144816142,6144815773,0,0,369
3071,0,6146818002,6146817622,0,0,379
3072,0,6148819629,6148819263,0,0,365
3073,0,6150822582,6150822201,0,0,381
3074,0,6152824792,6152824422,0,0,370
3075,0,6154827400,6154827028,0,0,372
3076,0,6156829475,6156829089,0,0,386
3077,0,6158831340,6158830959,0,0,380
3078,0,6160832882,6160832497,0,0,384
3079,0,6162836186,6162835795,0,0,391
3080,0,6164838573,6164838201,0,0,372
3081,0,6166840558,6166840192,0,0,366
3082,0,6168842950,6168842588,0,0,361
3083,0,6170844776,6170844405,0,0,370
3084,0,6172847299,6172846945,0,0,354
3085,0,6174849257,6174848863,0,0,393
3086,0,6176851759,6176851384,0,0,375
3087,0,6178853783,6178853404,0,0,379
3088,0,6180857081,6180856745,0,0,336
3089,0,6182859195,6182858832,0,0,362
3090,0,6184860837,6184860458,0,0,379
3091,0,6186862974,6186862598,0,0,375
3092,0,6188865178,6188864799,0,0,379
3093,0,6190868658,6190868287,0,0,370
3094,0,6192869463,6192869070,0,0,393
3095,0,6194872187,6194871822,0,0,365
3096,0,6196874213,6196873851,0,0,361
3097,0,6198876186,6198875813,0,0,372
3098,0,6200878849,6200878480,0,0,368
3099,0,6202880151,6202879772,0,0,379
3100,0,6204881895,6204881549,0,0,346
3101,0,6206884979,6206884617,0,0,361
3102,0,6208888840,6208888469,0,0,370
3103,0,6210889089,6210888690,0,0,399
3104,0,6212890504,6212890126,0,0,377
3105,0,6214894957,6214894566,0,0,391
3106,0,6216896836,6216896433,0,0,402
3107,0,6218897665,6218897257,0,0,408
3108,0,6220900747,6220900366,0,0,380
3109,0,6222902689,6222902289,0,0,399
3110,0,6224904900,6224904524,0,0,375
3111,0,6226907596,6226907211,0,0,384
3112,0,6228909487,6228909092,0,0,395
3113,0,6230912325,6230911921,0,0,404
3114,0,6232914375,6232913962,0,0,413
3115,0,6234916382,6234915973,0,0,408
3116,0,6236918334,6236917934,0,0,399
3117,0,6238920611,6238920217,0,0,393
3118,0,6240922961,6240922543,0,0,417
3119,0,6242924512,6242924112,0,0,400
3120,0,6244927400,6244926995,0,0,404
3121,0,6246929406,6246929005,0,0,400
3122,0,6248932085,6248931678,0,0,407
3123,0,6250934273,6250933862,0,0,410
3124,0,6252936280,6252935889,0,0,391
3125,0,6254939417,6254939013,0,0,404
3126,0,6256941796,6256941369,0,0,426
3127,0,6258942961,6258942556,0,0,404
3128,0,6260944921,6260944567,0,0,353
3129,0,6262947793,6262947400,0,0,393
3130,0,6264950006,6264949635,0,0,370
3131,0,6266951856,6266951461,0,0,395
3132,0,6268953823,6268953440,0,0,382
3133,0,6270956137,6270955739,0,0,397
3134,0,6272958968,6272958552,0,0,415
3135,0,6274961062,6274960644,0,0,417
3136,0,6276962867,6276962461,0,0,405
3137,0,6278964689,6278964291,0,0,398
3138,0,6280966183,6280965781,0,0,402
3139,0,6282970485,6282970063,0,0,421
3140,0,6284972831,6284972446,0,0,384
3141,0,6286974211,6286973798,0,0,412
3142,0,6288976166,6288975756,0,0,409
3143,0,6290980485,6290980072,0,0,413
3144,0,6292981828,6292981429,0,0,399
3145,0,6294983601,6294983194,0,0,406
3146,0,6296985501,6296985087,0,0,413
3147,0,6298987407,6298987020,0,0,386
3148,0,6300989836,6300989451,0,0,385
3149,0,6302991772,6302991356,0,0,415
3150,0,6304994038,6304993633,0,0,404
3151,0,6306996465,6306996043,0,0,421
3152,0,6308998725,6308998337,0,0,388
3153,0,6311001154,6311000775,0,0,379
3154,0,6313003523,6313003137,0,0,385
3155,0,6315005169,6315004764,0,0,404
3156,0,6317007322,6317006938,0,0,384
3157,0,6319010385,6319009977,0,0,408
3158,0,6321010689,6321010267,0,0,422
3159,0,6323013851,6323013435,0,0,415
3160,0,6325016144,6325015759,0,0,385
3161,0,6327018559,6327018162,0,0,397
3162,0,6329020317,6329019917,0,0,400
3163,0,6331021630,6331021223,0,0,406
3164,0,6333024625,6333024256,0,0,369
3165,0,6335027538,6335027131,0,0,406
3166,0,6337029853,6337029451,0,0,402
3167,0,6339031575,6339031151,0,0,423
3168,0,6341033238,6341032846,0,0,391
3169,0,6343036380,6343036011,0,0,369
3170,0,6345038492,6345038149,0,0,343
3171,0,6347041459,6347041069,0,0,389
3172,0,6349042970,6349042597,0,0,373
3173,0,6351045524,6351045132,0,0,392
3174,0,6353047148,6353046761,0,0,387
3175,0,6355051028,6355050649,0,0,379
3176,0,6357052020,6357051630,0,0,389
3177,0,6359053941,6359053550,0,0,391
3178,0,6361055812,6361055433,0,0,378
3179,0,6363057428,6363057057,0,0,370
3180,0,6365061231,6365060858,0,0,372
3181,0,6367063562,6367063182,0,0,380
3182,0,6369065536,6369065249,0,0,286
3183,0,6371067869,6371067459,0,0,410
3184,0,6373069723,6373069354,0,0,369
3185,0,6375071872,6375071476,0,0,395
3186,0,6377074409,6377074043,0,0,366
3187,0,6379076802,6379076416,0,0,386
3188,0,6381078749,6381078366,0,0,383
3189,0,6383080797,6383080385,0,0,411
3190,0,6385083119,6385082730,0,0,388
3191,0,6387085004,6387084597,0,0,407
3192,0,6389087543,6389087151,0,0,392
3193,0,6391091706,6391091312,0,0,394
3194,0,6393092797,6393092424,0,0,373
3195,0,6395095110,6395094720,0,0,389
3196,0,6397096503,6397096095,0,0,408
3197,0,6399098768,6399098396,0,0,372
3198,0,6401101280,6401100903,0,0,377
3199,0,6403102794,6403102403,0,0,391
3200,0,6405104237,6405103886,0,0,350
3201,0,6407107622,6407107253,0,0,368
3202,0,6409109836,6409109505,0,0,331
3203,0,6411112164,6411111793,0,0,371
3204,0,6413114750,6413114364,0,0,386
3205,0,6415116692,6415116323,0,0,368
3206,0,6417118766,6417118387,0,0,379
3207,0,6419120927,6419120538,0,0,388
3208,0,6421123139,6421122778,0,0,360
3209,0,6423125506,6423125119,0,0,387
3210,0,6425127112,6425126730,0,0,381
3211,0,6427130951,6427130565,0,0,386
3212,0,6429131898,6429131545,0,0,352
3213,0,6431134411,6431134035,0,0,375
3214,0,6433136339,6433135965,0,0,373
3215,0,6435138323,6435137932,0,0,391
3216,0,6437140767,6437140435,0,0,331
3217,0,6439143986,6439143606,0,0,379
3218,0,6441145552,6441145168,0,0,384
3219,0,6443147945,6443147573,0,0,371
3220,0,6445150185,6445149834,0,0,350
3221,0,6447151940,6447151575,0,0,365
3222,0,6449153992,6449153622,0,0,370
3223,0,6451156356,6451155975,0,0,380
3224,0,6453158448,6453158075,0,0,373
3225,0,6455160593,6455160196,0,0,396
3226,0,6457161609,6457161229,0,0,380
3227,0,6459163519,6459163148,0,0,370
3228,0,6461166776,6461166420,0,0,356
3229,0,6463169211,6463168852,0,0,359
3230,0,6465172703,6465172319,0,0,384
3231,0,6467174772,6467174401,0,0,370
3232,0,6469175492,6469175114,0,0,377
3233,0,6471178743,6471178349,0,0,394
3234,0,6473179740,6473179359,0,0,380
3235,0,6475182968,6475182561,0,0,406
3236,0,6477185853,6477185468,0,0,384
3237,0,6479187520,6479187116,0,0,404
3238,0,6481190069,6481189611,0,0,458
3239,0,6483192435,6483192000,0,0,434
3240,0,6485194537,6485194125,0,0,412
3241,0,6487196618,6487196242,0,0,376
3242,0,6489199089,6489198708,0,0,381
3243,0,6491201999,6491201590,0,0,408
3244,0,6493203189,6493202806,0,0,382
3245,0,6495205671,6495205276,0,0,395
3246,0,6497207434,6497207043,0,0,391
3247,0,6499209829,6499209410,0,0,419
3248,0,6501213548,6501213168,0,0,380
3249,0,6503214006,6503213624,0,0,382
3250,0,6505216814,6505216449,0,0,365
3251,0,6507218933,6507218540,0,0,393
3252,0,6509220967,6509220584,0,0,383
3253,0,6511223167,6511222768,0,0,399
3254,0,6513225298,6513224909,0,0,389
3255,0,6515227601,6515227184,0,0,417
3256,0,6517229616,6517229233,0,0,382
3257,0,6519233047,6519232648,0,0,399
3258,0,6521235197,6521234746,0,0,450
3259,0,6523236620,6523236193,0,0,426
3260,0,6525238793,6525238388,0,0,404
3261,0,6527241468,6527241071,0,0,397
3262,0,6529243628,6529243233,0,0,395
3263,0,6531245660,6531245247,0,0,413
3264,0,6533247992,6533247635,0,0,356
3265,0,6535249753,6535249342,0,0,411
3266,0,6537251795,6537251417,0,0,377
3267,0,6539255119,6539254702,0,0,417
3268,0,6541257451,6541257078,0,0,372
3269,0,6543258640,6543258242,0,0,397
3270,0,6545260741,6545260298,0,0,442
3271,0,6547263229,6547262818,0,0,410
3272,0,6549265585,6549265196,0,0,388
3273,0,6551267419,6551267039,0,0,379
3274,0,6553269716,6553269296,0,0,420
3275,0,6555272148,6555271738,0,0,409
3276,0,6557274316,6557273916,0,0,400
3277,0,6559276706,6559276305,0,0,400
3278,0,6561279128,6561278701,0,0,426
3279,0,6563281235,6563280813,0,0,421
3280,0,6565283056,6565282695,0,0,361
3281,0,6567285462,6567285089,0,0,373
3282,0,6569288032,6569287617,0,0,415
3283,0,6571289995,6571289592,0,0,402
3284,0,6573293226,6573292822,0,0,403
3285,0,6575294339,6575293946,0,0,393
3286,0,6577296442,6577296058,0,0,384
3287,0,6579298615,6579298196,0,0,419
3288,0,6581300689,6581300310,0,0,379
3289,0,6583303255,6583302854,0,0,400
3290,0,6585305331,6585304943,0,0,387
3291,0,6587307698,6587307304,0,0,393
3292,0,6589310137,6589309861,0,0,276
3293,0,6591313249,6591312858,0,0,391
3294,0,6593313633,6593313232,0,0,401
3295,0,6595316810,6595316379,0,0,430
3296,0,6597318890,6597318489,0,0,400
3297,0,6599321097,6599320701,0,0,395
3298,0,6601323164,6601322820,0,0,344
3299,0,6603326168,6603325770,0,0,397
3300,0,6605327991,6605327604,0,0,386
3301,0,6607330058,6607329658,0,0,399
3302,0,6609332469,6609332069,0,0,399
3303,0,6611335317,6611334906,0,0,411
3304,0,6613336804,6613336397,0,0,406
3305,0,6615338471,6615338067,0,0,404
3306,0,6617340000,6617339576,0,0,423
3307,0,6619343279,6619342883,0,0,395
3308,0,6621345391,6621345004,0,0,386
3309,0,6623347717,6623347300,0,0,417
3310,0,6625349871,6625349479,0,0,391
3311,0,6627352268,6627351833,0,0,435
3312,0,6629354281,6629353907,0,0,374
3313,0,6631356437,6631356066,0,0,370
3314,0,6633357588,6633357197,0,0,390
3315,0,6635361275,6635360891,0,0,384
3316,0,6637363427,6637363026,0,0,401
3317,0,6639365643,6639365246,0,0,397
3318,0,6641367737,6641367339,0,0,397
3319,0,6643370206,6643369789,0,0,417
3320,0,6645371894,6645371524,0,0,370
3321,0,6647374238,6647373835,0,0,402
3322,0,6649377326,6649376959,0,0,367
3323,0,6651379532,6651379141,0,0,391
3324,0,6653380280,6653379921,0,0,359
3325,0,6655383519,6655383146,0,0,373
3326,0,6657386182,6657385790,0,0,391
3327,0,6659388523,6659388114,0,0,408
3328,0,6661390044,6661389665,0,0,378
3329,0,6663391862,6663391481,0,0,381
3330,0,6665393410,6665393074,0,0,336
3331,0,6667396948,6667396534,0,0,413
3332,0,6669398859,6669398496,0,0,363
3333,0,6671401652,6671401271,0,0,380
3334,0,6673403738,6673403359,0,0,379
3335,0,6675405802,6675405391,0,0,411
3336,0,6677407828,6677407456,0,0,372
3337,0,6679409572,6679409185,0,0,386
3338,0,6681410992,6681410606,0,0,385
3339,0,6683415802,6683415426,0,0,375
3340,0,6685416856,6685416481,0,0,375
3341,0,6687418695,6687418297,0,0,397
3342,0,6689421099,6689420694,0,0,405
3343,0,6691424825,6691424424,0,0,401
3344,0,6693426683,6693426281,0,0,401
3345,0,6695428806,6695428398,0,0,408
3346,0,6697430907,6697430503,0,0,403
3347,0,6699433404,6699432988,0,0,415
3348,0,6701435353,6701434969,0,0,384
3349,0,6703437683,6703437274,0,0,409
3350,0,6705438958,6705438573,0,0,384
3351,0,6707441438,6707441022,0,0,415
3352,0,6709443183,6709442831,0,0,352
3353,0,6711445506,6711445135,0,0,370
3354,0,6713448191,6713447847,0,0,343
3355,0,6715449958,6715449588,0,0,369
3356,0,6717452141,6717451779,0,0,361
3357,0,6719455357,6719454987,0,0,369
3358,0,6721456923,6721456522,0,0,400
3359,0,6723458701,6723458306,0,0,395
3360,0,6725461203,6725460797,0,0,406
3361,0,6727463150,6727462757,0,0,393
3362,0,6729465354,6729465013,0,0,341
3363,0,6731467557,6731467148,0,0,408
3364,0,6733470156,6733469784,0,0,371
3365,0,6735472115,6735471714,0,0,401
3366,0,6737474339,6737473938,0,0,401
3367,0,6739476665,6739476274,0,0,390
3368,0,6741478988,6741478599,0,0,388
3369,0,6743481154,6743480775,0,0,379
3370,0,6745483180,6745482791,0,0,388
3371,0,6747485767,6747485374,0,0,393
3372,0,6749487574,6749487209,0,0,364
3373,0,6751490059,6751489661,0,0,397
3374,0,6753492275,6753491875,0,0,400
3375,0,6755494138,6755493715,0,0,422
3376,0,6757496687,6757496287,0,0,400
3377,0,6759498883,6759498481,0,0,402
3378,0,6761501381,6761501011,0,0,370
3379,0,6763503296,6763502895,0,0,400
3380,0,6765504585,6765504180,0,0,404
3381,0,6767507747,6767507345,0,0,402
3382,0,6769510005,6769509609,0,0,395
3383,0,6771512243,6771511813,0,0,429
3384,0,6773514367,6773513991,0,0,376
3385,0,6775516993,6775516571,0,0,421
3386,0,6777519282,6777518904,0,0,377
3387,0,6779521501,6779521090,0,0,411
3388,0,6781523551,6781523150,0,0,401
3389,0,6783525438,6783525037,0,0,400
3390,0,6785528546,6785528169,0,0,377
3391,0,6787531106,6787530678,0,0,428
3392,0,6789532496,6789532139,0,0,357
3393,0,6791535993,6791535600,0,0,393
3394,0,6793537787,6793537434,0,0,352
3395,0,6795539897,6795539478,0,0,419
3396,0,6797542551,6797542168,0,0,382
3397,0,6799543813,6799543434,0,0,379
3398,0,6801545847,6801545485,0,0,362
3399,0,6803547768,6803547364,0,0,404
3400,0,6805550218,6805549823,0,0,395
3401,0,6807552966,6807552588,0,0,377
3402,0,6809554622,6809554221,0,0,400
3403,0,6811556809,6811556378,0,0,431
3404,0,6813558848,6813558453,0,0,394
3405,0,6815561409,6815561002,0,0,407
3406,0,6817563667,6817563260,0,0,407
3407,0,6819565581,6819565183,0,0,397
3408,0,6821567808,6821567438,0,0,370
3409,0,6823570961,6823570569,0,0,392
3410,0,6825573499,6825573132,0,0,367
3411,0,6827574491,6827574074,0,0,416
3412,0,6829577647,6829577278,0,0,368
3413,0,6831579002,6831578611,0,0,391
3414,0,6833581242,6833580873,0,0,369
3415,0,6835583191,6835582781,0,0,410
3416,0,6837584585,6837584228,0,0,357
3417,0,6839587726,6839587354,0,0,372
3418,0,6841589847,6841589494,0,0,352
3419,0,6843592458,6843592060,0,0,398
3420,0,6845595712,6845595330,0,0,382
3421,0,6847598419,6847598021,0,0,397
3422,0,6849599236,6849598844,0,0,391
3423,0,6851601230,6851600802,0,0,427
3424,0,6853603577,6853603174,0,0,402
3425,0,6855605859,6855605450,0,0,408
3426,0,6857607757,6857607400,0,0,356
3427,0,6859611262,6859610836,0,0,426
3428,0,6861613567,6861613191,0,0,376
3429,0,6863614916,6863614509,0,0,407
3430,0,6865617393,6865617001,0,0,392
3431,0,6867618532,6867618143,0,0,389
3432,0,6869621264,6869620859,0,0,404
3433,0,6871623745,6871623329,0,0,415
3434,0,6873625765,6873625379,0,0,385
3435,0,6875627816,6875627423,0,0,393
3436,0,6877629835,6877629451,0,0,384
3437,0,6879632217,6879631802,0,0,414
3438,0,6881634918,6881634523,0,0,394
3439,0,6883637008,6883636613,0,0,395
3440,0,6885639000,6885638613,0,0,387
3441,0,6887641418,6887641020,0,0,397
3442,0,6889643550,6889643196,0,0,354
3443,0,6891646830,6891646428,0,0,402
3444,0,6893648288,6893647901,0,0,387
3445,0,6895650265,6895649866,0,0,398
3446,0,6897652510,6897652127,0,0,382
3447,0,6899654854,6899654429,0,0,424
3448,0,6901657195,6901656808,0,0,387
3449,0,6903660264,6903659887,0,0,377
3450,0,6905661677,6905661326,0,0,350
3451,0,6907663410,6907663013,0,0,396
3452,0,6909664629,6909664226,0,0,402
3453,0,6911667957,6911667579,0,0,377
3454,0,6913670673,6913670298,0,0,375
3455,0,6915671998,6915671591,0,0,407
3456,0,6917673906,6917673530,0,0,376
3457,0,6919676768,6919676386,0,0,382
3458,0,6921679114,6921678757,0,0,356
3459,0,6923681354,6923680961,0,0,392
3460,0,6925684200,6925683808,0,0,392
3461,0,6927686269,6927685902,0,0,366
3462,0,6929688077,6929687693,0,0,384
3463,0,6931690145,6931689744,0,0,400
3464,0,6933692666,6933692289,0,0,376
3465,0,6935694606,6935694220,0,0,386
3466,0,6937696844,6937696437,0,0,407
3467,0,6939700242,6939699855,0,0,386
3468,0,6941701445,6941701089,0,0,355
3469,0,6943703446,6943703059,0,0,386
3470,0,6945705727,6945705355,0,0,371
3471,0,6947707851,6947707455,0,0,396
3472,0,6949711179,6949710823,0,0,355
3473,0,6951713567,6951713211,0,0,356
3474,0,6953714901,6953714527,0,0,373
3475,0,6955716932,6955716555,0,0,376
3476,0,6957720119,6957719777,0,0,342
3477,0,6959722534,6959722181,0,0,352
3478,0,6961723966,6961723579,0,0,386
3479,0,6963726300,6963725907,0,0,392
3480,0,6965728454,6965728071,0,0,382
3481,0,6967730281,6967729886,0,0,395
3482,0,6969732511,6969732147,0,0,364
3483,0,6971734454,6971734013,0,0,440
3484,0,6973735713,6973735316,0,0,397
3485,0,6975740328,6975739935,0,0,392
3486,0,6977741832,6977741417,0,0,415
3487,0,6979743743,6979743326,0,0,416
3488,0,6981745991,6981745595,0,0,396
3489,0,6983747779,6983747395,0,0,384
3490,0,6985749283,6985748915,0,0,367
3491,0,6987752617,6987752238,0,0,379
3492,0,6989755159,6989754782,0,0,377
3493,0,6991758411,6991758006,0,0,404
3494,0,6993759178,6993758775,0,0,402
3495,0,6995761439,6995761029,0,0,409
3496,0,6997763827,6997763435,0,0,392
3497,0,6999766286,6999765894,0,0,392
3498,0,7001768051,7001767658,0,0,393
3499,0,7003769983,7003769579,0,0,403
3500,0,7005771169,7005770804,0,0,364
3501,0,7007773457,7007773058,0,0,399
3502,0,7009775835,7009775425,0,0,410
3503,0,7011780234,7011779834,0,0,400
3504,0,7013781300,7013780905,0,0,394
3505,0,7015783491,7015783091,0,0,400
3506,0,7017786778,7017786403,0,0,375
3507,0,7019789397,7019789005,0,0,392
3508,0,7021790544,7021790132,0,0,411
3509,0,7023793049,7023792660,0,0,388
3510,0,7025794645,7025794249,0,0,395
3511,0,7027797053,7027796647,0,0,406
3512,0,7029799659,7029799249,0,0,409
3513,0,7031801516,7031801113,0,0,403
3514,0,7033803480,7033803094,0,0,385
3515,0,7035805564,7035805146,0,0,417
3516,0,7037807195,7037806800,0,0,395
3517,0,7039810418,7039810017,0,0,400
3518,0,7041813155,7041812759,0,0,396
3519,0,7043814981,7043814577,0,0,404
3520,0,7045817375,7045816992,0,0,383
3521,0,7047820420,7047820035,0,0,384
3522,0,7049821691,7049821320,0,0,370
3523,0,7051825137,7051824730,0,0,407
3524,0,7053826899,7053826519,0,0,379
3525,0,7055828047,7055827646,0,0,400
3526,0,7057830345,7057829962,0,0,382
3527,0,7059832580,7059832164,0,0,415
3528,0,7061835164,7061834798,0,0,366
3529,0,7063837046,7063836656,0,0,390
3530,0,7065839164,7065838789,0,0,374
3531,0,7067841582,7067841177,0,0,404
3532,0,7069843425,7069843059,0,0,366
3533,0,7071845846,7071845461,0,0,384
3534,0,7073848296,7073847900,0,0,395
3535,0,7075850273,7075849838,0,0,434
3536,0,7077852583,7077852216,0,0,366
3537,0,7079854703,7079854330,0,0,372
3538,0,7081857638,7081857283,0,0,354
3539,0,7083859710,7083859330,0,0,379
3540,0,7085862419,7085862050,0,0,368
3541,0,7087863971,7087863605,0,0,366
3542,0,7089865742,7089865351,0,0,391
3543,0,7091869280,7091868863,0,0,417
3544,0,7093870259,7093869933,0,0,325
3545,0,7095873029,7095872630,0,0,398
3546,0,7097874941,7097874591,0,0,350
3547,0,7099877353,7099876954,0,0,399
3548,0,7101879133,7101878767,0,0,366
3549,0,7103882233,7103881857,0,0,375
3550,0,7105884168,7105883777,0,0,390
3551,0,7107885902,7107885482,0,0,420
3552,0,7109888482,7109888081,0,0,400
3553,0,7111890535,7111890162,0,0,373
3554,0,7113892663,7113892304,0,0,359
3555,0,7115895406,7115895019,0,0,386
3556,0,7117897070,7117896664,0,0,406
3557,0,7119899579,7119899152,0,0,426
3558,0,7121902528,7121902114,0,0,413
3559,0,7123903345,7123902948,0,0,396
3560,0,7125904724,7125904335,0,0,388
3561,0,7127908554,7127908197,0,0,357
3562,0,7129910566,7129910173,0,0,393
3563,0,7131912721,7131912317,0,0,404
3564,0,7133914756,7133914374,0,0,382
3565,0,7135917350,7135916940,0,0,410
3566,0,7137919208,7137918824,0,0,384
3567,0,7139921329,7139920932,0,0,396
3568,0,7141923802,7141923398,0,0,404
3569,0,7143925662,7143925265,0,0,397
3570,0,7145927657,7145927254,0,0,402
3571,0,7147930050,7147929626,0,0,424
3572,0,7149931586,7149931182,0,0,404
3573,0,7151934991,7151934581,0,0,409
3574,0,7153937391,7153936986,0,0,404
3575,0,7155939323,7155938916,0,0,407
3576,0,7157942741,7157942332,0,0,408
3577,0,7159943506,7159943114,0,0,391
3578,0,7161945485,7161945101,0,0,384
3579,0,7163948608,7163948196,0,0,412
3580,0,7165950970,7165950560,0,0,410
3581,0,7167952788,7167952386,0,0,401
3582,0,7169955321,7169954898,0,0,423
3583,0,7171957001,7171956591,0,0,410
3584,0,7173959200,7173958802,0,0,397
3585,0,7175961295,7175960885,0,0,409
3586,0,7177962685,7177962277,0,0,407
3587,0,7179966725,7179966314,0,0,410
3588,0,7181968971,7181968608,0,0,362
3589,0,7183971408,7183970997,0,0,411
3590,0,7185972834,7185972408,0,0,426
3591,0,7187975361,7187974967,0,0,393
3592,0,7189977415,7189977027,0,0,387
3593,0,7191980728,7191980335,0,0,393
3594,0,7193981310,7193980910,0,0,399
3595,0,7195984460,7195984089,0,0,370
3596,0,7197984876,7197984505,0,0,370
3597,0,7199988266,7199987860,0,0,406
3598,0,7201990387,7201990008,0,0,379
3599,0,7203993166,7203992790,0,0,376
3600,0,7205996706,7205996332,0,0,373
3601,0,7207999480,7207999099,0,0,380
3602,0,7209999830,7209999465,0,0,365
3603,0,7212001636,7212001271,0,0,365
3604,0,7214003916,7214003550,0,0,366
3605,0,7216005784,7216005408,0,0,375
3606,0,7218007390,7218006982,0,0,407
3607,0,7220010391,7220009997,0,0,393
3608,0,7222013449,7222013076,0,0,373
3609,0,7224015969,7224015598,0,0,370
3610,0,7226017084,7226016705,0,0,379
3611,0,7228019213,7228018822,0,0,391
3612,0,7230022040,7230021672,0,0,367
3613,0,7232024687,7232024287,0,0,399
3614,0,7234026605,7234026197,0,0,407
3615,0,7236028272,7236027874,0,0,397
3616,0,7238030369,7238029990,0,0,379
3617,0,7240031768,7240031352,0,0,415
3618,0,7242034784,7242034398,0,0,386
3619,0,7244036838,7244036425,0,0,413
3620,0,7246038426,7246038019,0,0,407
3621,0,7248041798,7248041389,0,0,408
3622,0,7250044114,7250043716,0,0,397
3623,0,7252045960,7252045563,0,0,397
3624,0,7254048301,7254047938,0,0,362
3625,0,7256051191,7256050791,0,0,400
3626,0,7258052678,7258052269,0,0,408
3627,0,7260055292,7260054892,0,0,400
3628,0,7262057150,7262056778,0,0,371
3629,0,7264059498,7264059083,0,0,415
3630,0,7266061704,7266061287,0,0,417
3631,0,7268064693,7268064310,0,0,382
3632,0,7270065926,7270065543,0,0,383
3633,0,7272068622,7272068218,0,0,404
3634,0,7274070954,7274070593,0,0,360
3635,0,7276072599,7276072198,0,0,400
3636,0,7278074791,7278074411,0,0,379
3637,0,7280077633,7280077230,0,0,402
3638,0,7282079752,7282079354,0,0,397
3639,0,7284081773,7284081375,0,0,397
3640,0,7286084149,7286083808,0,0,341
3641,0,7288085996,7288085602,0,0,393
3642,0,7290088226,7290087842,0,0,384
3643,0,7292092066,7292091683,0,0,382
3644,0,7294092817,7294092460,0,0,357
3645,0,7296095260,7296094878,0,0,381
3646,0,7298097685,7298097285,0,0,399
3647,0,7300099123,7300098777,0,0,346
3648,0,7302100986,7302100653,0,0,332
3649,0,7304104621,7304104235,0,0,385
3650,0,7306104966,7306104595,0,0,371
3651,0,7308109215,7308108838,0,0,377
3652,0,7310111662,7310111286,0,0,375
3653,0,7312112775,7312112388,0,0,387
3654,0,7314115325,7314114929,0,0,395
3655,0,7316117763,7316117364,0,0,399
3656,0,7318119467,7318119116,0,0,350
3657,0,7320121636,7320121244,0,0,391
3658,0,7322123812,7322123421,0,0,391
3659,0,7324126383,7324126010,0,0,373
3660,0,7326128623,7326128222,0,0,400
3661,0,7328130557,7328130165,0,0,391
3662,0,7330132767,7330132366,0,0,400
3663,0,7332135085,7332134692,0,0,393
3664,0,7334137339,7334136977,0,0,361
3665,0,7336139901,7336139488,0,0,413
3666,0,7338141913,7338141529,0,0,384
3667,0,7340145507,7340145108,0,0,399
3668,0,7342146570,7342146201,0,0,369
3669,0,7344148321,7344147917,0,0,404
3670,0,7346150718,7346150312,0,0,405
3671,0,7348152829,7348152419,0,0,409
3672,0,7350155003,7350154611,0,0,392
3673,0,7352157789,7352157398,0,0,391
3674,0,7354159549,7354159150,0,0,398
3675,0,7356162195,7356161798,0,0,397
3676,0,7358164608,7358164213,0,0,395
3677,0,7360166803,7360166405,0,0,397
3678,0,7362168750,7362168365,0,0,384
3679,0,7364170667,7364170285,0,0,382
3680,0,7366172849,7366172451,0,0,398
3681,0,7368174728,7368174323,0,0,404
3682,0,7370176138,7370175759,0,0,379
3683,0,7372180046,7372179639,0,0,406
3684,0,7374182312,7374181923,0,0,388
3685,0,7376184083,7376183670,0,0,412
3686,0,7378187008,7378186602,0,0,405
3687,0,7380188356,7380187959,0,0,396
3688,0,7382190779,7382190384,0,0,395
3689,0,7384193042,7384192660,0,0,382
3690,0,7386194848,7386194487,0,0,360
3691,0,7388197594,7388197213,0,0,380
3692,0,7390199652,7390199312,0,0,340
3693,0,7392203583,7392203168,0,0,414
3694,0,7394204148,7394203760,0,0,387
3695,0,7396205867,7396205486,0,0,381
3696,0,7398207459,7398207048,0,0,411
3697,0,7400211180,7400210791,0,0,389
3698,0,7402213073,7402212699,0,0,373
3699,0,7404215381,7404214977,0,0,404
3700,0,7406217451,7406217052,0,0,399
3701,0,7408219370,7408218975,0,0,395
3702,0,7410221166,7410220771,0,0,394
3703,0,7412223851,7412223477,0,0,374
3704,0,7414226477,7414226096,0,0,380
3705,0,7416228440,7416228035,0,0,404
3706,0,7418231132,7418230740,0,0,392
3707,0,7420232903,7420232494,0,0,408
3708,0,7422235101,7422234716,0,0,385
3709,0,7424237088,7424236669,0,0,419
3710,0,7426238605,7426238201,0,0,404
3711,0,7428241584,7428241191,0,0,393
3712,0,7430243247,7430242883,0,0,364
3713,0,7432246507,7432246117,0,0,389
3714,0,7434248298,7434247934,0,0,364
3715,0,7436251184,7436250810,0,0,374
3716,0,7438252972,7438252570,0,0,401
3717,0,7440255294,7440254897,0,0,397
3718,0,7442257317,7442256944,0,0,373
3719,0,7444259671,7444259289,0,0,382
3720,0,7446261645,7446261262,0,0,382
3721,0,7448264100,7448263689,0,0,411
3722,0,7450267358,7450266952,0,0,406
3723,0,7452268409,7452268007,0,0,402
3724,0,7454270552,7454270146,0,0,406
3725,0,7456273457,7456273033,0,0,423
3726,0,7458275042,7458274635,0,0,406
3727,0,7460277022,7460276604,0,0,417
3728,0,7462279459,7462279064,0,0,395
3729,0,7464282408,7464282015,0,0,393
3730,0,7466283303,7466282944,0,0,359
3731,0,7468286190,7468285800,0,0,390
3732,0,7470288981,7470288593,0,0,387
3733,0,7472290520,7472290113,0,0,406
3734,0,7474291907,7474291519,0,0,388
3735,0,7476295202,7476294799,0,0,402
3736,0,7478297267,7478296892,0,0,375
3737,0,7480299776,7480299359,0,0,417
3738,0,7482301734,7482301359,0,0,375
3739,0,7484303865,7484303492,0,0,373
3740,0,7486306415,7486306021,0,0,393
3741,0,7488309267,7488308869,0,0,397
3742,0,7490309825,7490309451,0,0,374
3743,0,7492313822,7492313435,0,0,387
3744,0,7494314077,7494313675,0,0,402
3745,0,7496317873,7496317456,0,0,416
3746,0,7498319966,7498319594,0,0,372
3747,0,7500321627,7500321235,0,0,391
3748,0,7502323209,7502322810,0,0,399
3749,0,7504326047,7504325624,0,0,422
3750,0,7506327415,7506327002,0,0,413
3751,0,7508330741,7508330347,0,0,393
3752,0,7510332889,7510332519,0,0,369
3753,0,7512335354,7512334929,0,0,424
3754,0,7514337383,7514336979,0,0,403
3755,0,7516339912,7516339510,0,0,402
3756,0,7518342048,7518341651,0,0,396
3757,0,7520343811,7520343402,0,0,408
3758,0,7522345180,7522344801,0,0,379
3759,0,7524349793,7524349387,0,0,405
3760,0,7526350784,7526350402,0,0,382
3761,0,7528353212,7528352817,0,0,395
3762,0,7530355534,7530355182,0,0,352
3763,0,7532357477,7532357095,0,0,382
3764,0,7534359497,7534359103,0,0,394
3765,0,7536362111,7536361703,0,0,407
3766,0,7538364361,7538363969,0,0,391
3767,0,7540366293,7540365914,0,0,378
3768,0,7542368747,7542368396,0,0,350
3769,0,7544371461,7544371056,0,0,405
3770,0,7546372742,7546372389,0,0,352
3771,0,7548374678,7548374287,0,0,391
3772,0,7550377333,7550376947,0,0,386
3773,0,7552380020,7552379620,0,0,400
3774,0,7554382465,7554382059,0,0,406
3775,0,7556384798,7556384393,0,0,404
3776,0,7558386543,7558386180,0,0,362
3777,0,7560389659,7560389263,0,0,395
3778,0,7562390831,7562390456,0,0,375
3779,0,7564394393,7564394029,0,0,364
3780,0,7566396280,7566395910,0,0,370
3781,0,7568397444,7568397056,0,0,388
3782,0,7570399587,7570399217,0,0,369
3783,0,7572401892,7572401529,0,0,362
3784,0,7574404241,7574403875,0,0,366
3785,0,7576406505,7576406126,0,0,379
3786,0,7578408654,7578408303,0,0,350
3787,0,7580411118,7580410735,0,0,382
3788,0,7582412808,7582412425,0,0,383
3789,0,7584415943,7584415543,0,0,400
3790,0,7586417491,7586417100,0,0,391
3791,0,7588419876,7588419496,0,0,379
3792,0,7590421912,7590421547,0,0,365
3793,0,7592425977,7592425604,0,0,373
3794,0,7594426994,7594426601,0,0,393
3795,0,7596429804,7596429404,0,0,400
3796,0,7598431276,7598430878,0,0,397
3797,0,7600433541,7600433131,0,0,409
3798,0,7602435155,7602434755,0,0,399
3799,0,7604438194,7604437802,0,0,392
3800,0,7606439547,7606439200,0,0,346
3801,0,7608442206,7608441812,0,0,394
3802,0,7610444212,7610443841,0,0,370
3803,0,7612446361,7612445965,0,0,396
3804,0,7614448905,7614448529,0,0,376
3805,0,7616450878,7616450496,0,0,382
3806,0,7618453768,7618453375,0,0,393
3807,0,7620455442,7620455047,0,0,395
3808,0,7622457523,7622457155,0,0,368
3809,0,7624460129,7624459739,0,0,389
3810,0,7626461975,7626461615,0,0,360
3811,0,7628464559,7628464168,0,0,391
3812,0,7630466278,7630465889,0,0,388
3813,0,7632468928,7632468537,0,0,391
3814,0,7634470847,7634470464,0,0,382
3815,0,7636473177,7636472791,0,0,386
3816,0,7638475094,7638474729,0,0,365
3817,0,7640477174,7640476790,0,0,384
3818,0,7642479121,7642478734,0,0,386
3819,0,7644482132,7644481717,0,0,415
3820,0,7646483084,7646482693,0,0,391
3821,0,7648486810,7648486424,0,0,386
3822,0,7650488880,7650488498,0,0,382
3823,0,7652490730,7652490341,0,0,388
3824,0,7654493233,7654492862,0,0,370
3825,0,7656495346,7656494942,0,0,403
3826,0,7658497752,7658497381,0,0,370
3827,0,7660499934,7660499555,0,0,379
3828,0,7662501911,7662501531,0,0,379
3829,0,7664504356,7664503972,0,0,384
3830,0,7666506587,7666506208,0,0,379
3831,0,7668508737,7668508350,0,0,387
3832,0,7670510752,7670510391,0,0,360
3833,0,7672513163,7672512768,0,0,394
3834,0,7674515889,7674515524,0,0,364
3835,0,7676517215,7676516820,0,0,394
3836,0,7678518869,7678518479,0,0,389
3837,0,7680521905,7680521481,0,0,424
3838,0,7682524425,7682524028,0,0,397
3839,0,7684526060,7684525677,0,0,383
3840,0,7686527936,7686527573,0,0,362
3841,0,7688530806,7688530417,0,0,388
3842,0,7690533428,7690533052,0,0,375
3843,0,7692537145,7692536756,0,0,388
3844,0,7694537719,7694537350,0,0,368
3845,0,7696539842,7696539460,0,0,381
3846,0,7698542150,7698541775,0,0,375
3847,0,7700544632,7700544251,0,0,381
3848,0,7702546826,7702546466,0,0,360
3849,0,7704549132,7704548752,0,0,379
3850,0,7706552147,7706551796,0,0,350
3851,0,7708553510,7708553153,0,0,356
3852,0,7710555325,7710554940,0,0,385
3853,0,7712557756,7712557381,0,0,375
3854,0,7714559699,7714559305,0,0,394
3855,0,7716561883,7716561500,0,0,383
3856,0,7718565294,7718564890,0,0,404
3857,0,7720567815,7720567433,0,0,382
3858,0,7722569119,7722568757,0,0,361
3859,0,7724571976,7724571584,0,0,392
3860,0,7726574977,7726574580,0,0,396
3861,0,7728576499,7728576114,0,0,385
3862,0,7730577763,7730577386,0,0,376
3863,0,7732580232,7732579849,0,0,382
3864,0,7734582180,7734581803,0,0,377
3865,0,7736584788,7736584418,0,0,370
3866,0,7738586415,7738586022,0,0,393
3867,0,7740588763,7740588393,0,0,369
3868,0,7742591519,7742591141,0,0,377
3869,0,7744593390,7744592980,0,0,409
3870,0,7746596065,7746595692,0,0,373
3871,0,7748597530,7748597157,0,0,373
3872,0,7750600101,7750599710,0,0,391
3873,0,7752601829,7752601435,0,0,393
3874,0,7754603687,7754603312,0,0,375
3875,0,7756606334,7756605915,0,0,418
3876,0,7758608119,7758607723,0,0,395
3877,0,7760611274,7760610876,0,0,397
3878,0,7762613588,7762613181,0,0,406
3879,0,7764615341,7764614925,0,0,415
3880,0,7766618002,7766617640,0,0,362
3881,0,7768620026,7768619644,0,0,381
3882,0,7770621894,7770621516,0,0,377
3883,0,7772624483,7772624087,0,0,395
3884,0,7774626558,7774626177,0,0,381
3885,0,7776629318,7776628925,0,0,393
3886,0,7778631516,7778631127,0,0,388
3887,0,7780634328,7780633946,0,0,382
3888,0,7782635665,7782635272,0,0,393
3889,0,7784637832,7784637444,0,0,387
3890,0,7786640435,7786640046,0,0,388
3891,0,7788642213,7788641835,0,0,377
3892,0,7790644555,7790644151,0,0,404
3893,0,7792648563,7792648141,0,0,421
3894,0,7794648941,7794648570,0,0,370
3895,0,7796651123,7796650746,0,0,377
3896,0,7798653664,7798653280,0,0,383
3897,0,7800655784,7800655364,0,0,419
3898,0,7802657707,7802657330,0,0,376
3899,0,7804659759,7804659351,0,0,407
3900,0,7806662195,7806661791,0,0,404
3901,0,7808664901,7808664480,0,0,421
3902,0,7810667000,7810666577,0,0,422
3903,0,7812669565,7812669170,0,0,395
3904,0,7814671524,7814671158,0,0,366
3905,0,7816674452,7816674058,0,0,393
3906,0,7818675732,7818675341,0,0,391
3907,0,7820679170,7820678781,0,0,388
3908,0,7822681742,7822681375,0,0,367
3909,0,7824683346,7824682952,0,0,393
3910,0,7826685290,7826684894,0,0,395
3911,0,7828687086,7828686678,0,0,407
3912,0,7830688905,7830688527,0,0,378
3913,0,7832691877,7832691504,0,0,373
3914,0,7834694227,7834693847,0,0,380
3915,0,7836695523,7836695128,0,0,395
3916,0,7838698077,7838697678,0,0,399
3917,0,7840700258,7840699840,0,0,417
3918,0,7842702512,7842702120,0,0,391
3919,0,7844704379,7844704004,0,0,375
3920,0,7846706757,7846706389,0,0,367
3921,0,7848708993,7848708604,0,0,388
3922,0,7850711544,7850711167,0,0,377
3923,0,7852714543,7852714134,0,0,408
3924,0,7854715409,7854715010,0,0,399
3925,0,7856717540,7856717155,0,0,384
3926,0,7858719283,7858718876,0,0,406
3927,0,7860722429,7860722024,0,0,404
3928,0,7862724512,7862724125,0,0,386
3929,0,7864727359,7864726949,0,0,409
3930,0,7866728649,7866728276,0,0,373
3931,0,7868731109,7868730737,0,0,371
3932,0,7870734270,7870733887,0,0,382
3933,0,7872737133,7872736717,0,0,415
3934,0,7874739003,7874738615,0,0,388
3935,0,7876741478,7876741085,0,0,393
3936,0,7878742684,7878742288,0,0,395
3937,0,7880744680,7880744303,0,0,377
3938,0,7882746823,7882746457,0,0,366
3939,0,7884750134,7884749745,0,0,389
3940,0,7886753300,7886752910,0,0,390
3941,0,7888755986,7888755584,0,0,402
3942,0,7890755419,7890755018,0,0,400
3943,0,7892759108,7892758722,0,0,386
3944,0,7894760362,7894759981,0,0,381
3945,0,7896762323,7896761941,0,0,382
3946,0,7898764588,7898764221,0,0,367
3947,0,7900766874,7900766482,0,0,392
3948,0,7902769246,7902768863,0,0,382
3949,0,7904771339,7904770950,0,0,389
3950,0,7906774527,7906774168,0,0,359
3951,0,7908776527,7908776133,0,0,393
3952,0,7910777514,7910777145,0,0,368
3953,0,7912779806,7912779420,0,0,386
3954,0,7914783371,7914783022,0,0,348
3955,0,7916786106,7916785722,0,0,384
3956,0,7918786631,7918786260,0,0,370
3957,0,7920788846,7920788449,0,0,396
3958,0,7922791141,7922790761,0,0,380
3959,0,7924794545,7924794163,0,0,382
3960,0,7926796310,7926795949,0,0,360
3961,0,7928798365,7928797979,0,0,386
3962,0,7930800997,7930800611,0,0,385
3963,0,7932803676,7932803295,0,0,381
3964,0,7934804646,7934804292,0,0,354
3965,0,7936806946,7936806581,0,0,365
3966,0,7938809467,7938809076,0,0,390
3967,0,7940811257,7940810883,0,0,374
3968,0,7942813487,7942813132,0,0,355
3969,0,7944815579,7944815204,0,0,375
3970,0,7946818136,7946817769,0,0,366
3971,0,7948821287,7948820910,0,0,377
3972,0,7950823330,7950822966,0,0,364
3973,0,7952824564,7952824177,0,0,386
3974,0,7954827288,7954826917,0,0,370
3975,0,7956829343,7956828951,0,0,392
3976,0,7958831638,7958831256,0,0,382
3977,0,7960833364,7960832984,0,0,379
3978,0,7962836002,7962835620,0,0,382
3979,0,7964838120,7964837732,0,0,387
3980,0,7966840454,7966840078,0,0,376
3981,0,7968842712,7968842324,0,0,387
3982,0,7970844602,7970844236,0,0,365
3983,0,7972846513,7972846130,0,0,382
3984,0,7974849047,7974848671,0,0,375
3985,0,7976852480,7976852099,0,0,380
3986,0,7978853779,7978853445,0,0,334
3987,0,7980855607,7980855216,0,0,391
3988,0,7982856903,7982856519,0,0,384
3989,0,7984860061,7984859670,0,0,391
3990,0,7986862362,7986861986,0,0,375
3991,0,7988864991,7988864592,0,0,399
3992,0,7990867179,7990866808,0,0,370
3993,0,7992870734,7992870345,0,0,388
3994,0,7994871822,7994871440,0,0,382
3995,0,7996873657,7996873271,0,0,386
3996,0,7998876692,7998876318,0,0,374
3997,0,8000877964,8000877573,0,0,391
3998,0,8002880795,8002880414,0,0,381
3999,0,8004882637,8004882252,0,0,384
4000,0,8006884714,8006884332,0,0,382
4001,0,8008887429,8008887038,0,0,391
4002,0,8010889456,8010889051,0,0,404
4003,0,8012891615,8012891215,0,0,400
4004,0,8014893656,8014893256,0,0,400
4005,0,8016895810,8016895416,0,0,393
4006,0,8018897983,8018897581,0,0,402
4007,0,8020900226,8020899831,0,0,394
4008,0,8022902641,8022902235,0,0,405
4009,0,8024904943,8024904548,0,0,395
4010,0,8026906796,8026906391,0,0,405
4011,0,8028909524,8028909123,0,0,401
4012,0,8030911479,8030911083,0,0,396
4013,0,8032913620,8032913206,0,0,413
4014,0,8034916411,8034916017,0,0,393
4015,0,8036917215,8036916819,0,0,395
4016,0,8038920215,8038919796,0,0,419
4017,0,8040923245,8040922853,0,0,392
4018,0,8042925166,8042924763,0,0,402
4019,0,8044926908,8044926504,0,0,404
4020,0,8046928711,8046928292,0,0,419
4021,0,8048930591,8048930191,0,0,399
4022,0,8050933430,8050933027,0,0,402
4023,0,8052936104,8052935687,0,0,417
4024,0,8054938761,8054938391,0,0,370
4025,0,8056941507,8056941127,0,0,380
4026,0,8058942807,8058942433,0,0,374
4027,0,8060944561,8060944177,0,0,384
4028,0,8062947059,8062946667,0,0,391
4029,0,8064949123,8064948709,0,0,413
4030,0,8066951719,8066951320,0,0,398
4031,0,8068953366,8068952986,0,0,380
4032,0,8070955195,8070954800,0,0,395
4033,0,8072959379,8072958991,0,0,388
4034,0,8074960083,8074959716,0,0,366
4035,0,8076964161,8076963767,0,0,394
4036,0,8078965319,8078964910,0,0,408
4037,0,8080966121,8080965722,0,0,399
4038,0,8082969255,8082968856,0,0,399
4039,0,8084971068,8084970685,0,0,382
4040,0,8086972347,8086971966,0,0,381
4041,0,8088975123,8088974747,0,0,375
4042,0,8090977602,8090977208,0,0,393
4043,0,8092980989,8092980613,0,0,375
4044,0,8094982490,8094982080,0,0,409
4045,0,8096985169,8096984760,0,0,408
4046,0,8098987193,8098986797,0,0,395
4047,0,8100989445,8100989031,0,0,414
4048,0,8102991327,8102990929,0,0,397
4049,0,8104993631,8104993235,0,0,395
4050,0,8106996148,8106995777,0,0,370
4051,0,8108999101,8108998707,0,0,393
4052,0,8111000260,8110999878,0,0,382
4053,0,8113002570,8113002165,0,0,404
4054,0,8115004417,8115003992,0,0,425
4055,0,8117005894,8117005501,0,0,393
4056,0,8119009712,8119009316,0,0,395
4057,0,8121011417,8121011022,0,0,395
4058,0,8123013615,8123013236,0,0,379
4059,0,8125015954,8125015541,0,0,413
4060,0,8127018325,8127017937,0,0,387
4061,0,8129020534,8129020123,0,0,411
4062,0,8131022961,8131022558,0,0,402
4063,0,8133024582,8133024192,0,0,389
4064,0,8135026085,8135025712,0,0,372
4065,0,8137029271,8137028896,0,0,375
4066,0,8139031575,8139031183,0,0,392
4067,0,8141034101,8141033711,0,0,389
4068,0,8143035892,8143035509,0,0,382
4069,0,8145039292,8145038916,0,0,375
4070,0,8147040320,8147039901,0,0,419
4071,0,8149042406,8149041999,0,0,407
4072,0,8151044669,8151044330,0,0,339
4073,0,8153046916,8153046529,0,0,386
4074,0,8155048386,8155047999,0,0,386
4075,0,8157051952,8157051584,0,0,368
4076,0,8159053777,8159053410,0,0,367
4077,0,8161056211,8161055817,0,0,393
4078,0,8163058206,8163057828,0,0,378
4079,0,8165060321,8165059928,0,0,393
4080,0,8167062683,8167062307,0,0,375
4081,0,8169064948,8169064561,0,0,387
4082,0,8171067094,8171066712,0,0,382
4083,0,8173069112,8173068722,0,0,390
4084,0,8175071169,8175070797,0,0,372
4085,0,8177073845,8177073444,0,0,400
4086,0,8179075909,8179075506,0,0,402
4087,0,8181079257,8181078878,0,0,379
4088,0,8183080302,8183079946,0,0,355
4089,0,8185082526,8185082121,0,0,405
4090,0,8187085488,8187085089,0,0,399
4091,0,8189087092,8189086676,0,0,416
4092,0,8191089329,8191088934,0,0,395
4093,0,8193093608,8193093231,0,0,376
4094,0,8195094959,8195094546,0,0,412
4095,0,8197095811,8197095416,0,0,395
4096,0,8199098190,8199097812,0,0,377
4097,0,8201100486,8201100092,0,0,394
4098,0,8203102421,8203102038,0,0,383
4099,0,8205105545,8205105142,0,0,402
4100,0,8207107612,8207107239,0,0,373
4101,0,8209109123,8209108731,0,0,392
4102,0,8211111585,8211111209,0,0,375
4103,0,8213113913,8213113534,0,0,379
4104,0,8215116010,8215115648,0,0,361
4105,0,8217119052,8217118684,0,0,368
4106,0,8219120405,8219120029,0,0,376
4107,0,8221122415,8221122038,0,0,377
4108,0,8223123964,8223123593,0,0,370
4109,0,8225127447,8225127068,0,0,379
4110,0,8227129202,8227128836,0,0,365
4111,0,8229131928,8229131547,0,0,380
4112,0,8231134893,8231134549,0,0,343
4113,0,8233136794,8233136412,0,0,382
4114,0,8235138458,8235138097,0,0,361
4115,0,8237140784,8237140420,0,0,364
4116,0,8239142851,8239142463,0,0,387
4117,0,8241145112,8241144730,0,0,382
4118,0,8243147231,8243146858,0,0,373
4119,0,8245149417,8245149034,0,0,382
4120,0,8247151829,8247151463,0,0,365
4121,0,8249153364,8249152991,0,0,373
4122,0,8251155140,8251154779,0,0,361
4123,0,8253158156,8253157768,0,0,388
4124,0,8255162026,8255161678,0,0,348
4125,0,8257163143,8257162746,0,0,397
4126,0,8259165078,8259164697,0,0,381
4127,0,8261166537,8261166169,0,0,367
4128,0,8263168535,8263168126,0,0,408
4129,0,8265171716,8265171310,0,0,405
4130,0,8267173800,8267173420,0,0,379
4131,0,8269176395,8269175963,0,0,431
4132,0,8271178205,8271177829,0,0,375
4133,0,8273180674,8273180287,0,0,386
4134,0,8275182683,8275182309,0,0,374
4135,0,8277184817,8277184435,0,0,382
4136,0,8279187325,8279186956,0,0,369
4137,0,8281189436,8281189037,0,0,399
4138,0,8283191837,8283191412,0,0,424
4139,0,8285193550,8285193175,0,0,375
4140,0,8287195398,8287194992,0,0,406
4141,0,8289198241,8289197830,0,0,411
4142,0,8291201479,8291201062,0,0,416
4143,0,8293203954,8293203526,0,0,427
4144,0,8295205486,8295205085,0,0,400
4145,0,8297207399,8297206991,0,0,407
4146,0,8299210060,8299209683,0,0,377
4147,0,8301211496,8301211076,0,0,419
4148,0,8303213692,8303213293,0,0,399
4149,0,8305216338,8305215930,0,0,408
4150,0,8307218560,8307218169,0,0,391
4151,0,8309220445,8309220037,0,0,408
4152,0,8311222878,8311222521,0,0,357
4153,0,8313225579,8313225179,0,0,399
4154,0,8315227188,8315226807,0,0,380
4155,0,8317229649,8317229265,0,0,384
4156,0,8319232538,8319232120,0,0,417
4157,0,8321234964,8321234561,0,0,402
4158,0,8323236597,8323236187,0,0,409
4159,0,8325237844,8325237428,0,0,415
4160,0,8327240481,8327240101,0,0,380
4161,0,8329243061,8329242653,0,0,408
4162,0,8331244912,8331244529,0,0,382
4163,0,8333248701,8333248319,0,0,382
4164,0,8335250922,8335250529,0,0,393
4165,0,8337251836,8337251408,0,0,427
4166,0,8339253642,8339253225,0,0,416
4167,0,8341256355,8341255938,0,0,416
4168,0,8343258586,8343258203,0,0,383
4169,0,8345261103,8345260694,0,0,409
4170,0,8347262453,8347262070,0,0,382
4171,0,8349265076,8349264677,0,0,399
4172,0,8351267252,8351266865,0,0,387
4173,0,8353269412,8353268988,0,0,423
4174,0,8355271548,8355271155,0,0,392
4175,0,8357273564,8357273163,0,0,400
4176,0,8359275382,8359275007,0,0,375
4177,0,8361278911,8361278510,0,0,400
4178,0,8363281693,8363281322,0,0,370
4179,0,8365282710,8365282291,0,0,418
4180,0,8367285054,8367284645,0,0,408
4181,0,8369287108,8369286692,0,0,415
4182,0,8371289685,8371289285,0,0,400
4183,0,8373291486,8373291090,0,0,395
4184,0,8375292822,8375292430,0,0,392
4185,0,8377296260,8377295844,0,0,415
4186,0,8379298211,8379297811,0,0,399
4187,0,8381300778,8381300375,0,0,403
4188,0,8383303193,8383302773,0,0,419
4189,0,8385305711,8385305298,0,0,412
4190,0,8387307250,8387306823,0,0,426
4191,0,8389309613,8389309218,0,0,394
4192,0,8391312226,8391311844,0,0,382
4193,0,8393315626,8393315253,0,0,372
4194,0,8395316130,8395315782,0,0,347
4195,0,8397319312,8397318935,0,0,377
4196,0,8399321816,8399321440,0,0,375
4197,0,8401323807,8401323416,0,0,391
4198,0,8403324642,8403324264,0,0,378
4199,0,8405326449,8405326062,0,0,386
4200,0,8407329706,8407329334,0,0,372
4201,0,8409331917,8409331536,0,0,381
4202,0,8411334429,8411334047,0,0,382
4203,0,8413336133,8413335735,0,0,397
4204,0,8415338523,8415338168,0,0,355
4205,0,8417340879,8417340493,0,0,386
4206,0,8419342981,8419342608,0,0,372
4207,0,8421345453,8421345091,0,0,361
4208,0,8423347159,8423346770,0,0,388
4209,0,8425350101,8425349711,0,0,389
4210,0,8427352166,8427351811,0,0,354
4211,0,8429354085,8429353708,0,0,376
4212,0,8431356366,8431355993,0,0,373
4213,0,8433358676,8433358271,0,0,404
4214,0,8435360906,8435360525,0,0,380
4215,0,8437363897,8437363506,0,0,391
4216,0,8439365732,8439365343,0,0,388
4217,0,8441367946,8441367537,0,0,409
4218,0,8443370706,8443370303,0,0,403
4219,0,8445372736,8445372351,0,0,384
4220,0,8447374407,8447374013,0,0,393
4221,0,8449376612,8449376230,0,0,382
4222,0,8451378664,8451378279,0,0,384
4223,0,8453380373,8453379993,0,0,379
4224,0,8455381728,8455381370,0,0,357
4225,0,8457385941,8457385559,0,0,381
4226,0,8459388323,8459387953,0,0,370
4227,0,8461389827,8461389439,0,0,388
4228,0,8463391896,8463391532,0,0,364
4229,0,8465394285,8465393903,0,0,382
4230,0,8467396919,8467396532,0,0,387
4231,0,8469399826,8469399463,0,0,362
4232,0,8471401378,8471401020,0,0,357
4233,0,8473404056,8473403680,0,0,375
4234,0,8475405457,8475405076,0,0,381
4235,0,8477407254,8477406881,0,0,373
4236,0,8479409763,8479409380,0,0,382
4237,0,8481411568,8481411186,0,0,381
4238,0,8483413267,8483412863,0,0,403
4239,0,8485416201,8485415833,0,0,368
4240,0,8487419571,8487419226,0,0,345
4241,0,8489421990,8489421624,0,0,366
4242,0,8491423795,8491423446,0,0,349
4243,0,8493428791,8493428430,0,0,360
4244,0,8495428622,8495428251,0,0,370
4245,0,8497430291,8497429908,0,0,382
4246,0,8499432017,8499431636,0,0,380
4247,0,8501434128,8501433748,0,0,379
4248,0,8503435984,8503435617,0,0,366
4249,0,8505438620,8505438247,0,0,373
4250,0,8507441093,8507440714,0,0,379
4251,0,8509443825,8509443451,0,0,373
4252,0,8511445393,8511445037,0,0,355
4253,0,8513447489,8513447112,0,0,377
4254,0,8515449938,8515449563,0,0,375
4255,0,8517451985,8517451613,0,0,372
4256,0,8519453848,8519453460,0,0,388
4257,0,8521456311,8521455910,0,0,400
4258,0,8523459189,8523458781,0,0,408
4259,0,8525462040,8525461623,0,0,416
4260,0,8527463193,8527462807,0,0,385
4261,0,8529465406,8529464981,0,0,425
4262,0,8531467543,8531467123,0,0,419
4263,0,8533469943,8533469540,0,0,403
4264,0,8535472190,8535471808,0,0,381
4265,0,8537474212,8537473836,0,0,375
4266,0,8539476448,8539476032,0,0,415
4267,0,8541478876,8541478467,0,0,409
4268,0,8543480483,8543480080,0,0,402
4269,0,8545482903,8545482484,0,0,419
4270,0,8547486181,8547485784,0,0,396
4271,0,8549487095,8549486692,0,0,403
4272,0,8551488442,8551488056,0,0,386
4273,0,8553491689,8553491288,0,0,400
4274,0,8555494881,8555494505,0,0,376
4275,0,8557497101,8557496725,0,0,376
4276,0,8559498242,8559497871,0,0,370
4277,0,8561499742,8561499332,0,0,409
4278,0,8563503393,8563503011,0,0,382
4279,0,8565504787,8565504386,0,0,401
4280,0,8567506617,8567506252,0,0,364
4281,0,8569509861,8569509458,0,0,402
4282,0,8571511406,8571510977,0,0,429
4283,0,8573513410,8573512972,0,0,438
4284,0,8575516395,8575515991,0,0,404
4285,0,8577518910,8577518501,0,0,409
4286,0,8579521271,8579520866,0,0,404
4287,0,8581522535,8581522119,0,0,416
4288,0,8583525272,8583524901,0,0,370
4289,0,8585527386,8585527001,0,0,384
4290,0,8587529379,8587528984,0,0,395
4291,0,8589533080,8589532690,0,0,390
4292,0,8591534943,8591534548,0,0,395
4293,0,8593537808,8593537397,0,0,411
4294,0,8595538764,8595538364,0,0,400
4295,0,8597540570,8597540182,0,0,388
4296,0,8599543656,8599543287,0,0,368
4297,0,8601545330,8601544925,0,0,404
4298,0,8603547370,8603546966,0,0,404
4299,0,8605549564,8605549154,0,0,409
4300,0,8607551770,8607551371,0,0,399
4301,0,8609554534,8609554143,0,0,391
4302,0,8611556503,8611556114,0,0,389
4303,0,8613558230,8613557844,0,0,385
4304,0,8615559707,8615559306,0,0,401
4305,0,8617563000,8617562588,0,0,411
4306,0,8619565096,8619564689,0,0,406
4307,0,8621567402,8621567007,0,0,394
4308,0,8623569728,8623569337,0,0,391
4309,0,8625572044,8625571613,0,0,430
4310,0,8627574157,8627573730,0,0,426
4311,0,8629576995,8629576602,0,0,393
4312,0,8631578678,8631578270,0,0,407
4313,0,8633580942,8633580545,0,0,397
4314,0,8635583239,8635582824,0,0,414
4315,0,8637585227,8637584825,0,0,402
4316,0,8639588010,8639587586,0,0,424
4317,0,8641589605,8641589201,0,0,404
4318,0,8643592591,8643592180,0,0,410
4319,0,8645594653,8645594253,0,0,399
4320,0,8647596400,8647596006,0,0,394
4321,0,8649599651,8649599269,0,0,382
4322,0,8651601668,8651601294,0,0,374
4323,0,8653603891,8653603485,0,0,406
4324,0,8655606482,8655606077,0,0,404
4325,0,8657607624,8657607207,0,0,417
4326,0,8659610112,8659609703,0,0,408
4327,0,8661611891,8661611483,0,0,407
4328,0,8663614253,8663613880,0,0,373
4329,0,8665616206,8665615800,0,0,406
4330,0,8667618410,8667618024,0,0,386
4331,0,8669620835,8669620451,0,0,384
4332,0,8671622869,8671622479,0,0,389
4333,0,8673625573,8673625155,0,0,417
4334,0,8675627377,8675626982,0,0,395
4335,0,8677629932,8677629543,0,0,388
4336,0,8679631960,8679631590,0,0,370
4337,0,8681633807,8681633421,0,0,386
4338,0,8683635847,8683635471,0,0,375
4339,0,8685638948,8685638530,0,0,417
4340,0,8687640803,8687640406,0,0,396
4341,0,8689643172,8689642778,0,0,393
4342,0,8691645653,8691645270,0,0,382
4343,0,8693649838,8693649448,0,0,389
4344,0,8695649529,8695649168,0,0,361
4345,0,8697652205,8697651833,0,0,372
4346,0,8699654836,8699654441,0,0,395
4347,0,8701656449,8701656073,0,0,376
4348,0,8703658918,8703658519,0,0,399
4349,0,8705660669,8705660256,0,0,413
4350,0,8707662440,8707662044,0,0,395
4351,0,8709664828,8709664438,0,0,389
4352,0,8711666597,8711666215,0,0,381
4353,0,8713669741,8713669346,0,0,395
4354,0,8715672056,8715671693,0,0,363
4355,0,8717675049,8717674667,0,0,382
4356,0,8719678004,8719677606,0,0,397
4357,0,8721678725,8721678376,0,0,348
4358,0,8723681056,8723680693,0,0,363
4359,0,8725683467,8725683102,0,0,365
4360,0,8727685651,8727685287,0,0,364
4361,0,8729688625,8729688254,0,0,370
4362,0,8731689668,8731689303,0,0,365
4363,0,8733692241,8733691882,0,0,359
4364,0,8735694090,8735693694,0,0,395
4365,0,8737696406,8737696019,0,0,387
4366,0,8739698843,8739698471,0,0,372
4367,0,8741700560,8741700153,0,0,406
4368,0,8743703019,8743702630,0,0,388
4369,0,8745706804,8745706397,0,0,406
4370,0,8747708413,8747708036,0,0,376
4371,0,8749710878,8749710478,0,0,399
4372,0,8751712188,8751711809,0,0,379
4373,0,8753714292,8753713886,0,0,406
4374,0,8755716467,8755716080,0,0,386
4375,0,8757719115,8757718705,0,0,409
4376,0,8759721285,8759720962,0,0,322
4377,0,8761723374,8761723017,0,0,356
4378,0,8763725514,8763725133,0,0,380
4379,0,8765728176,8765727803,0,0,373
4380,0,8767728959,8767728588,0,0,370
4381,0,8769732627,8769732242,0,0,385
4382,0,8771734739,8771734319,0,0,419
4383,0,8773736822,8773736447,0,0,375
4384,0,8775738797,8775738414,0,0,383
4385,0,8777741379,8777740995,0,0,383
4386,0,8779743029,8779742665,0,0,364
4387,0,8781745542,8781745141,0,0,401
4388,0,8783748007,8783747604,0,0,402
4389,0,8785750330,8785749949,0,0,380
4390,0,8787752098,8787751716,0,0,382
4391,0,8789754953,8789754558,0,0,395
4392,0,8791756588,8791756233,0,0,354
4393,0,8793760714,8793760334,0,0,379
4394,0,8795761206,8795760815,0,0,390
4395,0,8797763557,8797763146,0,0,410
4396,0,8799765586,8799765189,0,0,397
4397,0,8801769310,8801768908,0,0,401
4398,0,8803769934,8803769557,0,0,377
4399,0,8805772361,8805771943,0,0,417
4400,0,8807774370,8807773995,0,0,375
4401,0,8809777280,8809776874,0,0,406
4402,0,8811779042,8811778669,0,0,373
4403,0,8813780959,8813780552,0,0,406
4404,0,8815783123,8815782730,0,0,392
4405,0,8817785397,8817784986,0,0,411
4406,0,8819787840,8819787415,0,0,424
4407,0,8821790380,8821789966,0,0,413
4408,0,8823791963,8823791607,0,0,355
4409,0,8825794395,8825794005,0,0,389
4410,0,8827797020,8827796648,0,0,372
4411,0,8829799217,8829798813,0,0,404
4412,0,8831800871,8831800465,0,0,405
4413,0,8833803161,8833802784,0,0,376
4414,0,8835806013,8835805596,0,0,417
4415,0,8837807860,8837807453,0,0,406
4416,0,8839811188,8839810802,0,0,386
4417,0,8841813510,8841813130,0,0,379
4418,0,8843815737,8843815355,0,0,382
4419,0,8845817657,8845817261,0,0,395
4420,0,8847819899,8847819503,0,0,395
4421,0,8849821330,8849820923,0,0,406
4422,0,8851823319,8851822930,0,0,388
4423,0,8853825992,8853825606,0,0,386
4424,0,8855827738,8855827341,0,0,396
4425,0,8857830171,8857829776,0,0,395
4426,0,8859832584,8859832204,0,0,379
4427,0,8861834460,8861834054,0,0,406
4428,0,8863836615,8863836205,0,0,410
4429,0,8865838795,8865838412,0,0,383
4430,0,8867841160,8867840779,0,0,381
4431,0,8869843127,8869842728,0,0,399
4432,0,8871845732,8871845361,0,0,370
4433,0,8873848003,8873847615,0,0,387
4434,0,8875851080,8875850696,0,0,384
4435,0,8877852591,8877852176,0,0,414
4436,0,8879854546,8879854146,0,0,399
4437,0,8881856912,8881856492,0,0,419
4438,0,8883858806,8883858417,0,0,388
4439,0,8885861038,8885860617,0,0,420
4440,0,8887863497,8887863127,0,0,370
4441,0,8889865558,8889865187,0,0,370
4442,0,8891868024,8891867668,0,0,356
4443,0,8893871220,8893870853,0,0,366
4444,0,8895873292,8895872899,0,0,393
4445,0,8897875358,8897874950,0,0,407
4446,0,8899876946,8899876552,0,0,393
4447,0,8901878992,8901878584,0,0,407
4448,0,8903881193,8903880788,0,0,404
4449,0,8905883458,8905883064,0,0,394
4450,0,8907886039,8907885653,0,0,385
4451,0,8909888467,8909888044,0,0,422
4452,0,8911891200,8911890807,0,0,393
4453,0,8913892150,8913891757,0,0,392
4454,0,8915894444,8915894038,0,0,406
4455,0,8917897231,8917896821,0,0,409
4456,0,8919898867,8919898470,0,0,396
4457,0,8921901284,8921900878,0,0,405
4458,0,8923903662,8923903276,0,0,386
4459,0,8925905923,8925905512,0,0,411
4460,0,8927908251,8927907872,0,0,379
4461,0,8929910131,8929909724,0,0,406
4462,0,8931912600,8931912204,0,0,395
4463,0,8933914872,8933914471,0,0,401
4464,0,8935916730,8935916348,0,0,382
4465,0,8937919294,8937918889,0,0,404
4466,0,8939921559,8939921184,0,0,375
4467,0,8941923785,8941923368,0,0,417
4468,0,8943925512,8943925112,0,0,400
4469,0,8945928015,8945927619,0,0,395
4470,0,8947930222,8947929816,0,0,405
4471,0,8949932406,8949931994,0,0,412
4472,0,8951934283,8951933909,0,0,373
4473,0,8953937404,8953937020,0,0,383
4474,0,8955939170,8955938805,0,0,365
4475,0,8957941755,8957941359,0,0,396
4476,0,8959943928,8959943519,0,0,408
4477,0,8961945421,8961945024,0,0,396
4478,0,8963947786,8963947395,0,0,391
4479,0,8965950300,8965949886,0,0,413
4480,0,8967952337,8967951968,0,0,369
4481,0,8969954421,8969954037,0,0,384
4482,0,8971956986,8971956620,0,0,366
4483,0,8973959211,8973958806,0,0,404
4484,0,8975961050,8975960668,0,0,382
4485,0,8977963188,8977962792,0,0,396
4486,0,8979964991,8979964618,0,0,373
4487,0,8981968390,8981967997,0,0,392
4488,0,8983971411,8983971062,0,0,348
4489,0,8985974237,8985973876,0,0,360
4490,0,8987974575,8987974204,0,0,370
4491,0,8989977492,8989977096,0,0,395
4492,0,8991979240,8991978865,0,0,375
4493,0,8993982889,8993982496,0,0,393
4494,0,8995983443,8995983089,0,0,354
4495,0,8997985776,8997985405,0,0,370
4496,0,8999989035,8999988690,0,0,345
4497,0,9001991200,9001990820,0,0,379
4498,0,9003992700,9003992369,0,0,330
4499,0,9005994856,9005994476,0,0,379
4500,0,9007996959,9007996578,0,0,381
4501,0,9009999278,9009998878,0,0,400
4502,0,9012001185,9012000787,0,0,397
4503,0,9014003471,9014003085,0,0,386
4504,0,9016005530,9016005146,0,0,384
4505,0,9018008259,9018007875,0,0,384
4506,0,9020010229,9020009849,0,0,379
4507,0,9022013071,9022012680,0,0,391
4508,0,9024014058,9024013654,0,0,404
4509,0,9026016857,9026016444,0,0,412
4510,0,9028019551,9028019140,0,0,411
4511,0,9030022013,9030021566,0,0,447
4512,0,9032023795,9032023403,0,0,391
4513,0,9034025983,9034025588,0,0,395
4514,0,9036027617,9036027250,0,0,366
4515,0,9038029979,9038029599,0,0,380
4516,0,9040032105,9040031712,0,0,393
4517,0,9042034386,9042033985,0,0,401
4518,0,9044035728,9044035332,0,0,395
4519,0,9046038698,9046038327,0,0,370
4520,0,9048040186,9048039803,0,0,382
4521,0,9050043256,9050042840,0,0,416
4522,0,9052045391,9052045004,0,0,386
4523,0,9054047133,9054046739,0,0,394
4524,0,9056050510,9056050100,0,0,409
4525,0,9058053548,9058053139,0,0,408
4526,0,9060054748,9060054332,0,0,415
4527,0,9062057304,9062056912,0,0,392
4528,0,9064059155,9064058763,0,0,391
4529,0,9066061089,9066060667,0,0,421
4530,0,9068063503,9068063143,0,0,360
4531,0,9070065305,9070064892,0,0,413
4532,0,9072067269,9072066870,0,0,398
4533,0,9074070128,9074069719,0,0,408
4534,0,9076072406,9076072000,0,0,406
4535,0,9078074907,9078074505,0,0,402
4536,0,9080076579,9080076224,0,0,355
4537,0,9082078307,9082077903,0,0,404
4538,0,9084081420,9084081037,0,0,382
4539,0,9086084215,9086083782,0,0,433
4540,0,9088085436,9088085034,0,0,402
4541,0,9090086926,9090086505,0,0,420
4542,0,9092090562,9092090161,0,0,400
4543,0,9094094927,9094094522,0,0,404
4544,0,9096094899,9096094521,0,0,378
4545,0,9098097052,9098096647,0,0,405
4546,0,9100099332,9100098949,0,0,382
4547,0,9102102425,9102102030,0,0,395
4548,0,9104104352,9104103945,0,0,407
4549,0,9106105923,9106105523,0,0,399
4550,0,9108108090,9108107696,0,0,394
4551,0,9110111025,9110110624,0,0,401
4552,0,9112113494,9112113119,0,0,375
4553,0,9114114703,9114114300,0,0,403
4554,0,9116116907,9116116514,0,0,393
4555,0,9118119256,9118118839,0,0,416
4556,0,9120121208,9120120815,0,0,393
4557,0,9122123423,9122123022,0,0,400
4558,0,9124125780,9124125379,0,0,401
4559,0,9126127954,9126127541,0,0,413
4560,0,9128130011,9128129649,0,0,361
4561,0,9130132637,9130132238,0,0,399
4562,0,9132134794,9132134418,0,0,375
4563,0,9134136778,9134136397,0,0,380
4564,0,9136139348,9136138948,0,0,399
4565,0,9138141341,9138140943,0,0,397
4566,0,9140143366,9140142969,0,0,397
4567,0,9142146654,9142146275,0,0,379
4568,0,9144149293,9144148878,0,0,415
4569,0,9146150150,9146149750,0,0,399
4570,0,9148152462,9148152089,0,0,373
4571,0,9150154922,9150154530,0,0,392
4572,0,9152157545,9152157148,0,0,396
4573,0,9154158976,9154158579,0,0,396
4574,0,9156161791,9156161406,0,0,384
4575,0,9158164005,9158163611,0,0,394
4576,0,9160166259,9160165876,0,0,382
4577,0,9162168535,9162168159,0,0,376
4578,0,9164170177,9164169795,0,0,382
4579,0,9166173054,9166172681,0,0,373
4580,0,9168176067,9168175668,0,0,399
4581,0,9170177240,9170176835,0,0,404
4582,0,9172179037,9172178638,0,0,399
4583,0,9174181146,9174180732,0,0,414
4584,0,9176182496,9176182119,0,0,377
4585,0,9178185863,9178185468,0,0,395
4586,0,9180187022,9180186611,0,0,411
4587,0,9182190513,9182190097,0,0,415
4588,0,9184192669,9184192254,0,0,414
4589,0,9186195156,9186194763,0,0,393
4590,0,9188196772,9188196377,0,0,395
4591,0,9190199097,9190198701,0,0,395
4592,0,9192201829,9192201427,0,0,401
4593,0,9194205036,9194204640,0,0,396
4594,0,9196206056,9196205681,0,0,375
4595,0,9198207976,9198207588,0,0,387
4596,0,9200210765,9200210355,0,0,410
4597,0,9202212667,9202212273,0,0,393
4598,0,9204215624,9204215222,0,0,401
4599,0,9206216518,9206216088,0,0,429
4600,0,9208218321,9208217935,0,0,385
4601,0,9210221502,9210221089,0,0,413
4602,0,9212224481,9212224081,0,0,400
4603,0,9214226714,9214226334,0,0,380
4604,0,9216228256,9216227847,0,0,408
4605,0,9218230270,9218229855,0,0,415
4606,0,9220232504,9220232098,0,0,406
4607,0,9222234235,9222233839,0,0,395
4608,0,9224235994,9224235595,0,0,399
4609,0,9226239570,9226239182,0,0,388
4610,0,9228241179,9228240781,0,0,397
4611,0,9230242831,9230242413,0,0,417
4612,0,9232246258,9232245851,0,0,406
4613,0,9234248319,9234247885,0,0,433
4614,0,9236250738,9236250346,0,0,392
4615,0,9238252809,9238252392,0,0,417
4616,0,9240255784,9240255402,0,0,382
4617,0,9242257143,9242256750,0,0,392
4618,0,9244259090,9244258708,0,0,382
4619,0,9246261267,9246260894,0,0,373
4620,0,9248263270,9248262881,0,0,388
4621,0,9250265125,9250264736,0,0,388
4622,0,9252268000,9252267614,0,0,385
4623,0,9254270676,9254270280,0,0,395
4624,0,9256273339,9256272973,0,0,365
4625,0,9258276281,9258275925,0,0,356
4626,0,9260277683,9260277300,0,0,382
4627,0,9262279777,9262279394,0,0,383
4628,0,9264281817,9264281431,0,0,386
4629,0,9266283352,9266282963,0,0,388
4630,0,9268284770,9268284394,0,0,375
4631,0,9270288510,9270288115,0,0,394
4632,0,9272290406,9272290033,0,0,372
4633,0,9274292407,9274292020,0,0,386
4634,0,9276294777,9276294413,0,0,363
4635,0,9278297880,9278297470,0,0,410
4636,0,9280300122,9280299737,0,0,385
4637,0,9282302213,9282301869,0,0,344
4638,0,9284302988,9284302606,0,0,382
4639,0,9286305673,9286305290,0,0,382
4640,0,9288307303,9288306890,0,0,413
4641,0,9290311165,9290310750,0,0,415
4642,0,9292312598,9292312207,0,0,391
4643,0,9294316606,9294316216,0,0,390
4644,0,9296317508,9296317129,0,0,379
4645,0,9298319775,9298319369,0,0,406
4646,0,9300321676,9300321265,0,0,410
4647,0,9302323174,9302322777,0,0,396
4648,0,9304324988,9304324601,0,0,387
4649,0,9306328438,9306328042,0,0,396
4650,0,9308330231,9308329828,0,0,403
4651,0,9310332835,9310332440,0,0,394
4652,0,9312334939,9312334541,0,0,397
4653,0,9314338285,9314337872,0,0,413
4654,0,9316339357,9316338957,0,0,400
4655,0,9318341561,9318341174,0,0,387
4656,0,9320343914,9320343511,0,0,403
4657,0,9322345743,9322345350,0,0,393
4658,0,9324347150,9324346793,0,0,357
4659,0,9326350364,9326349973,0,0,391
4660,0,9328352771,9328352379,0,0,392
4661,0,9330354928,9330354541,0,0,387
4662,0,9332357280,9332356887,0,0,393
4663,0,9334359521,9334359136,0,0,385
4664,0,9336361515,9336361141,0,0,373
4665,0,9338363885,9338363509,0,0,376
4666,0,9340366000,9340365620,0,0,379
4667,0,9342368272,9342367887,0,0,384
4668,0,9344371263,9344370879,0,0,384
4669,0,9346373816,9346373420,0,0,396
4670,0,9348375344,9348374948,0,0,395
4671,0,9350378213,9350377813,0,0,399
4672,0,9352379558,9352379175,0,0,383
4673,0,9354382089,9354381712,0,0,377
4674,0,9356383773,9356383394,0,0,379
4675,0,9358386473,9358386091,0,0,382
4676,0,9360388902,9360388519,0,0,382
4677,0,9362390777,9362390366,0,0,411
4678,0,9364392740,9364392357,0,0,382
4679,0,9366394728,9366394315,0,0,412
4680,0,9368397085,9368396730,0,0,354
4681,0,9370399590,9370399204,0,0,385
4682,0,9372401547,9372401176,0,0,370
4683,0,9374403796,9374403406,0,0,389
4684,0,9376406098,9376405693,0,0,405
4685,0,9378408530,9378408151,0,0,379
4686,0,9380410450,9380410037,0,0,413
4687,0,9382412748,9382412335,0,0,412
4688,0,9384414822,9384414451,0,0,370
4689,0,9386418504,9386418092,0,0,412
4690,0,9388419361,9388418978,0,0,382
4691,0,9390421705,9390421312,0,0,393
4692,0,9392424056,9392423667,0,0,388
4693,0,9394427587,9394427180,0,0,406
4694,0,9396428202,9396427791,0,0,411
4695,0,9398430368,9398429955,0,0,413
4696,0,9400432686,9400432293,0,0,393
4697,0,9402435245,9402434832,0,0,413
4698,0,9404437012,9404436607,0,0,404
4699,0,9406439519,9406439110,0,0,409
4700,0,9408442638,9408442240,0,0,397
4701,0,9410445737,9410445323,0,0,413
4702,0,9412447433,9412447029,0,0,403
4703,0,9414448361,9414447986,0,0,375
4704,0,9416450739,9416450331,0,0,407
4705,0,9418452821,9418452438,0,0,382
4706,0,9420455065,9420454690,0,0,375
4707,0,9422459168,9422458761,0,0,407
4708,0,9424460739,9424460368,0,0,370
4709,0,9426461358,9426460961,0,0,397
4710,0,9428462808,9428462402,0,0,405
4711,0,9430466411,9430466038,0,0,373
4712,0,9432468053,9432467669,0,0,384
4713,0,9434470280,9434469858,0,0,422
4714,0,9436471595,9436471202,0,0,393
4715,0,9438474734,9438474339,0,0,395
4716,0,9440476585,9440476207,0,0,377
4717,0,9442479123,9442478714,0,0,408
4718,0,9444480622,9444480223,0,0,398
4719,0,9446484101,9446483717,0,0,383
4720,0,9448486125,9448485731,0,0,394
4721,0,9450488506,9450488091,0,0,415
4722,0,9452490699,9452490295,0,0,404
4723,0,9454492696,9454492289,0,0,407
4724,0,9456494693,9456494312,0,0,380
4725,0,9458497696,9458497280,0,0,415
4726,0,9460500546,9460500157,0,0,388
4727,0,9462501757,9462501355,0,0,402
4728,0,9464503971,9464503575,0,0,396
4729,0,9466506416,9466505997,0,0,419
4730,0,9468508928,9468508557,0,0,371
4731,0,9470510217,9470509811,0,0,406
4732,0,9472511604,9472511247,0,0,356
4733,0,9474514748,9474514340,0,0,407
4734,0,9476516236,9476515842,0,0,394
4735,0,9478519399,9478519064,0,0,334
4736,0,9480521602,9480521232,0,0,370
4737,0,9482523476,9482523087,0,0,388
4738,0,9484525103,9484524737,0,0,365
4739,0,9486529440,9486529042,0,0,397
4740,0,9488531722,9488531339,0,0,382
4741,0,9490532712,9490532301,0,0,411
4742,0,9492535259,9492534871,0,0,387
4743,0,9494538755,9494538359,0,0,395
4744,0,9496540400,9496540011,0,0,389
4745,0,9498541629,9498541216,0,0,413
4746,0,9500543785,9500543373,0,0,412
4747,0,9502545750,9502545341,0,0,408
4748,0,9504547388,9504546983,0,0,405
4749,0,9506550740,9506550332,0,0,408
4750,0,9508552651,9508552237,0,0,414
4751,0,9510554817,9510554411,0,0,406
4752,0,9512557128,9512556758,0,0,370
4753,0,9514560871,9514560482,0,0,389
4754,0,9516562042,9516561665,0,0,376
4755,0,9518564220,9518563833,0,0,386
4756,0,9520566397,9520566022,0,0,375
4757,0,9522568301,9522567904,0,0,397
4758,0,9524570923,9524570541,0,0,381
4759,0,9526572815,9526572429,0,0,385
4760,0,9528575131,9528574750,0,0,381
4761,0,9530577566,9530577168,0,0,397
4762,0,9532580223,9532579840,0,0,382
4763,0,9534581825,9534581430,0,0,395
4764,0,9536584192,9536583826,0,0,365
4765,0,9538586577,9538586194,0,0,382
4766,0,9540588842,9540588444,0,0,398
4767,0,9542590214,9542589838,0,0,376
4768,0,9544592312,9544591919,0,0,393
4769,0,9546594957,9546594564,0,0,393
4770,0,9548597387,9548597009,0,0,377
4771,0,9550599895,9550599489,0,0,406
4772,0,9552601991,9552601625,0,0,365
4773,0,9554604406,9554603990,0,0,416
4774,0,9556606008,9556605599,0,0,409
4775,0,9558608462,9558608063,0,0,399
4776,0,9560610287,9560609876,0,0,410
4777,0,9562612324,9562611916,0,0,407
4778,0,9564614697,9564614278,0,0,418
4779,0,9566616391,9566615994,0,0,397
4780,0,9568619477,9568619101,0,0,376
4781,0,9570622676,9570622267,0,0,409
4782,0,9572623752,9572623349,0,0,403
4783,0,9574625941,9574625566,0,0,374
4784,0,9576627856,9576627476,0,0,379
4785,0,9578630832,9578630440,0,0,392
4786,0,9580633626,9580633229,0,0,396
4787,0,9582635746,9582635353,0,0,393
4788,0,9584636600,9584636202,0,0,398
4789,0,9586639757,9586639357,0,0,400
4790,0,9588641632,9588641231,0,0,400
4791,0,9590644017,9590643620,0,0,396
4792,0,9592646145,9592645773,0,0,371
4793,0,9594650376,9594649995,0,0,380
4794,0,9596650808,9596650405,0,0,403
4795,0,9598653253,9598652853,0,0,400
4796,0,9600654995,9600654603,0,0,392
4797,0,9602657200,9602656813,0,0,387
4798,0,9604659506,9604659100,0,0,406
4799,0,9606663045,9606662662,0,0,382
4800,0,9608664114,9608663750,0,0,363
4801,0,9610666464,9610666082,0,0,382
4802,0,9612668909,9612668543,0,0,366
4803,0,9614671838,9614671445,0,0,393
4804,0,9616674239,9616673887,0,0,351
4805,0,9618675450,9618675067,0,0,382
4806,0,9620677601,9620677230,0,0,370
4807,0,9622679071,9622678692,0,0,379
4808,0,9624680698,9624680342,0,0,355
4809,0,9626684511,9626684115,0,0,395
4810,0,9628686579,9628686189,0,0,390
4811,0,9630689397,9630689004,0,0,393
4812,0,9632691442,9632691085,0,0,357
4813,0,9634692916,9634692513,0,0,403
4814,0,9636695105,9636694701,0,0,404
4815,0,9638698063,9638697678,0,0,385
4816,0,9640699512,9640699117,0,0,395
4817,0,9642702995,9642702618,0,0,377
4818,0,9644704231,9644703829,0,0,402
4819,0,9646706757,9646706357,0,0,399
4820,0,9648708840,9648708441,0,0,399
4821,0,9650711029,9650710618,0,0,410
4822,0,9652712835,9652712462,0,0,373
4823,0,9654715492,9654715097,0,0,395
4824,0,9656718223,9656717820,0,0,403
4825,0,9658721166,9658720769,0,0,396
4826,0,9660722105,9660721707,0,0,397
4827,0,9662724119,9662723728,0,0,391
4828,0,9664726461,9664726096,0,0,365
4829,0,9666728648,9666728249,0,0,399
4830,0,9668731685,9668731289,0,0,395
4831,0,9670734249,9670733860,0,0,388
4832,0,9672735257,9672734878,0,0,379
4833,0,9674737354,9674736963,0,0,391
4834,0,9676739658,9676739299,0,0,359
4835,0,9678743717,9678743329,0,0,388
4836,0,9680745238,9680744858,0,0,379
4837,0,9682746667,9682746266,0,0,400
4838,0,9684748337,9684747945,0,0,392
4839,0,9686751446,9686751064,0,0,382
4840,0,9688753247,9688752880,0,0,367
4841,0,9690755579,9690755186,0,0,393
4842,0,9692757449,9692757063,0,0,385
4843,0,9694761620,9694761234,0,0,385
4844,0,9696761867,9696761514,0,0,352
4845,0,9698763864,9698763465,0,0,399
4846,0,9700765434,9700765067,0,0,367
4847,0,9702768513,9702768122,0,0,391
4848,0,9704770786,9704770401,0,0,384
4849,0,9706772729,9706772350,0,0,379
4850,0,9708774231,9708773870,0,0,360
4851,0,9710777458,9710777059,0,0,398
4852,0,9712779771,9712779402,0,0,368
4853,0,9714783432,9714783031,0,0,400
4854,0,9716783957,9716783584,0,0,373
4855,0,9718786046,9718785660,0,0,386
4856,0,9720787907,9720787540,0,0,367
4857,0,9722791047,9722790653,0,0,393
4858,0,9724793770,9724793420,0,0,350
4859,0,9726796342,9726795971,0,0,370
4860,0,9728797485,9728797122,0,0,362
4861,0,9730799539,9730799164,0,0,375
4862,0,9732802378,9732801999,0,0,379
4863,0,9734803743,9734803373,0,0,370
4864,0,9736806048,9736805704,0,0,343
4865,0,9738809820,9738809412,0,0,408
4866,0,9740810402,9740810020,0,0,382
4867,0,9742812611,9742812230,0,0,380
4868,0,9744815473,9744815090,0,0,382
4869,0,9746817402,9746817005,0,0,397
4870,0,9748819650,9748819279,0,0,370
4871,0,9750822469,9750822090,0,0,379
4872,0,9752824921,9752824561,0,0,360
4873,0,9754826233,9754825862,0,0,370
4874,0,9756828537,9756828152,0,0,384
4875,0,9758830558,9758830186,0,0,372
4876,0,9760832055,9760831844,0,0,211
4877,0,9762835380,9762834981,0,0,399
4878,0,9764837488,9764837098,0,0,389
4879,0,9766839307,9766838926,0,0,380
4880,0,9768842100,9768841744,0,0,355
4881,0,9770844950,9770844570,0,0,379
4882,0,9772845649,9772845278,0,0,370
4883,0,9774848830,9774848437,0,0,393
4884,0,9776850844,9776850498,0,0,345
4885,0,9778852702,9778852323,0,0,378
4886,0,9780854170,9780853782,0,0,388
4887,0,9782857575,9782857191,0,0,384
4888,0,9784859599,9784859224,0,0,375
4889,0,9786861770,9786861387,0,0,382
4890,0,9788864200,9788863834,0,0,365
4891,0,9790866965,9790866582,0,0,383
4892,0,9792868730,9792868377,0,0,352
4893,0,9794872555,9794872173,0,0,382
4894,0,9796873186,9796872802,0,0,384
4895,0,9798875336,9798874956,0,0,379
4896,0,9800877464,9800877083,0,0,380
4897,0,9802880084,9802879691,0,0,393
4898,0,9804883059,9804882680,0,0,379
4899,0,9806884323,9806883894,0,0,429
4900,0,9808886750,9808886347,0,0,402
4901,0,9810888541,9810888139,0,0,401
4902,0,9812890892,9812890476,0,0,415
4903,0,9814893126,9814892729,0,0,397
4904,0,9816895725,9816895326,0,0,399
4905,0,9818897478,9818897089,0,0,388
4906,0,9820899576,9820899173,0,0,403
4907,0,9822902135,9822901730,0,0,404
4908,0,9824904749,9824904373,0,0,375
4909,0,9826905442,9826905059,0,0,382
4910,0,9828908549,9828908159,0,0,389
4911,0,9830911074,9830910689,0,0,384
4912,0,9832913435,9832913048,0,0,387
4913,0,9834915411,9834915015,0,0,395
4914,0,9836917784,9836917396,0,0,388
4915,0,9838919724,9838919323,0,0,400
4916,0,9840921784,9840921373,0,0,411
4917,0,9842924469,9842924076,0,0,393
4918,0,9844926417,9844926004,0,0,413
4919,0,9846928383,9846927968,0,0,415
4920,0,9848929876,9848929495,0,0,381
4921,0,9850933587,9850933178,0,0,408
4922,0,9852935768,9852935351,0,0,416
4923,0,9854937386,9854936974,0,0,412
4924,0,9856938641,9856938217,0,0,423
4925,0,9858942575,9858942118,0,0,456
4926,0,9860944829,9860944412,0,0,416
4927,0,9862947451,9862947034,0,0,416
4928,0,9864949296,9864948915,0,0,380
4929,0,9866951165,9866950764,0,0,400
4930,0,9868953267,9868952882,0,0,385
4931,0,9870956502,9870956085,0,0,416
4932,0,9872958997,9872958616,0,0,380
4933,0,9874960037,9874959646,0,0,391
4934,0,9876962044,9876961628,0,0,415
4935,0,9878964415,9878964022,0,0,393
4936,0,9880966885,9880966474,0,0,411
4937,0,9882968442,9882968043,0,0,399
4938,0,9884969892,9884969494,0,0,397
4939,0,9886973141,9886972747,0,0,394
4940,0,9888975336,9888974961,0,0,375
4941,0,9890977548,9890977153,0,0,395
4942,0,9892979882,9892979492,0,0,389
4943,0,9894983173,9894982793,0,0,379
4944,0,9896984429,9896984072,0,0,357
4945,0,9898987642,9898987260,0,0,382
4946,0,9900988890,9900988510,0,0,380
4947,0,9902991184,9902990792,0,0,391
4948,0,9904993268,9904992889,0,0,379
4949,0,9906995464,9906995075,0,0,388
4950,0,9908997628,9908997222,0,0,406
4951,0,9911000244,9910999831,0,0,412
4952,0,9913002127,9913001754,0,0,373
4953,0,9915004180,9915003801,0,0,379
4954,0,9917006427,9917006064,0,0,363
4955,0,9919009330,9919008930,0,0,399
4956,0,9921011519,9921011144,0,0,375
4957,0,9923013346,9923012973,0,0,373
4958,0,9925016227,9925015815,0,0,411
4959,0,9927018449,9927018051,0,0,397
4960,0,9929019965,9929019564,0,0,400
4961,0,9931022037,9931021625,0,0,411
4962,0,9933024352,9933024000,0,0,352
4963,0,9935028819,9935028438,0,0,380
4964,0,9937030170,9937029775,0,0,395
4965,0,9939030660,9939030278,0,0,382
4966,0,9941031968,9941031575,0,0,393
4967,0,9943034865,9943034449,0,0,415
4968,0,9945037584,9945037218,0,0,365
4969,0,9947039822,9947039418,0,0,404
4970,0,9949042169,9949041764,0,0,405
4971,0,9951044276,9951043877,0,0,399
4972,0,9953046545,9953046175,0,0,370
4973,0,9955048613,9955048216,0,0,396
4974,0,9957049844,9957049456,0,0,387
4975,0,9959052782,9959052397,0,0,384
4976,0,9961054943,9961054560,0,0,382
4977,0,9963057991,9963057614,0,0,377
4978,0,9965059983,9965059614,0,0,368
4979,0,9967061968,9967061569,0,0,399
4980,0,9969064383,9969063998,0,0,384
4981,0,9971067737,9971067337,0,0,400
4982,0,9973069180,9973068815,0,0,365
4983,0,9975070927,9975070553,0,0,373
4984,0,9977073507,9977073141,0,0,365
4985,0,9979075555,9979075184,0,0,370
4986,0,9981078513,9981078140,0,0,373
4987,0,9983080938,9983080557,0,0,381
4988,0,9985082382,9985082008,0,0,373
4989,0,9987084578,9987084182,0,0,395
4990,0,9989086908,9989086539,0,0,369
4991,0,9991089108,9991088725,0,0,382
4992,0,9993091346,9993090990,0,0,356
4993,0,9995094751,9995094380,0,0,370
4994,0,9997095632,9997095258,0,0,373
4995,0,9999097845,9999097469,0,0,375
4996,0,10001100362,10001099979,0,0,383
4997,0,10003102928,10003102558,0,0,369
4998,0,10005104571,10005104200,0,0,370
4999,0,10007108289,10007107924,0,0,364
5000,0,10009109199,10009108823,0,0,375
5001,0,10011111727,10011111353,0,0,373
5002,0,10013113668,10013113303,0,0,365
5003,0,10015116290,10015115900,0,0,390
5004,0,10017117904,10017117527,0,0,377
5005,0,10019120742,10019120374,0,0,368
5006,0,10021122332,10021121956,0,0,375
5007,0,10023124562,10023124178,0,0,384
5008,0,10025127793,10025127424,0,0,368
5009,0,10027130587,10027130214,0,0,373
5010,0,10029131511,10029131141,0,0,370
5011,0,10031133958,10031133571,0,0,386
5012,0,10033135880,10033135509,0,0,371
5013,0,10035137774,10035137388,0,0,385
5014,0,10037139908,10037139516,0,0,392
5015,0,10039142617,10039142213,0,0,404
5016,0,10041144687,10041144302,0,0,385
5017,0,10043146869,10043146478,0,0,391
5018,0,10045150360,10045150015,0,0,344
5019,0,10047151701,10047151310,0,0,391
5020,0,10049153460,10049153098,0,0,362
5021,0,10051156012,10051155626,0,0,385
5022,0,10053158594,10053158198,0,0,395
5023,0,10055161165,10055160779,0,0,385
5024,0,10057162401,10057162015,0,0,386
5025,0,10059165105,10059164696,0,0,408
5026,0,10061166800,10061166400,0,0,400
5027,0,10063168701,10063168300,0,0,400
5028,0,10065170334,10065169938,0,0,396
5029,0,10067173008,10067172608,0,0,400
5030,0,10069174473,10069174076,0,0,397
5031,0,10071177818,10071177412,0,0,406
5032,0,10073180094,10073179710,0,0,384
5033,0,10075182590,10075182197,0,0,393
5034,0,10077184613,10077184207,0,0,406
5035,0,10079186916,10079186511,0,0,404
5036,0,10081189716,10081189321,0,0,395
5037,0,10083190925,10083190534,0,0,390
5038,0,10085192103,10085191696,0,0,407
5039,0,10087194388,10087193994,0,0,393
5040,0,10089197042,10089196657,0,0,384
5041,0,10091200011,10091199583,0,0,427
5042,0,10093202605,10093202211,0,0,393
5043,0,10095206446,10095206022,0,0,423
5044,0,10097206460,10097206055,0,0,404
5045,0,10099208194,10099207767,0,0,426
5046,0,10101211161,10101210742,0,0,418
5047,0,10103213000,10103212584,0,0,416
5048,0,10105214638,10105214262,0,0,376
5049,0,10107218468,10107218071,0,0,396
5050,0,10109220492,10109220083,0,0,408
5051,0,10111222469,10111222066,0,0,403
5052,0,10113224555,10113224182,0,0,373
5053,0,10115226761,10115226379,0,0,382
5054,0,10117230495,10117230107,0,0,388
5055,0,10119231029,10119230622,0,0,407
5056,0,10121233700,10121233304,0,0,395
5057,0,10123236757,10123236344,0,0,412
5058,0,10125238436,10125238062,0,0,374
5059,0,10127239858,10127239471,0,0,386
5060,0,10129242272,10129241901,0,0,370
5061,0,10131244687,10131244297,0,0,390
5062,0,10133246759,10133246366,0,0,393
5063,0,10135248930,10135248548,0,0,381
5064,0,10137251023,10137250633,0,0,390
5065,0,10139253703,10139253318,0,0,384
5066,0,10141255798,10141255382,0,0,416
5067,0,10143258069,10143257633,0,0,436
5068,0,10145260008,10145259629,0,0,379
5069,0,10147262536,10147262122,0,0,413
5070,0,10149264574,10149264164,0,0,410
5071,0,10151267401,10151266975,0,0,426
5072,0,10153269483,10153269112,0,0,371
5073,0,10155272482,10155272103,0,0,379
5074,0,10157274269,10157273897,0,0,371
5075,0,10159276834,10159276417,0,0,417
5076,0,10161277834,10161277467,0,0,366
5077,0,10163280197,10163279799,0,0,398
5078,0,10165282894,10165282508,0,0,386
5079,0,10167284954,10167284534,0,0,419
5080,0,10169286844,10169286468,0,0,375
5081,0,10171289718,10171289314,0,0,403
5082,0,10173291680,10173291304,0,0,375
5083,0,10175293901,10175293490,0,0,411
5084,0,10177295600,10177295234,0,0,366
5085,0,10179298017,10179297602,0,0,415
5086,0,10181300965,10181300559,0,0,406
5087,0,10183303209,10183302807,0,0,402
5088,0,10185305211,10185304817,0,0,393
5089,0,10187307067,10187306689,0,0,377
5090,0,10189309236,10189308879,0,0,357
5091,0,10191312913,10191312528,0,0,384
5092,0,10193313728,10193313364,0,0,364
5093,0,10195317573,10195317161,0,0,411
5094,0,10197318195,10197317797,0,0,397
5095,0,10199320425,10199320060,0,0,364
5096,0,10201322696,10201322333,0,0,362
5097,0,10203324547,10203324172,0,0,375
5098,0,10205327062,10205326681,0,0,380
5099,0,10207329436,10207329035,0,0,400
5100,0,10209331288,10209330905,0,0,383
5101,0,10211334114,10211333719,0,0,395
5102,0,10213335620,10213335220,0,0,399
5103,0,10215337728,10215337367,0,0,360
5104,0,10217339185,10217338819,0,0,366
5105,0,10219342172,10219341805,0,0,366
5106,0,10221343766,10221343395,0,0,371
5107,0,10223346860,10223346474,0,0,386
5108,0,10225348901,10225348516,0,0,384
5109,0,10227351523,10227351148,0,0,375
5110,0,10229353719,10229353313,0,0,405
5111,0,10231355547,10231355159,0,0,388
5112,0,10233358432,10233358056,0,0,376
5113,0,10235360126,10235359740,0,0,386
5114,0,10237363673,10237363290,0,0,382
5115,0,10239365745,10239365319,0,0,426
5116,0,10241367214,10241366817,0,0,396
5117,0,10243369178,10243368787,0,0,391
5118,0,10245371795,10245371406,0,0,388
5119,0,10247373595,10247373205,0,0,389
5120,0,10249376175,10249375815,0,0,360
5121,0,10251378094,10251377692,0,0,402
5122,0,10253380820,10253380454,0,0,366
5123,0,10255382943,10255382568,0,0,375
5124,0,10257385131,10257384759,0,0,371
5125,0,10259387142,10259386779,0,0,363
5126,0,10261388870,10261388474,0,0,396
5127,0,10263391121,10263390752,0,0,369
5128,0,10265392800,10265392453,0,0,346
5129,0,10267395968,10267395588,0,0,379
5130,0,10269397856,10269397483,0,0,372
5131,0,10271400252,10271399901,0,0,350
5132,0,10273402828,10273402473,0,0,355
5133,0,10275404623,10275404240,0,0,383
5134,0,10277406941,10277406566,0,0,375
5135,0,10279408707,10279408339,0,0,368
5136,0,10281411584,10281411208,0,0,376
5137,0,10283414400,10283414024,0,0,376
5138,0,10285415179,10285414820,0,0,359
5139,0,10287418159,10287417787,0,0,372
5140,0,10289420646,10289420259,0,0,386
5141,0,10291422694,10291422323,0,0,370
5142,0,10293424961,10293424583,0,0,377
5143,0,10295428424,10295428053,0,0,370
5144,0,10297429194,10297428828,0,0,366
5145,0,10299432803,10299432431,0,0,372
5146,0,10301433901,10301433534,0,0,366
5147,0,10303435898,10303435521,0,0,377
5148,0,10305437926,10305437569,0,0,357
5149,0,10307440445,10307440063,0,0,382
5150,0,10309443255,10309442867,0,0,388
5151,0,10311445656,10311445287,0,0,368
5152,0,10313447152,10313446742,0,0,409
5153,0,10315449004,10315448613,0,0,391
5154,0,10317451520,10317451149,0,0,370
5155,0,10319454183,10319453784,0,0,398
5156,0,10321456570,10321456209,0,0,361
5157,0,10323458783,10323458388,0,0,394
5158,0,10325460487,10325460114,0,0,372
5159,0,10327462490,10327462091,0,0,399
5160,0,10329465164,10329464790,0,0,374
5161,0,10331467367,10331466969,0,0,397
5162,0,10333469286,10333468887,0,0,399
5163,0,10335471518,10335471085,0,0,432
5164,0,10337474872,10337474476,0,0,395
5165,0,10339475867,10339475439,0,0,427
5166,0,10341478343,10341477932,0,0,411
5167,0,10343480936,10343480520,0,0,415
5168,0,10345482622,10345482244,0,0,377
5169,0,10347484853,10347484458,0,0,394
5170,0,10349487698,10349487377,0,0,320
5171,0,10351490620,10351490225,0,0,395
5172,0,10353491447,10353491053,0,0,393
5173,0,10355494071,10355493685,0,0,386
5174,0,10357496018,10357495622,0,0,396
5175,0,10359498202,10359497812,0,0,389
5176,0,10361500814,10361500417,0,0,396
5177,0,10363503364,10363502978,0,0,386
5178,0,10365504946,10365504591,0,0,355
5179,0,10367506768,10367506361,0,0,406
5180,0,10369508142,10369507784,0,0,357
5181,0,10371511759,10371511348,0,0,411
5182,0,10373515435,10373515041,0,0,393
5183,0,10375516694,10375516295,0,0,399
5184,0,10377518219,10377517848,0,0,370
5185,0,10379521006,10379520611,0,0,395
5186,0,10381522467,10381522091,0,0,376
5187,0,10383525741,10383525337,0,0,404
5188,0,10385528159,10385527777,0,0,382
5189,0,10387528976,10387528570,0,0,406
5190,0,10389530528,10389530116,0,0,411
5191,0,10391533853,10391533475,0,0,377
5192,0,10393536014,10393535621,0,0,393
5193,0,10395539587,10395539179,0,0,407
5194,0,10397540328,10397539946,0,0,382
5195,0,10399542856,10399542444,0,0,412
5196,0,10401544676,10401544324,0,0,352
5197,0,10403547146,10403546760,0,0,385
5198,0,10405549093,10405548695,0,0,397
5199,0,10407551247,10407550846,0,0,400
5200,0,10409554956,10409554578,0,0,377
5201,0,10411556597,10411556191,0,0,406
5202,0,10413558400,10413558013,0,0,386
5203,0,10415560166,10415559752,0,0,413
5204,0,10417561573,10417561166,0,0,407
5205,0,10419565359,10419564950,0,0,408
5206,0,10421566931,10421566527,0,0,404
5207,0,10423569341,10423568925,0,0,416
5208,0,10425571644,10425571235,0,0,409
5209,0,10427573949,10427573550,0,0,399
5210,0,10429575835,10429575446,0,0,388
5211,0,10431578298,10431577894,0,0,404
5212,0,10433580280,10433579849,0,0,430
5213,0,10435582879,10435582468,0,0,411
5214,0,10437585443,10437585033,0,0,409
5215,0,10439587229,10439586811,0,0,417
5216,0,10441589715,10441589353,0,0,361
5217,0,10443591826,10443591444,0,0,382
5218,0,10445595034,10445594679,0,0,355
5219,0,10447597003,10447596608,0,0,395
5220,0,10449599166,10449598800,0,0,366
5221,0,10451600912,10451600534,0,0,377
5222,0,10453602394,10453602004,0,0,389
5223,0,10455605112,10455604719,0,0,393
5224,0,10457607564,10457607174,0,0,390
5225,0,10459609510,10459609141,0,0,368
5226,0,10461611890,10461611512,0,0,378
5227,0,10463613849,10463613484,0,0,365
5228,0,10465615816,10465615443,0,0,373
5229,0,10467617909,10467617555,0,0,353
5230,0,10469619523,10469619141,0,0,382
5231,0,10471622714,10471622329,0,0,385
5232,0,10473624989,10473624588,0,0,401
5233,0,10475627804,10475627432,0,0,371
5234,0,10477629678,10477629309,0,0,369
5235,0,10479631825,10479631430,0,0,395
5236,0,10481633896,10481633502,0,0,393
5237,0,10483637204,10483636811,0,0,392
5238,0,10485638307,10485637918,0,0,389
5239,0,10487640573,10487640177,0,0,395
5240,0,10489642752,10489642388,0,0,364
5241,0,10491645375,10491644966,0,0,408
5242,0,10493647803,10493647442,0,0,360
5243,0,10495650577,10495650208,0,0,368
5244,0,10497651770,10497651389,0,0,380
5245,0,10499653692,10499653311,0,0,380
5246,0,10501656719,10501656349,0,0,369
5247,0,10503658955,10503658562,0,0,392
5248,0,10505659685,10505659334,0,0,350
5249,0,10507662590,10507662219,0,0,370
5250,0,10509664869,10509664492,0,0,377
5251,0,10511667629,10511667228,0,0,400
5252,0,10513669193,10513668810,0,0,382
5253,0,10515671795,10515671410,0,0,384
5254,0,10517674040,10517673663,0,0,377
5255,0,10519677122,10519676730,0,0,391
5256,0,10521678469,10521678094,0,0,374
5257,0,10523680795,10523680420,0,0,375
5258,0,10525682808,10525682429,0,0,379
5259,0,10527685213,10527684817,0,0,396
5260,0,10529687087,10529686717,0,0,369
5261,0,10531689532,10531689146,0,0,386
5262,0,10533692101,10533691717,0,0,384
5263,0,10535693729,10535693348,0,0,381
5264,0,10537697130,10537696775,0,0,355
5265,0,10539699188,10539698808,0,0,379
5266,0,10541700770,10541700370,0,0,399
5267,0,10543702883,10543702510,0,0,373
5268,0,10545704616,10545704257,0,0,359
5269,0,10547706051,10547705674,0,0,376
5270,0,10549709528,10549709153,0,0,374
5271,0,10551712370,10551712003,0,0,367
5272,0,10553713723,10553713368,0,0,355
5273,0,10555717053,10555716689,0,0,364
5274,0,10557718579,10557718231,0,0,348
5275,0,10559720249,10559719888,0,0,361
5276,0,10561722038,10561721700,0,0,338
5277,0,10563725350,10563724981,0,0,368
5278,0,10565727912,10565727543,0,0,368
5279,0,10567729197,10567728800,0,0,397
5280,0,10569730901,10569730506,0,0,395
5281,0,10571734193,10571733786,0,0,407
5282,0,10573735993,10573735621,0,0,372
5283,0,10575738523,10575738090,0,0,432
5284,0,10577740670,10577740254,0,0,415
5285,0,10579742951,10579742540,0,0,411
5286,0,10581744834,10581744435,0,0,399
5287,0,10583747542,10583747125,0,0,416
5288,0,10585749283,10585748883,0,0,399
5289,0,10587752231,10587751844,0,0,386
5290,0,10589754142,10589753752,0,0,390
5291,0,10591756913,10591756496,0,0,416
5292,0,10593757064,10593756692,0,0,372
5293,0,10595761465,10595761059,0,0,406
5294,0,10597762799,10597762406,0,0,393
5295,0,10599765260,10599764886,0,0,373
5296,0,10601767761,10601767375,0,0,386
5297,0,10603770220,10603769826,0,0,393
5298,0,10605772093,10605771728,0,0,365
5299,0,10607774138,10607773737,0,0,401
5300,0,10609776119,10609775719,0,0,399
5301,0,10611778516,10611778125,0,0,391
5302,0,10613780412,10613780007,0,0,404
5303,0,10615782739,10615782333,0,0,406
5304,0,10617785037,10617784640,0,0,397
5305,0,10619787357,10619786978,0,0,379
5306,0,10621789287,10621788874,0,0,412
5307,0,10623792297,10623791878,0,0,419
5308,0,10625794259,10625793853,0,0,406
5309,0,10627796776,10627796386,0,0,390
5310,0,10629800024,10629799621,0,0,403
5311,0,10631800672,10631800281,0,0,391
5312,0,10633802876,10633802494,0,0,382
5313,0,10635805370,10635804955,0,0,414
5314,0,10637807224,10637806832,0,0,391
5315,0,10639810402,10639810000,0,0,402
5316,0,10641812676,10641812302,0,0,374
5317,0,10643814051,10643813663,0,0,387
5318,0,10645815943,10645815550,0,0,393
5319,0,10647817521,10647817150,0,0,370
5320,0,10649820658,10649820270,0,0,388
5321,0,10651822934,10651822535,0,0,399
5322,0,10653824720,10653824305,0,0,415
5323,0,10655826199,10655825802,0,0,396
5324,0,10657829370,10657828986,0,0,384
5325,0,10659832005,10659831610,0,0,395
5326,0,10661834144,10661833750,0,0,393
5327,0,10663836477,10663836088,0,0,388
5328,0,10665839864,10665839449,0,0,414
5329,0,10667840621,10667840222,0,0,398
5330,0,10669843146,10669842769,0,0,377
5331,0,10671845115,10671844697,0,0,417
5332,0,10673847034,10673846660,0,0,373
5333,0,10675849739,10675849323,0,0,415
5334,0,10677851649,10677851240,0,0,408
5335,0,10679853880,10679853453,0,0,426
5336,0,10681856286,10681855901,0,0,384
5337,0,10683858753,10683858343,0,0,409
5338,0,10685861206,10685860797,0,0,408
5339,0,10687862408,10687862007,0,0,401
5340,0,10689864021,10689863622,0,0,399
5341,0,10691867661,10691867260,0,0,400
5342,0,10693870336,10693869937,0,0,399
5343,0,10695874797,10695874381,0,0,416
5344,0,10697874662,10697874278,0,0,384
5345,0,10699876459,10699876067,0,0,391
5346,0,10701879899,10701879510,0,0,388
5347,0,10703881967,10703881566,0,0,401
5348,0,10705884542,10705884173,0,0,368
5349,0,10707885561,10707885155,0,0,406
5350,0,10709887480,10709887066,0,0,413
5351,0,10711889378,10711888984,0,0,394
5352,0,10713891388,10713891011,0,0,376
5353,0,10715894214,10715893819,0,0,395
5354,0,10717896276,10717895887,0,0,388
5355,0,10719898451,10719898035,0,0,415
5356,0,10721901067,10721900664,0,0,403
5357,0,10723903872,10723903460,0,0,411
5358,0,10725906294,10725905889,0,0,405
5359,0,10727907323,10727906930,0,0,393
5360,0,10729909714,10729909325,0,0,388
5361,0,10731911764,10731911394,0,0,370
5362,0,10733914572,10733914195,0,0,377
5363,0,10735916340,10735915961,0,0,379
5364,0,10737919728,10737919339,0,0,388
5365,0,10739920559,10739920153,0,0,405
5366,0,10741921916,10741921501,0,0,414
5367,0,10743925408,10743925027,0,0,380
5368,0,10745927352,10745927000,0,0,352
5369,0,10747929824,10747929449,0,0,375
5370,0,10749932580,10749932214,0,0,366
5371,0,10751934172,10751933777,0,0,395
5372,0,10753936368,10753935979,0,0,389
5373,0,10755938966,10755938563,0,0,402
5374,0,10757940987,10757940602,0,0,385
5375,0,10759942989,10759942602,0,0,387
5376,0,10761945345,10761944979,0,0,366
5377,0,10763947253,10763946874,0,0,379
5378,0,10765949635,10765949272,0,0,362
5379,0,10767952124,10767951737,0,0,386
5380,0,10769954865,10769954498,0,0,366
5381,0,10771957595,10771957251,0,0,343
5382,0,10773958742,10773958376,0,0,366
5383,0,10775962007,10775961609,0,0,397
5384,0,10777963101,10777962732,0,0,368
5385,0,10779965637,10779965274,0,0,363
5386,0,10781967445,10781967069,0,0,375
5387,0,10783970175,10783969804,0,0,370
5388,0,10785971676,10785971312,0,0,364
5389,0,10787974190,10787973802,0,0,387
5390,0,10789976710,10789976336,0,0,373
5391,0,10791978921,10791978540,0,0,381
5392,0,10793981660,10793981273,0,0,386
5393,0,10795985266,10795984874,0,0,392
5394,0,10797986110,10797985725,0,0,385
5395,0,10799988369,10799987975,0,0,393
5396,0,10801989645,10801989280,0,0,365
5397,0,10803991849,10803991452,0,0,397
5398,0,10805994022,10805993640,0,0,382
5399,0,10807996294,10807995892,0,0,401
5400,0,10809998668,10809998292,0,0,376
5401,0,10812001986,10812001597,0,0,389
5402,0,10814003661,10814003336,0,0,325
5403,0,10816005602,10816005245,0,0,356
5404,0,10818007403,10818007042,0,0,360
5405,0,10820009900,10820009537,0,0,362
5406,0,10822012523,10822012144,0,0,379
5407,0,10824014411,10824014017,0,0,393
5408,0,10826016368,10826015961,0,0,407
5409,0,10828018857,10828018467,0,0,389
5410,0,10830020858,10830020485,0,0,373
5411,0,10832022773,10832022373,0,0,400
5412,0,10834024295,10834023894,0,0,400
5413,0,10836027786,10836027401,0,0,385
5414,0,10838029818,10838029424,0,0,393
5415,0,10840031770,10840031373,0,0,397
5416,0,10842034075,10842033689,0,0,386
5417,0,10844036534,10844036159,0,0,375
5418,0,10846038460,10846038078,0,0,381
5419,0,10848041786,10848041385,0,0,400
5420,0,10850043094,10850042710,0,0,384
5421,0,10852045315,10852044910,0,0,404
5422,0,10854047482,10854047096,0,0,386
5423,0,10856050449,10856050051,0,0,397
5424,0,10858051606,10858051222,0,0,384
5425,0,10860053458,10860053067,0,0,391
5426,0,10862056887,10862056505,0,0,382
5427,0,10864058552,10864058167,0,0,384
5428,0,10866061043,10866060635,0,0,407
5429,0,10868062918,10868062513,0,0,404
5430,0,10870065174,10870064771,0,0,402
5431,0,10872067489,10872067087,0,0,401
5432,0,10874069626,10874069240,0,0,386
5433,0,10876071875,10876071502,0,0,373
5434,0,10878074166,10878073792,0,0,373
5435,0,10880076355,10880075954,0,0,401
5436,0,10882078835,10882078431,0,0,403
5437,0,10884081532,10884081147,0,0,385
5438,0,10886082369,10886081975,0,0,394
5439,0,10888085473,10888085076,0,0,396
5440,0,10890087681,10890087325,0,0,356
5441,0,10892089988,10892089615,0,0,373
5442,0,10894092660,10894092296,0,0,364
5443,0,10896096982,10896096606,0,0,375
5444,0,10898097365,10898096984,0,0,380
5445,0,10900099234,10900098851,0,0,382
5446,0,10902101069,10902100656,0,0,413
5447,0,10904103435,10904103038,0,0,397
5448,0,10906105193,10906104845,0,0,347
5449,0,10908107683,10908107289,0,0,394
5450,0,10910109755,10910109376,0,0,379
5451,0,10912111750,10912111340,0,0,410
5452,0,10914113113,10914112734,0,0,378
5453,0,10916116530,10916116123,0,0,406
5454,0,10918119224,10918118845,0,0,379
5455,0,10920121546,10920121156,0,0,390
5456,0,10922121898,10922121525,0,0,373
5457,0,10924125686,10924125280,0,0,405
5458,0,10926127689,10926127321,0,0,368
5459,0,10928130177,10928129777,0,0,400
5460,0,10930132183,10930131829,0,0,353
5461,0,10932134454,10932134061,0,0,393
5462,0,10934136453,10934136073,0,0,380
5463,0,10936138626,10936138237,0,0,389
5464,0,10938140986,10938140644,0,0,342
5465,0,10940143092,10940142725,0,0,366
5466,0,10942145361,10942144980,0,0,380
5467,0,10944147420,10944147017,0,0,402
5468,0,10946149413,10946149017,0,0,396
5469,0,10948152250,10948151867,0,0,382
5470,0,10950154294,10950153891,0,0,403
5471,0,10952156839,10952156449,0,0,390
5472,0,10954158937,10954158534,0,0,402
5473,0,10956160904,10956160507,0,0,396
5474,0,10958163993,10958163622,0,0,371
5475,0,10960166334,10960165918,0,0,416
5476,0,10962168709,10962168293,0,0,415
5477,0,10964169657,10964169266,0,0,391
5478,0,10966170851,10966170440,0,0,411
5479,0,10968173750,10968173346,0,0,403
5480,0,10970176606,10970176197,0,0,408
5481,0,10972179078,10972178702,0,0,375
5482,0,10974181228,10974180826,0,0,402
5483,0,10976183696,10976183287,0,0,408
5484,0,10978185191,10978184782,0,0,408
5485,0,10980187651,10980187266,0,0,385
5486,0,10982189976,10982189611,0,0,365
5487,0,10984192528,10984192131,0,0,396
5488,0,10986194366,10986193959,0,0,407
5489,0,10988196807,10988196425,0,0,382
5490,0,10990198816,10990198435,0,0,380
5491,0,10992201462,10992201065,0,0,397
5492,0,10994204260,10994203865,0,0,394
5493,0,10996207210,10996206815,0,0,394
5494,0,10998207802,10998207396,0,0,405
5495,0,11000209869,11000209487,0,0,381
5496,0,11002212023,11002211660,0,0,362
5497,0,11004214772,11004214375,0,0,397
5498,0,11006217566,11006217201,0,0,365
5499,0,11008220307,11008219925,0,0,382
5500,0,11010220924,11010220537,0,0,386
5501,0,11012223207,11012222835,0,0,372
5502,0,11014225726,11014225333,0,0,393
5503,0,11016227747,11016227325,0,0,422
5504,0,11018229847,11018229491,0,0,355
5505,0,11020231869,11020231498,0,0,370
5506,0,11022233260,11022232875,0,0,384
5507,0,11024237011,11024236619,0,0,392
5508,0,11026239205,11026238813,0,0,392
5509,0,11028241166,11028240793,0,0,373
5510,0,11030244832,11030244435,0,0,397
5511,0,11032245994,11032245599,0,0,395
5512,0,11034247705,11034247341,0,0,363
5513,0,11036249853,11036249468,0,0,384
5514,0,11038252310,11038251935,0,0,374
5515,0,11040254478,11040254114,0,0,363
5516,0,11042256517,11042256157,0,0,360
5517,0,11044259002,11044258631,0,0,370
5518,0,11046261226,11046260862,0,0,364
5519,0,11048263096,11048262719,0,0,377
5520,0,11050266545,11050266159,0,0,386
5521,0,11052269122,11052268751,0,0,370
5522,0,11054270162,11054269948,0,0,214
5523,0,11056272548,11056272159,0,0,388
5524,0,11058274585,11058274217,0,0,367
5525,0,11060276840,11060276445,0,0,394
5526,0,11062278788,11062278391,0,0,397
5527,0,11064281460,11064281056,0,0,404
5528,0,11066283596,11066283189,0,0,406
5529,0,11068287134,11068286739,0,0,395
5530,0,11070287930,11070287545,0,0,385
5531,0,11072290807,11072290393,0,0,414
5532,0,11074293777,11074293382,0,0,395
5533,0,11076294643,11076294267,0,0,375
5534,0,11078296943,11078296555,0,0,388
5535,0,11080299723,11080299321,0,0,402
5536,0,11082302707,11082302321,0,0,385
5537,0,11084303742,11084303368,0,0,373
5538,0,11086305879,11086305495,0,0,384
5539,0,11088307992,11088307549,0,0,442
5540,0,11090310119,11090309713,0,0,406
5541,0,11092312233,11092311824,0,0,409
5542,0,11094314601,11094314208,0,0,392
5543,0,11096317919,11096317525,0,0,394
5544,0,11098318834,11098318483,0,0,350
5545,0,11100321002,11100320618,0,0,384
5546,0,11102323674,11102323300,0,0,373
5547,0,11104326640,11104326226,0,0,414
5548,0,11106327539,11106327123,0,0,415
5549,0,11108329623,11108329220,0,0,403
5550,0,11110330876,11110330477,0,0,399
5551,0,11112333057,11112332648,0,0,408
5552,0,11114335415,11114335016,0,0,399
5553,0,11116338813,11116338420,0,0,393
5554,0,11118341889,11118341510,0,0,379
5555,0,11120344774,11120344362,0,0,411
5556,0,11122345092,11122344689,0,0,402
5557,0,11124347379,11124346940,0,0,439
5558,0,11126350142,11126349755,0,0,387
5559,0,11128352400,11128351983,0,0,416
5560,0,11130354694,11130354312,0,0,382
5561,0,11132357182,11132356773,0,0,409
5562,0,11134358719,11134358319,0,0,400
5563,0,11136361276,11136360877,0,0,399
5564,0,11138363636,11138363226,0,0,409
5565,0,11140366761,11140366377,0,0,384
5566,0,11142368160,11142367766,0,0,394
5567,0,11144370040,11144369633,0,0,406
5568,0,11146372478,11146372127,0,0,350
5569,0,11148374913,11148374532,0,0,381
5570,0,11150376498,11150376084,0,0,413
5571,0,11152379683,11152379281,0,0,401
5572,0,11154381181,11154380805,0,0,375
5573,0,11156383597,11156383214,0,0,383
5574,0,11158385621,11158385251,0,0,369
5575,0,11160387923,11160387530,0,0,393
5576,0,11162390210,11162389829,0,0,381
5577,0,11164392474,11164392083,0,0,391
5578,0,11166395076,11166394685,0,0,391
5579,0,11168396533,11168396152,0,0,381
5580,0,11170398161,11170397795,0,0,365
5581,0,11172401283,11172400900,0,0,382
5582,0,11174403355,11174402973,0,0,381
5583,0,11176406422,11176406000,0,0,421
5584,0,11178406697,11178406336,0,0,361
5585,0,11180409844,11180409450,0,0,393
5586,0,11182412330,11182411971,0,0,358
5587,0,11184414718,11184414337,0,0,380
5588,0,11186417150,11186416772,0,0,378
5589,0,11188419506,11188419119,0,0,387
5590,0,11190421074,11190420680,0,0,393
5591,0,11192423665,11192423274,0,0,391
5592,0,11194425879,11194425508,0,0,370
5593,0,11196429343,11196428948,0,0,394
5594,0,11198430407,11198430043,0,0,364
5595,0,11200432179,11200431773,0,0,405
5596,0,11202434624,11202434223,0,0,400
5597,0,11204437109,11204436721,0,0,387
5598,0,11206439564,11206439160,0,0,404
5599,0,11208441232,11208440834,0,0,397
5600,0,11210442547,11210442163,0,0,384
5601,0,11212447085,11212446702,0,0,383
5602,0,11214447979,11214447578,0,0,401
5603,0,11216450635,11216450222,0,0,412
5604,0,11218452048,11218451665,0,0,382
5605,0,11220454923,11220454528,0,0,394
5606,0,11222456885,11222456487,0,0,397
5607,0,11224459233,11224458853,0,0,379
5608,0,11226461316,11226460927,0,0,389
5609,0,11228463460,11228463089,0,0,370
5610,0,11230465731,11230465318,0,0,413
5611,0,11232468399,11232467988,0,0,411
5612,0,11234470524,11234470163,0,0,361
5613,0,11236472728,11236472332,0,0,396
5614,0,11238474952,11238474557,0,0,395
5615,0,11240476694,11240476273,0,0,420
5616,0,11242479220,11242478832,0,0,388
5617,0,11244481259,11244480863,0,0,395
5618,0,11246483608,11246483229,0,0,379
5619,0,11248485361,11248484952,0,0,409
5620,0,11250487925,11250487536,0,0,388
5621,0,11252490167,11252489772,0,0,395
5622,0,11254492489,11254492089,0,0,400
5623,0,11256494460,11256494049,0,0,410
5624,0,11258496968,11258496585,0,0,383
5625,0,11260499088,11260498668,0,0,420
5626,0,11262502224,11262501823,0,0,400
5627,0,11264504377,11264503973,0,0,404
5628,0,11266506030,11266505592,0,0,438
5629,0,11268507325,11268506923,0,0,402
5630,0,11270509239,11270508833,0,0,405
5631,0,11272512851,11272512413,0,0,438
5632,0,11274514761,11274514391,0,0,369
5633,0,11276516661,11276516278,0,0,382
5634,0,11278518865,11278518493,0,0,372
5635,0,11280521728,11280521301,0,0,426
5636,0,11282523952,11282523576,0,0,376
5637,0,11284526022,11284525636,0,0,386
5638,0,11286528698,11286528298,0,0,399
5639,0,11288530918,11288530508,0,0,409
5640,0,11290532626,11290532242,0,0,384
5641,0,11292534901,11292534528,0,0,373
5642,0,11294536876,11294536465,0,0,411
5643,0,11296540216,11296539808,0,0,407
5644,0,11298540957,11298540584,0,0,372
5645,0,11300542418,11300542053,0,0,364
5646,0,11302545809,11302545430,0,0,379
5647,0,11304547592,11304547178,0,0,413
5648,0,11306549984,11306549625,0,0,359
5649,0,11308553302,11308552937,0,0,365
5650,0,11310554904,11310554535,0,0,368
5651,0,11312557486,11312557095,0,0,391
5652,0,11314558935,11314558559,0,0,376
5653,0,11316561455,11316561064,0,0,391
5654,0,11318563570,11318563188,0,0,382
5655,0,11320565671,11320565275,0,0,395
5656,0,11322567816,11322567422,0,0,394
5657,0,11324570470,11324570097,0,0,373
5658,0,11326572407,11326572042,0,0,364
5659,0,11328574589,11328574182,0,0,407
5660,0,11330577354,11330576970,0,0,383
5661,0,11332579449,11332579062,0,0,386
5662,0,11334581834,11334581451,0,0,383
5663,0,11336583558,11336583182,0,0,376
5664,0,11338585751,11338585343,0,0,408
5665,0,11340588254,11340587838,0,0,416
5666,0,11342590299,11342589926,0,0,373
5667,0,11344592595,11344592215,0,0,380
5668,0,11346594856,11346594480,0,0,376
5669,0,11348597203,11348596788,0,0,415
5670,0,11350598845,11350598462,0,0,383
5671,0,11352601902,11352601480,0,0,422
5672,0,11354604379,11354604000,0,0,379
5673,0,11356607753,11356607346,0,0,406
5674,0,11358608800,11358608401,0,0,399
5675,0,11360611633,11360611225,0,0,408
5676,0,11362612718,11362612346,0,0,371
5677,0,11364615058,11364614662,0,0,395
5678,0,11366617075,11366616673,0,0,402
5679,0,11368618923,11368618530,0,0,393
5680,0,11370620350,11370619961,0,0,389
5681,0,11372623771,11372623388,0,0,382
5682,0,11374626840,11374626461,0,0,379
5683,0,11376629165,11376628764,0,0,400
5684,0,11378630297,11378629878,0,0,419
5685,0,11380632752,11380632352,0,0,399
5686,0,11382634628,11382634206,0,0,422
5687,0,11384637100,11384636694,0,0,406
5688,0,11386639110,11386638751,0,0,359
5689,0,11388642098,11388641714,0,0,384
5690,0,11390643993,11390643634,0,0,359
5691,0,11392646248,11392645865,0,0,382
5692,0,11394648201,11394647824,0,0,376
5693,0,11396652773,11396652397,0,0,376
5694,0,11398652863,11398652481,0,0,382
5695,0,11400655053,11400654658,0,0,395
5696,0,11402657281,11402656907,0,0,373
5697,0,11404659262,11404658883,0,0,379
5698,0,11406661815,11406661442,0,0,373
5699,0,11408664506,11408664098,0,0,407
5700,0,11410666770,11410666377,0,0,393
5701,0,11412668094,11412667712,0,0,381
5702,0,11414670150,11414669753,0,0,396
5703,0,11416672436,11416672035,0,0,400
5704,0,11418674952,11418674575,0,0,376
5705,0,11420677319,11420676928,0,0,391
5706,0,11422679529,11422679141,0,0,387
5707,0,11424681563,11424681165,0,0,397
5708,0,11426683584,11426683200,0,0,384
5709,0,11428686157,11428685744,0,0,413
5710,0,11430688521,11430688139,0,0,382
5711,0,11432691541,11432691139,0,0,402
5712,0,11434692361,11434691985,0,0,375
5713,0,11436695341,11436694934,0,0,406
5714,0,11438697259,11438696894,0,0,365
5715,0,11440699923,11440699501,0,0,422
5716,0,11442701515,11442701096,0,0,419
5717,0,11444703851,11444703446,0,0,404
5718,0,11446705680,11446705305,0,0,374
5719,0,11448707944,11448707543,0,0,401
5720,0,11450710148,11450709740,0,0,408
5721,0,11452713092,11452712688,0,0,403
5722,0,11454714952,11454714579,0,0,373
5723,0,11456717010,11456716588,0,0,421
5724,0,11458719759,11458719372,0,0,386
5725,0,11460721849,11460721465,0,0,384
5726,0,11462724534,11462724138,0,0,395
5727,0,11464727444,11464727034,0,0,409
5728,0,11466728012,11466727615,0,0,396
5729,0,11468730437,11468730044,0,0,392
5730,0,11470732652,11470732242,0,0,410
5731,0,11472735952,11472735543,0,0,408
5732,0,11474738197,11474737821,0,0,376
5733,0,11476739483,11476739075,0,0,407
5734,0,11478741806,11478741405,0,0,400
5735,0,11480744083,11480743669,0,0,413
5736,0,11482746182,11482745798,0,0,383
5737,0,11484747982,11484747588,0,0,393
5738,0,11486750389,11486750006,0,0,382
5739,0,11488752937,11488752525,0,0,411
5740,0,11490755259,11490754848,0,0,411
5741,0,11492756721,11492756341,0,0,379
5742,0,11494758492,11494758110,0,0,382
5743,0,11496762899,11496762504,0,0,395
5744,0,11498763548,11498763157,0,0,390
5745,0,11500766033,11500765635,0,0,397
5746,0,11502768538,11502768130,0,0,407
5747,0,11504771256,11504770843,0,0,412
5748,0,11506772916,11506772509,0,0,407
5749,0,11508775090,11508774696,0,0,393
5750,0,11510777447,11510777040,0,0,406
5751,0,11512779296,11512778893,0,0,403
5752,0,11514781622,11514781237,0,0,384
5753,0,11516784294,11516783898,0,0,396
5754,0,11518786635,11518786226,0,0,408
5755,0,11520788245,11520787829,0,0,416
5756,0,11522789456,11522789074,0,0,382
5757,0,11524792469,11524792074,0,0,395
5758,0,11526794898,11526794490,0,0,407
5759,0,11528796889,11528796490,0,0,399
5760,0,11530798633,11530798249,0,0,384
5761,0,11532801546,11532801152,0,0,393
5762,0,11534803674,11534803300,0,0,374
5763,0,11536806244,11536805849,0,0,395
5764,0,11538808385,11538807996,0,0,388
5765,0,11540810760,11540810349,0,0,411
5766,0,11542814341,11542813946,0,0,395
5767,0,11544815289,11544814879,0,0,409
5768,0,11546817967,11546817553,0,0,413
5769,0,11548820026,11548819611,0,0,415
5770,0,11550820557,11550820146,0,0,411
5771,0,11552823448,11552823033,0,0,414
5772,0,11554824752,11554824359,0,0,393
5773,0,11556828321,11556827910,0,0,411
5774,0,11558830892,11558830467,0,0,424
5775,0,11560832710,11560832298,0,0,411
5776,0,11562835837,11562835469,0,0,367
5777,0,11564837812,11564837431,0,0,381
5778,0,11566839191,11566838806,0,0,384
5779,0,11568842852,11568842469,0,0,382
5780,0,11570844128,11570843770,0,0,357
5781,0,11572845865,11572845467,0,0,398
5782,0,11574848505,11574848098,0,0,406
5783,0,11576850701,11576850326,0,0,375
5784,0,11578853608,11578853235,0,0,373
5785,0,11580855608,11580855223,0,0,385
5786,0,11582857810,11582857413,0,0,396
5787,0,11584859141,11584858755,0,0,386
5788,0,11586860548,11586860182,0,0,366
5789,0,11588864182,11588863792,0,0,389
5790,0,11590866386,11590866009,0,0,376
5791,0,11592868517,11592868120,0,0,397
5792,0,11594870987,11594870592,0,0,395
5793,0,11596874393,11596873976,0,0,416
5794,0,11598875058,11598874640,0,0,417
5795,0,11600877286,11600876867,0,0,419
5796,0,11602879496,11602879120,0,0,376
5797,0,11604882033,11604881621,0,0,412
5798,0,11606883738,11606883331,0,0,406
5799,0,11608885873,11608885479,0,0,393
5800,0,11610888674,11610888295,0,0,379
5801,0,11612890545,11612890152,0,0,393
5802,0,11614894026,11614893604,0,0,422
5803,0,11616895393,11616894998,0,0,395
5804,0,11618897107,11618896732,0,0,375
5805,0,11620899557,11620899159,0,0,397
5806,0,11622902168,11622901784,0,0,383
5807,0,11624903351,11624902946,0,0,404
5808,0,11626904985,11626904577,0,0,407
5809,0,11628908158,11628907761,0,0,396
5810,0,11630911139,11630910748,0,0,391
5811,0,11632912308,11632911892,0,0,415
5812,0,11634913773,11634913386,0,0,386
5813,0,11636917399,11636917006,0,0,393
5814,0,11638919213,11638918822,0,0,391
5815,0,11640921323,11640920934,0,0,388
5816,0,11642923473,11642923108,0,0,364
5817,0,11644926205,11644925809,0,0,395
5818,0,11646928068,11646927659,0,0,408
5819,0,11648930334,11648929935,0,0,399
5820,0,11650931714,11650931359,0,0,354
5821,0,11652936089,11652935688,0,0,400
5822,0,11654937811,11654937403,0,0,408
5823,0,11656939246,11656938883,0,0,362
5824,0,11658941755,11658941382,0,0,373
5825,0,11660944283,11660943894,0,0,389
5826,0,11662946093,11662945723,0,0,369
5827,0,11664948879,11664948496,0,0,383
5828,0,11666950966,11666950624,0,0,342
5829,0,11668952968,11668952587,0,0,380
5830,0,11670955262,11670954883,0,0,379
5831,0,11672957356,11672956986,0,0,370
5832,0,11674959707,11674959341,0,0,365
5833,0,11676961535,11676961147,0,0,388
5834,0,11678963734,11678963320,0,0,413
5835,0,11680966781,11680966392,0,0,388
5836,0,11682968588,11682968198,0,0,389
5837,0,11684970166,11684969770,0,0,395
5838,0,11686971653,11686971262,0,0,391
5839,0,11688976871,11688976495,0,0,376
5840,0,11690978165,11690977820,0,0,345
5841,0,11692980119,11692979728,0,0,391
5842,0,11694981371,11694980991,0,0,379
5843,0,11696984800,11696984395,0,0,405
5844,0,11698986090,11698985696,0,0,394
5845,0,11700988460,11700988062,0,0,397
5846,0,11702990874,11702990462,0,0,411
5847,0,11704992885,11704992489,0,0,396
5848,0,11706994987,11706994616,0,0,370
5849,0,11708997472,11708997062,0,0,410
5850,0,11710999628,11710999225,0,0,402
5851,0,11713001955,11713001564,0,0,391
5852,0,11715004177,11715003808,0,0,368
5853,0,11717006220,11717005809,0,0,411
5854,0,11719008865,11719008474,0,0,391
5855,0,11721010719,11721010333,0,0,386
5856,0,11723012984,11723012604,0,0,379
5857,0,11725016301,11725015910,0,0,391
5858,0,11727017318,11727016930,0,0,387
5859,0,11729020588,11729020183,0,0,404
5860,0,11731022816,11731022449,0,0,367
5861,0,11733024394,11733023996,0,0,397
5862,0,11735026108,11735025715,0,0,393
5863,0,11737028618,11737028217,0,0,400
5864,0,11739031157,11739030822,0,0,334
5865,0,11741033831,11741033452,0,0,378
5866,0,11743036739,11743036345,0,0,394
5867,0,11745037547,11745037143,0,0,403
5868,0,11747039723,11747039372,0,0,351
5869,0,11749042152,11749041776,0,0,375
5870,0,11751044474,11751044092,0,0,381
5871,0,11753046588,11753046188,0,0,399
5872,0,11755048244,11755047869,0,0,375
5873,0,11757050577,11757050195,0,0,382
5874,0,11759053033,11759052643,0,0,390
5875,0,11761055835,11761055453,0,0,381
5876,0,11763056177,11763055807,0,0,370
5877,0,11765059642,11765059271,0,0,370
5878,0,11767061642,11767061254,0,0,387
5879,0,11769064572,11769064193,0,0,379
5880,0,11771066234,11771065877,0,0,357
5881,0,11773068527,11773068134,0,0,392
5882,0,11775071765,11775071364,0,0,401
5883,0,11777073716,11777073336,0,0,380
5884,0,11779074256,11779073909,0,0,347
5885,0,11781077330,11781076923,0,0,407
5886,0,11783080038,11783079662,0,0,375
5887,0,11785081726,11785081346,0,0,380
5888,0,11787084137,11787083743,0,0,393
5889,0,11789086513,11789086134,0,0,379
5890,0,11791088515,11791088140,0,0,375
5891,0,11793091554,11793091152,0,0,401
5892,0,11795094437,11795094079,0,0,357
5893,0,11797097702,11797097314,0,0,388
5894,0,11799097146,11799096773,0,0,372
5895,0,11801099584,11801099177,0,0,407
5896,0,11803102002,11803101628,0,0,374
5897,0,11805103927,11805103537,0,0,390
5898,0,11807106367,11807105959,0,0,407
5899,0,11809108381,11809107988,0,0,393
5900,0,11811110849,11811110503,0,0,346
5901,0,11813113074,11813112692,0,0,381
5902,0,11815115328,11815114947,0,0,380
5903,0,11817118047,11817117651,0,0,395
5904,0,11819120862,11819120480,0,0,382
5905,0,11821122842,11821122440,0,0,401
5906,0,11823124974,11823124584,0,0,389
5907,0,11825127556,11825127164,0,0,392
5908,0,11827128597,11827128231,0,0,365
5909,0,11829130556,11829130159,0,0,396
5910,0,11831132874,11831132486,0,0,387
5911,0,11833135148,11833134772,0,0,375
5912,0,11835138292,11835137955,0,0,336
5913,0,11837140031,11837139644,0,0,387
5914,0,11839141892,11839141516,0,0,375
5915,0,11841144301,11841143916,0,0,384
5916,0,11843146626,11843146283,0,0,343
5917,0,11845148910,11845148499,0,0,411
5918,0,11847151330,11847150946,0,0,384
5919,0,11849152979,11849152600,0,0,379
5920,0,11851155607,11851155195,0,0,411
5921,0,11853157555,11853157151,0,0,403
5922,0,11855159392,11855158995,0,0,397
5923,0,11857161860,11857161467,0,0,393
5924,0,11859164140,11859163748,0,0,392
5925,0,11861166307,11861165895,0,0,411
5926,0,11863168468,11863168057,0,0,411
5927,0,11865171455,11865171035,0,0,419
5928,0,11867173141,11867172770,0,0,371
5929,0,11869174930,11869174525,0,0,404
5930,0,11871177123,11871176728,0,0,395
5931,0,11873178401,11873178015,0,0,385
5932,0,11875181029,11875180678,0,0,350
5933,0,11877184443,11877184045,0,0,397
5934,0,11879186172,11879185770,0,0,401
5935,0,11881188806,11881188402,0,0,404
5936,0,11883191011,11883190619,0,0,392
5937,0,11885193172,11885192790,0,0,382
5938,0,11887195737,11887195330,0,0,406
5939,0,11889197523,11889197126,0,0,397
5940,0,11891199265,11891198843,0,0,421
5941,0,11893201087,11893200678,0,0,409
5942,0,11895204083,11895203667,0,0,416
5943,0,11897207604,11897207207,0,0,397
5944,0,11899208568,11899208158,0,0,410
5945,0,11901211501,11901211062,0,0,439
5946,0,11903212931,11903212493,0,0,438
5947,0,11905215274,11905214840,0,0,433
5948,0,11907217368,11907217003,0,0,365
5949,0,11909220074,11909219638,0,0,435
5950,0,11911222181,11911221778,0,0,402
5951,0,11913224204,11913223813,0,0,391
5952,0,11915226652,11915226277,0,0,375
5953,0,11917228644,11917228240,0,0,404
5954,0,11919230840,11919230441,0,0,398
5955,0,11921234602,11921234197,0,0,405
5956,0,11923236295,11923235916,0,0,379
5957,0,11925237818,11925237414,0,0,404
5958,0,11927239773,11927239377,0,0,395
5959,0,11929242148,11929241739,0,0,408
5960,0,11931244262,11931243880,0,0,382
5961,0,11933246692,11933246306,0,0,385
5962,0,11935248724,11935248308,0,0,415
5963,0,11937250692,11937250279,0,0,413
5964,0,11939253008,11939252606,0,0,402
5965,0,11941255384,11941254974,0,0,409
5966,0,11943257581,11943257164,0,0,416
5967,0,11945260729,11945260323,0,0,406
5968,0,11947262126,11947261755,0,0,370
5969,0,11949264872,11949264483,0,0,388
5970,0,11951266683,11951266286,0,0,397
5971,0,11953269040,11953268631,0,0,408
5972,0,11955270749,11955270376,0,0,373
5973,0,11957273110,11957272689,0,0,420
5974,0,11959275804,11959275388,0,0,415
5975,0,11961277846,11961277434,0,0,411
5976,0,11963279908,11963279561,0,0,347
5977,0,11965282090,11965281683,0,0,406
5978,0,11967284337,11967283948,0,0,388
5979,0,11969286761,11969286357,0,0,404
5980,0,11971289201,11971288847,0,0,353
5981,0,11973291362,11973290925,0,0,436
5982,0,11975293143,11975292763,0,0,380
5983,0,11977295540,11977295130,0,0,409
5984,0,11979297924,11979297554,0,0,370
5985,0,11981301050,11981300662,0,0,388
5986,0,11983301742,11983301359,0,0,382
5987,0,11985305177,11985304784,0,0,393
5988,0,11987307548,11987307175,0,0,373
5989,0,11989308940,11989308550,0,0,390
5990,0,11991312015,11991311660,0,0,355
5991,0,11993314598,11993314215,0,0,382
5992,0,11995315636,11995315256,0,0,380
5993,0,11997319217,11997318824,0,0,392
5994,0,11999319553,11999319161,0,0,391
5995,0,12001322328,12001321946,0,0,381
5996,0,12003324806,12003324457,0,0,348
5997,0,12005326645,12005326247,0,0,398
5998,0,12007328900,12007328507,0,0,392
5999,0,12009330622,12009330223,0,0,399
6000,0,12011332506,12011332128,0,0,378
6001,0,12013335474,12013335094,0,0,379
6002,0,12015337588,12015337207,0,0,380
6003,0,12017340699,12017340300,0,0,399
6004,0,12019341850,12019341468,0,0,382
6005,0,12021344313,12021343925,0,0,387
6006,0,12023346148,12023345754,0,0,394
6007,0,12025347322,12025346939,0,0,382
6008,0,12027350196,12027349843,0,0,352
6009,0,12029353113,12029352712,0,0,400
6010,0,12031355777,12031355364,0,0,413
6011,0,12033358159,12033357780,0,0,379
6012,0,12035360163,12035359804,0,0,358
6013,0,12037361995,12037361624,0,0,370
6014,0,12039365177,12039364792,0,0,385
6015,0,12041367526,12041367139,0,0,387
6016,0,12043368879,12043368498,0,0,381
6017,0,12045370776,12045370394,0,0,382
6018,0,12047372956,12047372584,0,0,372
6019,0,12049376116,12049375741,0,0,375
6020,0,12051377977,12051377620,0,0,356
6021,0,12053380920,12053380537,0,0,382
6022,0,12055382674,12055382303,0,0,370
6023,0,12057384736,12057384342,0,0,393
6024,0,12059386950,12059386587,0,0,363
6025,0,12061388600,12061388233,0,0,366
6026,0,12063390869,12063390474,0,0,394
6027,0,12065393133,12065392750,0,0,383
6028,0,12067395539,12067395179,0,0,360
6029,0,12069397483,12069397101,0,0,382
6030,0,12071400135,12071399749,0,0,386
6031,0,12073402391,12073401984,0,0,406
6032,0,12075405077,12075404729,0,0,348
6033,0,12077407846,12077407463,0,0,382
6034,0,12079409234,12079408837,0,0,397
6035,0,12081411561,12081411152,0,0,408
6036,0,12083413674,12083413280,0,0,393
6037,0,12085415146,12085414779,0,0,366
6038,0,12087417074,12087416696,0,0,377
6039,0,12089420993,12089420606,0,0,386
6040,0,12091422561,12091422160,0,0,400
6041,0,12093424398,12093424015,0,0,383
6042,0,12095426713,12095426328,0,0,385
6043,0,12097430451,12097430054,0,0,396
6044,0,12099431519,12099431146,0,0,372
6045,0,12101433114,12101432730,0,0,384
6046,0,12103435787,12103435390,0,0,397
6047,0,12105437559,12105437158,0,0,400
6048,0,12107440278,12107439901,0,0,377
6049,0,12109442499,12109442098,0,0,401
6050,0,12111444502,12111444093,0,0,408
6051,0,12113446440,12113446033,0,0,406
6052,0,12115448911,12115448553,0,0,357
6053,0,12117451004,12117450615,0,0,389
6054,0,12119452958,12119452574,0,0,384
6055,0,12121455874,12121455482,0,0,392
6056,0,12123457782,12123457398,0,0,383
6057,0,12125460313,12125459942,0,0,370
6058,0,12127463699,12127463294,0,0,404
6059,0,12129464164,12129463775,0,0,388
6060,0,12131465701,12131465325,0,0,376
6061,0,12133469617,12133469208,0,0,408
6062,0,12135471673,12135471265,0,0,407
6063,0,12137473496,12137473103,0,0,393
6064,0,12139475337,12139474919,0,0,417
6065,0,12141477602,12141477185,0,0,416
6066,0,12143480813,12143480393,0,0,419
6067,0,12145482925,12145482500,0,0,424
6068,0,12147483304,12147482910,0,0,394
6069,0,12149486826,12149486420,0,0,405
6070,0,12151488606,12151488204,0,0,401
6071,0,12153491220,12153490827,0,0,392
6072,0,12155493498,12155493114,0,0,384
6073,0,12157495298,12157494889,0,0,408
6074,0,12159497872,12159497496,0,0,376
6075,0,12161500056,12161499656,0,0,400
6076,0,12163503148,12163502742,0,0,405
6077,0,12165504342,12165503949,0,0,393
6078,0,12167507136,12167506734,0,0,401
6079,0,12169508934,12169508552,0,0,382
6080,0,12171511599,12171511231,0,0,368
6081,0,12173513373,12173512994,0,0,379
6082,0,12175515587,12175515215,0,0,372
6083,0,12177518975,12177518570,0,0,404
6084,0,12179521320,12179520948,0,0,372
6085,0,12181522069,12181521660,0,0,408
6086,0,12183524260,12183523847,0,0,413
6087,0,12185526889,12185526518,0,0,370
6088,0,12187528640,12187528264,0,0,375
6089,0,12189531478,12189531061,0,0,416
6090,0,12191533381,12191532960,0,0,420
6091,0,12193536160,12193535734,0,0,425
6092,0,12195537729,12195537347,0,0,382
6093,0,12197541701,12197541293,0,0,407
6094,0,12199543515,12199543103,0,0,412
6095,0,12201544589,12201544193,0,0,395
6096,0,12203546616,12203546255,0,0,361
6097,0,12205549412,12205549030,0,0,382
6098,0,12207551203,12207550824,0,0,379
6099,0,12209553445,12209553016,0,0,429
6100,0,12211556023,12211555651,0,0,372
6101,0,12213557807,12213557406,0,0,401
6102,0,12215560461,12215560050,0,0,411
6103,0,12217562226,12217561834,0,0,391
6104,0,12219564781,12219564429,0,0,352
6105,0,12221567266,12221566883,0,0,382
6106,0,12223569200,12223568784,0,0,415
6107,0,12225571934,12225571496,0,0,438
6108,0,12227573588,12227573211,0,0,376
6109,0,12229575700,12229575292,0,0,407
6110,0,12231578413,12231578011,0,0,402
6111,0,12233579778,12233579386,0,0,392
6112,0,12235582424,12235582083,0,0,341
6113,0,12237584546,12237584152,0,0,393
6114,0,12239587015,12239586624,0,0,391
6115,0,12241589892,12241589501,0,0,391
6116,0,12243593033,12243592678,0,0,355
6117,0,12245595279,12245594905,0,0,373
6118,0,12247596863,12247596484,0,0,379
6119,0,12249598289,12249597896,0,0,393
6120,0,12251600367,12251600009,0,0,357
6121,0,12253602452,12253602073,0,0,379
6122,0,12255604596,12255604230,0,0,366
6123,0,12257607341,12257606959,0,0,381
6124,0,12259608968,12259608618,0,0,350
6125,0,12261611229,12261610822,0,0,406
6126,0,12263613150,12263612770,0,0,380
6127,0,12265615483,12265615097,0,0,386
6128,0,12267617829,12267617444,0,0,385
6129,0,12269620330,12269619935,0,0,394
6130,0,12271622664,12271622298,0,0,365
6131,0,12273625857,12273625474,0,0,383
6132,0,12275626581,12275626208,0,0,373
6133,0,12277629514,12277629128,0,0,386
6134,0,12279630959,12279630566,0,0,392
6135,0,12281633053,12281632661,0,0,392
6136,0,12283634329,12283633954,0,0,375
6137,0,12285636642,12285636270,0,0,371
6138,0,12287639813,12287639433,0,0,379
6139,0,12289642276,12289641871,0,0,404
6140,0,12291644519,12291644129,0,0,389
6141,0,12293646891,12293646492,0,0,399
6142,0,12295649642,12295649240,0,0,402
6143,0,12297652577,12297652213,0,0,364
6144,0,12299653242,12299652871,0,0,371
6145,0,12301656420,12301656026,0,0,393
6146,0,12303658277,12303657886,0,0,391
6147,0,12305661139,12305660757,0,0,382
6148,0,12307664491,12307664114,0,0,377
6149,0,12309666807,12309666429,0,0,378
6150,0,12311667164,12311666769,0,0,394
6151,0,12313668826,12313668441,0,0,384
6152,0,12315670253,12315669900,0,0,353
6153,0,12317673495,12317673130,0,0,364
6154,0,12319675755,12319675382,0,0,373
6155,0,12321678195,12321677807,0,0,388
6156,0,12323680179,12323679837,0,0,342
6157,0,12325682418,12325682024,0,0,393
6158,0,12327684343,12327683973,0,0,370
6159,0,12329686812,12329686441,0,0,370
6160,0,12331690047,12331689694,0,0,352
6161,0,12333693087,12333692718,0,0,368
6162,0,12335693669,12335693296,0,0,373
6163,0,12337695886,12337695501,0,0,384
6164,0,12339698002,12339697634,0,0,367
6165,0,12341700107,12341699717,0,0,390
6166,0,12343702418,12343702051,0,0,367
6167,0,12345705658,12345705298,0,0,359
6168,0,12347707107,12347706749,0,0,358
6169,0,12349708948,12349708558,0,0,390
6170,0,12351711760,12351711409,0,0,350
6171,0,12353713597,12353713204,0,0,393
6172,0,12355715938,12355715582,0,0,355
6173,0,12357718067,12357717683,0,0,384
6174,0,12359721447,12359721067,0,0,379
6175,0,12361723508,12361723132,0,0,375
6176,0,12363725065,12363724685,0,0,380
6177,0,12365727057,12365726663,0,0,393
6178,0,12367729011,12367728612,0,0,398
6179,0,12369731413,12369731031,0,0,382
6180,0,12371732653,12371732292,0,0,361
6181,0,12373735994,12373735600,0,0,394
6182,0,12375738170,12375737764,0,0,406
6183,0,12377740635,12377740256,0,0,379
6184,0,12379742558,12379742169,0,0,388
6185,0,12381745966,12381745564,0,0,402
6186,0,12383746612,12383746194,0,0,417
6187,0,12385748786,12385748370,0,0,415
6188,0,12387750793,12387750372,0,0,420
6189,0,12389754115,12389753704,0,0,411
6190,0,12391756007,12391755591,0,0,415
6191,0,12393758258,12393757837,0,0,421
6192,0,12395760476,12395760092,0,0,384
6193,0,12397763382,12397762970,0,0,411
6194,0,12399764730,12399764319,0,0,411
6195,0,12401768065,12401767662,0,0,402
6196,0,12403769038,12403768631,0,0,406
6197,0,12405771132,12405770755,0,0,376
6198,0,12407772323,12407771927,0,0,395
6199,0,12409775528,12409775131,0,0,396
6200,0,12411777199,12411776836,0,0,362
6201,0,12413780400,12413780019,0,0,381
6202,0,12415782211,12415781812,0,0,399
6203,0,12417785190,12417784783,0,0,406
6204,0,12419788094,12419787723,0,0,370
6205,0,12421789787,12421789386,0,0,401
6206,0,12423791536,12423791140,0,0,395
6207,0,12425793384,12425792995,0,0,389
6208,0,12427796030,12427795650,0,0,379
6209,0,12429798766,12429798386,0,0,379
6210,0,12431800097,12431799690,0,0,406
6211,0,12433803281,12433802865,0,0,415
6212,0,12435804629,12435804253,0,0,375
6213,0,12437807097,12437806692,0,0,405
6214,0,12439809155,12439808743,0,0,411
6215,0,12441811933,12441811557,0,0,375
6216,0,12443813586,12443813220,0,0,365
6217,0,12445816277,12445815884,0,0,393
6218,0,12447817614,12447817208,0,0,405
6219,0,12449819513,12449819101,0,0,411
6220,0,12451822420,12451822057,0,0,362
6221,0,12453825106,12453824713,0,0,393
6222,0,12455827901,12455827489,0,0,411
6223,0,12457829145,12457828733,0,0,411
6224,0,12459831403,12459831026,0,0,377
6225,0,12461834013,12461833597,0,0,415
6226,0,12463835932,12463835505,0,0,426
6227,0,12465838049,12465837640,0,0,409
6228,0,12467840167,12467839780,0,0,386
6229,0,12469842395,12469842006,0,0,388
6230,0,12471844481,12471844066,0,0,415
6231,0,12473846906,12473846487,0,0,419
6232,0,12475849207,12475848841,0,0,366
6233,0,12477851197,12477850813,0,0,384
6234,0,12479853346,12479852951,0,0,395
6235,0,12481855787,12481855366,0,0,420
6236,0,12483858080,12483857675,0,0,405
6237,0,12485860716,12485860310,0,0,405
6238,0,12487863427,12487863017,0,0,409
6239,0,12489866101,12489865703,0,0,397
6240,0,12491868196,12491867839,0,0,357
6241,0,12493869739,12493869361,0,0,377
6242,0,12495871341,12495870953,0,0,387
6243,0,12497876222,12497875833,0,0,389
6244,0,12499877029,12499876673,0,0,356
6245,0,12501877901,12501877505,0,0,395
6246,0,12503880366,12503879993,0,0,373
6247,0,12505882648,12505882271,0,0,376
6248,0,12507885156,12507884767,0,0,388
6249,0,12509886848,12509886462,0,0,385
6250,0,12511888975,12511888584,0,0,391
6251,0,12513891388,12513890989,0,0,399
6252,0,12515893483,12515893098,0,0,384
6253,0,12517895676,12517895288,0,0,388
6254,0,12519897088,12519896717,0,0,370
6255,0,12521900304,12521899935,0,0,368
6256,0,12523902876,12523902482,0,0,393
6257,0,12525904919,12525904538,0,0,381
6258,0,12527908534,12527908173,0,0,360
6259,0,12529909485,12529909092,0,0,393
6260,0,12531911332,12531910941,0,0,391
6261,0,12533914265,12533913869,0,0,395
6262,0,12535915786,12535915398,0,0,387
6263,0,12537917770,12537917390,0,0,379
6264,0,12539919388,12539919023,0,0,365
6265,0,12541922770,12541922395,0,0,375
6266,0,12543925272,12543924874,0,0,397
6267,0,12545926617,12545926213,0,0,404
6268,0,12547928285,12547927930,0,0,355
6269,0,12549931531,12549931157,0,0,373
6270,0,12551933490,12551933103,0,0,386
6271,0,12553935588,12553935215,0,0,373
6272,0,12555937336,12555936967,0,0,368
6273,0,12557940404,12557940042,0,0,361
6274,0,12559942662,12559942269,0,0,393
6275,0,12561945013,12561944633,0,0,379
6276,0,12563946896,12563946553,0,0,342
6277,0,12565950348,12565949959,0,0,388
6278,0,12567952113,12567951737,0,0,376
6279,0,12569953823,12569953478,0,0,344
6280,0,12571955953,12571955592,0,0,361
6281,0,12573958501,12573958102,0,0,399
6282,0,12575960172,12575959796,0,0,375
6283,0,12577962876,12577962496,0,0,380
6284,0,12579965100,12579964732,0,0,368
6285,0,12581967834,12581967438,0,0,396
6286,0,12583970543,12583970155,0,0,388
6287,0,12585971563,12585971193,0,0,369
6288,0,12587975386,12587975021,0,0,365
6289,0,12589978329,12589977967,0,0,361
6290,0,12591978677,12591978310,0,0,366
6291,0,12593980701,12593980310,0,0,391
6292,0,12595982831,12595982448,0,0,382
6293,0,12597986415,12597986040,0,0,374
6294,0,12599987024,12599986653,0,0,371
6295,0,12601990764,12601990395,0,0,369
6296,0,12603991804,12603991459,0,0,345
6297,0,12605994166,12605993784,0,0,382
6298,0,12607996139,12607995794,0,0,345
6299,0,12609998287,12609997921,0,0,366
6300,0,12612000394,12612000069,0,0,324
6301,0,12614002819,12614002450,0,0,368
6302,0,12616005482,12616005127,0,0,355
6303,0,12618007248,12618006866,0,0,382
6304,0,12620010077,12620009691,0,0,386
6305,0,12622012781,12622012376,0,0,404
6306,0,12624014012,12624013584,0,0,427
6307,0,12626015781,12626015365,0,0,415
6308,0,12628017537,12628017130,0,0,406
6309,0,12630021031,12630020601,0,0,430
6310,0,12632022600,12632022180,0,0,419
6311,0,12634024912,12634024476,0,0,435
6312,0,12636027321,12636026904,0,0,417
6313,0,12638030385,12638029986,0,0,398
6314,0,12640032433,12640032023,0,0,410
6315,0,12642035003,12642034588,0,0,414
6316,0,12644036134,12644035723,0,0,411
6317,0,12646038984,12646038589,0,0,395
6318,0,12648040426,12648040017,0,0,409
6319,0,12650042460,12650042074,0,0,385
6320,0,12652043551,12652043168,0,0,383
6321,0,12654046157,12654045772,0,0,384
6322,0,12656049534,12656049128,0,0,405
6323,0,12658051404,12658050987,0,0,416
6324,0,12660054097,12660053690,0,0,406
6325,0,12662055705,12662055322,0,0,382
6326,0,12664057418,12664057012,0,0,406
6327,0,12666060140,12666059750,0,0,389
6328,0,12668061541,12668061167,0,0,374
6329,0,12670064689,12670064303,0,0,386
6330,0,12672066269,12672065851,0,0,417
6331,0,12674070364,12674069933,0,0,431
6332,0,12676071806,12676071392,0,0,414
6333,0,12678073937,12678073528,0,0,409
6334,0,12680076649,12680076244,0,0,404
6335,0,12682078713,12682078314,0,0,398
6336,0,12684080840,12684080428,0,0,412
6337,0,12686083346,12686082946,0,0,399
6338,0,12688085645,12688085249,0,0,395
6339,0,12690088206,12690087800,0,0,406
6340,0,12692090163,12692089797,0,0,366
6341,0,12694091591,12694091191,0,0,399
6342,0,12696093550,12696093141,0,0,409
6343,0,12698096308,12698095910,0,0,397
6344,0,12700097979,12700097597,0,0,382
6345,0,12702099818,12702099424,0,0,394
6346,0,12704103190,12704102800,0,0,389
6347,0,12706104840,12706104442,0,0,397
6348,0,12708107298,12708106930,0,0,368
6349,0,12710110588,12710110209,0,0,379
6350,0,12712112200,12712111769,0,0,431
6351,0,12714114160,12714113771,0,0,388
6352,0,12716115965,12716115586,0,0,379
6353,0,12718118748,12718118352,0,0,395
6354,0,12720121286,12720120873,0,0,413
6355,0,12722124522,12722124116,0,0,405
6356,0,12724125042,12724124647,0,0,394
6357,0,12726127730,12726127310,0,0,419
6358,0,12728129150,12728128760,0,0,389
6359,0,12730131767,12730131357,0,0,409
6360,0,12732133905,12732133489,0,0,415
6361,0,12734136245,12734135835,0,0,409
6362,0,12736138297,12736137901,0,0,396
6363,0,12738140653,12738140237,0,0,416
6364,0,12740143187,12740142808,0,0,379
6365,0,12742145141,12742144736,0,0,405
6366,0,12744148117,12744147707,0,0,409
6367,0,12746150731,12746150307,0,0,424
6368,0,12748152818,12748152429,0,0,388
6369,0,12750154286,12750153880,0,0,405
6370,0,12752156745,12752156337,0,0,407
6371,0,12754159712,12754159317,0,0,394
6372,0,12756161605,12756161240,0,0,364
6373,0,12758163438,12758163045,0,0,392
6374,0,12760165107,12760164721,0,0,386
6375,0,12762167948,12762167543,0,0,404
6376,0,12764169495,12764169099,0,0,395
6377,0,12766172090,12766171696,0,0,394
6378,0,12768173925,12768173541,0,0,384
6379,0,12770176301,12770175916,0,0,384
6380,0,12772178293,12772177905,0,0,387
6381,0,12774180158,12774179748,0,0,409
6382,0,12776181937,12776181521,0,0,415
6383,0,12778185408,12778185000,0,0,408
6384,0,12780187413,12780187056,0,0,356
6385,0,12782190187,12782189806,0,0,381
6386,0,12784193099,12784192709,0,0,390
6387,0,12786193725,12786193325,0,0,400
6388,0,12788195011,12788194624,0,0,387
6389,0,12790198600,12790198227,0,0,373
6390,0,12792200738,12792200341,0,0,396
6391,0,12794203341,12794202957,0,0,384
6392,0,12796204990,12796204633,0,0,357
6393,0,12798208462,12798208080,0,0,382
6394,0,12800209755,12800209356,0,0,399
6395,0,12802211105,12802210694,0,0,411
6396,0,12804213354,12804212961,0,0,392
6397,0,12806216139,12806215736,0,0,403
6398,0,12808218359,12808217956,0,0,403
6399,0,12810220535,12810220150,0,0,384
6400,0,12812222906,12812222550,0,0,355
6401,0,12814225383,12814225002,0,0,380
6402,0,12816226987,12816226597,0,0,389
6403,0,12818228831,12818228460,0,0,370
6404,0,12820233135,12820232786,0,0,349
6405,0,12822234285,12822233912,0,0,372
6406,0,12824236707,12824236319,0,0,388
6407,0,12826238429,12826238058,0,0,370
6408,0,12828240740,12828240384,0,0,355
6409,0,12830242972,12830242626,0,0,346
6410,0,12832244797,12832244418,0,0,379
6411,0,12834247680,12834247272,0,0,408
6412,0,12836249444,12836249098,0,0,346
6413,0,12838252838,12838252456,0,0,382
6414,0,12840254858,12840254476,0,0,382
6415,0,12842256022,12842255646,0,0,376
6416,0,12844259327,12844258940,0,0,386
6417,0,12846261950,12846261549,0,0,400
6418,0,12848263352,12848262976,0,0,375
6419,0,12850265618,12850265225,0,0,393
6420,0,12852267871,12852267519,0,0,352
6421,0,12854269769,12854269386,0,0,382
6422,0,12856272249,12856271847,0,0,401
6423,0,12858274994,12858274617,0,0,376
6424,0,12860276692,12860276346,0,0,346
6425,0,12862278614,12862278233,0,0,381
6426,0,12864280930,12864280558,0,0,372
6427,0,12866282878,12866282478,0,0,400
6428,0,12868285341,12868284948,0,0,393
6429,0,12870287800,12870287408,0,0,391
6430,0,12872290357,12872289982,0,0,375
6431,0,12874291593,12874291220,0,0,372
6432,0,12876293995,12876293635,0,0,359
6433,0,12878297102,12878296728,0,0,374
6434,0,12880299547,12880299143,0,0,404
6435,0,12882300858,12882300475,0,0,382
6436,0,12884303070,12884302689,0,0,380
6437,0,12886304867,12886304465,0,0,402
6438,0,12888306535,12888306146,0,0,388
6439,0,12890309714,12890309321,0,0,393
6440,0,12892312157,12892311768,0,0,388
6441,0,12894315839,12894315452,0,0,386
6442,0,12896317263,12896316870,0,0,393
6443,0,12898320284,12898319896,0,0,387
6444,0,12900320878,12900320505,0,0,373
6445,0,12902322998,12902322606,0,0,391
6446,0,12904325112,12904324727,0,0,385
6447,0,12906328087,12906327697,0,0,389
6448,0,12908329997,12908329605,0,0,392
6449,0,12910332318,12910331935,0,0,382
6450,0,12912334174,12912333770,0,0,404
6451,0,12914336283,12914335865,0,0,417
6452,0,12916338636,12916338218,0,0,417
6453,0,12918340855,12918340442,0,0,412
6454,0,12920343235,12920342826,0,0,408
6455,0,12922345206,12922344811,0,0,395
6456,0,12924348028,12924347637,0,0,391
6457,0,12926349991,12926349595,0,0,396
6458,0,12928351858,12928351458,0,0,400
6459,0,12930355194,12930354777,0,0,416
6460,0,12932356222,12932355840,0,0,382
6461,0,12934358678,12934358278,0,0,399
6462,0,12936361283,12936360882,0,0,400
6463,0,12938363132,12938362726,0,0,406
6464,0,12940365680,12940365272,0,0,407
6465,0,12942367408,12942367024,0,0,383
6466,0,12944369601,12944369217,0,0,384
6467,0,12946373388,12946373002,0,0,386
6468,0,12948375179,12948374820,0,0,359
6469,0,12950376510,12950376154,0,0,355
6470,0,12952379171,12952378798,0,0,373
6471,0,12954381468,12954381072,0,0,395
6472,0,12956383184,12956382848,0,0,336
6473,0,12958385418,12958385029,0,0,388
6474,0,12960387469,12960387059,0,0,409
6475,0,12962389874,12962389460,0,0,413
6476,0,12964391833,12964391438,0,0,395
6477,0,12966394703,12966394308,0,0,395
6478,0,12968395489,12968395096,0,0,392
6479,0,12970398373,12970397973,0,0,399
6480,0,12972400485,12972400115,0,0,369
6481,0,12974403369,12974402964,0,0,405
6482,0,12976405232,12976404826,0,0,405
6483,0,12978407379,12978406980,0,0,399
6484,0,12980409443,12980409071,0,0,372
6485,0,12982411968,12982411569,0,0,399
6486,0,12984414070,12984413681,0,0,388
6487,0,12986416586,12986416173,0,0,413
6488,0,12988418844,12988418493,0,0,351
6489,0,12990420984,12990420604,0,0,379
6490,0,12992422896,12992422516,0,0,379
6491,0,12994425307,12994424907,0,0,399
6492,0,12996427869,12996427517,0,0,352
6493,0,12998431155,12998430774,0,0,381
6494,0,13000432231,13000431838,0,0,393
6495,0,13002435194,13002434817,0,0,376
6496,0,13004436629,13004436217,0,0,411
6497,0,13006438391,13006437986,0,0,405
6498,0,13008441004,13008440621,0,0,382
6499,0,13010443773,13010443368,0,0,404
6500,0,13012445278,13012444896,0,0,382
6501,0,13014447656,13014447263,0,0,393
6502,0,13016449741,13016449337,0,0,404
6503,0,13018452272,13018451866,0,0,406
6504,0,13020454199,13020453826,0,0,373
6505,0,13022456662,13022456273,0,0,388
6506,0,13024458476,13024458087,0,0,388
6507,0,13026460946,13026460539,0,0,407
6508,0,13028463038,13028462673,0,0,365
6509,0,13030465715,13030465334,0,0,381
6510,0,13032467730,13032467315,0,0,414
6511,0,13034470077,13034469681,0,0,395
6512,0,13036472046,13036471670,0,0,375
6513,0,13038474588,13038474202,0,0,386
6514,0,13040477802,13040477409,0,0,393
6515,0,13042478465,13042478048,0,0,416
6516,0,13044481317,13044480935,0,0,382
6517,0,13046483633,13046483236,0,0,397
6518,0,13048485910,13048485516,0,0,393
6519,0,13050487973,13050487577,0,0,395
6520,0,13052490259,13052489894,0,0,365
6521,0,13054492402,13054492027,0,0,374
6522,0,13056494943,13056494550,0,0,393
6523,0,13058497352,13058496963,0,0,388
6524,0,13060498419,13060498046,0,0,373
6525,0,13062501620,13062501247,0,0,372
6526,0,13064503527,13064503141,0,0,386
6527,0,13066505011,13066504595,0,0,415
6528,0,13068506474,13068506098,0,0,376
6529,0,13070509714,13070509333,0,0,380
6530,0,13072511993,13072511608,0,0,384
6531,0,13074514734,13074514332,0,0,402
6532,0,13076517934,13076517575,0,0,359
6533,0,13078518868,13078518474,0,0,393
6534,0,13080521339,13080520966,0,0,373
6535,0,13082523604,13082523208,0,0,395
6536,0,13084525698,13084525321,0,0,377
6537,0,13086527153,13086526770,0,0,383
6538,0,13088528498,13088528116,0,0,381
6539,0,13090531794,13090531402,0,0,391
6540,0,13092533501,13092533173,0,0,327
6541,0,13094536478,13094536116,0,0,361
6542,0,13096538683,13096538310,0,0,373
6543,0,13098543244,13098542882,0,0,361
6544,0,13100545505,13100545151,0,0,354
6545,0,13102546816,13102546447,0,0,368
6546,0,13104548780,13104548404,0,0,376
6547,0,13106551346,13106550952,0,0,393
6548,0,13108552596,13108552206,0,0,389
6549,0,13110554624,13110554249,0,0,375
6550,0,13112558225,13112557832,0,0,393
6551,0,13114559849,13114559462,0,0,387
6552,0,13116561113,13116560739,0,0,373
6553,0,13118563277,13118562869,0,0,407
6554,0,13120565765,13120565368,0,0,396
6555,0,13122568028,13122567616,0,0,411
6556,0,13124570027,13124569616,0,0,411
6557,0,13126571980,13126571577,0,0,402
6558,0,13128573440,13128573041,0,0,399
6559,0,13130576517,13130576108,0,0,408
6560,0,13132579001,13132578615,0,0,386
6561,0,13134581131,13134580749,0,0,382
6562,0,13136583244,13136582862,0,0,381
6563,0,13138585789,13138585370,0,0,419
6564,0,13140587990,13140587597,0,0,392
6565,0,13142589965,13142589574,0,0,391
6566,0,13144592191,13144591774,0,0,416
6567,0,13146593937,13146593545,0,0,391
6568,0,13148595469,13148595074,0,0,395
6569,0,13150599705,13150599327,0,0,377
6570,0,13152601559,13152601140,0,0,418
6571,0,13154603171,13154602752,0,0,419
6572,0,13156604507,13156604130,0,0,376
6573,0,13158607414,13158607004,0,0,409
6574,0,13160608590,13160608208,0,0,381
6575,0,13162611810,13162611411,0,0,399
6576,0,13164613222,13164612817,0,0,404
6577,0,13166616653,13166616244,0,0,408
6578,0,13168619112,13168618725,0,0,387
6579,0,13170620554,13170620144,0,0,409
6580,0,13172621898,13172621483,0,0,415
6581,0,13174624730,13174624337,0,0,393
6582,0,13176627794,13176627395,0,0,398
6583,0,13178629721,13178629305,0,0,416
6584,0,13180631815,13180631434,0,0,380
6585,0,13182633596,13182633205,0,0,391
6586,0,13184636414,13184636002,0,0,412
6587,0,13186638954,13186638559,0,0,395
6588,0,13188641058,13188640674,0,0,383
6589,0,13190643368,13190642987,0,0,380
6590,0,13192646289,13192645878,0,0,411
6591,0,13194647506,13194647101,0,0,404
6592,0,13196650169,13196649825,0,0,343
6593,0,13198653397,13198653017,0,0,379
6594,0,13200655266,13200654883,0,0,382
6595,0,13202658444,13202658049,0,0,394
6596,0,13204659439,13204659062,0,0,376
6597,0,13206659954,13206659561,0,0,392
6598,0,13208663004,13208662622,0,0,382
6599,0,13210665409,13210665000,0,0,408
6600,0,13212667553,13212667154,0,0,399
6601,0,13214670220,13214669838,0,0,382
6602,0,13216671822,13216671429,0,0,393
6603,0,13218673598,13218673183,0,0,415
6604,0,13220676851,13220676432,0,0,419
6605,0,13222679826,13222679438,0,0,388
6606,0,13224680654,13224680263,0,0,391
6607,0,13226682190,13226681783,0,0,406
6608,0,13228685584,13228685202,0,0,382
6609,0,13230687504,13230687122,0,0,382
6610,0,13232690127,13232689766,0,0,361
6611,0,13234692438,13234692020,0,0,417
6612,0,13236694656,13236694279,0,0,376
6613,0,13238696536,13238696139,0,0,396
6614,0,13240698672,13240698306,0,0,366
6615,0,13242701647,13242701245,0,0,402
6616,0,13244703400,13244703002,0,0,397
6617,0,13246705530,13246705149,0,0,380
6618,0,13248707616,13248707211,0,0,404
6619,0,13250710655,13250710242,0,0,412
6620,0,13252712417,13252712047,0,0,370
6621,0,13254714740,13254714343,0,0,397
6622,0,13256717566,13256717169,0,0,397
6623,0,13258719668,13258719258,0,0,410
6624,0,13260719838,13260719480,0,0,358
6625,0,13262723504,13262723122,0,0,382
6626,0,13264725453,13264725077,0,0,376
6627,0,13266728332,13266727924,0,0,408
6628,0,13268729840,13268729465,0,0,374
6629,0,13270732337,13270731937,0,0,399
6630,0,13272734585,13272734192,0,0,393
6631,0,13274736901,13274736471,0,0,430
6632,0,13276738972,13276738606,0,0,365
6633,0,13278740922,13278740523,0,0,398
6634,0,13280743300,13280742898,0,0,402
6635,0,13282745685,13282745265,0,0,419
6636,0,13284747676,13284747311,0,0,365
6637,0,13286750209,13286749821,0,0,388
6638,0,13288752164,13288751780,0,0,384
6639,0,13290755238,13290754822,0,0,415
6640,0,13292757211,13292756802,0,0,409
6641,0,13294760653,13294760284,0,0,368
6642,0,13296762810,13296762422,0,0,387
6643,0,13298765804,13298765384,0,0,419
6644,0,13300765788,13300765380,0,0,407
6645,0,13302768059,13302767658,0,0,400
6646,0,13304770036,13304769625,0,0,411
6647,0,13306772186,13306771781,0,0,405
6648,0,13308774218,13308773829,0,0,388
6649,0,13310776520,13310776136,0,0,384
6650,0,13312779670,13312779247,0,0,423
6651,0,13314781956,13314781523,0,0,433
6652,0,13316784492,13316784066,0,0,425
6653,0,13318785665,13318785220,0,0,444
6654,0,13320788196,13320787768,0,0,427
6655,0,13322789956,13322789534,0,0,421
6656,0,13324792471,13324792074,0,0,396
6657,0,13326794398,13326793985,0,0,413
6658,0,13328796867,13328796471,0,0,395
6659,0,13330799222,13330798802,0,0,420
6660,0,13332802662,13332802278,0,0,384
6661,0,13334803863,13334803471,0,0,391
6662,0,13336806025,13336805635,0,0,390
6663,0,13338808141,13338807718,0,0,422
6664,0,13340810298,13340809932,0,0,365
6665,0,13342812419,13342812056,0,0,362
6666,0,13344814576,13344814206,0,0,369
6667,0,13346816596,13346816187,0,0,408
6668,0,13348819370,13348818991,0,0,379
6669,0,13350821887,13350821501,0,0,386
6670,0,13352824592,13352824184,0,0,407
6671,0,13354825550,13354825164,0,0,385
6672,0,13356829044,13356828656,0,0,388
6673,0,13358830883,13358830512,0,0,370
6674,0,13360832842,13360832460,0,0,382
6675,0,13362834802,13362834400,0,0,401
6676,0,13364837183,13364836817,0,0,366
6677,0,13366839264,13366838880,0,0,383
6678,0,13368842516,13368842133,0,0,382
6679,0,13370843743,13370843348,0,0,395
6680,0,13372845811,13372845447,0,0,363
6681,0,13374847832,13374847459,0,0,373
6682,0,13376850060,13376849683,0,0,376
6683,0,13378852384,13378851979,0,0,404
6684,0,13380854541,13380854168,0,0,373
6685,0,13382856709,13382856306,0,0,402
6686,0,13384859505,13384859119,0,0,386
6687,0,13386861627,13386861226,0,0,400
6688,0,13388864188,13388863807,0,0,380
6689,0,13390867193,13390866795,0,0,398
6690,0,13392868323,13392867919,0,0,404
6691,0,13394870404,13394869973,0,0,431
6692,0,13396872687,13396872301,0,0,386
6693,0,13398875894,13398875490,0,0,403
6694,0,13400876956,13400876562,0,0,393
6695,0,13402879737,13402879315,0,0,422
6696,0,13404882212,13404881835,0,0,377
6697,0,13406883462,13406883080,0,0,381
6698,0,13408885627,13408885243,0,0,384
6699,0,13410887759,13410887345,0,0,414
6700,0,13412890701,13412890312,0,0,388
6701,0,13414893039,13414892651,0,0,387
6702,0,13416894348,13416893973,0,0,375
6703,0,13418896606,13418896188,0,0,417
6704,0,13420898231,13420897827,0,0,404
6705,0,13422901472,13422901071,0,0,400
6706,0,13424903492,13424903110,0,0,381
6707,0,13426905588,13426905193,0,0,395
6708,0,13428907812,13428907436,0,0,375
6709,0,13430910142,13430909765,0,0,377
6710,0,13432912117,13432911725,0,0,392
6711,0,13434914426,13434914037,0,0,388
6712,0,13436917054,13436916701,0,0,352
6713,0,13438919202,13438918835,0,0,366
6714,0,13440921603,13440921231,0,0,371
6715,0,13442925366,13442924976,0,0,389
6716,0,13444926842,13444926485,0,0,357
6717,0,13446928290,13446927903,0,0,387
6718,0,13448930596,13448930214,0,0,382
6719,0,13450932043,13450931660,0,0,382
6720,0,13452933945,13452933582,0,0,363
6721,0,13454937186,13454936833,0,0,352
6722,0,13456938778,13456938402,0,0,376
6723,0,13458941903,13458941506,0,0,397
6724,0,13460943612,13460943271,0,0,340
6725,0,13462945930,13462945537,0,0,393
6726,0,13464948498,13464948116,0,0,381
6727,0,13466950534,13466950130,0,0,404
6728,0,13468952655,13468952290,0,0,364
6729,0,13470955140,13470954761,0,0,379
6730,0,13472956635,13472956251,0,0,384
6731,0,13474959256,13474958841,0,0,414
6732,0,13476961329,13476960957,0,0,372
6733,0,13478964525,13478964138,0,0,387
6734,0,13480966164,13480965780,0,0,383
6735,0,13482967510,13482967105,0,0,404
6736,0,13484969432,13484969034,0,0,397
6737,0,13486973153,13486972746,0,0,407
6738,0,13488974865,13488974525,0,0,340
6739,0,13490977332,13490976953,0,0,379
6740,0,13492979421,13492979055,0,0,366
6741,0,13494982062,13494981678,0,0,384
6742,0,13496983664,13496983251,0,0,412
6743,0,13498986800,13498986388,0,0,411
6744,0,13500987615,13500987234,0,0,380
6745,0,13502989548,13502989148,0,0,400
6746,0,13504992236,13504991850,0,0,386
6747,0,13506995243,13506994860,0,0,382
6748,0,13508997780,13508997402,0,0,377
6749,0,13511000029,13510999646,0,0,382
6750,0,13513001446,13513001067,0,0,379
6751,0,13515004991,13515004585,0,0,405
6752,0,13517005950,13517005584,0,0,366
6753,0,13519008400,13519008044,0,0,355
6754,0,13521009970,13521009570,0,0,399
6755,0,13523013773,13523013400,0,0,372
6756,0,13525015907,13525015544,0,0,362
6757,0,13527017164,13527016778,0,0,386
6758,0,13529019260,13529018860,0,0,400
6759,0,13531021456,13531021034,0,0,421
6760,0,13533023829,13533023431,0,0,397
6761,0,13535025844,13535025442,0,0,401
6762,0,13537028184,13537027789,0,0,395
6763,0,13539030172,13539029765,0,0,406
6764,0,13541033327,13541032952,0,0,374
6765,0,13543035898,13543035482,0,0,415
6766,0,13545037051,13545036664,0,0,387
6767,0,13547039119,13547038707,0,0,411
6768,0,13549041433,13549041042,0,0,391
6769,0,13551044988,13551044601,0,0,387
6770,0,13553046510,13553046107,0,0,402
6771,0,13555048632,13555048256,0,0,375
6772,0,13557050275,13557049858,0,0,416
6773,0,13559053101,13559052705,0,0,395
6774,0,13561055579,13561055165,0,0,413
6775,0,13563058153,13563057748,0,0,405
6776,0,13565059930,13565059523,0,0,407
6777,0,13567062632,13567062229,0,0,402
6778,0,13569064491,13569064112,0,0,378
6779,0,13571067101,13571066694,0,0,406
6780,0,13573068229,13573067835,0,0,393
6781,0,13575070589,13575070194,0,0,395
6782,0,13577073341,13577072943,0,0,398
6783,0,13579074745,13579074325,0,0,419
6784,0,13581077208,13581076815,0,0,392
6785,0,13583079653,13583079287,0,0,365
6786,0,13585081690,13585081307,0,0,382
6787,0,13587084978,13587084575,0,0,402
6788,0,13589086101,13589085736,0,0,365
6789,0,13591088433,13591088050,0,0,382
6790,0,13593090648,13593090236,0,0,411
6791,0,13595093119,13595092713,0,0,405
6792,0,13597095136,13597094743,0,0,392
6793,0,13599098313,13599097907,0,0,406
6794,0,13601099204,13601098786,0,0,417
6795,0,13603101711,13603101275,0,0,435
6796,0,13605103554,13605103152,0,0,402
6797,0,13607105996,13607105584,0,0,412
6798,0,13609108319,13609107921,0,0,397
6799,0,13611110262,13611109845,0,0,416
6800,0,13613113170,13613112806,0,0,364
6801,0,13615114544,13615114152,0,0,391
6802,0,13617116608,13617116223,0,0,384
6803,0,13619119199,13619118818,0,0,380
6804,0,13621121672,13621121315,0,0,357
6805,0,13623123770,13623123398,0,0,371
6806,0,13625127208,13625126835,0,0,372
6807,0,13627128196,13627127786,0,0,409
6808,0,13629129950,13629129602,0,0,348
6809,0,13631131537,13631131172,0,0,364
6810,0,13633135144,13633134782,0,0,361
6811,0,13635136603,13635136212,0,0,391
6812,0,13637138055,13637137712,0,0,343
6813,0,13639141770,13639141377,0,0,393
6814,0,13641144087,13641143689,0,0,397
6815,0,13643145970,13643145601,0,0,368
6816,0,13645148385,13645148021,0,0,364
6817,0,13647151307,13647150905,0,0,402
6818,0,13649153795,13649153384,0,0,410
6819,0,13651154995,13651154570,0,0,425
6820,0,13653157328,13653156947,0,0,380
6821,0,13655159341,13655158927,0,0,414
6822,0,13657161860,13657161456,0,0,404
6823,0,13659163692,13659163278,0,0,413
6824,0,13661166977,13661166591,0,0,386
6825,0,13663168224,13663167844,0,0,379
6826,0,13665170521,13665170112,0,0,409
6827,0,13667173012,13667172597,0,0,414
6828,0,13669175248,13669174841,0,0,406
6829,0,13671177077,13671176710,0,0,367
6830,0,13673179443,13673179024,0,0,418
6831,0,13675181909,13675181516,0,0,393
6832,0,13677183656,13677183247,0,0,409
6833,0,13679185944,13679185588,0,0,356
6834,0,13681188514,13681188168,0,0,345
6835,0,13683190396,13683189986,0,0,409
6836,0,13685192328,13685191937,0,0,391
6837,0,13687193898,13687193505,0,0,393
6838,0,13689196694,13689196314,0,0,379
6839,0,13691198078,13691197672,0,0,406
6840,0,13693200065,13693199709,0,0,355
6841,0,13695202764,13695202371,0,0,393
6842,0,13697206706,13697206305,0,0,400
6843,0,13699209494,13699209085,0,0,409
6844,0,13701210298,13701209911,0,0,387
6845,0,13703212325,13703211928,0,0,397
6846,0,13705213905,13705213504,0,0,401
6847,0,13707217155,13707216757,0,0,397
6848,0,13709219299,13709218926,0,0,373
6849,0,13711221720,13711221329,0,0,391
6850,0,13713223888,13713223517,0,0,370
6851,0,13715227094,13715226708,0,0,385
6852,0,13717228910,13717228546,0,0,364
6853,0,13719229483,13719229079,0,0,403
6854,0,13721232425,13721232054,0,0,370
6855,0,13723234584,13723234218,0,0,365
6856,0,13725236141,13725235748,0,0,392
6857,0,13727239705,13727239318,0,0,386
6858,0,13729241694,13729241287,0,0,406
6859,0,13731244564,13731244185,0,0,379
6860,0,13733246510,13733246144,0,0,365
6861,0,13735248988,13735248579,0,0,409
6862,0,13737249644,13737249258,0,0,386
6863,0,13739252808,13739252420,0,0,388
6864,0,13741254560,13741254176,0,0,384
6865,0,13743256194,13743255790,0,0,404
6866,0,13745259437,13745259038,0,0,399
6867,0,13747262080,13747261674,0,0,406
6868,0,13749264257,13749263872,0,0,384
6869,0,13751266690,13751266296,0,0,394
6870,0,13753267991,13753267573,0,0,417
6871,0,13755270449,13755270041,0,0,407
6872,0,13757272802,13757272440,0,0,361
6873,0,13759275040,13759274640,0,0,399
6874,0,13761277482,13761277083,0,0,399
6875,0,13763279510,13763279114,0,0,395
6876,0,13765282071,13765281688,0,0,382
6877,0,13767284026,13767283615,0,0,411
6878,0,13769287061,13769286688,0,0,373
6879,0,13771290325,13771289926,0,0,399
6880,0,13773290547,13773290185,0,0,361
6881,0,13775293539,13775293168,0,0,370
6882,0,13777295825,13777295417,0,0,407
6883,0,13779297705,13779297317,0,0,387
6884,0,13781299239,13781298878,0,0,361
6885,0,13783302189,13783301782,0,0,406
6886,0,13785304155,13785303773,0,0,382
6887,0,13787305953,13787305570,0,0,382
6888,0,13789308460,13789308099,0,0,361
6889,0,13791311042,13791310653,0,0,389
6890,0,13793312755,13793312357,0,0,397
6891,0,13795315462,13795315067,0,0,395
6892,0,13797317548,13797317193,0,0,354
6893,0,13799321224,13799320817,0,0,406
6894,0,13801321800,13801321417,0,0,382
6895,0,13803323862,13803323462,0,0,399
6896,0,13805326123,13805325758,0,0,365
6897,0,13807330305,13807329908,0,0,396
6898,0,13809332212,13809331855,0,0,357
6899,0,13811334101,13811333734,0,0,366
6900,0,13813335099,13813334721,0,0,377
6901,0,13815338034,13815337651,0,0,383
6902,0,13817340346,13817339983,0,0,363
6903,0,13819342089,13819341714,0,0,374
6904,0,13821343710,13821343334,0,0,375
6905,0,13823346864,13823346480,0,0,384
6906,0,13825348651,13825348274,0,0,377
6907,0,13827350584,13827350215,0,0,368
6908,0,13829353139,13829352773,0,0,366
6909,0,13831354730,13831354337,0,0,393
6910,0,13833356318,13833355926,0,0,391
6911,0,13835359188,13835358803,0,0,385
6912,0,13837360731,13837360355,0,0,376
6913,0,13839363518,13839363130,0,0,388
6914,0,13841364773,13841364408,0,0,364
6915,0,13843369155,13843368757,0,0,397
6916,0,13845372178,13845371804,0,0,373
6917,0,13847372819,13847372432,0,0,386
6918,0,13849374628,13849374260,0,0,367
6919,0,13851376552,13851376195,0,0,357
6920,0,13853379716,13853379353,0,0,362
6921,0,13855382321,13855381928,0,0,393
6922,0,13857384114,13857383707,0,0,406
6923,0,13859386569,13859386173,0,0,396
6924,0,13861388402,13861388009,0,0,392
6925,0,13863391000,13863390602,0,0,398
6926,0,13865392921,13865392538,0,0,382
6927,0,13867395455,13867395076,0,0,378
6928,0,13869397831,13869397438,0,0,392
6929,0,13871399653,13871399271,0,0,382
6930,0,13873402296,13873401931,0,0,364
6931,0,13875404409,13875404020,0,0,388
6932,0,13877406700,13877406335,0,0,364
6933,0,13879410543,13879410141,0,0,402
6934,0,13881411286,13881410892,0,0,394
6935,0,13883413358,13883412964,0,0,393
6936,0,13885415033,13885414681,0,0,352
6937,0,13887417570,13887417197,0,0,373
6938,0,13889419340,13889418954,0,0,386
6939,0,13891421243,13891420864,0,0,379
6940,0,13893423006,13893422631,0,0,374
6941,0,13895426327,13895425953,0,0,373
6942,0,13897428608,13897428233,0,0,375
6943,0,13899432886,13899432493,0,0,393
6944,0,13901434080,13901433691,0,0,389
6945,0,13903435281,13903434882,0,0,399
6946,0,13905437227,13905436823,0,0,404
6947,0,13907439308,13907438892,0,0,416
6948,0,13909440759,13909440380,0,0,378
6949,0,13911444058,13911443644,0,0,413
6950,0,13913446677,13913446279,0,0,397
6951,0,13915448466,13915448055,0,0,411
6952,0,13917451643,13917451278,0,0,364
6953,0,13919453049,13919452680,0,0,368
6954,0,13921454918,13921454523,0,0,394
6955,0,13923456865,13923456474,0,0,391
6956,0,13925458400,13925458033,0,0,366
6957,0,13927461519,13927461128,0,0,391
6958,0,13929463002,13929462615,0,0,386
6959,0,13931465796,13931465413,0,0,382
6960,0,13933467062,13933466687,0,0,374
6961,0,13935469755,13935469370,0,0,384
6962,0,13937473119,13937472747,0,0,372
6963,0,13939474939,13939474514,0,0,424
6964,0,13941477146,13941476748,0,0,398
6965,0,13943479970,13943479555,0,0,415
6966,0,13945481521,13945481117,0,0,403
6967,0,13947484501,13947484094,0,0,407
6968,0,13949486175,13949485777,0,0,397
6969,0,13951488691,13951488270,0,0,420
6970,0,13953491744,13953491351,0,0,393
6971,0,13955493157,13955492727,0,0,430
6972,0,13957495168,13957494787,0,0,381
6973,0,13959497803,13959497382,0,0,421
6974,0,13961499741,13961499330,0,0,410
6975,0,13963502191,13963501776,0,0,415
6976,0,13965504031,13965503644,0,0,387
6977,0,13967506485,13967506062,0,0,423
6978,0,13969508325,13969507920,0,0,405
6979,0,13971511812,13971511417,0,0,395
6980,0,13973514311,13973513929,0,0,382
6981,0,13975515723,13975515315,0,0,407
6982,0,13977517465,13977517065,0,0,400
6983,0,13979520151,13979519740,0,0,411
6984,0,13981521915,13981521561,0,0,353
6985,0,13983524158,13983523760,0,0,397
6986,0,13985526263,13985525859,0,0,404
6987,0,13987528581,13987528175,0,0,405
6988,0,13989531668,13989531272,0,0,395
6989,0,13991533304,13991532878,0,0,426
6990,0,13993535240,13993534834,0,0,406
6991,0,13995537083,13995536692,0,0,391
6992,0,13997538324,13997537920,0,0,404
6993,0,13999543670,13999543274,0,0,395
6994,0,14001544397,14001544029,0,0,367
6995,0,14003546385,14003545969,0,0,415
6996,0,14005548299,14005547928,0,0,371
6997,0,14007550730,14007550355,0,0,374
6998,0,14009553604,14009553205,0,0,399
6999,0,14011555795,14011555386,0,0,408
7000,0,14013557728,14013557346,0,0,382
7001,0,14015560349,14015559943,0,0,406
7002,0,14017562106,14017561723,0,0,383
7003,0,14019564463,14019564051,0,0,411
7004,0,14021566680,14021566274,0,0,406
7005,0,14023568875,14023568476,0,0,398
7006,0,14025572221,14025571833,0,0,387
7007,0,14027573221,14027572819,0,0,402
7008,0,14029575594,14029575226,0,0,367
7009,0,14031577435,14031577040,0,0,395
7010,0,14033579721,14033579352,0,0,368
7011,0,14035583253,14035582861,0,0,392
7012,0,14037585420,14037585055,0,0,365
7013,0,14039586307,14039585901,0,0,406
7014,0,14041588956,14041588548,0,0,407
7015,0,14043590770,14043590384,0,0,386
7016,0,14045593068,14045592679,0,0,388
7017,0,14047595314,14047594918,0,0,396
7018,0,14049597362,14049596957,0,0,404
7019,0,14051600358,14051599952,0,0,405
7020,0,14053602116,14053601719,0,0,396
7021,0,14055604139,14055603752,0,0,387
7022,0,14057606440,14057606036,0,0,403
7023,0,14059608578,14059608191,0,0,386
7024,0,14061610903,14061610528,0,0,375
7025,0,14063614211,14063613831,0,0,379
7026,0,14065615586,14065615211,0,0,375
7027,0,14067617617,14067617214,0,0,402
7028,0,14069619227,14069618847,0,0,380
7029,0,14071620719,14071620350,0,0,369
7030,0,14073624179,14073623810,0,0,369
7031,0,14075626393,14075626017,0,0,376
7032,0,14077627972,14077627616,0,0,355
7033,0,14079630720,14079630335,0,0,384
7034,0,14081633819,14081633444,0,0,375
7035,0,14083636557,14083636178,0,0,379
7036,0,14085637429,14085637048,0,0,380
7037,0,14087639568,14087639189,0,0,379
7038,0,14089641374,14089640988,0,0,385
7039,0,14091643830,14091643429,0,0,400
7040,0,14093645186,14093644821,0,0,364
7041,0,14095649377,14095649006,0,0,370
7042,0,14097650584,14097650206,0,0,377
7043,0,14099655726,14099655341,0,0,385
7044,0,14101655460,14101655088,0,0,371
7045,0,14103657672,14103657290,0,0,382
7046,0,14105660550,14105660179,0,0,370
7047,0,14107663512,14107663146,0,0,366
7048,0,14109664790,14109664433,0,0,356
7049,0,14111667252,14111666881,0,0,370
7050,0,14113669676,14113669291,0,0,384
7051,0,14115671374,14115670983,0,0,391
7052,0,14117672910,14117672549,0,0,360
7053,0,14119675638,14119675258,0,0,379
7054,0,14121678213,14121677840,0,0,372
7055,0,14123680184,14123679811,0,0,373
7056,0,14125683328,14125682973,0,0,355
7057,0,14127685948,14127685567,0,0,380
7058,0,14129686491,14129686135,0,0,355
7059,0,14131688732,14131688339,0,0,392
7060,0,14133690492,14133690119,0,0,373
7061,0,14135692761,14135692359,0,0,402
7062,0,14137694287,14137693894,0,0,393
7063,0,14139697689,14139697310,0,0,379
7064,0,14141699900,14141699512,0,0,387
7065,0,14143702117,14143701726,0,0,391
7066,0,14145704613,14145704216,0,0,397
7067,0,14147706249,14147705849,0,0,400
7068,0,14149708588,14149708216,0,0,371
7069,0,14151711262,14151710869,0,0,393
7070,0,14153713740,14153713341,0,0,399
7071,0,14155715573,14155715186,0,0,386
7072,0,14157717613,14157717235,0,0,377
7073,0,14159720280,14159719889,0,0,391
7074,0,14161721975,14161721574,0,0,400
7075,0,14163724671,14163724261,0,0,409
7076,0,14165726580,14165726175,0,0,405
7077,0,14167728764,14167728359,0,0,405
7078,0,14169730992,14169730613,0,0,379
7079,0,14171734086,14171733665,0,0,420
7080,0,14173735662,14173735280,0,0,382
7081,0,14175737802,14175737396,0,0,405
7082,0,14177740439,14177740022,0,0,417
7083,0,14179742625,14179742215,0,0,409
7084,0,14181744036,14181743660,0,0,375
7085,0,14183747090,14183746684,0,0,406
7086,0,14185748800,14185748400,0,0,400
7087,0,14187751402,14187751000,0,0,401
7088,0,14189753233,14189752833,0,0,400
7089,0,14191755896,14191755471,0,0,425
7090,0,14193758332,14193757948,0,0,383
7091,0,14195759712,14195759320,0,0,392
7092,0,14197762372,14197761969,0,0,402
7093,0,14199765474,14199765038,0,0,435
7094,0,14201766487,14201766062,0,0,424
7095,0,14203769232,14203768815,0,0,416
7096,0,14205770918,14205770542,0,0,375
7097,0,14207773091,14207772692,0,0,398
7098,0,14209776223,14209775824,0,0,398
7099,0,14211777660,14211777254,0,0,406
7100,0,14213779563,14213779173,0,0,390
7101,0,14215781065,14215780653,0,0,412
7102,0,14217784845,14217784442,0,0,402
7103,0,14219786461,14219786069,0,0,391
7104,0,14221788174,14221787825,0,0,348
7105,0,14223791134,14223790730,0,0,404
7106,0,14225793112,14225792732,0,0,380
7107,0,14227796171,14227795768,0,0,403
7108,0,14229797772,14229797397,0,0,375
7109,0,14231799781,14231799373,0,0,407
7110,0,14233803078,14233802707,0,0,370
7111,0,14235805442,14235805049,0,0,393
7112,0,14237806431,14237806062,0,0,368
7113,0,14239809649,14239809231,0,0,417
7114,0,14241812700,14241812287,0,0,413
7115,0,14243814339,14243813935,0,0,403
7116,0,14245816820,14245816435,0,0,384
7117,0,14247818392,14247818008,0,0,384
7118,0,14249819716,14249819321,0,0,395
7119,0,14251822204,14251821793,0,0,411
7120,0,14253824536,14253824179,0,0,357
7121,0,14255826793,14255826425,0,0,367
7122,0,14257829587,14257829220,0,0,367
7123,0,14259830901,14259830507,0,0,394
7124,0,14261833443,14261833078,0,0,365
7125,0,14263835430,14263835067,0,0,362
7126,0,14265837831,14265837455,0,0,376
7127,0,14267840471,14267840051,0,0,419
7128,0,14269841910,14269841526,0,0,384
7129,0,14271844748,14271844374,0,0,374
7130,0,14273846716,14273846332,0,0,383
7131,0,14275848846,14275848440,0,0,406
7132,0,14277851291,14277850893,0,0,397
7133,0,14279853746,14279853334,0,0,411
7134,0,14281857943,14281857528,0,0,415
7135,0,14283857719,14283857318,0,0,401
7136,0,14285860244,14285859903,0,0,341
7137,0,14287862671,14287862282,0,0,388
7138,0,14289864503,14289864099,0,0,404
7139,0,14291867617,14291867231,0,0,386
7140,0,14293869941,14293869598,0,0,343
7141,0,14295871277,14295870892,0,0,384
7142,0,14297873161,14297872780,0,0,381
7143,0,14299877130,14299876751,0,0,379
7144,0,14301877971,14301877626,0,0,344
7145,0,14303879704,14303879334,0,0,369
7146,0,14305881364,14305880975,0,0,389
7147,0,14307884166,14307883776,0,0,389
7148,0,14309885233,14309884892,0,0,341
7149,0,14311888216,14311887849,0,0,367
7150,0,14313890925,14313890536,0,0,389
7151,0,14315893701,14315893321,0,0,380
7152,0,14317896334,14317895942,0,0,391
7153,0,14319898289,14319897884,0,0,404
7154,0,14321900328,14321899934,0,0,393
7155,0,14323902426,14323902047,0,0,379
7156,0,14325904307,14325903921,0,0,386
7157,0,14327906716,14327906313,0,0,402
7158,0,14329908958,14329908584,0,0,374
7159,0,14331911525,14331911144,0,0,381
7160,0,14333913222,14333912856,0,0,366
7161,0,14335915278,14335914885,0,0,393
7162,0,14337917101,14337916728,0,0,373
7163,0,14339919497,14339919103,0,0,394
7164,0,14341921099,14341920727,0,0,372
7165,0,14343924006,14343923578,0,0,427
7166,0,14345925476,14345925094,0,0,381
7167,0,14347928615,14347928217,0,0,397
7168,0,14349930714,14349930358,0,0,356
7169,0,14351932981,14351932614,0,0,366
7170,0,14353934062,14353933683,0,0,379
7171,0,14355938136,14355937757,0,0,379
7172,0,14357940601,14357940226,0,0,375
7173,0,14359942083,14359941716,0,0,366
7174,0,14361945056,14361944654,0,0,401
7175,0,14363946581,14363946195,0,0,385
7176,0,14365948693,14365948317,0,0,375
7177,0,14367950957,14367950575,0,0,382
7178,0,14369953593,14369953229,0,0,364
7179,0,14371955354,14371954973,0,0,381
7180,0,14373957822,14373957480,0,0,342
7181,0,14375960077,14375959685,0,0,392
7182,0,14377962241,14377961858,0,0,383
7183,0,14379964104,14379963725,0,0,379
7184,0,14381967577,14381967213,0,0,363
7185,0,14383971049,14383970662,0,0,386
7186,0,14385971131,14385970739,0,0,392
7187,0,14387973402,14387973001,0,0,401
7188,0,14389975474,14389975107,0,0,367
7189,0,14391979225,14391978856,0,0,368
7190,0,14393980356,14393979972,0,0,384
7191,0,14395982319,14395981948,0,0,370
7192,0,14397984225,14397983847,0,0,378
7193,0,14399987957,14399987575,0,0,382
7194,0,14401989055,14401988691,0,0,364
7195,0,14403990912,14403990528,0,0,383
7196,0,14405992202,14405991836,0,0,365
7197,0,14407995352,14407994957,0,0,395
7198,0,14409998293,14409997911,0,0,382
7199,0,14411999941,14411999560,0,0,380
7200,0,14414003064,14414002653,0,0,411
7201,0,14416005860,14416005467,0,0,393
7202,0,14418006695,14418006319,0,0,375
7203,0,14420009008,14420008619,0,0,388
7204,0,14422011513,14422011150,0,0,362
7205,0,14424013487,14424013090,0,0,396
7206,0,14426015789,14426015406,0,0,382
7207,0,14428019200,14428018802,0,0,397
7208,0,14430019979,14430019597,0,0,381
7209,0,14432022670,14432022253,0,0,417
7210,0,14434024941,14434024501,0,0,439
7211,0,14436027159,14436026742,0,0,416
7212,0,14438028993,14438028606,0,0,386
7213,0,14440030879,14440030458,0,0,420
7214,0,14442032623,14442032202,0,0,421
7215,0,14444035148,14444034736,0,0,412
7216,0,14446036996,14446036609,0,0,386
7217,0,14448040117,14448039711,0,0,406
7218,0,14450042553,14450042164,0,0,388
7219,0,14452044594,14452044191,0,0,403
7220,0,14454046465,14454046058,0,0,406
7221,0,14456048085,14456047686,0,0,399
7222,0,14458050823,14458050409,0,0,413
7223,0,14460052148,14460051743,0,0,404
7224,0,14462054793,14462054404,0,0,388
7225,0,14464059698,14464059299,0,0,399
7226,0,14466059980,14466059607,0,0,373
7227,0,14468062564,14468062181,0,0,383
7228,0,14470064535,14470064169,0,0,366
7229,0,14472066545,14472066149,0,0,395
7230,0,14474068408,14474068008,0,0,399
7231,0,14476070876,14476070487,0,0,388
7232,0,14478072406,14478072026,0,0,379
7233,0,14480075642,14480075240,0,0,402
7234,0,14482077649,14482077263,0,0,386
7235,0,14484081417,14484081006,0,0,411
7236,0,14486083402,14486083020,0,0,382
7237,0,14488084493,14488084076,0,0,416
7238,0,14490086530,14490086117,0,0,413
7239,0,14492088669,14492088270,0,0,398
7240,0,14494090513,14494090114,0,0,399
7241,0,14496093473,14496093067,0,0,405
7242,0,14498095423,14498095034,0,0,388
7243,0,14500099243,14500098833,0,0,409
7244,0,14502100042,14502099669,0,0,373
7245,0,14504102417,14504102026,0,0,391
7246,0,14506104391,14506103997,0,0,393
7247,0,14508106667,14508106278,0,0,388
7248,0,14510109137,14510108748,0,0,388
7249,0,14512111963,14512111557,0,0,406
7250,0,14514113177,14514112795,0,0,382
7251,0,14516114561,14516114149,0,0,411
7252,0,14518117905,14518117525,0,0,379
7253,0,14520120434,14520120034,0,0,400
7254,0,14522122395,14522122014,0,0,380
7255,0,14524124408,14524124015,0,0,393
7256,0,14526125614,14526125218,0,0,395
7257,0,14528128915,14528128516,0,0,399
7258,0,14530131125,14530130737,0,0,388
7259,0,14532133366,14532132975,0,0,390
7260,0,14534135856,14534135469,0,0,386
7261,0,14536138024,14536137645,0,0,379
7262,0,14538140346,14538139953,0,0,392
7263,0,14540142363,14540141964,0,0,399
7264,0,14542144531,14542144160,0,0,370
7265,0,14544146766,14544146388,0,0,377
7266,0,14546148885,14546148500,0,0,384
7267,0,14548152112,14548151733,0,0,379
7268,0,14550154608,14550154255,0,0,352
7269,0,14552155999,14552155614,0,0,384
7270,0,14554157761,14554157396,0,0,365
7271,0,14556160498,14556160119,0,0,379
7272,0,14558162571,14558162192,0,0,379
7273,0,14560164565,14560164202,0,0,362
7274,0,14562166658,14562166286,0,0,372
7275,0,14564168942,14564168564,0,0,378
7276,0,14566171348,14566170979,0,0,368
7277,0,14568173721,14568173338,0,0,382
7278,0,14570175720,14570175347,0,0,373
7279,0,14572178566,14572178202,0,0,364
7280,0,14574181487,14574181103,0,0,384
7281,0,14576182285,14576181916,0,0,368
7282,0,14578184407,14578184023,0,0,384
7283,0,14580186793,14580186395,0,0,398
7284,0,14582189519,14582189110,0,0,408
7285,0,14584191635,14584191218,0,0,416
7286,0,14586193689,14586193298,0,0,391
7287,0,14588195682,14588195285,0,0,397
7288,0,14590198117,14590197746,0,0,370
7289,0,14592200322,14592199941,0,0,381
7290,0,14594202818,14594202459,0,0,359
7291,0,14596204711,14596204355,0,0,355
7292,0,14598207024,14598206660,0,0,364
7293,0,14600210564,14600210183,0,0,381
7294,0,14602211718,14602211344,0,0,373
7295,0,14604213277,14604212898,0,0,379
7296,0,14606215089,14606214743,0,0,346
7297,0,14608217946,14608217560,0,0,386
7298,0,14610221242,14610220867,0,0,375
7299,0,14612222633,14612222265,0,0,368
7300,0,14614224518,14614224122,0,0,395
7301,0,14616226608,14616226223,0,0,385
7302,0,14618228523,14618228143,0,0,380
7303,0,14620231906,14620231522,0,0,384
7304,0,14622233840,14622233456,0,0,384
7305,0,14624236081,14624235702,0,0,379
7306,0,14626237935,14626237552,0,0,382
7307,0,14628240249,14628239886,0,0,362
7308,0,14630242932,14630242568,0,0,364
7309,0,14632245069,14632244679,0,0,390
7310,0,14634246941,14634246579,0,0,362
7311,0,14636249844,14636249452,0,0,391
7312,0,14638252492,14638252150,0,0,341
7313,0,14640254545,14640254161,0,0,384
7314,0,14642256236,14642255878,0,0,357
7315,0,14644257850,14644257456,0,0,394
7316,0,14646259914,14646259579,0,0,334
7317,0,14648262328,14648261957,0,0,370
7318,0,14650265126,14650264773,0,0,353
7319,0,14652267020,14652266640,0,0,379
7320,0,14654269846,14654269496,0,0,349
7321,0,14656271748,14656271386,0,0,361
7322,0,14658273973,14658273604,0,0,369
7323,0,14660276097,14660275741,0,0,355
7324,0,14662278185,14662277853,0,0,331
7325,0,14664280841,14664280460,0,0,381
7326,0,14666282903,14666282528,0,0,375
7327,0,14668284631,14668284266,0,0,364
7328,0,14670287092,14670286725,0,0,366
7329,0,14672289443,14672289015,0,0,427
7330,0,14674291062,14674290642,0,0,420
7331,0,14676292727,14676292332,0,0,394
7332,0,14678296095,14678295688,0,0,406
7333,0,14680298617,14680298213,0,0,403
7334,0,14682301063,14682300669,0,0,394
7335,0,14684303346,14684302911,0,0,435
7336,0,14686303965,14686303557,0,0,407
7337,0,14688306935,14688306545,0,0,390
7338,0,14690309338,14690308954,0,0,384
7339,0,14692311187,14692310793,0,0,393
7340,0,14694312845,14694312474,0,0,370
7341,0,14696316253,14696315860,0,0,393
7342,0,14698318054,14698317658,0,0,396
7343,0,14700322131,14700321728,0,0,403
7344,0,14702322662,14702322258,0,0,403
7345,0,14704325040,14704324629,0,0,411
7346,0,14706327479,14706327112,0,0,366
7347,0,14708329290,14708328882,0,0,408
7348,0,14710331737,14710331340,0,0,396
7349,0,14712334458,14712334066,0,0,392
7350,0,14714336415,14714336011,0,0,404
7351,0,14716338181,14716337773,0,0,407
7352,0,14718340640,14718340269,0,0,370
7353,0,14720344078,14720343675,0,0,402
7354,0,14722345111,14722344673,0,0,438
7355,0,14724347406,14724347003,0,0,402
7356,0,14726349182,14726348768,0,0,413
7357,0,14728351396,14728350973,0,0,423
7358,0,14730353814,14730353405,0,0,408
7359,0,14732355897,14732355503,0,0,393
7360,0,14734358471,14734358084,0,0,387
7361,0,14736360858,14736360467,0,0,391
7362,0,14738362205,14738361798,0,0,406
7363,0,14740364444,14740364037,0,0,406
7364,0,14742367330,14742366939,0,0,391
7365,0,14744369183,14744368760,0,0,422
7366,0,14746371674,14746371282,0,0,392
7367,0,14748373742,14748373335,0,0,406
7368,0,14750375920,14750375547,0,0,373
7369,0,14752378197,14752377798,0,0,398
7370,0,14754380503,14754380085,0,0,417
7371,0,14756383490,14756383103,0,0,387
7372,0,14758384880,14758384511,0,0,369
7373,0,14760386844,14760386440,0,0,404
7374,0,14762388349,14762387939,0,0,410
7375,0,14764390943,14764390543,0,0,400
7376,0,14766392955,14766392568,0,0,387
7377,0,14768395612,14768395216,0,0,395
7378,0,14770397103,14770396714,0,0,388
7379,0,14772400497,14772400074,0,0,423
7380,0,14774402550,14774402172,0,0,378
7381,0,14776405283,14776404878,0,0,404
7382,0,14778406857,14778406458,0,0,399
7383,0,14780409202,14780408808,0,0,393
7384,0,14782411490,14782411101,0,0,389
7385,0,14784413987,14784413604,0,0,383
7386,0,14786415992,14786415603,0,0,388
7387,0,14788417815,14788417412,0,0,402
7388,0,14790419917,14790419530,0,0,386
7389,0,14792423586,14792423179,0,0,407
7390,0,14794424989,14794424587,0,0,402
7391,0,14796426840,14796426398,0,0,442
7392,0,14798428705,14798428329,0,0,376
7393,0,14800433107,14800432706,0,0,400
7394,0,14802434187,14802433775,0,0,412
7395,0,14804436525,14804436132,0,0,393
7396,0,14806438258,14806437836,0,0,422
7397,0,14808440586,14808440186,0,0,399
7398,0,14810442813,14810442426,0,0,386
7399,0,14812445161,14812444755,0,0,405
7400,0,14814447116,14814446693,0,0,422
7401,0,14816449358,14816448976,0,0,382
7402,0,14818451293,14818450889,0,0,403
7403,0,14820453582,14820453204,0,0,377
7404,0,14822454907,14822454518,0,0,388
7405,0,14824458372,14824457968,0,0,404
7406,0,14826460303,14826459927,0,0,375
7407,0,14828462874,14828462482,0,0,392
7408,0,14830466470,14830466089,0,0,380
7409,0,14832466782,14832466387,0,0,395
7410,0,14834468096,14834467723,0,0,373
7411,0,14836471516,14836471138,0,0,378
7412,0,14838473645,14838473263,0,0,382
7413,0,14840476106,14840475720,0,0,386
7414,0,14842478323,14842477921,0,0,402
7415,0,14844480049,14844479650,0,0,399
7416,0,14846481891,14846481518,0,0,373
7417,0,14848485143,14848484763,0,0,380
7418,0,14850487789,14850487415,0,0,373
7419,0,14852490062,14852489667,0,0,394
7420,0,14854490801,14854490415,0,0,385
7421,0,14856493995,14856493599,0,0,395
7422,0,14858496244,14858495856,0,0,388
7423,0,14860498004,14860497598,0,0,405
7424,0,14862499465,14862499119,0,0,346
7425,0,14864502617,14864502262,0,0,355
7426,0,14866505851,14866505572,0,0,279
7427,0,14868506817,14868506426,0,0,391
7428,0,14870510290,14870509936,0,0,354
7429,0,14872512501,14872512114,0,0,386
7430,0,14874513824,14874513447,0,0,377
7431,0,14876516259,14876515870,0,0,388
7432,0,14878518718,14878518363,0,0,355
7433,0,14880520337,14880519953,0,0,383
7434,0,14882522800,14882522406,0,0,393
7435,0,14884525638,14884525242,0,0,395
7436,0,14886526932,14886526557,0,0,375
7437,0,14888529862,14888529460,0,0,402
7438,0,14890531469,14890531088,0,0,381
7439,0,14892533973,14892533597,0,0,375
7440,0,14894537462,14894537083,0,0,379
7441,0,14896539023,14896538638,0,0,385
7442,0,14898539776,14898539405,0,0,370
7443,0,14900544539,14900544138,0,0,400
7444,0,14902546228,14902545865,0,0,363
7445,0,14904547542,14904547148,0,0,394
7446,0,14906549701,14906549323,0,0,377
7447,0,14908551744,14908551343,0,0,400
7448,0,14910554083,14910553739,0,0,343
7449,0,14912556349,14912555966,0,0,382
7450,0,14914558671,14914558301,0,0,370
7451,0,14916560406,14916560024,0,0,381
7452,0,14918563280,14918562920,0,0,359
7453,0,14920565356,14920564991,0,0,365
7454,0,14922568129,14922567750,0,0,379
7455,0,14924571102,14924570731,0,0,370
7456,0,14926572157,14926571784,0,0,373
7457,0,14928574528,14928574148,0,0,380
7458,0,14930576123,14930575710,0,0,413
7459,0,14932578243,14932577840,0,0,403
7460,0,14934580732,14934580360,0,0,371
7461,0,14936583078,14936582676,0,0,401
7462,0,14938585083,14938584710,0,0,373
7463,0,14940588611,14940588202,0,0,408
7464,0,14942589830,14942589460,0,0,369
7465,0,14944591977,14944591584,0,0,393
7466,0,14946594329,14946593922,0,0,406
7467,0,14948596709,14948596319,0,0,390
7468,0,14950598417,14950598040,0,0,376
7469,0,14952600506,14952600084,0,0,422
7470,0,14954602977,14954602576,0,0,400
7471,0,14956604818,14956604420,0,0,397
7472,0,14958606521,14958606136,0,0,384
7473,0,14960609459,14960609062,0,0,396
7474,0,14962611854,14962611471,0,0,382
7475,0,14964614593,14964614185,0,0,407
7476,0,14966616270,14966615863,0,0,406
7477,0,14968618737,14968618339,0,0,397
7478,0,14970620715,14970620318,0,0,397
7479,0,14972622846,14972622442,0,0,404
7480,0,14974625139,14974624784,0,0,355
7481,0,14976629060,14976628656,0,0,404
7482,0,14978630006,14978629633,0,0,372
7483,0,14980631822,14980631421,0,0,400
7484,0,14982634191,14982633817,0,0,373
7485,0,14984636301,14984635901,0,0,399
7486,0,14986638629,14986638246,0,0,383
7487,0,14988640753,14988640348,0,0,405
7488,0,14990643314,14990642941,0,0,373
7489,0,14992645107,14992644734,0,0,372
7490,0,14994646860,14994646489,0,0,370
7491,0,14996649314,14996648932,0,0,382
7492,0,14998651553,14998651198,0,0,355
7493,0,15000655649,15000655233,0,0,416
7494,0,15002656040,15002655653,0,0,387
7495,0,15004658200,15004657815,0,0,384
7496,0,15006660723,15006660359,0,0,364
7497,0,15008663178,15008662795,0,0,382
7498,0,15010665570,15010665162,0,0,408
7499,0,15012668580,15012668177,0,0,403
7500,0,15014669684,15014669323,0,0,361
7501,0,15016672246,15016671856,0,0,389
7502,0,15018673779,15018673379,0,0,400
7503,0,15020676105,15020675733,0,0,372
7504,0,15022678533,15022678154,0,0,379
7505,0,15024680693,15024680314,0,0,379
7506,0,15026682892,15026682519,0,0,373
7507,0,15028684660,15028684265,0,0,395
7508,0,15030686065,15030685710,0,0,355
7509,0,15032689651,15032689250,0,0,400
7510,0,15034691705,15034691324,0,0,381
7511,0,15036694140,15036693734,0,0,406
7512,0,15038695792,15038695410,0,0,382
7513,0,15040698053,15040697674,0,0,379
7514,0,15042700420,15042700069,0,0,350
7515,0,15044703136,15044702738,0,0,397
7516,0,15046705677,15046705298,0,0,378
7517,0,15048708209,15048707829,0,0,380
7518,0,15050709729,15050709357,0,0,371
7519,0,15052711894,15052711507,0,0,386
7520,0,15054714393,15054714028,0,0,365
7521,0,15056716058,15056715653,0,0,404
7522,0,15058718175,15058717768,0,0,406
7523,0,15060720436,15060720029,0,0,407
7524,0,15062722912,15062722527,0,0,385
7525,0,15064725175,15064724782,0,0,393
7526,0,15066727142,15066726739,0,0,402
7527,0,15068729366,15068728957,0,0,408
7528,0,15070730495,15070730121,0,0,374
7529,0,15072733829,15072733445,0,0,384
7530,0,15074736107,15074735723,0,0,384
7531,0,15076738933,15076738546,0,0,386
7532,0,15078740667,15078740306,0,0,361
7533,0,15080743240,15080742838,0,0,402
7534,0,15082745508,15082745119,0,0,389
7535,0,15084749175,15084748795,0,0,380
7536,0,15086749710,15086749343,0,0,367
7537,0,15088751737,15088751332,0,0,404
7538,0,15090754433,15090754053,0,0,380
7539,0,15092756055,15092755658,0,0,397
7540,0,15094757216,15094756841,0,0,375
7541,0,15096760920,15096760534,0,0,385
7542,0,15098763366,15098762973,0,0,393
7543,0,15100765988,15100765591,0,0,396
7544,0,15102766807,15102766454,0,0,352
7545,0,15104770184,15104769776,0,0,408
7546,0,15106772703,15106772321,0,0,382
7547,0,15108775033,15108774646,0,0,387
7548,0,15110776550,15110776177,0,0,372
7549,0,15112778717,15112778321,0,0,396
7550,0,15114781321,15114780934,0,0,386
7551,0,15116783331,15116782933,0,0,397
7552,0,15118785010,15118784658,0,0,352
7553,0,15120787694,15120787321,0,0,373
7554,0,15122790612,15122790228,0,0,384
7555,0,15124791692,15124791292,0,0,399
7556,0,15126794579,15126794206,0,0,373
7557,0,15128796539,15128796128,0,0,410
7558,0,15130799144,15130798751,0,0,393
7559,0,15132801017,15132800635,0,0,382
7560,0,15134803146,15134802769,0,0,376
7561,0,15136805813,15136805456,0,0,356
7562,0,15138807303,15138806934,0,0,368
7563,0,15140809773,15140809380,0,0,392
7564,0,15142811970,15142811631,0,0,339
7565,0,15144814252,15144813909,0,0,343
7566,0,15146816298,15146815931,0,0,366
7567,0,15148818195,15148817839,0,0,355
7568,0,15150820458,15150820123,0,0,334
7569,0,15152822991,15152822624,0,0,366
7570,0,15154826006,15154825645,0,0,360
7571,0,15156828296,15156827894,0,0,402
7572,0,15158830092,15158829736,0,0,355
7573,0,15160831905,15160831513,0,0,391
7574,0,15162834285,15162833901,0,0,384
7575,0,15164836661,15164836288,0,0,373
7576,0,15166838898,15166838493,0,0,404
7577,0,15168840862,15168840459,0,0,403
7578,0,15170843869,15170843471,0,0,397
7579,0,15172846158,15172845757,0,0,400
7580,0,15174847943,15174847534,0,0,408
7581,0,15176850009,15176849625,0,0,384
7582,0,15178852140,15178851725,0,0,414
7583,0,15180854110,15180853704,0,0,406
7584,0,15182856764,15182856408,0,0,355
7585,0,15184858961,15184858574,0,0,387
7586,0,15186860876,15186860484,0,0,392
7587,0,15188863432,15188863029,0,0,402
7588,0,15190865528,15190865153,0,0,375
7589,0,15192867720,15192867329,0,0,391
7590,0,15194870907,15194870511,0,0,396
7591,0,15196872229,15196871847,0,0,381
7592,0,15198873831,15198873449,0,0,381
7593,0,15200876545,15200876154,0,0,391
7594,0,15202878895,15202878489,0,0,405
7595,0,15204880481,15204880074,0,0,407
7596,0,15206881974,15206881610,0,0,364
7597,0,15208885026,15208884609,0,0,416
7598,0,15210886863,15210886465,0,0,397
7599,0,15212889286,15212888887,0,0,398
7600,0,15214890601,15214890214,0,0,386
7601,0,15216893617,15216893198,0,0,419
7602,0,15218896862,15218896476,0,0,385
7603,0,15220898255,15220897856,0,0,399
7604,0,15222899648,15222899239,0,0,408
7605,0,15224903115,15224902714,0,0,400
7606,0,15226905425,15226905019,0,0,406
7607,0,15228907934,15228907530,0,0,404
7608,0,15230909674,15230909284,0,0,389
7609,0,15232911921,15232911521,0,0,400
7610,0,15234914208,15234913825,0,0,382
7611,0,15236916532,15236916151,0,0,381
7612,0,15238919085,15238918671,0,0,414
7613,0,15240920700,15240920290,0,0,409
7614,0,15242923514,15242923130,0,0,384
7615,0,15244925931,15244925532,0,0,399
7616,0,15246927071,15246926709,0,0,362
7617,0,15248928646,15248928242,0,0,403
7618,0,15250932075,15250931703,0,0,372
7619,0,15252935207,15252934813,0,0,393
7620,0,15254937817,15254937444,0,0,373
7621,0,15256938714,15256938348,0,0,366
7622,0,15258940778,15258940368,0,0,409
7623,0,15260942831,15260942446,0,0,385
7624,0,15262944260,15262943895,0,0,365
7625,0,15264947597,15264947202,0,0,395
7626,0,15266949932,15266949540,0,0,392
7627,0,15268953955,15268953579,0,0,375
7628,0,15270955247,15270954865,0,0,382
7629,0,15272956625,15272956214,0,0,411
7630,0,15274958862,15274958476,0,0,386
7631,0,15276960943,15276960550,0,0,393
7632,0,15278962868,15278962527,0,0,341
7633,0,15280964993,15280964622,0,0,370
7634,0,15282967037,15282966660,0,0,376
7635,0,15284969871,15284969475,0,0,396
7636,0,15286972094,15286971711,0,0,383
7637,0,15288974089,15288973690,0,0,399
7638,0,15290976514,15290976118,0,0,396
7639,0,15292978851,15292978468,0,0,382
7640,0,15294980981,15294980584,0,0,397
7641,0,15296983302,15296982913,0,0,388
7642,0,15298985584,15298985239,0,0,344
7643,0,15300988938,15300988535,0,0,402
7644,0,15302990483,15302990077,0,0,406
7645,0,15304993755,15304993372,0,0,383
7646,0,15306994876,15306994483,0,0,393
7647,0,15308996384,15308996002,0,0,381
7648,0,15310998858,15310998502,0,0,356
7649,0,15313001661,15313001258,0,0,402
7650,0,15315003173,15315002747,0,0,426
7651,0,15317006361,15317005957,0,0,403
7652,0,15319008839,15319008503,0,0,336
7653,0,15321009892,15321009496,0,0,395
7654,0,15323012288,15323011892,0,0,396
7655,0,15325014074,15325013644,0,0,429
7656,0,15327015697,15327015326,0,0,370
7657,0,15329018584,15329018179,0,0,404
7658,0,15331021260,15331020860,0,0,399
7659,0,15333023505,15333023096,0,0,408
7660,0,15335025840,15335025474,0,0,366
7661,0,15337027880,15337027503,0,0,377
7662,0,15339029813,15339029424,0,0,388
7663,0,15341033113,15341032696,0,0,416
7664,0,15343035056,15343034656,0,0,400
7665,0,15345038164,15345037759,0,0,404
7666,0,15347038487,15347038077,0,0,410
7667,0,15349039991,15349039600,0,0,391
7668,0,15351043383,15351042974,0,0,408
7669,0,15353045695,15353045303,0,0,391
7670,0,15355047820,15355047411,0,0,408
7671,0,15357049662,15357049245,0,0,417
7672,0,15359052159,15359051770,0,0,388
7673,0,15361054300,15361053911,0,0,388
7674,0,15363057029,15363056624,0,0,404
7675,0,15365058970,15365058564,0,0,406
7676,0,15367061420,15367060995,0,0,424
7677,0,15369063159,15369062748,0,0,411
7678,0,15371065854,15371065423,0,0,431
7679,0,15373067729,15373067296,0,0,432
7680,0,15375069861,15375069482,0,0,379
7681,0,15377073489,15377073096,0,0,393
7682,0,15379073840,15379073440,0,0,399
7683,0,15381075321,15381074922,0,0,399
7684,0,15383077656,15383077256,0,0,400
7685,0,15385081394,15385080989,0,0,404
7686,0,15387083121,15387082727,0,0,394
7687,0,15389086015,15389085604,0,0,411
7688,0,15391087577,15391087214,0,0,362
7689,0,15393089669,15393089281,0,0,388
7690,0,15395090806,15395090410,0,0,395
7691,0,15397093776,15397093381,0,0,395
7692,0,15399096875,15399096510,0,0,364
7693,0,15401100243,15401099851,0,0,392
7694,0,15403100818,15403100431,0,0,387
7695,0,15405103030,15405102617,0,0,412
7696,0,15407105740,15407105369,0,0,370
7697,0,15409108321,15409107936,0,0,385
7698,0,15411109759,15411109394,0,0,364
7699,0,15413113036,15413112647,0,0,388
7700,0,15415115752,15415115386,0,0,366
7701,0,15417116461,15417116085,0,0,375
7702,0,15419118745,15419118357,0,0,388
7703,0,15421121851,15421121468,0,0,383
7704,0,15423124016,15423123632,0,0,384
7705,0,15425125617,15425125253,0,0,364
7706,0,15427127642,15427127260,0,0,382
7707,0,15429129865,15429129466,0,0,399
7708,0,15431131497,15431131134,0,0,362
7709,0,15433134225,15433133846,0,0,379
7710,0,15435136740,15435136355,0,0,384
7711,0,15437139095,15437138684,0,0,411
7712,0,15439141167,15439140800,0,0,366
7713,0,15441143624,15441143222,0,0,401
7714,0,15443145962,15443145577,0,0,384
7715,0,15445148023,15445147631,0,0,392
7716,0,15447149863,15447149487,0,0,375
7717,0,15449152380,15449151979,0,0,401
7718,0,15451155516,15451155114,0,0,401
7719,0,15453156995,15453156589,0,0,406
7720,0,15455158930,15455158557,0,0,373
7721,0,15457161397,15457161005,0,0,392
7722,0,15459163505,15459163100,0,0,405
7723,0,15461165344,15461164925,0,0,419
7724,0,15463166528,15463166130,0,0,397
7725,0,15465170424,15465170018,0,0,405
7726,0,15467172238,15467171842,0,0,395
7727,0,15469174515,15469174111,0,0,404
7728,0,15471177375,15471176976,0,0,398
7729,0,15473180143,15473179741,0,0,401
7730,0,15475181837,15475181456,0,0,381
7731,0,15477183997,15477183618,0,0,379
7732,0,15479185025,15479184637,0,0,388
7733,0,15481188165,15481187769,0,0,395
7734,0,15483190121,15483189733,0,0,388
7735,0,15485192424,15485192016,0,0,408
7736,0,15487195433,15487195056,0,0,376
7737,0,15489197406,15489197027,0,0,379
7738,0,15491199214,15491198847,0,0,367
7739,0,15493201341,15493200946,0,0,394
7740,0,15495203721,15495203359,0,0,361
7741,0,15497206642,15497206255,0,0,387
7742,0,15499208391,15499207996,0,0,395
7743,0,15501212053,15501211677,0,0,375
7744,0,15503212193,15503211801,0,0,392
7745,0,15505214546,15505214139,0,0,407
7746,0,15507216408,15507216050,0,0,358
7747,0,15509218969,15509218577,0,0,392
7748,0,15511221950,15511221566,0,0,384
7749,0,15513223624,15513223234,0,0,389
7750,0,15515225824,15515225460,0,0,363
7751,0,15517228152,15517227749,0,0,403
7752,0,15519230397,15519229992,0,0,404
7753,0,15521232470,15521232076,0,0,394
7754,0,15523234562,15523234188,0,0,374
7755,0,15525237557,15525237167,0,0,389
7756,0,15527238267,15527237875,0,0,392
7757,0,15529240992,15529240597,0,0,395
7758,0,15531242994,15531242598,0,0,395
7759,0,15533244370,15533243973,0,0,397
7760,0,15535246907,15535246515,0,0,392
7761,0,15537250637,15537250256,0,0,380
7762,0,15539251961,15539251604,0,0,357
7763,0,15541254532,15541254135,0,0,396
7764,0,15543257324,15543256950,0,0,373
7765,0,15545259380,15545258973,0,0,407
7766,0,15547260971,15547260554,0,0,417
7767,0,15549263235,15549262843,0,0,392
7768,0,15551264815,15551264439,0,0,375
7769,0,15553268407,15553268013,0,0,394
7770,0,15555270318,15555269933,0,0,384
7771,0,15557272267,15557271868,0,0,399
7772,0,15559275234,15559274873,0,0,361
7773,0,15561277728,15561277340,0,0,388
7774,0,15563279361,15563278972,0,0,389
7775,0,15565281483,15565281094,0,0,389
7776,0,15567283282,15567282880,0,0,402
7777,0,15569285716,15569285340,0,0,375
7778,0,15571287916,15571287532,0,0,383
7779,0,15573291516,15573291123,0,0,392
7780,0,15575293305,15575292910,0,0,395
7781,0,15577294496,15577294093,0,0,402
7782,0,15579296638,15579296257,0,0,381
7783,0,15581299683,15581299266,0,0,417
7784,0,15583301404,15583301011,0,0,393
7785,0,15585303657,15585303296,0,0,360
7786,0,15587305746,15587305370,0,0,375
7787,0,15589307826,15589307422,0,0,404
7788,0,15591310071,15591309689,0,0,382
7789,0,15593312501,15593312113,0,0,387
7790,0,15595314640,15595314245,0,0,395
7791,0,15597317939,15597317530,0,0,408
7792,0,15599319458,15599319065,0,0,393
7793,0,15601322764,15601322363,0,0,400
7794,0,15603323682,15603323306,0,0,375
7795,0,15605325779,15605325377,0,0,401
7796,0,15607327753,15607327363,0,0,390
7797,0,15609330242,15609329845,0,0,396
7798,0,15611332781,15611332404,0,0,377
7799,0,15613334615,15613334204,0,0,411
7800,0,15615337415,15615337011,0,0,404
7801,0,15617339743,15617339352,0,0,391
7802,0,15619342151,15619341785,0,0,366
7803,0,15621345038,15621344621,0,0,416
7804,0,15623346060,15623345696,0,0,364
7805,0,15625348191,15625347793,0,0,398
7806,0,15627350258,15627349874,0,0,384
7807,0,15629352239,15629351828,0,0,411
7808,0,15631354108,15631353729,0,0,379
7809,0,15633357006,15633356616,0,0,390
7810,0,15635358889,15635358512,0,0,377
7811,0,15637361374,15637360980,0,0,393
7812,0,15639363503,15639363130,0,0,373
7813,0,15641365401,15641365029,0,0,372
7814,0,15643366799,15643366426,0,0,372
7815,0,15645370366,15645369968,0,0,398
7816,0,15647372426,15647372036,0,0,389
7817,0,15649374996,15649374600,0,0,396
7818,0,15651376643,15651376238,0,0,404
7819,0,15653379400,15653378968,0,0,431
7820,0,15655381873,15655381467,0,0,406
7821,0,15657383588,15657383182,0,0,406
7822,0,15659385486,15659385080,0,0,405
7823,0,15661387740,15661387323,0,0,416
7824,0,15663390281,15663389895,0,0,386
7825,0,15665393228,15665392835,0,0,392
7826,0,15667393801,15667393446,0,0,355
7827,0,15669398145,15669397772,0,0,373
7828,0,15671399015,15671398638,0,0,377
7829,0,15673401586,15673401204,0,0,382
7830,0,15675403555,15675403170,0,0,384
7831,0,15677405620,15677405249,0,0,370
7832,0,15679408808,15679408441,0,0,366
7833,0,15681411769,15681411388,0,0,381
7834,0,15683412759,15683412385,0,0,374
7835,0,15685414959,15685414569,0,0,390
7836,0,15687418074,15687417710,0,0,364
7837,0,15689420158,15689419771,0,0,386
7838,0,15691421616,15691421224,0,0,391
7839,0,15693423357,15693422963,0,0,393
7840,0,15695426319,15695425934,0,0,384
7841,0,15697428288,15697427883,0,0,405
7842,0,15699430105,15699429710,0,0,394
7843,0,15701433774,15701433393,0,0,381
7844,0,15703434916,15703434546,0,0,370
7845,0,15705436827,15705436413,0,0,414
7846,0,15707439391,15707438995,0,0,395
7847,0,15709440863,15709440425,0,0,438
7848,0,15711442920,15711442535,0,0,384
7849,0,15713445825,15713445427,0,0,397
7850,0,15715447860,15715447441,0,0,419
7851,0,15717450019,15717449585,0,0,433
7852,0,15719451323,15719450961,0,0,362
7853,0,15721454871,15721454476,0,0,395
7854,0,15723457094,15723456699,0,0,395
7855,0,15725459373,15725458984,0,0,388
7856,0,15727461756,15727461352,0,0,403
7857,0,15729463420,15729463037,0,0,382
7858,0,15731466044,15731465687,0,0,356
7859,0,15733467901,15733467494,0,0,407
7860,0,15735470152,15735469750,0,0,402
7861,0,15737472560,15737472177,0,0,383
7862,0,15739474748,15739474362,0,0,386
7863,0,15741477197,15741476787,0,0,409
7864,0,15743480334,15743479941,0,0,392
7865,0,15745481722,15745481330,0,0,392
7866,0,15747484200,15747483817,0,0,382
7867,0,15749485861,15749485443,0,0,417
7868,0,15751488265,15751487841,0,0,423
7869,0,15753490532,15753490146,0,0,386
7870,0,15755493144,15755492741,0,0,402
7871,0,15757494649,15757494240,0,0,409
7872,0,15759496957,15759496593,0,0,364
7873,0,15761499078,15761498696,0,0,381
7874,0,15763501038,15763500669,0,0,368
7875,0,15765503988,15765503597,0,0,391
7876,0,15767506818,15767506440,0,0,378
7877,0,15769508081,15769507692,0,0,388
7878,0,15771510262,15771509889,0,0,372
7879,0,15773512267,15773511879,0,0,387
7880,0,15775513925,15775513533,0,0,391
7881,0,15777517712,15777517295,0,0,417
7882,0,15779519849,15779519469,0,0,380
7883,0,15781520566,15781520175,0,0,391
7884,0,15783523835,15783523429,0,0,406
7885,0,15785526027,15785525623,0,0,404
7886,0,15787528173,15787527786,0,0,386
7887,0,15789530305,15789529924,0,0,380
7888,0,15791532712,15791532317,0,0,394
7889,0,15793534722,15793534339,0,0,383
7890,0,15795537791,15795537408,0,0,382
7891,0,15797540772,15797540358,0,0,413
7892,0,15799541428,15799541071,0,0,356
7893,0,15801545298,15801544896,0,0,402
7894,0,15803545820,15803545410,0,0,410
7895,0,15805548256,15805547838,0,0,417
7896,0,15807550530,15807550164,0,0,366
7897,0,15809552479,15809552078,0,0,401
7898,0,15811554808,15811554437,0,0,370
7899,0,15813557141,15813556746,0,0,395
7900,0,15815560466,15815560097,0,0,368
7901,0,15817562044,15817561651,0,0,393
7902,0,15819563707,15819563316,0,0,391
7903,0,15821566329,15821565907,0,0,422
7904,0,15823568382,15823567999,0,0,383
7905,0,15825570553,15825570175,0,0,378
7906,0,15827572793,15827572408,0,0,384
7907,0,15829575542,15829575152,0,0,390
7908,0,15831577393,15831577031,0,0,362
7909,0,15833579423,15833579040,0,0,383
7910,0,15835581484,15835581092,0,0,392
7911,0,15837583865,15837583460,0,0,404
7912,0,15839586248,15839585874,0,0,373
7913,0,15841588777,15841588408,0,0,369
7914,0,15843590229,15843589835,0,0,393
7915,0,15845592965,15845592594,0,0,370
7916,0,15847594578,15847594186,0,0,392
7917,0,15849597614,15849597217,0,0,396
7918,0,15851599455,15851599072,0,0,382
7919,0,15853603076,15853602673,0,0,402
7920,0,15855604339,15855603957,0,0,381
7921,0,15857605716,15857605347,0,0,369
7922,0,15859607577,15859607222,0,0,355
7923,0,15861610305,15861609899,0,0,406
7924,0,15863613006,15863612625,0,0,380
7925,0,15865614847,15865614467,0,0,380
7926,0,15867616648,15867616274,0,0,373
7927,0,15869618094,15869617691,0,0,403
7928,0,15871621930,15871621557,0,0,373
7929,0,15873624013,15873623639,0,0,374
7930,0,15875626581,15875626202,0,0,379
7931,0,15877628530,15877628149,0,0,381
7932,0,15879630826,15879630472,0,0,354
7933,0,15881633274,15881632884,0,0,389
7934,0,15883635070,15883634701,0,0,368
7935,0,15885636665,15885636282,0,0,382
7936,0,15887638368,15887637986,0,0,382
7937,0,15889641408,15889641001,0,0,407
7938,0,15891643698,15891643332,0,0,365
7939,0,15893646524,15893646123,0,0,401
7940,0,15895648840,15895648464,0,0,376
7941,0,15897650214,15897649822,0,0,392
7942,0,15899653361,15899652991,0,0,370
7943,0,15901657653,15901657260,0,0,393
7944,0,15903657402,15903657016,0,0,385
7945,0,15905659408,15905659021,0,0,387
7946,0,15907661483,15907661105,0,0,377
7947,0,15909664060,15909663676,0,0,383
7948,0,15911666208,15911665819,0,0,388
7949,0,15913668891,15913668505,0,0,385
7950,0,15915670834,15915670433,0,0,400
7951,0,15917672653,15917672269,0,0,384
7952,0,15919676511,15919676146,0,0,365
7953,0,15921678525,15921678148,0,0,376
7954,0,15923680231,15923679891,0,0,340
7955,0,15925683482,15925683100,0,0,382
7956,0,15927685113,15927684769,0,0,343
7957,0,15929686569,15929686178,0,0,391
7958,0,15931688524,15931688126,0,0,397
7959,0,15933690467,15933690085,0,0,382
7960,0,15935692939,15935692571,0,0,367
7961,0,15937695770,15937695363,0,0,407
7962,0,15939698348,15939697985,0,0,362
7963,0,15941699615,15941699236,0,0,378
7964,0,15943702552,15943702199,0,0,352
7965,0,15945705181,15945704784,0,0,396
7966,0,15947706584,15947706216,0,0,367
7967,0,15949708447,15949708064,0,0,382
7968,0,15951710335,15951709946,0,0,388
7969,0,15953713451,15953713075,0,0,375
7970,0,15955715297,15955714889,0,0,407
7971,0,15957716997,15957716620,0,0,377
7972,0,15959719424,15959719035,0,0,389
7973,0,15961722865,15961722443,0,0,421
7974,0,15963723982,15963723566,0,0,415
7975,0,15965726379,15965725971,0,0,408
7976,0,15967728173,15967727803,0,0,369
7977,0,15969730832,15969730411,0,0,420
7978,0,15971732600,15971732229,0,0,371
7979,0,15973734939,15973734550,0,0,388
7980,0,15975737069,15975736720,0,0,349
7981,0,15977739497,15977739265,0,0,231
7982,0,15979741929,15979741546,0,0,382
7983,0,15981744023,15981743633,0,0,389
7984,0,15983746558,15983746155,0,0,402
7985,0,15985748801,15985748379,0,0,421
7986,0,15987750859,15987750451,0,0,407
7987,0,15989752709,15989752296,0,0,412
7988,0,15991754901,15991754512,0,0,388
7989,0,15993757575,15993757156,0,0,419
7990,0,15995759662,15995759246,0,0,416
7991,0,15997762155,15997761755,0,0,399
7992,0,15999765209,15999764786,0,0,423
7993,0,16001767028,16001766568,0,0,459
7994,0,16003767456,16003767081,0,0,374
7995,0,16005770952,16005770532,0,0,420
7996,0,16007773438,16007773038,0,0,399
7997,0,16009775341,16009774910,0,0,431
7998,0,16011777645,16011777226,0,0,419
7999,0,16013779008,16013778602,0,0,406
8000,0,16015780276,16015779881,0,0,394
8001,0,16017783108,16017782696,0,0,411
8002,0,16019785794,16019785382,0,0,411
8003,0,16021788676,16021788261,0,0,415
8004,0,16023791262,16023790897,0,0,365
8005,0,16025791812,16025791400,0,0,412
8006,0,16027794790,16027794379,0,0,410
8007,0,16029797304,16029796901,0,0,402
8008,0,16031799525,16031799141,0,0,383
8009,0,16033801885,16033801470,0,0,415
8010,0,16035805114,16035804714,0,0,400
8011,0,16037806331,16037805922,0,0,408
8012,0,16039808382,16039808008,0,0,373
8013,0,16041810487,16041810082,0,0,404
8014,0,16043812810,16043812397,0,0,413
8015,0,16045815221,16045814817,0,0,404
8016,0,16047817328,16047816932,0,0,395
8017,0,16049819364,16049818952,0,0,411
8018,0,16051822057,16051821665,0,0,391
8019,0,16053824153,16053823752,0,0,400
8020,0,16055825858,16055825475,0,0,382
8021,0,16057827197,16057826789,0,0,407
8022,0,16059829588,16059829193,0,0,395
8023,0,16061832363,16061831968,0,0,394
8024,0,16063834040,16063833651,0,0,389
8025,0,16065836908,16065836500,0,0,408
8026,0,16067838378,16067837999,0,0,379
8027,0,16069841668,16069841238,0,0,430
8028,0,16071844497,16071844140,0,0,357
8029,0,16073846387,16073845968,0,0,419
8030,0,16075848372,16075847979,0,0,392
8031,0,16077851078,16077850680,0,0,397
8032,0,16079852518,16079852146,0,0,372
8033,0,16081855184,16081854773,0,0,411
8034,0,16083857637,16083857246,0,0,391
8035,0,16085860353,16085859968,0,0,384
8036,0,16087862532,16087862168,0,0,364
8037,0,16089863890,16089863480,0,0,409
8038,0,16091866092,16091865692,0,0,400
8039,0,16093869184,16093868789,0,0,395
8040,0,16095870786,16095870382,0,0,404
8041,0,16097872643,16097872260,0,0,382
8042,0,16099875084,16099874701,0,0,382
8043,0,16101879220,16101878853,0,0,367
8044,0,16103879208,16103878852,0,0,356
8045,0,16105881112,16105880732,0,0,379
8046,0,16107885293,16107884900,0,0,393
8047,0,16109886241,16109885880,0,0,361
8048,0,16111888125,16111887746,0,0,379
8049,0,16113889591,16113889191,0,0,400
8050,0,16115893204,16115892825,0,0,379
8051,0,16117895353,16117894964,0,0,389
8052,0,16119896949,16119896580,0,0,368
8053,0,16121898624,16121898244,0,0,380
8054,0,16123902029,16123901647,0,0,382
8055,0,16125903966,16125903587,0,0,379
8056,0,16127906570,16127906200,0,0,370
8057,0,16129908869,16129908475,0,0,394
8058,0,16131911390,16131910982,0,0,407
8059,0,16133913849,16133913467,0,0,382
8060,0,16135915451,16135915096,0,0,355
8061,0,16137917346,16137916961,0,0,384
8062,0,16139920310,16139919912,0,0,397
8063,0,16141923364,16141922996,0,0,367
8064,0,16143924093,16143923726,0,0,366
8065,0,16145927934,16145927565,0,0,369
8066,0,16147928854,16147928483,0,0,371
8067,0,16149931062,16149930669,0,0,393
8068,0,16151933090,16151932771,0,0,319
8069,0,16153934995,16153934624,0,0,370
8070,0,16155937286,16155936907,0,0,379
8071,0,16157939440,16157939043,0,0,396
8072,0,16159941997,16159941647,0,0,349
8073,0,16161943865,16161943471,0,0,393
8074,0,16163946144,16163945770,0,0,374
8075,0,16165948138,16165947747,0,0,391
8076,0,16167949528,16167949164,0,0,363
8077,0,16169953221,16169952839,0,0,382
8078,0,16171955434,16171955053,0,0,381
8079,0,16173956772,16173956390,0,0,382
8080,0,16175959670,16175959289,0,0,380
8081,0,16177963057,16177962665,0,0,392
8082,0,16179964195,16179963794,0,0,400
8083,0,16181967793,16181967399,0,0,393
8084,0,16183968887,16183968523,0,0,363
8085,0,16185970619,16185970230,0,0,388
8086,0,16187973457,16187973087,0,0,370
8087,0,16189975385,16189975001,0,0,384
8088,0,16191977450,16191977094,0,0,356
8089,0,16193979552,16193979154,0,0,398
8090,0,16195981844,16195981492,0,0,352
8091,0,16197984283,16197983888,0,0,395
8092,0,16199986791,16199986428,0,0,362
8093,0,16201990001,16201989622,0,0,378
8094,0,16203990651,16203990276,0,0,374
8095,0,16205993065,16205992694,0,0,370
8096,0,16207994778,16207994377,0,0,401
8097,0,16209996800,16209996395,0,0,404
8098,0,16211999915,16211999513,0,0,402
8099,0,16214002240,16214001841,0,0,398
8100,0,16216004624,16216004256,0,0,368
8101,0,16218007200,16218006804,0,0,395
8102,0,16220008782,16220008366,0,0,415
8103,0,16222010789,16222010390,0,0,399
8104,0,16224013089,16224012672,0,0,417
8105,0,16226015639,16226015226,0,0,412
8106,0,16228017956,16228017560,0,0,395
8107,0,16230019999,16230019611,0,0,388
8108,0,16232021800,16232021427,0,0,372
8109,0,16234024121,16234023715,0,0,405
8110,0,16236026221,16236025817,0,0,404
8111,0,16238028391,16238028000,0,0,391
8112,0,16240031065,16240030667,0,0,397
8113,0,16242033140,16242032710,0,0,429
8114,0,16244035426,16244035053,0,0,372
8115,0,16246037232,16246036813,0,0,419
8116,0,16248038506,16248038093,0,0,413
8117,0,16250042410,16250042018,0,0,391
8118,0,16252044423,16252044004,0,0,419
8119,0,16254047738,16254047325,0,0,413
8120,0,16256048516,16256048131,0,0,385
8121,0,16258051066,16258050643,0,0,422
8122,0,16260052878,16260052486,0,0,392
8123,0,16262055173,16262054784,0,0,389
8124,0,16264057817,16264057438,0,0,379
8125,0,16266059707,16266059315,0,0,391
8126,0,16268062113,16268061716,0,0,397
8127,0,16270063923,16270063538,0,0,385
8128,0,16272065406,16272065015,0,0,391
8129,0,16274068615,16274068209,0,0,406
8130,0,16276070556,16276070159,0,0,396
8131,0,16278074134,16278073741,0,0,392
8132,0,16280075817,16280075460,0,0,357
8133,0,16282076472,16282076068,0,0,404
8134,0,16284079739,16284079323,0,0,415
8135,0,16286081657,16286081252,0,0,404
8136,0,16288083185,16288082788,0,0,396
8137,0,16290087800,16290087374,0,0,426
8138,0,16292088657,16292088253,0,0,404
8139,0,16294091513,16294091109,0,0,404
8140,0,16296093025,16296092629,0,0,396
8141,0,16298095576,16298095159,0,0,417
8142,0,16300097350,16300096937,0,0,412
8143,0,16302101336,16302100922,0,0,413
8144,0,16304101885,16304101505,0,0,379
8145,0,16306104164,16306103777,0,0,387
8146,0,16308106420,16308106026,0,0,393
8147,0,16310108492,16310108098,0,0,394
8148,0,16312110788,16312110403,0,0,384
8149,0,16314113101,16314112704,0,0,397
8150,0,16316115518,16316115119,0,0,399
8151,0,16318118102,16318117709,0,0,393
8152,0,16320119712,16320119333,0,0,379
8153,0,16322121970,16322121549,0,0,420
8154,0,16324124382,16324123968,0,0,413
8155,0,16326126378,16326125967,0,0,411
8156,0,16328130128,16328129777,0,0,350
8157,0,16330131539,16330131120,0,0,419
8158,0,16332133437,16332133036,0,0,400
8159,0,16334135687,16334135269,0,0,417
8160,0,16336137519,16336137158,0,0,361
8161,0,16338139894,16338139518,0,0,376
8162,0,16340142188,16340141817,0,0,370
8163,0,16342145234,16342144840,0,0,394
8164,0,16344147948,16344147573,0,0,375
8165,0,16346148885,16346148525,0,0,360
8166,0,16348151682,16348151288,0,0,393
8167,0,16350154080,16350153669,0,0,411
8168,0,16352155739,16352155360,0,0,378
8169,0,16354157327,16354156937,0,0,389
8170,0,16356159283,16356158901,0,0,382
8171,0,16358162053,16358161626,0,0,426
8172,0,16360164080,16360163710,0,0,369
8173,0,16362166616,16362166226,0,0,390
8174,0,16364170114,16364169724,0,0,389
8175,0,16366170692,16366170310,0,0,382
8176,0,16368173306,16368172921,0,0,384
8177,0,16370175719,16370175328,0,0,391
8178,0,16372177566,16372177195,0,0,370
8179,0,16374179948,16374179574,0,0,374
8180,0,16376182456,16376182049,0,0,406
8181,0,16378184573,16378184164,0,0,409
8182,0,16380186537,16380186119,0,0,418
8183,0,16382188456,16382188075,0,0,380
8184,0,16384190588,16384190194,0,0,393
8185,0,16386193444,16386193055,0,0,389
8186,0,16388195961,16388195585,0,0,376
8187,0,16390197690,16390197285,0,0,405
8188,0,16392200547,16392200131,0,0,415
8189,0,16394203166,16394202766,0,0,400
8190,0,16396204588,16396204186,0,0,401
8191,0,16398206249,16398205858,0,0,391
8192,0,16400209373,16400209000,0,0,373
8193,0,16402211188,16402210791,0,0,397
8194,0,16404213131,16404212774,0,0,357
8195,0,16406216076,16406215694,0,0,382
8196,0,16408217875,16408217516,0,0,358
8197,0,16410220165,16410219791,0,0,374
8198,0,16412221994,16412221613,0,0,380
8199,0,16414224559,16414224179,0,0,380
8200,0,16416226703,16416226332,0,0,370
8201,0,16418229254,16418228858,0,0,396
8202,0,16420231174,16420230797,0,0,377
8203,0,16422233850,16422233481,0,0,368
8204,0,16424235775,16424235417,0,0,357
8205,0,16426237821,16426237439,0,0,382
8206,0,16428240058,16428239693,0,0,365
8207,0,16430241695,16430241307,0,0,387
8208,0,16432244160,16432243785,0,0,375
8209,0,16434247528,16434247144,0,0,384
8210,0,16436249212,16436248856,0,0,356
8211,0,16438252126,16438251746,0,0,379
8212,0,16440253169,16440252786,0,0,382
8213,0,16442255574,16442255215,0,0,359
8214,0,16444258033,16444257661,0,0,371
8215,0,16446260564,16446260182,0,0,382
8216,0,16448262485,16448262118,0,0,367
8217,0,16450265320,16450264937,0,0,382
8218,0,16452267937,16452267563,0,0,374
8219,0,16454268919,16454268520,0,0,399
8220,0,16456271778,16456271429,0,0,348
8221,0,16458274831,16458274467,0,0,364
8222,0,16460276226,16460275863,0,0,363
8223,0,16462279195,16462278813,0,0,381
8224,0,16464280542,16464280161,0,0,381
8225,0,16466282826,16466282417,0,0,409
8226,0,16468284759,16468284357,0,0,402
8227,0,16470286743,16470286357,0,0,386
8228,0,16472289058,16472288676,0,0,382
8229,0,16474291817,16474291411,0,0,406
8230,0,16476292420,16476292041,0,0,379
8231,0,16478296292,16478295884,0,0,408
8232,0,16480298842,16480298415,0,0,426
8233,0,16482300442,16482300049,0,0,393
8234,0,16484302556,16484302149,0,0,406
8235,0,16486305179,16486304771,0,0,407
8236,0,16488306848,16488306440,0,0,407
8237,0,16490309224,16490308792,0,0,432
8238,0,16492311037,16492310620,0,0,417
8239,0,16494313076,16494312641,0,0,434
8240,0,16496315249,16496314864,0,0,385
8241,0,16498318943,16498318546,0,0,397
8242,0,16500320451,16500320085,0,0,366
8243,0,16502323571,16502323182,0,0,388
8244,0,16504324268,16504323871,0,0,396
8245,0,16506327140,16506326751,0,0,388
8246,0,16508328899,16508328529,0,0,370
8247,0,16510332127,16510331719,0,0,407
8248,0,16512332934,16512332561,0,0,373
8249,0,16514334833,16514334426,0,0,406
8250,0,16516337754,16516337372,0,0,382
8251,0,16518340123,16518339707,0,0,415
8252,0,16520342499,16520342137,0,0,362
8253,0,16522344483,16522344066,0,0,416
8254,0,16524347298,16524346892,0,0,406
8255,0,16526348604,16526348197,0,0,407
8256,0,16528349957,16528349568,0,0,388
8257,0,16530353550,16530353149,0,0,400
8258,0,16532355622,16532355249,0,0,373
8259,0,16534358971,16534358562,0,0,408
8260,0,16536360935,16536360546,0,0,389
8261,0,16538362634,16538362218,0,0,415
8262,0,16540364440,16540364031,0,0,409
8263,0,16542366393,16542365985,0,0,408
8264,0,16544368307,16544367912,0,0,394
8265,0,16546372357,16546371950,0,0,406
8266,0,16548373426,16548373036,0,0,389
8267,0,16550375772,16550375383,0,0,388
8268,0,16552378195,16552377802,0,0,393
8269,0,16554380280,16554379871,0,0,408
8270,0,16556382363,16556381972,0,0,391
8271,0,16558384307,16558383901,0,0,405
8272,0,16560386692,16560386300,0,0,392
8273,0,16562389624,16562389226,0,0,397
8274,0,16564391424,16564391051,0,0,373
8275,0,16566394233,16566393819,0,0,413
8276,0,16568396602,16568396230,0,0,372
8277,0,16570397786,16570397370,0,0,415
8278,0,16572399980,16572399588,0,0,391
8279,0,16574402322,16574401911,0,0,411
8280,0,16576404444,16576404033,0,0,411
8281,0,16578406797,16578406391,0,0,406
8282,0,16580408660,16580408265,0,0,395
8283,0,16582411428,16582411013,0,0,414
8284,0,16584413948,16584413582,0,0,365
8285,0,16586415694,16586415288,0,0,405
8286,0,16588417846,16588417440,0,0,405
8287,0,16590419855,16590419462,0,0,392
8288,0,16592422053,16592421694,0,0,359
8289,0,16594424262,16594423860,0,0,401
8290,0,16596426856,16596426469,0,0,386
8291,0,16598430152,16598429757,0,0,395
8292,0,16600432397,16600432024,0,0,373
8293,0,16602435006,16602434634,0,0,372
8294,0,16604435621,16604435226,0,0,395
8295,0,16606438261,16606437862,0,0,399
8296,0,16608440829,16608440435,0,0,393
8297,0,16610443120,16610442734,0,0,385
8298,0,16612444364,16612444001,0,0,363
8299,0,16614447024,16614446645,0,0,378
8300,0,16616448949,16616448561,0,0,387
8301,0,16618451455,16618451083,0,0,371
8302,0,16620454491,16620454132,0,0,359
8303,0,16622455738,16622455355,0,0,383
8304,0,16624457838,16624457462,0,0,375
8305,0,16626460034,16626459640,0,0,393
8306,0,16628462370,16628462020,0,0,350
8307,0,16630464319,16630463925,0,0,394
8308,0,16632466558,16632466175,0,0,383
8309,0,16634469321,16634468939,0,0,382
8310,0,16636471008,16636470609,0,0,399
8311,0,16638473588,16638473203,0,0,384
8312,0,16640476171,16640475791,0,0,380
8313,0,16642478086,16642477704,0,0,382
8314,0,16644480484,16644480093,0,0,391
8315,0,16646482806,16646482424,0,0,381
8316,0,16648484862,16648484497,0,0,364
8317,0,16650486501,16650486130,0,0,370
8318,0,16652488047,16652487683,0,0,364
8319,0,16654490710,16654490328,0,0,382
8320,0,16656493496,16656493130,0,0,366
8321,0,16658495797,16658495383,0,0,414
8322,0,16660497710,16660497355,0,0,355
8323,0,16662500216,16662499845,0,0,370
8324,0,16664502370,16664502020,0,0,350
8325,0,16666504624,16666504244,0,0,380
8326,0,16668507220,16668506845,0,0,375
8327,0,16670509224,16670508834,0,0,389
8328,0,16672511260,16672510869,0,0,391
8329,0,16674513182,16674512784,0,0,398
8330,0,16676514533,16676514162,0,0,370
8331,0,16678517852,16678517476,0,0,375
8332,0,16680520786,16680520425,0,0,361
8333,0,16682522830,16682522415,0,0,414
8334,0,16684524524,16684524151,0,0,373
8335,0,16686526638,16686526265,0,0,372
8336,0,16688530206,16688529833,0,0,373
8337,0,16690532479,16690532098,0,0,381
8338,0,16692534900,16692534557,0,0,343
8339,0,16694535605,16694535226,0,0,379
8340,0,16696538332,16696537955,0,0,377
8341,0,16698540314,16698539945,0,0,369
8342,0,16700542736,16700542367,0,0,368
8343,0,16702546332,16702545935,0,0,397
8344,0,16704546676,16704546322,0,0,353
8345,0,16706549091,16706548732,0,0,359
8346,0,16708551694,16708551346,0,0,348
8347,0,16710553609,16710553244,0,0,365
8348,0,16712556474,16712556148,0,0,325
8349,0,16714559544,16714559188,0,0,355
8350,0,16716560561,16716560180,0,0,381
8351,0,16718562430,16718562067,0,0,363
8352,0,16720564489,16720564087,0,0,402
8353,0,16722566819,16722566442,0,0,377
8354,0,16724569247,16724568833,0,0,414
8355,0,16726571259,16726570822,0,0,437
8356,0,16728573462,16728573056,0,0,406
8357,0,16730576561,16730576145,0,0,415
8358,0,16732578114,16732577705,0,0,409
8359,0,16734580188,16734579780,0,0,407
8360,0,16736582561,16736582165,0,0,395
8361,0,16738584693,16738584294,0,0,399
8362,0,16740587184,16740586774,0,0,409
8363,0,16742588579,16742588198,0,0,380
8364,0,16744590528,16744590147,0,0,381
8365,0,16746593937,16746593524,0,0,412
8366,0,16748595336,16748594941,0,0,394
8367,0,16750596829,16750596445,0,0,384
8368,0,16752600519,16752600125,0,0,393
8369,0,16754603273,16754602874,0,0,399
8370,0,16756605736,16756605370,0,0,366
8371,0,16758607049,16758606648,0,0,401
8372,0,16760609111,16760608718,0,0,393
8373,0,16762611639,16762611229,0,0,410
8374,0,16764613894,16764613513,0,0,381
8375,0,16766617078,16766616685,0,0,393
8376,0,16768618062,16768617662,0,0,399
8377,0,16770620155,16770619757,0,0,397
8378,0,16772622123,16772621706,0,0,416
8379,0,16774624016,16774623599,0,0,417
8380,0,16776627119,16776626730,0,0,389
8381,0,16778628990,16778628583,0,0,406
8382,0,16780631226,16780630775,0,0,451
8383,0,16782633417,16782632991,0,0,425
8384,0,16784636446,16784636063,0,0,382
8385,0,16786638277,16786637891,0,0,386
8386,0,16788639650,16788639267,0,0,383
8387,0,16790643100,16790642717,0,0,382
8388,0,16792645540,16792645144,0,0,395
8389,0,16794646766,16794646359,0,0,406
8390,0,16796648795,16796648400,0,0,395
8391,0,16798650415,16798650008,0,0,406
8392,0,16800653743,16800653333,0,0,410
8393,0,16802658559,16802658160,0,0,399
8394,0,16804657797,16804657400,0,0,396
8395,0,16806660184,16806659817,0,0,367
8396,0,16808663218,16808662837,0,0,381
8397,0,16810665496,16810665086,0,0,409
8398,0,16812667955,16812667539,0,0,415
8399,0,16814669313,16814668911,0,0,402
8400,0,16816671804,16816671417,0,0,386
8401,0,16818673985,16818673569,0,0,415
8402,0,16820675988,16820675613,0,0,375
8403,0,16822678005,16822677599,0,0,406
8404,0,16824680188,16824679800,0,0,387
8405,0,16826682393,16826681974,0,0,419
8406,0,16828684666,16828684277,0,0,388
8407,0,16830687282,16830686878,0,0,404
8408,0,16832689620,16832689219,0,0,400
8409,0,16834692038,16834691622,0,0,415
8410,0,16836693884,16836693499,0,0,384
8411,0,16838697298,16838696887,0,0,411
8412,0,16840698698,16840698314,0,0,384
8413,0,16842700977,16842700564,0,0,413
8414,0,16844703028,16844702641,0,0,386
8415,0,16846704829,16846704417,0,0,412
8416,0,16848707470,16848707069,0,0,400
8417,0,16850709586,16850709182,0,0,404
8418,0,16852711437,16852711039,0,0,397
8419,0,16854714333,16854713936,0,0,397
8420,0,16856716078,16856715701,0,0,376
8421,0,16858718382,16858717988,0,0,394
8422,0,16860720210,16860719794,0,0,415
8423,0,16862722543,16862722143,0,0,399
8424,0,16864725234,16864724844,0,0,389
8425,0,16866727139,16866726742,0,0,396
8426,0,16868729408,16868729007,0,0,400
8427,0,16870731587,16870731158,0,0,429
8428,0,16872733604,16872733202,0,0,401
8429,0,16874736746,16874736349,0,0,397
8430,0,16876737698,16876737303,0,0,394
8431,0,16878739188,16878738780,0,0,407
8432,0,16880742582,16880742191,0,0,391
8433,0,16882744631,16882744251,0,0,379
8434,0,16884747093,16884746721,0,0,372
8435,0,16886749379,16886749010,0,0,369
8436,0,16888751432,16888751047,0,0,384
8437,0,16890753757,16890753350,0,0,407
8438,0,16892755883,16892755487,0,0,396
8439,0,16894757574,16894757179,0,0,394
8440,0,16896759024,16896758638,0,0,386
8441,0,16898761649,16898761251,0,0,397
8442,0,16900765121,16900764752,0,0,369
8443,0,16902768318,16902767924,0,0,393
8444,0,16904769629,16904769240,0,0,388
8445,0,16906771459,16906771051,0,0,407
8446,0,16908773717,16908773342,0,0,375
8447,0,16910775697,16910775301,0,0,395
8448,0,16912778187,16912777786,0,0,400
8449,0,16914780368,16914779995,0,0,373
8450,0,16916782683,16916782310,0,0,373
8451,0,16918785314,16918784957,0,0,356
8452,0,16920787280,16920786922,0,0,357
8453,0,16922789199,16922788820,0,0,379
8454,0,16924791701,16924791341,0,0,360
8455,0,16926793665,16926793282,0,0,382
8456,0,16928796471,16928796078,0,0,392
8457,0,16930798123,16930797741,0,0,382
8458,0,16932800105,16932799736,0,0,368
8459,0,16934802243,16934801871,0,0,371
8460,0,16936803514,16936803168,0,0,346
8461,0,16938806067,16938805689,0,0,377
8462,0,16940809017,16940808624,0,0,393
8463,0,16942811798,16942811431,0,0,366
8464,0,16944814855,16944814473,0,0,382
8465,0,16946816991,16946816604,0,0,386
8466,0,16948819604,16948819220,0,0,384
8467,0,16950820186,16950819789,0,0,396
8468,0,16952821283,16952820903,0,0,380
8469,0,16954824084,16954823707,0,0,376
8470,0,16956827188,16956826809,0,0,379
8471,0,16958829226,16958828841,0,0,385
8472,0,16960831701,16960831319,0,0,382
8473,0,16962833729,16962833345,0,0,384
8474,0,16964835823,16964835475,0,0,348
8475,0,16966837835,16966837467,0,0,368
8476,0,16968839725,16968839340,0,0,385
8477,0,16970842989,16970842616,0,0,373
8478,0,16972845186,16972844822,0,0,364
8479,0,16974846512,16974846115,0,0,397
8480,0,16976848103,16976847667,0,0,435
8481,0,16978851483,16978851094,0,0,388
8482,0,16980853548,16980853164,0,0,384
8483,0,16982856083,16982855687,0,0,396
8484,0,16984859060,16984858676,0,0,384
8485,0,16986860572,16986860186,0,0,386
8486,0,16988862836,16988862440,0,0,396
8487,0,16990864710,16990864298,0,0,411
8488,0,16992867155,16992866746,0,0,408
8489,0,16994869224,16994868829,0,0,395
8490,0,16996871495,16996871100,0,0,395
8491,0,16998873636,16998873245,0,0,391
8492,0,17000875917,17000875552,0,0,365
8493,0,17002879747,17002879371,0,0,375
8494,0,17004880466,17004880070,0,0,395
8495,0,17006882576,17006882170,0,0,405
8496,0,17008885213,17008884806,0,0,406
8497,0,17010887301,17010886900,0,0,401
8498,0,17012889795,17012889382,0,0,413
8499,0,17014891162,17014890755,0,0,407
8500,0,17016892788,17016892375,0,0,413
8501,0,17018895641,17018895237,0,0,404
8502,0,17020898658,17020898264,0,0,393
8503,0,17022901484,17022901091,0,0,393
8504,0,17024902698,17024902289,0,0,408
8505,0,17026905035,17026904615,0,0,420
8506,0,17028907324,17028906930,0,0,394
8507,0,17030909471,17030909083,0,0,388
8508,0,17032912141,17032911744,0,0,396
8509,0,17034913881,17034913470,0,0,411
8510,0,17036916197,17036915798,0,0,399
8511,0,17038917968,17038917570,0,0,397
8512,0,17040919707,17040919325,0,0,381
8513,0,17042922640,17042922253,0,0,386
8514,0,17044925319,17044924943,0,0,376
8515,0,17046928292,17046927893,0,0,399
8516,0,17048930087,17048929712,0,0,375
8517,0,17050930481,17050930102,0,0,379
8518,0,17052933606,17052933212,0,0,394
8519,0,17054935993,17054935622,0,0,370
8520,0,17056938330,17056937919,0,0,411
8521,0,17058941595,17058941193,0,0,402
8522,0,17060942778,17060942397,0,0,381
8523,0,17062944870,17062944507,0,0,363
8524,0,17064947077,17064946694,0,0,383
8525,0,17066950370,17066949987,0,0,383
8526,0,17068952644,17068952249,0,0,395
8527,0,17070954128,17070953732,0,0,396
8528,0,17072956011,17072955628,0,0,383
8529,0,17074958148,17074957756,0,0,392
8530,0,17076960237,17076959881,0,0,355
8531,0,17078962604,17078962211,0,0,392
8532,0,17080964757,17080964398,0,0,359
8533,0,17082966807,17082966422,0,0,385
8534,0,17084968522,17084968126,0,0,395
8535,0,17086971570,17086971170,0,0,400
8536,0,17088973750,17088973360,0,0,390
8537,0,17090975700,17090975314,0,0,386
8538,0,17092977238,17092976832,0,0,406
8539,0,17094982456,17094982053,0,0,402
8540,0,17096983449,17096983085,0,0,363
8541,0,17098985092,17098984679,0,0,413
8542,0,17100987302,17100986893,0,0,408
8543,0,17102991072,17102990691,0,0,381
8544,0,17104991838,17104991430,0,0,407
8545,0,17106993734,17106993323,0,0,411
8546,0,17108995959,17108995586,0,0,372
8547,0,17110999146,17110998747,0,0,399
8548,0,17113001708,17113001332,0,0,376
8549,0,17115002852,17115002460,0,0,392
8550,0,17117005060,17117004660,0,0,400
8551,0,17119007274,17119006874,0,0,400
8552,0,17121009840,17121009444,0,0,395
8553,0,17123011555,17123011169,0,0,385
8554,0,17125013719,17125013313,0,0,405
8555,0,17127016005,17127015606,0,0,398
8556,0,17129018595,17129018190,0,0,404
8557,0,17131021692,17131021298,0,0,393
8558,0,17133022676,17133022285,0,0,391
8559,0,17135025000,17135024627,0,0,373
8560,0,17137027738,17137027352,0,0,386
8561,0,17139029856,17139029474,0,0,382
8562,0,17141032242,17141031842,0,0,400
8563,0,17143034467,17143034086,0,0,380
8564,0,17145036212,17145035819,0,0,393
8565,0,17147038329,17147037920,0,0,408
8566,0,17149041059,17149040666,0,0,393
8567,0,17151043339,17151042953,0,0,386
8568,0,17153045186,17153044813,0,0,373
8569,0,17155047607,17155047228,0,0,379
8570,0,17157050266,17157049882,0,0,384
8571,0,17159052584,17159052178,0,0,406
8572,0,17161054551,17161054198,0,0,352
8573,0,17163055946,17163055556,0,0,390
8574,0,17165057302,17165056921,0,0,381
8575,0,17167061354,17167060953,0,0,400
8576,0,17169061638,17169061252,0,0,386
8577,0,17171065307,17171064914,0,0,393
8578,0,17173067083,17173066698,0,0,384
8579,0,17175069766,17175069380,0,0,385
8580,0,17177072072,17177071694,0,0,377
8581,0,17179073599,17179073213,0,0,386
8582,0,17181075220,17181074841,0,0,379
8583,0,17183078012,17183077604,0,0,407
8584,0,17185079231,17185078865,0,0,366
8585,0,17187081945,17187081591,0,0,353
8586,0,17189083788,17189083411,0,0,377
8587,0,17191086979,17191086604,0,0,375
8588,0,17193088513,17193088180,0,0,332
8589,0,17195092196,17195091807,0,0,388
8590,0,17197093979,17197093622,0,0,356
8591,0,17199096075,17199095716,0,0,358
8592,0,17201099357,17201098986,0,0,370
8593,0,17203103146,17203102756,0,0,390
8594,0,17205104273,17205103898,0,0,374
8595,0,17207105520,17207105131,0,0,388
8596,0,17209107240,17209106869,0,0,370
8597,0,17211109468,17211109083,0,0,384
8598,0,17213111736,17213111349,0,0,386
8599,0,17215114296,17215113912,0,0,384
8600,0,17217116444,17217116051,0,0,393
8601,0,17219118822,17219118420,0,0,402
8602,0,17221120896,17221120504,0,0,392
8603,0,17223122844,17223122449,0,0,395
8604,0,17225125867,17225125490,0,0,376
8605,0,17227128177,17227127764,0,0,413
8606,0,17229129951,17229129532,0,0,418
8607,0,17231131845,17231131450,0,0,395
8608,0,17233133997,17233133630,0,0,367
8609,0,17235136168,17235135795,0,0,372
8610,0,17237138218,17237137822,0,0,396
8611,0,17239140834,17239140482,0,0,352
8612,0,17241143982,17241143626,0,0,355
8613,0,17243144931,17243144548,0,0,382
8614,0,17245146309,17245145916,0,0,392
8615,0,17247150012,17247149622,0,0,389
8616,0,17249151548,17249151164,0,0,383
8617,0,17251154149,17251153741,0,0,408
8618,0,17253156263,17253155874,0,0,389
8619,0,17255158537,17255158131,0,0,406
8620,0,17257161136,17257160728,0,0,407
8621,0,17259163261,17259162874,0,0,386
8622,0,17261165120,17261164712,0,0,408
8623,0,17263167370,17263166955,0,0,415
8624,0,17265169898,17265169517,0,0,380
8625,0,17267172116,17267171707,0,0,408
8626,0,17269174527,17269174123,0,0,404
8627,0,17271176278,17271175885,0,0,393
8628,0,17273178562,17273178173,0,0,388
8629,0,17275181035,17275180651,0,0,383
8630,0,17277184316,17277183915,0,0,401
8631,0,17279184746,17279184355,0,0,391
8632,0,17281186292,17281185907,0,0,384
8633,0,17283189563,17283189170,0,0,393
8634,0,17285192117,17285191729,0,0,388
8635,0,17287194195,17287193793,0,0,402
8636,0,17289196931,17289196551,0,0,379
8637,0,17291198929,17291198538,0,0,391
8638,0,17293200678,17293200265,0,0,413
8639,0,17295202788,17295202382,0,0,406
8640,0,17297204235,17297203840,0,0,395
8641,0,17299207437,17299207047,0,0,389
8642,0,17301209984,17301209618,0,0,365
8643,0,17303214103,17303213700,0,0,402
8644,0,17305214769,17305214404,0,0,365
8645,0,17307215778,17307215420,0,0,357
8646,0,17309218177,17309217784,0,0,393
8647,0,17311219498,17311219108,0,0,389
8648,0,17313221725,17313221363,0,0,362
8649,0,17315225279,17315224895,0,0,384
8650,0,17317227521,17317227128,0,0,393
8651,0,17319230024,17319229638,0,0,386
8652,0,17321232037,17321231644,0,0,392
8653,0,17323234749,17323234366,0,0,382
8654,0,17325236080,17325235692,0,0,388
8655,0,17327239059,17327238692,0,0,367
8656,0,17329241452,17329241059,0,0,393
8657,0,17331242907,17331242525,0,0,382
8658,0,17333245449,17333245096,0,0,352
8659,0,17335247356,17335246986,0,0,369
8660,0,17337249624,17337249284,0,0,340
8661,0,17339252059,17339251656,0,0,403
8662,0,17341253991,17341253607,0,0,384
8663,0,17343256660,17343256269,0,0,391
8664,0,17345258517,17345258136,0,0,381
8665,0,17347260902,17347260515,0,0,386
8666,0,17349263613,17349263245,0,0,367
8667,0,17351267145,17351266780,0,0,364
8668,0,17353267835,17353267454,0,0,381
8669,0,17355269825,17355269452,0,0,373
8670,0,17357272308,17357271912,0,0,396
8671,0,17359274695,17359274310,0,0,385
8672,0,17361276785,17361276401,0,0,384
8673,0,17363279167,17363278776,0,0,391
8674,0,17365281130,17365280751,0,0,379
8675,0,17367284292,17367283881,0,0,411
8676,0,17369286348,17369285942,0,0,406
8677,0,17371287702,17371287303,0,0,398
8678,0,17373289768,17373289394,0,0,373
8679,0,17375292753,17375292359,0,0,393
8680,0,17377295406,17377295010,0,0,396
8681,0,17379296780,17379296401,0,0,379
8682,0,17381299133,17381298747,0,0,386
8683,0,17383300735,17383300341,0,0,394
8684,0,17385302910,17385302532,0,0,377
8685,0,17387306418,17387306011,0,0,407
8686,0,17389307800,17389307412,0,0,387
8687,0,17391309551,17391309163,0,0,388
8688,0,17393311990,17393311573,0,0,417
8689,0,17395314424,17395314017,0,0,406
8690,0,17397316457,17397316085,0,0,372
8691,0,17399319171,17399318746,0,0,424
8692,0,17401321265,17401320867,0,0,397
8693,0,17403325091,17403324696,0,0,395
8694,0,17405325582,17405325186,0,0,395
8695,0,17407327476,17407327072,0,0,404
8696,0,17409329618,17409329211,0,0,407
8697,0,17411332040,17411331638,0,0,402
8698,0,17413335121,17413334725,0,0,396
8699,0,17415337146,17415336731,0,0,414
8700,0,17417338260,17417337837,0,0,423
8701,0,17419340882,17419340471,0,0,411
8702,0,17421343476,17421343056,0,0,419
8703,0,17423346432,17423346010,0,0,422
8704,0,17425347569,17425347161,0,0,407
8705,0,17427349507,17427349100,0,0,407
8706,0,17429351046,17429350640,0,0,405
8707,0,17431354881,17431354458,0,0,422
8708,0,17433356704,17433356305,0,0,399
8709,0,17435358505,17435358105,0,0,399
8710,0,17437360924,17437360530,0,0,393
8711,0,17439363033,17439362623,0,0,410
8712,0,17441365400,17441365038,0,0,362
8713,0,17443367702,17443367315,0,0,386
8714,0,17445369425,17445369028,0,0,397
8715,0,17447370683,17447370269,0,0,413
8716,0,17449373119,17449372725,0,0,394
8717,0,17451376941,17451376552,0,0,388
8718,0,17453378846,17453378476,0,0,369
8719,0,17455380492,17455380098,0,0,393
8720,0,17457383160,17457382784,0,0,376
8721,0,17459387167,17459386783,0,0,384
8722,0,17461387789,17461387384,0,0,405
8723,0,17463390188,17463389805,0,0,382
8724,0,17465391779,17465391407,0,0,372
8725,0,17467394492,17467394100,0,0,392
8726,0,17469396557,17469396180,0,0,376
8727,0,17471398780,17471398385,0,0,395
8728,0,17473401074,17473400712,0,0,362
8729,0,17475403650,17475403242,0,0,407
8730,0,17477405471,17477405092,0,0,379
8731,0,17479407530,17479407149,0,0,380
8732,0,17481410519,17481410154,0,0,365
8733,0,17483413532,17483413134,0,0,397
8734,0,17485414743,17485414365,0,0,377
8735,0,17487416587,17487416201,0,0,386
8736,0,17489418900,17489418499,0,0,400
8737,0,17491421115,17491420707,0,0,408
8738,0,17493423158,17493422750,0,0,407
8739,0,17495425593,17495425182,0,0,410
8740,0,17497429218,17497428824,0,0,393
8741,0,17499429869,17499429470,0,0,398
8742,0,17501432276,17501431874,0,0,401
8743,0,17503436378,17503435977,0,0,401
8744,0,17505437498,17505437136,0,0,362
8745,0,17507438861,17507438467,0,0,394
8746,0,17509440991,17509440584,0,0,406
8747,0,17511443509,17511443089,0,0,419
8748,0,17513444979,17513444629,0,0,349
8749,0,17515446932,17515446557,0,0,374
8750,0,17517449837,17517449448,0,0,388
8751,0,17519452233,17519451844,0,0,389
8752,0,17521454233,17521453842,0,0,391
8753,0,17523456530,17523456134,0,0,395
8754,0,17525458867,17525458493,0,0,374
8755,0,17527461501,17527461110,0,0,391
8756,0,17529462748,17529462371,0,0,377
8757,0,17531464685,17531464268,0,0,416
8758,0,17533468836,17533468453,0,0,382
8759,0,17535469644,17535469248,0,0,395
8760,0,17537471298,17537470943,0,0,354
8761,0,17539474152,17539473790,0,0,362
8762,0,17541476463,17541476108,0,0,355
8763,0,17543478760,17543478379,0,0,381
8764,0,17545480862,17545480500,0,0,361
8765,0,17547483280,17547482905,0,0,375
8766,0,17549485786,17549485374,0,0,411
8767,0,17551488492,17551488084,0,0,407
8768,0,17553490085,17553489701,0,0,384
8769,0,17555492391,17555492015,0,0,376
8770,0,17557494253,17557493885,0,0,367
8771,0,17559497783,17559497380,0,0,402
8772,0,17561499562,17561499197,0,0,365
8773,0,17563501114,17563500737,0,0,377
8774,0,17565503022,17565502629,0,0,393
8775,0,17567505765,17567505368,0,0,397
8776,0,17569509089,17569508685,0,0,403
8777,0,17571509834,17571509441,0,0,393
8778,0,17573512021,17573511627,0,0,393
8779,0,17575514688,17575514297,0,0,391
8780,0,17577517202,17577516830,0,0,371
8781,0,17579518639,17579518269,0,0,369
8782,0,17581521194,17581520802,0,0,392
8783,0,17583523077,17583522669,0,0,407
8784,0,17585525653,17585525245,0,0,407
8785,0,17587528098,17587527688,0,0,409
8786,0,17589529557,17589529201,0,0,356
8787,0,17591530837,17591530429,0,0,407
8788,0,17593533034,17593532655,0,0,379
8789,0,17595535847,17595535461,0,0,385
8790,0,17597538721,17597538312,0,0,408
8791,0,17599541364,17599540970,0,0,394
8792,0,17601543396,17601543039,0,0,357
8793,0,17603546997,17603546613,0,0,384
8794,0,17605548999,17605548631,0,0,367
8795,0,17607549793,17607549379,0,0,413
8796,0,17609553487,17609553112,0,0,375
8797,0,17611555345,17611554979,0,0,365
8798,0,17613555601,17613555210,0,0,391
8799,0,17615559011,17615558608,0,0,402
8800,0,17617561222,17617560851,0,0,370
8801,0,17619563647,17619563267,0,0,379
8802,0,17621565537,17621565153,0,0,383
8803,0,17623568820,17623568406,0,0,413
8804,0,17625571010,17625570637,0,0,373
8805,0,17627572426,17627572034,0,0,392
8806,0,17629574570,17629574146,0,0,423
8807,0,17631577280,17631576869,0,0,411
8808,0,17633579648,17633579241,0,0,406
8809,0,17635580835,17635580436,0,0,398
8810,0,17637582107,17637581731,0,0,376
8811,0,17639585289,17639584896,0,0,393
8812,0,17641586566,17641586203,0,0,363
8813,0,17643590876,17643590475,0,0,400
8814,0,17645592337,17645591938,0,0,399
8815,0,17647594518,17647594112,0,0,405
8816,0,17649597100,17649596691,0,0,408
8817,0,17651599167,17651598793,0,0,373
8818,0,17653601331,17653600940,0,0,391
8819,0,17655603443,17655603033,0,0,410
8820,0,17657605141,17657604733,0,0,407
8821,0,17659606606,17659606225,0,0,380
8822,0,17661610255,17661609855,0,0,400
8823,0,17663612559,17663612140,0,0,419
8824,0,17665614623,17665614233,0,0,389
8825,0,17667617259,17667616867,0,0,392
8826,0,17669619622,17669619238,0,0,384
8827,0,17671622037,17671621632,0,0,404
8828,0,17673623982,17673623570,0,0,411
8829,0,17675625559,17675625159,0,0,400
8830,0,17677627934,17677627529,0,0,405
8831,0,17679630573,17679630172,0,0,400
8832,0,17681630950,17681630577,0,0,373
8833,0,17683633410,17683633024,0,0,385
8834,0,17685636782,17685636404,0,0,377
8835,0,17687639432,17687639022,0,0,410
8836,0,17689641407,17689641017,0,0,389
8837,0,17691643394,17691642998,0,0,395
8838,0,17693646143,17693645763,0,0,379
8839,0,17695648348,17695647955,0,0,392
8840,0,17697650382,17697649989,0,0,393
8841,0,17699652393,17699651975,0,0,417
8842,0,17701654199,17701653795,0,0,403
8843,0,17703658118,17703657706,0,0,411
8844,0,17705659156,17705658782,0,0,374
8845,0,17707661005,17707660590,0,0,415
8846,0,17709662360,17709661963,0,0,397
8847,0,17711666137,17711665702,0,0,434
8848,0,17713669226,17713668834,0,0,391
8849,0,17715672112,17715671730,0,0,382
8850,0,17717672491,17717672117,0,0,373
8851,0,17719674432,17719674037,0,0,395
8852,0,17721676534,17721676159,0,0,375
8853,0,17723678901,17723678507,0,0,394
8854,0,17725681057,17725680687,0,0,370
8855,0,17727683646,17727683255,0,0,391
8856,0,17729685791,17729685412,0,0,379
8857,0,17731688013,17731687642,0,0,370
8858,0,17733690779,17733690402,0,0,377
8859,0,17735693489,17735693083,0,0,405
8860,0,17737695284,17737694912,0,0,371
8861,0,17739698309,17739697918,0,0,391
8862,0,17741699254,17741698870,0,0,384
8863,0,17743701127,17743700748,0,0,379
8864,0,17745703699,17745703310,0,0,389
8865,0,17747706076,17747705677,0,0,398
8866,0,17749708211,17749707829,0,0,382
8867,0,17751711355,17751710954,0,0,401
8868,0,17753712824,17753712422,0,0,402
8869,0,17755714924,17755714514,0,0,409
8870,0,17757717141,17757716557,0,0,584
8871,0,17759718937,17759718534,0,0,402
8872,0,17761720951,17761720573,0,0,377
8873,0,17763723791,17763723382,0,0,408
8874,0,17765726501,17765726115,0,0,386
8875,0,17767729273,17767728863,0,0,409
8876,0,17769729950,17769729574,0,0,375
8877,0,17771732337,17771731952,0,0,384
8878,0,17773734761,17773734368,0,0,393
8879,0,17775736759,17775736358,0,0,400
8880,0,17777739339,17777738921,0,0,417
8881,0,17779741800,17779741399,0,0,400
8882,0,17781743725,17781743369,0,0,355
8883,0,17783745880,17783745481,0,0,399
8884,0,17785747966,17785747575,0,0,391
8885,0,17787750224,17787749829,0,0,395
8886,0,17789753629,17789753246,0,0,382
8887,0,17791754694,17791754278,0,0,415
8888,0,17793757002,17793756654,0,0,347
8889,0,17795758764,17795758396,0,0,368
8890,0,17797760800,17797760397,0,0,402
8891,0,17799763918,17799763511,0,0,406
8892,0,17801766119,17801765692,0,0,427
8893,0,17803769181,17803768769,0,0,411
8894,0,17805769786,17805769397,0,0,388
8895,0,17807772690,17807772283,0,0,407
8896,0,17809774766,17809774399,0,0,366
8897,0,17811777885,17811777522,0,0,362
8898,0,17813780814,17813780444,0,0,369
8899,0,17815783555,17815783175,0,0,380
8900,0,17817784346,17817783990,0,0,356
8901,0,17819786388,17819786024,0,0,364
8902,0,17821787985,17821787629,0,0,355
8903,0,17823790517,17823790132,0,0,384
8904,0,17825793876,17825793469,0,0,406
8905,0,17827794936,17827794564,0,0,372
8906,0,17829796558,17829796175,0,0,382
8907,0,17831799009,17831798622,0,0,387
8908,0,17833801332,17833800977,0,0,355
8909,0,17835803161,17835802784,0,0,377
8910,0,17837804842,17837804460,0,0,382
8911,0,17839807912,17839807489,0,0,423
8912,0,17841810467,17841810060,0,0,406
8913,0,17843812609,17843812226,0,0,382
8914,0,17845815474,17845815091,0,0,382
8915,0,17847816666,17847816245,0,0,420
8916,0,17849818278,17849817907,0,0,370
8917,0,17851821355,17851820968,0,0,387
8918,0,17853823409,17853823006,0,0,402
8919,0,17855826221,17855825829,0,0,391
8920,0,17857828068,17857827686,0,0,382
8921,0,17859830319,17859829946,0,0,373
8922,0,17861833537,17861833169,0,0,367
8923,0,17863834689,17863834275,0,0,413
8924,0,17865837919,17865837519,0,0,399
8925,0,17867840261,17867839877,0,0,384
8926,0,17869841618,17869841173,0,0,444
8927,0,17871843782,17871843377,0,0,404
8928,0,17873845986,17873845606,0,0,380
8929,0,17875848181,17875847817,0,0,363
8930,0,17877849942,17877849588,0,0,353
8931,0,17879853608,17879853202,0,0,406
8932,0,17881856051,17881855660,0,0,391
8933,0,17883856933,17883856548,0,0,384
8934,0,17885859067,17885858680,0,0,386
8935,0,17887861973,17887861557,0,0,416
8936,0,17889863887,17889863507,0,0,379
8937,0,17891866166,17891865775,0,0,391
8938,0,17893867874,17893867499,0,0,374
8939,0,17895870184,17895869804,0,0,380
8940,0,17897873777,17897873406,0,0,370
8941,0,17899874633,17899874250,0,0,382
8942,0,17901876971,17901876600,0,0,370
8943,0,17903881139,17903880739,0,0,399
8944,0,17905882068,17905881679,0,0,388
8945,0,17907884637,17907884274,0,0,362
8946,0,17909885978,17909885627,0,0,350
8947,0,17911888303,17911887892,0,0,411
8948,0,17913890092,17913889689,0,0,403
8949,0,17915892704,17915892343,0,0,361
8950,0,17917895140,17917894739,0,0,400
8951,0,17919897159,17919896770,0,0,388
8952,0,17921899289,17921898937,0,0,352
8953,0,17923901797,17923901414,0,0,382
8954,0,17925904252,17925903894,0,0,357
8955,0,17927905903,17927905526,0,0,376
8956,0,17929909287,17929908903,0,0,384
8957,0,17931911458,17931911077,0,0,381
8958,0,17933912478,17933912107,0,0,371
8959,0,17935915656,17935915263,0,0,392
8960,0,17937916604,17937916235,0,0,368
8961,0,17939917907,17939917534,0,0,373
8962,0,17941920480,17941920113,0,0,367
8963,0,17943924121,17943923725,0,0,396
8964,0,17945926400,17945926013,0,0,387
8965,0,17947928157,17947927780,0,0,376
8966,0,17949930511,17949930137,0,0,374
8967,0,17951932624,17951932224,0,0,400
8968,0,17953934829,17953934428,0,0,401
8969,0,17955936748,17955936373,0,0,375
8970,0,17957938042,17957937669,0,0,373
8971,0,17959941447,17959941052,0,0,394
8972,0,17961943880,17961943489,0,0,391
8973,0,17963945593,17963945218,0,0,375
8974,0,17965946972,17965946603,0,0,368
8975,0,17967950534,17967950130,0,0,404
8976,0,17969953314,17969952950,0,0,363
8977,0,17971955925,17971955530,0,0,395
8978,0,17973957434,17973957076,0,0,357
8979,0,17975959634,17975959238,0,0,396
8980,0,17977961405,17977961042,0,0,363
8981,0,17979963565,17979963166,0,0,399
8982,0,17981965943,17981965577,0,0,365
8983,0,17983968592,17983968186,0,0,405
8984,0,17985970844,17985970480,0,0,363
8985,0,17987972806,17987972435,0,0,370
8986,0,17989974957,17989974584,0,0,373
8987,0,17991976877,17991976484,0,0,393
8988,0,17993980387,17993980026,0,0,360
8989,0,17995982650,17995982257,0,0,393
8990,0,17997984175,17997983801,0,0,374
8991,0,17999985566,17999985175,0,0,391
8992,0,18001987277,18001986879,0,0,397
8993,0,18003991892,18003991482,0,0,409
8994,0,18005992811,18005992440,0,0,371
8995,0,18007995979,18007995576,0,0,402
8996,0,18009996776,18009996371,0,0,404
8997,0,18011999939,18011999531,0,0,408
8998,0,18014001755,18014001337,0,0,417
8999,0,18016003755,18016003357,0,0,397
9000,0,18018005882,18018005525,0,0,357
9001,0,18020008505,18020008122,0,0,383
9002,0,18022010533,18022010152,0,0,380
9003,0,18024012689,18024012286,0,0,402
9004,0,18026015694,18026015349,0,0,344
9005,0,18028018324,18028017920,0,0,404
9006,0,18030019478,18030019092,0,0,386
9007,0,18032021546,18032021134,0,0,411
9008,0,18034023629,18034023234,0,0,395
9009,0,18036026171,18036025765,0,0,406
9010,0,18038028315,18038027932,0,0,383
9011,0,18040030752,18040030325,0,0,426
9012,0,18042032362,18042031956,0,0,406
9013,0,18044034539,18044034130,0,0,408
9014,0,18046036008,18046035600,0,0,407
9015,0,18048039779,18048039362,0,0,416
9016,0,18050041421,18050041013,0,0,407
9017,0,18052043925,18052043487,0,0,438
9018,0,18054046197,18054045797,0,0,399
9019,0,18056048485,18056048060,0,0,424
9020,0,18058050992,18058050611,0,0,381
9021,0,18060052629,18060052202,0,0,427
9022,0,18062055313,18062054897,0,0,415
9023,0,18064057119,18064056680,0,0,439
9024,0,18066059103,18066058717,0,0,385
9025,0,18068061706,18068061295,0,0,411
9026,0,18070063786,18070063419,0,0,366
9027,0,18072067204,18072066795,0,0,408
9028,0,18074069267,18074068895,0,0,372
9029,0,18076070853,18076070449,0,0,404
9030,0,18078073241,18078072854,0,0,386
9031,0,18080077456,18080077036,0,0,419
9032,0,18082076934,18082076548,0,0,386
9033,0,18084080556,18084080160,0,0,395
9034,0,18086082813,18086082404,0,0,408
9035,0,18088084014,18088083605,0,0,408
9036,0,18090086052,18090085641,0,0,411
9037,0,18092088674,18092088252,0,0,421
9038,0,18094090717,18094090313,0,0,404
9039,0,18096092901,18096092500,0,0,401
9040,0,18098095957,18098095567,0,0,389
9041,0,18100098482,18100098078,0,0,404
9042,0,18102099262,18102098892,0,0,370
9043,0,18104103707,18104103294,0,0,413
9044,0,18106104083,18106103700,0,0,382
9045,0,18108106453,18108106041,0,0,412
9046,0,18110107893,18110107496,0,0,396
9047,0,18112109872,18112109476,0,0,396
9048,0,18114112770,18114112389,0,0,380
9049,0,18116115582,18116115154,0,0,427
9050,0,18118118626,18118118249,0,0,377
9051,0,18120119829,18120119431,0,0,397
9052,0,18122123173,18122122791,0,0,382
9053,0,18124125355,18124124928,0,0,426
9054,0,18126126445,18126126058,0,0,386
9055,0,18128128296,18128127903,0,0,393
9056,0,18130131051,18130130678,0,0,372
9057,0,18132133666,18132133301,0,0,365
9058,0,18134135813,18134135434,0,0,379
9059,0,18136138213,18136137817,0,0,395
9060,0,18138140533,18138140147,0,0,386
9061,0,18140141944,18140141545,0,0,399
9062,0,18142143734,18142143351,0,0,382
9063,0,18144147095,18144146706,0,0,388
9064,0,18146149608,18146149220,0,0,388
9065,0,18148150858,18148150467,0,0,391
9066,0,18150152652,18150152269,0,0,382
9067,0,18152154916,18152154524,0,0,392
9068,0,18154157962,18154157596,0,0,366
9069,0,18156159370,18156158964,0,0,405
9070,0,18158161912,18158161524,0,0,387
9071,0,18160164512,18160164116,0,0,395
9072,0,18162166573,18162166179,0,0,393
9073,0,18164168599,18164168198,0,0,400
9074,0,18166170467,18166170105,0,0,361
9075,0,18168173051,18168172674,0,0,377
9076,0,18170174977,18170174575,0,0,401
9077,0,18172177310,18172176921,0,0,388
9078,0,18174179415,18174179024,0,0,391
9079,0,18176181438,18176181044,0,0,394
9080,0,18178183044,18178182688,0,0,356
9081,0,18180186316,18180185949,0,0,367
9082,0,18182188683,18182188331,0,0,351
9083,0,18184190456,18184190089,0,0,366
9084,0,18186192979,18186192635,0,0,344
9085,0,18188195065,18188194656,0,0,408
9086,0,18190198112,18190197735,0,0,376
9087,0,18192199011,18192198604,0,0,407
9088,0,18194200460,18194200094,0,0,366
9089,0,18196203639,18196203261,0,0,377
9090,0,18198205016,18198204653,0,0,363
9091,0,18200208519,18200208151,0,0,367
9092,0,18202210550,18202210186,0,0,364
9093,0,18204214464,18204214067,0,0,396
9094,0,18206215292,18206214919,0,0,372
9095,0,18208217251,18208216878,0,0,373
9096,0,18210219515,18210219152,0,0,363
9097,0,18212221934,18212221547,0,0,387
9098,0,18214223734,18214223342,0,0,391
9099,0,18216226118,18216225744,0,0,373
9100,0,18218228435,18218228070,0,0,364
9101,0,18220230451,18220230062,0,0,389
9102,0,18222232611,18222232247,0,0,364
9103,0,18224234658,18224234267,0,0,391
9104,0,18226238006,18226237656,0,0,349
9105,0,18228241761,18228241368,0,0,393
9106,0,18230242384,18230242000,0,0,384
9107,0,18232244467,18232244073,0,0,394
9108,0,18234245951,18234245572,0,0,379
9109,0,18236248633,18236248256,0,0,377
9110,0,18238251447,18238251047,0,0,400
9111,0,18240254729,18240254356,0,0,373
9112,0,18242256586,18242256222,0,0,364
9113,0,18244257219,18244256856,0,0,362
9114,0,18246259547,18246259141,0,0,406
9115,0,18248261885,18248261511,0,0,373
9116,0,18250264456,18250264101,0,0,355
9117,0,18252266480,18252266081,0,0,399
9118,0,18254268718,18254268339,0,0,379
9119,0,18256270815,18256270440,0,0,375
9120,0,18258272916,18258272530,0,0,386
9121,0,18260275290,18260274892,0,0,398
9122,0,18262277339,18262276958,0,0,381
9123,0,18264280759,18264280365,0,0,394
9124,0,18266281914,18266281520,0,0,394
9125,0,18268284004,18268283594,0,0,410
9126,0,18270286822,18270286423,0,0,399
9127,0,18272288522,18272288130,0,0,392
9128,0,18274291146,18274290763,0,0,383
9129,0,18276292638,18276292233,0,0,404
9130,0,18278294186,18278293792,0,0,393
9131,0,18280297558,18280297140,0,0,417
9132,0,18282299462,18282299086,0,0,376
9133,0,18284302429,18284302013,0,0,416
9134,0,18286303935,18286303538,0,0,397
9135,0,18288306403,18288305997,0,0,406
9136,0,18290308587,18290308191,0,0,395
9137,0,18292310648,18292310253,0,0,395
9138,0,18294313188,18294312803,0,0,384
9139,0,18296315235,18296314813,0,0,422
9140,0,18298317450,18298317055,0,0,395
9141,0,18300320503,18300320080,0,0,422
9142,0,18302321633,18302321210,0,0,422
9143,0,18304325220,18304324792,0,0,428
9144,0,18306326128,18306325747,0,0,380
9145,0,18308328348,18308327935,0,0,412
9146,0,18310330891,18310330517,0,0,373
9147,0,18312333627,18312333212,0,0,415
9148,0,18314335685,18314335320,0,0,365
9149,0,18316337254,18316336865,0,0,388
9150,0,18318340029,18318339640,0,0,388
9151,0,18320341689,18320341294,0,0,395
9152,0,18322344439,18322344069,0,0,369
9153,0,18324346738,18324346322,0,0,415
9154,0,18326348065,18326347683,0,0,381
9155,0,18328350469,18328350062,0,0,406
9156,0,18330352752,18330352377,0,0,374
9157,0,18332355167,18332354746,0,0,420
9158,0,18334357874,18334357465,0,0,408
9159,0,18336360037,18336359642,0,0,395
9160,0,18338360973,18338360567,0,0,406
9161,0,18340364254,18340363831,0,0,422
9162,0,18342365967,18342365559,0,0,408
9163,0,18344368625,18344368233,0,0,391
9164,0,18346371672,18346371290,0,0,382
9165,0,18348373156,18348372752,0,0,404
9166,0,18350375074,18350374669,0,0,404
9167,0,18352376939,18352376540,0,0,399
9168,0,18354379568,18354379198,0,0,369
9169,0,18356383324,18356382943,0,0,380
9170,0,18358384154,18358383782,0,0,372
9171,0,18360386619,18360386216,0,0,402
9172,0,18362388371,18362388006,0,0,365
9173,0,18364390759,18364390364,0,0,395
9174,0,18366393151,18366392750,0,0,401
9175,0,18368394903,18368394512,0,0,391
9176,0,18370396576,18370396204,0,0,372
9177,0,18372400542,18372400126,0,0,415
9178,0,18374401924,18374401538,0,0,386
9179,0,18376403986,18376403604,0,0,381
9180,0,18378406436,18378406053,0,0,382
9181,0,18380409022,18380408625,0,0,396
9182,0,18382411159,18382410749,0,0,410
9183,0,18384413350,18384412951,0,0,398
9184,0,18386415113,18386414746,0,0,367
9185,0,18388417822,18388417445,0,0,377
9186,0,18390419641,18390419276,0,0,364
9187,0,18392422656,18392422267,0,0,389
9188,0,18394424200,18394423827,0,0,372
9189,0,18396426527,18396426145,0,0,382
9190,0,18398428698,18398428322,0,0,376
9191,0,18400430628,18400430231,0,0,397
9192,0,18402432969,18402432596,0,0,373
9193,0,18404437157,18404436768,0,0,389
9194,0,18406437493,18406437104,0,0,388
9195,0,18408439428,18408439035,0,0,392
9196,0,18410441783,18410441404,0,0,379
9197,0,18412443977,18412443568,0,0,408
9198,0,18414446796,18414446419,0,0,377
9199,0,18416448556,18416448164,0,0,392
9200,0,18418451387,18418451001,0,0,386
9201,0,18420453173,18420452778,0,0,394
9202,0,18422454946,18422454575,0,0,370
9203,0,18424457732,18424457337,0,0,394
9204,0,18426459815,18426459406,0,0,408
9205,0,18428462437,18428462071,0,0,365
9206,0,18430464206,18430463826,0,0,379
9207,0,18432466087,18432465706,0,0,380
9208,0,18434467459,18434467091,0,0,368
9209,0,18436471025,18436470660,0,0,365
9210,0,18438473624,18438473253,0,0,370
9211,0,18440475116,18440474730,0,0,386
9212,0,18442478069,18442477690,0,0,379
9213,0,18444479675,18444479245,0,0,429
9214,0,18446483092,18446482684,0,0,407
9215,0,18448483763,18448483397,0,0,365
9216,0,18450485620,18450485237,0,0,382
9217,0,18452488821,18452488438,0,0,383
9218,0,18454490486,18454490122,0,0,364
9219,0,18456492378,18456492012,0,0,366
9220,0,18458495564,18458495173,0,0,391
9221,0,18460497739,18460497346,0,0,393
9222,0,18462499840,18462499458,0,0,382
9223,0,18464502445,18464502069,0,0,375
9224,0,18466504487,18466504121,0,0,366
9225,0,18468506275,18468505906,0,0,368
9226,0,18470508782,18470508389,0,0,392
9227,0,18472510674,18472510297,0,0,377
9228,0,18474512998,18474512651,0,0,346
9229,0,18476515526,18476515134,0,0,392
9230,0,18478517516,18478517146,0,0,370
9231,0,18480519844,18480519475,0,0,368
9232,0,18482523914,18482523552,0,0,361
9233,0,18484525277,18484524987,0,0,289
9234,0,18486526813,18486526453,0,0,360
9235,0,18488528692,18488528332,0,0,359
9236,0,18490530852,18490530508,0,0,343
9237,0,18492533165,18492532773,0,0,392
9238,0,18494535571,18494535191,0,0,380
9239,0,18496537318,18496536946,0,0,372
9240,0,18498538613,18498538264,0,0,349
9241,0,18500541813,18500541436,0,0,376
9242,0,18502544220,18502543856,0,0,364
9243,0,18504547459,18504547090,0,0,368
9244,0,18506549328,18506549022,0,0,306
9245,0,18508551234,18508550844,0,0,390
9246,0,18510553335,18510552966,0,0,369
9247,0,18512555247,18512554876,0,0,370
9248,0,18514557657,18514557298,0,0,358
9249,0,18516560297,18516559904,0,0,393
9250,0,18518562141,18518561777,0,0,364
9251,0,18520564858,18520564456,0,0,401
9252,0,18522565643,18522565240,0,0,402
9253,0,18524569443,18524569067,0,0,376
9254,0,18526571525,18526571152,0,0,373
9255,0,18528573112,18528572691,0,0,421
9256,0,18530575820,18530575384,0,0,435
9257,0,18532577835,18532577432,0,0,403
9258,0,18534580044,18534579597,0,0,446
9259,0,18536582543,18536582148,0,0,395
9260,0,18538584504,18538584107,0,0,397
9261,0,18540587112,18540586678,0,0,433
9262,0,18542588501,18542588076,0,0,424
9263,0,18544591064,18544590660,0,0,404
9264,0,18546593062,18546592667,0,0,395
9265,0,18548595254,18548594855,0,0,399
9266,0,18550597604,18550597179,0,0,424
9267,0,18552599768,18552599372,0,0,395
9268,0,18554601973,18554601577,0,0,395
9269,0,18556605676,18556605260,0,0,415
9270,0,18558606580,18558606186,0,0,393
9271,0,18560608487,18560608076,0,0,411
9272,0,18562609860,18562609488,0,0,372
9273,0,18564613039,18564612636,0,0,402
9274,0,18566615235,18566614860,0,0,375
9275,0,18568617714,18568617330,0,0,383
9276,0,18570620120,18570619726,0,0,393
9277,0,18572622183,18572621783,0,0,400
9278,0,18574624359,18574623962,0,0,396
9279,0,18576626548,18576626137,0,0,410
9280,0,18578628718,18578628339,0,0,378
9281,0,18580631123,18580630707,0,0,416
9282,0,18582632968,18582632576,0,0,392
9283,0,18584636534,18584636138,0,0,396
9284,0,18586638435,18586638047,0,0,388
9285,0,18588640551,18588640125,0,0,426
9286,0,18590641888,18590641483,0,0,404
9287,0,18592645033,18592644625,0,0,407
9288,0,18594645787,18594645416,0,0,370
9289,0,18596649017,18596648624,0,0,392
9290,0,18598651057,18598650659,0,0,397
9291,0,18600653024,18600652644,0,0,379
9292,0,18602655666,18602655318,0,0,348
9293,0,18604658786,18604658407,0,0,379
9294,0,18606660137,18606659737,0,0,400
9295,0,18608661949,18608661552,0,0,396
9296,0,18610664699,18610664314,0,0,384
9297,0,18612667040,18612666655,0,0,385
9298,0,18614668754,18614668384,0,0,369
9299,0,18616671801,18616671388,0,0,412
9300,0,18618673280,18618672913,0,0,367
9301,0,18620675856,18620675458,0,0,397
9302,0,18622677729,18622677307,0,0,422
9303,0,18624680170,18624679749,0,0,420
9304,0,18626682112,18626681744,0,0,367
9305,0,18628685808,18628685409,0,0,399
9306,0,18630686907,18630686536,0,0,370
9307,0,18632688909,18632688501,0,0,407
9308,0,18634692013,18634691650,0,0,362
9309,0,18636694662,18636694252,0,0,409
9310,0,18638696015,18638695617,0,0,397
9311,0,18640697486,18640697081,0,0,404
9312,0,18642700598,18642700223,0,0,375
9313,0,18644703751,18644703380,0,0,370
9314,0,18646704402,18646704050,0,0,351
9315,0,18648707988,18648707591,0,0,396
9316,0,18650709902,18650709530,0,0,372
9317,0,18652711424,18652711049,0,0,375
9318,0,18654713258,18654712877,0,0,381
9319,0,18656715813,18656715444,0,0,369
9320,0,18658717747,18658717380,0,0,366
9321,0,18660720089,18660719709,0,0,380
9322,0,18662722125,18662721759,0,0,365
9323,0,18664725774,18664725395,0,0,379
9324,0,18666726451,18666726080,0,0,370
9325,0,18668728808,18668728408,0,0,399
9326,0,18670731353,18670730980,0,0,373
9327,0,18672733627,18672733244,0,0,382
9328,0,18674736281,18674735884,0,0,397
9329,0,18676738935,18676738539,0,0,395
9330,0,18678740339,18678739975,0,0,363
9331,0,18680742323,18680741948,0,0,375
9332,0,18682744727,18682744344,0,0,382
9333,0,18684747068,18684746684,0,0,384
9334,0,18686749106,18686748734,0,0,372
9335,0,18688751343,18688750958,0,0,385
9336,0,18690753702,18690753355,0,0,347
9337,0,18692756371,18692756005,0,0,366
9338,0,18694759174,18694758803,0,0,370
9339,0,18696760298,18696759919,0,0,379
9340,0,18698762593,18698762233,0,0,359
9341,0,18700764201,18700763813,0,0,387
9342,0,18702766393,18702766006,0,0,386
9343,0,18704770011,18704769638,0,0,372
9344,0,18706770821,18706770456,0,0,365
9345,0,18708773178,18708772813,0,0,365
9346,0,18710775440,18710775057,0,0,383
9347,0,18712778014,18712777645,0,0,368
9348,0,18714779953,18714779579,0,0,374
9349,0,18716782306,18716781920,0,0,386
9350,0,18718785082,18718784710,0,0,372
9351,0,18720787179,18720786790,0,0,389
9352,0,18722789351,18722788957,0,0,394
9353,0,18724791146,18724790761,0,0,384
9354,0,18726793083,18726792708,0,0,375
9355,0,18728795872,18728795503,0,0,368
9356,0,18730798278,18730797944,0,0,334
9357,0,18732800564,18732800195,0,0,368
9358,0,18734802167,18734801784,0,0,382
9359,0,18736804401,18736804027,0,0,373
9360,0,18738808150,18738807802,0,0,348
9361,0,18740810132,18740809772,0,0,360
9362,0,18742811238,18742810885,0,0,352
9363,0,18744814035,18744813660,0,0,375
9364,0,18746815982,18746815638,0,0,344
9365,0,18748817243,18748816864,0,0,379
9366,0,18750819040,18750818668,0,0,372
9367,0,18752822643,18752822300,0,0,343
9368,0,18754824506,18754824167,0,0,339
9369,0,18756826626,18756826269,0,0,357
9370,0,18758828951,18758828597,0,0,354
9371,0,18760831752,18760831412,0,0,340
9372,0,18762833613,18762833269,0,0,344
9373,0,18764835835,18764835472,0,0,363
9374,0,18766837875,18766837519,0,0,356
9375,0,18768840249,18768839850,0,0,399
9376,0,18770842125,18770841718,0,0,407
9377,0,18772844688,18772844297,0,0,391
9378,0,18774847487,18774847064,0,0,422
9379,0,18776848653,18776848228,0,0,424
9380,0,18778850205,18778849786,0,0,419
9381,0,18780853569,18780853166,0,0,403
9382,0,18782855555,18782855139,0,0,415
9383,0,18784857712,18784857277,0,0,435
9384,0,18786859051,18786858654,0,0,396
9385,0,18788862231,18788861831,0,0,399
9386,0,18790864588,18790864216,0,0,372
9387,0,18792866481,18792866074,0,0,407
9388,0,18794867904,18794867523,0,0,381
9389,0,18796871201,18796870791,0,0,409
9390,0,18798873251,18798872840,0,0,411
9391,0,18800875500,18800875095,0,0,404
9392,0,18802878690,18802878303,0,0,387
9393,0,18804882588,18804882177,0,0,410
9394,0,18806882489,18806882119,0,0,370
9395,0,18808884437,18808884032,0,0,404
9396,0,18810886571,18810886164,0,0,406
9397,0,18812889761,18812889363,0,0,397
9398,0,18814891537,18814891144,0,0,393
9399,0,18816893647,18816893256,0,0,391
9400,0,18818895613,18818895232,0,0,380
9401,0,18820898069,18820897657,0,0,412
9402,0,18822900121,18822899721,0,0,400
9403,0,18824902249,18824901838,0,0,411
9404,0,18826904811,18826904429,0,0,381
9405,0,18828907096,18828906695,0,0,401
9406,0,18830909130,18830908729,0,0,401
9407,0,18832911222,18832910807,0,0,415
9408,0,18834913215,18834912838,0,0,377
9409,0,18836915670,18836915263,0,0,406
9410,0,18838917451,18838917086,0,0,365
9411,0,18840920271,18840919849,0,0,422
9412,0,18842923308,18842922932,0,0,376
9413,0,18844925099,18844924682,0,0,417
9414,0,18846927074,18846926685,0,0,388
9415,0,18848930150,18848929742,0,0,407
9416,0,18850931381,18850931000,0,0,381
9417,0,18852934362,18852933967,0,0,395
9418,0,18854936406,18854936010,0,0,395
9419,0,18856936784,18856936376,0,0,407
9420,0,18858940298,18858939917,0,0,380
9421,0,18860942334,18860941939,0,0,395
9422,0,18862944515,18862944131,0,0,384
9423,0,18864946534,18864946128,0,0,406
9424,0,18866948397,18866948013,0,0,384
9425,0,18868951024,18868950633,0,0,391
9426,0,18870952910,18870952529,0,0,381
9427,0,18872955636,18872955215,0,0,420
9428,0,18874957700,18874957331,0,0,368
9429,0,18876959824,18876959427,0,0,396
9430,0,18878960986,18878960570,0,0,416
9431,0,18880963669,18880963264,0,0,404
9432,0,18882966872,18882966477,0,0,395
9433,0,18884970417,18884970029,0,0,387
9434,0,18886971213,18886970825,0,0,387
9435,0,18888973472,18888973081,0,0,391
9436,0,18890975987,18890975581,0,0,406
9437,0,18892978236,18892977845,0,0,391
9438,0,18894980202,18894979800,0,0,401
9439,0,18896982404,18896981988,0,0,415
9440,0,18898984710,18898984331,0,0,378
9441,0,18900986737,18900986327,0,0,410
9442,0,18902988907,18902988498,0,0,408
9443,0,18904993112,18904992705,0,0,406
9444,0,18906993378,18906992983,0,0,395
9445,0,18908995568,18908995171,0,0,397
9446,0,18910997959,18910997568,0,0,391
9447,0,18913000157,18912999764,0,0,393
9448,0,18915002565,18915002201,0,0,364
9449,0,18917004746,18917004359,0,0,386
9450,0,18919006735,18919006332,0,0,402
9451,0,18921010730,18921010332,0,0,397
9452,0,18923011024,18923010640,0,0,384
9453,0,18925012984,18925012567,0,0,416
9454,0,18927015730,18927015366,0,0,364
9455,0,18929017937,18929017527,0,0,409
9456,0,18931020391,18931020002,0,0,388
9457,0,18933022331,18933021958,0,0,373
9458,0,18935024583,18935024210,0,0,373
9459,0,18937026892,18937026491,0,0,400
9460,0,18939029102,18939028719,0,0,383
9461,0,18941031820,18941031453,0,0,366
9462,0,18943033359,18943032966,0,0,393
9463,0,18945035662,18945035257,0,0,405
9464,0,18947038112,18947037739,0,0,373
9465,0,18949040227,18949039842,0,0,384
9466,0,18951042955,18951042575,0,0,379
9467,0,18953044637,18953044266,0,0,370
9468,0,18955047251,18955046874,0,0,376
9469,0,18957050156,18957049752,0,0,403
9470,0,18959050341,18959049966,0,0,375
9471,0,18961053382,18961052984,0,0,397
9472,0,18963054765,18963054413,0,0,352
9473,0,18965058563,18965058204,0,0,359
9474,0,18967060757,18967060402,0,0,354
9475,0,18969062772,18969062411,0,0,360
9476,0,18971065491,18971065135,0,0,355
9477,0,18973067910,18973067534,0,0,375
9478,0,18975069082,18975068701,0,0,381
9479,0,18977071483,18977071117,0,0,365
9480,0,18979073752,18979073392,0,0,360
9481,0,18981075937,18981075576,0,0,360
9482,0,18983078079,18983077708,0,0,370
9483,0,18985080343,18985079979,0,0,364
9484,0,18987082768,18987082440,0,0,328
9485,0,18989084713,18989084328,0,0,384
9486,0,18991086664,18991086277,0,0,386
9487,0,18993089413,18993089074,0,0,339
9488,0,18995093521,18995093150,0,0,370
9489,0,18997094898,18997094522,0,0,376
9490,0,18999096306,18999095955,0,0,350
9491,0,19001098266,19001097888,0,0,377
9492,0,19003099904,19003099553,0,0,350
9493,0,19005102638,19005102236,0,0,401
9494,0,19007104975,19007104600,0,0,375
9495,0,19009107163,19009106759,0,0,403
9496,0,19011109233,19011108849,0,0,384
9497,0,19013111843,19013111480,0,0,362
9498,0,19015114083,19015113707,0,0,375
9499,0,19017115710,19017115315,0,0,395
9500,0,19019118388,19019118011,0,0,377
9501,0,19021120401,19021120012,0,0,388
9502,0,19023122989,19023122604,0,0,385
9503,0,19025125149,19025124778,0,0,370
9504,0,19027127188,19027126797,0,0,391
9505,0,19029129519,19029129146,0,0,372
9506,0,19031132903,19031132521,0,0,382
9507,0,19033134017,19033133635,0,0,382
9508,0,19035135824,19035135427,0,0,397
9509,0,19037137912,19037137507,0,0,404
9510,0,19039140397,19039140021,0,0,376
9511,0,19041142857,19041142458,0,0,399
9512,0,19043145667,19043145258,0,0,408
9513,0,19045148692,19045148296,0,0,395
9514,0,19047149744,19047149331,0,0,413
9515,0,19049151460,19049151043,0,0,416
9516,0,19051153614,19051153207,0,0,406
9517,0,19053155824,19053155419,0,0,405
9518,0,19055158326,19055157917,0,0,408
9519,0,19057160078,19057159695,0,0,383
9520,0,19059162201,19059161811,0,0,390
9521,0,19061164759,19061164364,0,0,395
9522,0,19063167413,19063167029,0,0,384
9523,0,19065169310,19065168886,0,0,424
9524,0,19067172461,19067172055,0,0,406
9525,0,19069173686,19069173249,0,0,436
9526,0,19071175665,19071175274,0,0,391
9527,0,19073178532,19073178110,0,0,422
9528,0,19075180343,19075179982,0,0,360
9529,0,19077182606,19077182190,0,0,416
9530,0,19079185355,19079184970,0,0,384
9531,0,19081186777,19081186377,0,0,399
9532,0,19083188829,19083188428,0,0,401
9533,0,19085191597,19085191204,0,0,393
9534,0,19087194204,19087193804,0,0,400
9535,0,19089195847,19089195438,0,0,408
9536,0,19091198484,19091198113,0,0,370
9537,0,19093200787,19093200395,0,0,392
9538,0,19095202704,19095202355,0,0,349
9539,0,19097205714,19097205315,0,0,399
9540,0,19099208300,19099207941,0,0,358
9541,0,19101210240,19101209833,0,0,406
9542,0,19103212265,19103211884,0,0,380
9543,0,19105215805,19105215399,0,0,406
9544,0,19107216451,19107216069,0,0,381
9545,0,19109218604,19109218211,0,0,393
9546,0,19111220638,19111220231,0,0,406
9547,0,19113222766,19113222366,0,0,399
9548,0,19115225297,19115224892,0,0,405
9549,0,19117227569,19117227182,0,0,386
9550,0,19119229341,19119228947,0,0,393
9551,0,19121231289,19121230902,0,0,387
9552,0,19123233134,19123232782,0,0,352
9553,0,19125236408,19125236009,0,0,399
9554,0,19127238358,19127237985,0,0,373
9555,0,19129240288,19129239906,0,0,382
9556,0,19131242660,19131242260,0,0,399
9557,0,19133245791,19133245416,0,0,374
9558,0,19135248003,19135247638,0,0,364
9559,0,19137249617,19137249217,0,0,399
9560,0,19139251460,19139251057,0,0,402
9561,0,19141255107,19141254730,0,0,377
9562,0,19143256276,19143255913,0,0,362
9563,0,19145258723,19145258355,0,0,367
9564,0,19147261197,19147260850,0,0,347
9565,0,19149264126,19149263755,0,0,370
9566,0,19151265100,19151264708,0,0,391
9567,0,19153267360,19153266974,0,0,386
9568,0,19155269825,19155269423,0,0,402
9569,0,19157271683,19157271282,0,0,400
9570,0,19159273989,19159273616,0,0,373
9571,0,19161276910,19161276503,0,0,407
9572,0,19163279441,19163279052,0,0,388
9573,0,19165281287,19165280895,0,0,392
9574,0,19167284443,19167284044,0,0,399
9575,0,19169286137,19169285748,0,0,388
9576,0,19171287553,19171287146,0,0,406
9577,0,19173289079,19173288698,0,0,381
9578,0,19175290982,19175290587,0,0,394
9579,0,19177294476,19177294073,0,0,403
9580,0,19179294854,19179294468,0,0,386
9581,0,19181298491,19181298125,0,0,365
9582,0,19183300559,19183300157,0,0,402
9583,0,19185302645,19185302238,0,0,407
9584,0,19187305349,19187304946,0,0,402
9585,0,19189307416,19189307033,0,0,382
9586,0,19191309113,19191308710,0,0,403
9587,0,19193311935,19193311534,0,0,401
9588,0,19195313786,19195313410,0,0,376
9589,0,19197316516,19197316116,0,0,400
9590,0,19199318596,19199318215,0,0,381
9591,0,19201320689,19201320289,0,0,400
9592,0,19203323007,19203322625,0,0,382
9593,0,19205326204,19205325804,0,0,399
9594,0,19207327665,19207327289,0,0,376
9595,0,19209328844,19209328436,0,0,407
9596,0,19211330973,19211330587,0,0,385
9597,0,19213334649,19213334247,0,0,402
9598,0,19215336217,19215335840,0,0,377
9599,0,19217338448,19217338054,0,0,393
9600,0,19219340469,19219340113,0,0,355
9601,0,19221342442,19221342061,0,0,380
9602,0,19223343440,19223343053,0,0,386
9603,0,19225346830,19225346439,0,0,391
9604,0,19227349435,19227349043,0,0,392
9605,0,19229351760,19229351369,0,0,391
9606,0,19231354265,19231353899,0,0,366
9607,0,19233355876,19233355508,0,0,367
9608,0,19235358242,19235357908,0,0,333
9609,0,19237360565,19237360200,0,0,364
9610,0,19239362932,19239362562,0,0,369
9611,0,19241364923,19241364552,0,0,371
9612,0,19243367233,19243366878,0,0,354
9613,0,19245369702,19245369326,0,0,375
9614,0,19247371559,19247371177,0,0,382
9615,0,19249374323,19249373918,0,0,405
9616,0,19251376528,19251376146,0,0,382
9617,0,19253379080,19253378674,0,0,406
9618,0,19255379770,19255379373,0,0,397
9619,0,19257382922,19257382519,0,0,402
9620,0,19259385191,19259384795,0,0,395
9621,0,19261387338,19261386957,0,0,381
9622,0,19263389511,19263389123,0,0,388
9623,0,19265392048,19265391665,0,0,383
9624,0,19267394169,19267393765,0,0,404
9625,0,19269395892,19269395511,0,0,380
9626,0,19271399119,19271398749,0,0,370
9627,0,19273401404,19273400998,0,0,405
9628,0,19275403125,19275402735,0,0,389
9629,0,19277405238,19277404828,0,0,410
9630,0,19279408076,19279407659,0,0,416
9631,0,19281410200,19281409804,0,0,395
9632,0,19283410229,19283409866,0,0,362
9633,0,19285412989,19285412586,0,0,403
9634,0,19287417696,19287417325,0,0,370
9635,0,19289418861,19289418477,0,0,384
9636,0,19291420810,19291420417,0,0,393
9637,0,19293422755,19293422366,0,0,388
9638,0,19295425312,19295424928,0,0,384
9639,0,19297428228,19297427835,0,0,392
9640,0,19299430582,19299430191,0,0,391
9641,0,19301432083,19301431674,0,0,408
9642,0,19303434577,19303434189,0,0,387
9643,0,19305437455,19305437045,0,0,409
9644,0,19307438986,19307438624,0,0,361
9645,0,19309441258,19309440868,0,0,389
9646,0,19311442547,19311442161,0,0,386
9647,0,19313444991,19313444591,0,0,400
9648,0,19315447460,19315447049,0,0,411
9649,0,19317449532,19317449133,0,0,399
9650,0,19319452035,19319451628,0,0,406
9651,0,19321454024,19321453645,0,0,378
9652,0,19323457024,19323456630,0,0,394
9653,0,19325458246,19325457853,0,0,393
9654,0,19327460721,19327460332,0,0,388
9655,0,19329462660,19329462252,0,0,408
9656,0,19331464001,19331463629,0,0,372
9657,0,19333467188,19333466790,0,0,398
9658,0,19335469478,19335469112,0,0,365
9659,0,19337472099,19337471710,0,0,389
9660,0,19339474483,19339474103,0,0,380
9661,0,19341476622,19341476221,0,0,400
9662,0,19343479097,19343478710,0,0,386
9663,0,19345480960,19345480556,0,0,404
9664,0,19347483009,19347482627,0,0,382
9665,0,19349484907,19349484513,0,0,393
9666,0,19351487224,19351486856,0,0,367
9667,0,19353490668,19353490280,0,0,388
9668,0,19355492656,19355492275,0,0,380
9669,0,19357493849,19357493448,0,0,401
9670,0,19359495982,19359495596,0,0,385
9671,0,19361497952,19361497564,0,0,387
9672,0,19363499754,19363499379,0,0,375
9673,0,19365502934,19365502530,0,0,403
9674,0,19367504803,19367504421,0,0,382
9675,0,19369507615,19369507220,0,0,395
9676,0,19371509349,19371508932,0,0,416
9677,0,19373511716,19373511323,0,0,393
9678,0,19375513706,19375513310,0,0,396
9679,0,19377516520,19377516121,0,0,399
9680,0,19379519186,19379518818,0,0,367
9681,0,19381520811,19381520432,0,0,379
9682,0,19383523582,19383523225,0,0,356
9683,0,19385525385,19385524993,0,0,391
9684,0,19387527562,19387527206,0,0,355
9685,0,19389529606,19389529208,0,0,397
9686,0,19391531912,19391531541,0,0,370
9687,0,19393533773,19393533366,0,0,407
9688,0,19395536498,19395536139,0,0,359
9689,0,19397538388,19397537993,0,0,395
9690,0,19399541623,19399541257,0,0,366
9691,0,19401544408,19401544032,0,0,375
9692,0,19403545918,19403545550,0,0,367
9693,0,19405549047,19405548665,0,0,382
9694,0,19407549629,19407549247,0,0,382
9695,0,19409551939,19409551548,0,0,391
9696,0,19411554022,19411553624,0,0,398
9697,0,19413556883,19413556487,0,0,395
9698,0,19415559098,19415558715,0,0,383
9699,0,19417561608,19417561207,0,0,400
9700,0,19419564597,19419564215,0,0,381
9701,0,19421565539,19421565115,0,0,424
9702,0,19423567841,19423567445,0,0,395
9703,0,19425569500,19425569096,0,0,403
9704,0,19427572069,19427571696,0,0,373
9705,0,19429573901,19429573512,0,0,388
9706,0,19431576386,19431575994,0,0,392
9707,0,19433579935,19433579536,0,0,399
9708,0,19435580624,19435580253,0,0,370
9709,0,19437583092,19437582687,0,0,405
9710,0,19439585303,19439584907,0,0,396
9711,0,19441588180,19441587781,0,0,399
9712,0,19443590743,19443590334,0,0,408
9713,0,19445592651,19445592244,0,0,407
9714,0,19447595031,19447594624,0,0,406
9715,0,19449596682,19449596291,0,0,391
9716,0,19451598766,19451598378,0,0,387
9717,0,19453601118,19453600707,0,0,410
9718,0,19455603222,19455602817,0,0,404
9719,0,19457604999,19457604591,0,0,407
9720,0,19459606289,19459605897,0,0,392
9721,0,19461609588,19461609170,0,0,417
9722,0,19463612723,19463612324,0,0,399
9723,0,19465615105,19465614690,0,0,415
9724,0,19467616786,19467616395,0,0,391
9725,0,19469619356,19469618928,0,0,427
9726,0,19471620710,19471620291,0,0,419
9727,0,19473622642,19473622213,0,0,429
9728,0,19475624180,19475623773,0,0,406
9729,0,19477626914,19477626522,0,0,392
9730,0,19479628404,19479627998,0,0,406
9731,0,19481632075,19481631672,0,0,402
9732,0,19483634396,19483633984,0,0,411
9733,0,19485636198,19485635788,0,0,409
9734,0,19487638555,19487638145,0,0,409
9735,0,19489640988,19489640598,0,0,389
9736,0,19491643027,19491642672,0,0,355
9737,0,19493645416,19493645049,0,0,367
9738,0,19495647536,19495647155,0,0,380
9739,0,19497649471,19497649089,0,0,382
9740,0,19499651455,19499651089,0,0,366
9741,0,19501654462,19501654049,0,0,413
9742,0,19503656368,19503655973,0,0,395
9743,0,19505660429,19505660069,0,0,359
9744,0,19507660582,19507660211,0,0,370
9745,0,19509663723,19509663343,0,0,379
9746,0,19511664700,19511664322,0,0,377
9747,0,19513667914,19513667540,0,0,373
9748,0,19515669650,19515669258,0,0,392
9749,0,19517671894,19517671498,0,0,395
9750,0,19519673995,19519673611,0,0,384
9751,0,19521676747,19521676346,0,0,400
9752,0,19523678653,19523678283,0,0,370
9753,0,19525681199,19525680789,0,0,409
9754,0,19527683262,19527682897,0,0,365
9755,0,19529685370,19529685004,0,0,365
9756,0,19531687895,19531687528,0,0,367
9757,0,19533689681,19533689292,0,0,388
9758,0,19535692143,19535691770,0,0,372
9759,0,19537693959,19537693586,0,0,373
9760,0,19539695433,19539695048,0,0,385
9761,0,19541699420,19541699025,0,0,394
9762,0,19543701031,19543700662,0,0,368
9763,0,19545703020,19545702620,0,0,399
9764,0,19547704860,19547704483,0,0,377
9765,0,19549707593,19549707189,0,0,404
9766,0,19551709615,19551709221,0,0,394
9767,0,19553711637,19553711240,0,0,396
9768,0,19555713037,19555712689,0,0,347
9769,0,19557716356,19557715952,0,0,403
9770,0,19559718707,19559718325,0,0,381
9771,0,19561720519,19561720119,0,0,400
9772,0,19563722041,19563721682,0,0,359
9773,0,19565725429,19565725035,0,0,394
9774,0,19567727553,19567727174,0,0,379
9775,0,19569729505,19569729146,0,0,359
9776,0,19571732122,19571731740,0,0,382
9777,0,19573734642,19573734258,0,0,384
9778,0,19575736549,19575736208,0,0,341
9779,0,19577738705,19577738296,0,0,408
9780,0,19579741579,19579741208,0,0,370
9781,0,19581743546,19581743145,0,0,400
9782,0,19583745346,19583744973,0,0,373
9783,0,19585747370,19585746973,0,0,397
9784,0,19587750119,19587749764,0,0,355
9785,0,19589751858,19589751473,0,0,384
9786,0,19591754593,19591754246,0,0,346
9787,0,19593756436,19593756056,0,0,380
9788,0,19595759114,19595758757,0,0,356
9789,0,19597760694,19597760308,0,0,385
9790,0,19599762282,19599761887,0,0,395
9791,0,19601765373,19601764975,0,0,397
9792,0,19603767649,19603767290,0,0,359
9793,0,19605771648,19605771257,0,0,391
9794,0,19607771745,19607771379,0,0,365
9795,0,19609776006,19609775615,0,0,391
9796,0,19611777108,19611776725,0,0,382
9797,0,19613778148,19613777757,0,0,391
9798,0,19615781836,19615781431,0,0,404
9799,0,19617782948,19617782552,0,0,395
9800,0,19619786230,19619785877,0,0,352
9801,0,19621788550,19621788154,0,0,396
9802,0,19623789629,19623789246,0,0,383
9803,0,19625791622,19625791265,0,0,357
9804,0,19627793146,19627792774,0,0,372
9805,0,19629796443,19629796051,0,0,391
9806,0,19631798220,19631797824,0,0,395
9807,0,19633799458,19633799065,0,0,393
9808,0,19635802003,19635801652,0,0,350
9809,0,19637805742,19637805343,0,0,399
9810,0,19639807252,19639806875,0,0,377
9811,0,19641808793,19641808386,0,0,406
9812,0,19643812289,19643811898,0,0,391
9813,0,19645814647,19645814250,0,0,397
9814,0,19647816412,19647815995,0,0,416
9815,0,19649818871,19649818480,0,0,391
9816,0,19651821952,19651821588,0,0,364
9817,0,19653823197,19653822815,0,0,382
9818,0,19655825255,19655824856,0,0,399
9819,0,19657827742,19657827359,0,0,383
9820,0,19659831110,19659830709,0,0,401
9821,0,19661833023,19661832629,0,0,393
9822,0,19663834396,19663834007,0,0,388
9823,0,19665836287,19665835896,0,0,391
9824,0,19667837591,19667837209,0,0,381
9825,0,19669841280,19669840877,0,0,402
9826,0,19671843228,19671842845,0,0,382
9827,0,19673846308,19673845914,0,0,394
9828,0,19675849000,19675848600,0,0,400
9829,0,19677849619,19677849222,0,0,396
9830,0,19679851008,19679850610,0,0,398
9831,0,19681855105,19681854694,0,0,411
9832,0,19683856605,19683856207,0,0,397
9833,0,19685858743,19685858363,0,0,380
9834,0,19687861809,19687861413,0,0,396
9835,0,19689863269,19689862860,0,0,409
9836,0,19691865575,19691865201,0,0,374
9837,0,19693867495,19693867107,0,0,387
9838,0,19695869851,19695869467,0,0,384
9839,0,19697871945,19697871536,0,0,408
9840,0,19699874465,19699874048,0,0,417
9841,0,19701876335,19701875956,0,0,379
9842,0,19703878740,19703878375,0,0,365
9843,0,19705882179,19705881792,0,0,386
9844,0,19707882897,19707882507,0,0,390
9845,0,19709884583,19709884201,0,0,382
9846,0,19711887903,19711887495,0,0,407
9847,0,19713889637,19713889221,0,0,415
9848,0,19715891558,19715891162,0,0,395
9849,0,19717894443,19717894051,0,0,392
9850,0,19719897295,19719896914,0,0,381
9851,0,19721899564,19721899152,0,0,411
9852,0,19723900270,19723899877,0,0,393
9853,0,19725904541,19725904170,0,0,370
9854,0,19727905479,19727905085,0,0,394
9855,0,19729907354,19729906934,0,0,419
9856,0,19731908497,19731908098,0,0,398
9857,0,19733911521,19733911150,0,0,370
9858,0,19735914127,19735913729,0,0,397
9859,0,19737917305,19737916898,0,0,406
9860,0,19739919421,19739919037,0,0,384
9861,0,19741921101,19741920720,0,0,380
9862,0,19743923292,19743922885,0,0,406
9863,0,19745925869,19745925467,0,0,401
9864,0,19747928245,19747927860,0,0,384
9865,0,19749930298,19749929902,0,0,395
9866,0,19751932192,19751931782,0,0,409
9867,0,19753934537,19753934120,0,0,416
9868,0,19755936887,19755936485,0,0,402
9869,0,19757939266,19757938853,0,0,413
9870,0,19759940661,19759940242,0,0,418
9871,0,19761943206,19761942779,0,0,426
9872,0,19763946527,19763946158,0,0,368
9873,0,19765948413,19765948021,0,0,392
9874,0,19767948988,19767948632,0,0,356
9875,0,19769951967,19769951596,0,0,370
9876,0,19771954226,19771953851,0,0,375
9877,0,19773956581,19773956187,0,0,393
9878,0,19775958950,19775958564,0,0,386
9879,0,19777961347,19777960934,0,0,412
9880,0,19779963815,19779963453,0,0,361
9881,0,19781965782,19781965404,0,0,378
9882,0,19783967869,19783967477,0,0,391
9883,0,19785969735,19785969346,0,0,388
9884,0,19787971488,19787971126,0,0,361
9885,0,19789974274,19789973890,0,0,384
9886,0,19791976521,19791976130,0,0,391
9887,0,19793978970,19793978584,0,0,386
9888,0,19795979880,19795979474,0,0,406
9889,0,19797983914,19797983512,0,0,401
9890,0,19799986252,19799985889,0,0,363
9891,0,19801988730,19801988319,0,0,411
9892,0,19803990018,19803989635,0,0,383
9893,0,19805993227,19805992828,0,0,399
9894,0,19807994358,19807993963,0,0,395
9895,0,19809996684,19809996302,0,0,382
9896,0,19811999458,19811999062,0,0,395
9897,0,19814001264,19814000890,0,0,373
9898,0,19816004089,19816003716,0,0,373
9899,0,19818006354,19818005973,0,0,381
9900,0,19820007793,19820007434,0,0,359
9901,0,19822010080,19822009707,0,0,373
9902,0,19824012424,19824012042,0,0,382
9903,0,19826014284,19826013871,0,0,412
9904,0,19828016966,19828016572,0,0,393
9905,0,19830018975,19830018604,0,0,370
9906,0,19832021741,19832021373,0,0,367
9907,0,19834025027,19834024620,0,0,407
9908,0,19836025599,19836025210,0,0,388
9909,0,19838027882,19838027490,0,0,391
9910,0,19840030295,19840029896,0,0,399
9911,0,19842032055,19842031663,0,0,391
9912,0,19844033503,19844033131,0,0,371
9913,0,19846037242,19846036867,0,0,374
9914,0,19848039055,19848038672,0,0,382
9915,0,19850041147,19850040752,0,0,394
9916,0,19852043738,19852043337,0,0,400
9917,0,19854046259,19854045888,0,0,370
9918,0,19856048209,19856047826,0,0,383
9919,0,19858050013,19858049632,0,0,381
9920,0,19860052128,19860051780,0,0,347
9921,0,19862054291,19862053934,0,0,357
9922,0,19864055637,19864055305,0,0,331
9923,0,19866060014,19866059633,0,0,380
9924,0,19868062060,19868061690,0,0,369
9925,0,19870064224,19870063835,0,0,388
9926,0,19872065575,19872065204,0,0,370
9927,0,19874067786,19874067370,0,0,416
9928,0,19876069881,19876069509,0,0,372
9929,0,19878072115,19878071744,0,0,370
9930,0,19880074279,19880073900,0,0,379
9931,0,19882076977,19882076568,0,0,408
9932,0,19884079180,19884078825,0,0,355
9933,0,19886081323,19886080924,0,0,399
9934,0,19888083312,19888082907,0,0,404
9935,0,19890085202,19890084791,0,0,410
9936,0,19892086853,19892086485,0,0,368
9937,0,19894090252,19894089862,0,0,389
9938,0,19896091957,19896091588,0,0,369
9939,0,19898093941,19898093516,0,0,424
9940,0,19900096834,19900096475,0,0,359
9941,0,19902098615,19902098204,0,0,410
9942,0,19904100085,19904099691,0,0,394
9943,0,19906104862,19906104456,0,0,406
9944,0,19908106430,19908106058,0,0,372
9945,0,19910108668,19910108272,0,0,395
9946,0,19912111352,19912110996,0,0,355
9947,0,19914112454,19914112051,0,0,402
9948,0,19916115068,19916114710,0,0,357
9949,0,19918116943,19918116568,0,0,375
9950,0,19920119261,19920118865,0,0,396
9951,0,19922120903,19922120508,0,0,394
9952,0,19924122334,19924121959,0,0,375
9953,0,19926125406,19926125017,0,0,389
9954,0,19928127379,19928127026,0,0,352
9955,0,19930130557,19930130159,0,0,398
9956,0,19932132388,19932131993,0,0,395
9957,0,19934135236,19934134842,0,0,393
9958,0,19936137191,19936136802,0,0,389
9959,0,19938138808,19938138431,0,0,377
9960,0,19940141835,19940141475,0,0,359
9961,0,19942143152,19942142795,0,0,356
9962,0,19944145851,19944145495,0,0,356
9963,0,19946148321,19946147913,0,0,407
9964,0,19948150272,19948149891,0,0,381
9965,0,19950152513,19950152109,0,0,404
9966,0,19952154498,19952154117,0,0,380
9967,0,19954157168,19954156780,0,0,387
9968,0,19956159208,19956158842,0,0,366
9969,0,19958160972,19958160583,0,0,388
9970,0,19960162199,19960161827,0,0,371
9971,0,19962165715,19962165312,0,0,402
9972,0,19964167849,19964167473,0,0,375
9973,0,19966170051,19966169676,0,0,375
9974,0,19968172101,19968171732,0,0,368
9975,0,19970174464,19970174072,0,0,391
9976,0,19972175979,19972175586,0,0,393
9977,0,19974178896,19974178528,0,0,368
9978,0,19976182142,19976181765,0,0,377
9979,0,19978183988,19978183574,0,0,414
9980,0,19980186203,19980185830,0,0,373
9981,0,19982188146,19982187763,0,0,382
9982,0,19984190689,19984190310,0,0,379
9983,0,19986192388,19986191989,0,0,399
9984,0,19988194502,19988194115,0,0,386
9985,0,19990196899,19990196522,0,0,377
9986,0,19992198926,19992198575,0,0,350
9987,0,19994201497,19994201096,0,0,400
9988,0,19996203625,19996203251,0,0,374
9989,0,19998205729,19998205390,0,0,339
9990,0,20000208547,20000208175,0,0,372
9991,0,20002210249,20002209847,0,0,402
9992,0,20004212216,20004211840,0,0,375
9993,0,20006216372,20006215993,0,0,379
9994,0,20008216479,20008216092,0,0,387
9995,0,20010217784,20010217386,0,0,398
9996,0,20012220377,20012220022,0,0,354
9997,0,20014223534,20014223155,0,0,379
9998,0,20016225734,20016225352,0,0,382
9999,0,20018228682,20018228269,0,0,413
10000,0,20020230455,20020230077,0,0,377
10001,0,20022234060,20022233678,0,0,382
10002,0,20024234948,20024234603,0,0,345
10003,0,20026237049,20026236644,0,0,404
10004,0,20028239164,20028238807,0,0,357
10005,0,20030241007,20030240613,0,0,393
10006,0,20032242806,20032242432,0,0,374
10007,0,20034246039,20034245631,0,0,407
10008,0,20036248101,20036247749,0,0,352
10009,0,20038250734,20038250358,0,0,375
10010,0,20040252424,20040252041,0,0,382
10011,0,20042254865,20042254482,0,0,382
10012,0,20044257259,20044256898,0,0,360
10013,0,20046259277,20046258910,0,0,366
10014,0,20048261690,20048261307,0,0,383
10015,0,20050263539,20050263131,0,0,407
10016,0,20052265990,20052265603,0,0,386
10017,0,20054270237,20054269860,0,0,376
10018,0,20056270744,20056270346,0,0,398
10019,0,20058273143,20058272723,0,0,419
10020,0,20060274620,20060274235,0,0,384
10021,0,20062277585,20062277184,0,0,401
10022,0,20064279505,20064279122,0,0,383
10023,0,20066281498,20066281090,0,0,407
10024,0,20068283651,20068283295,0,0,356
10025,0,20070285892,20070285509,0,0,382
10026,0,20072287840,20072287460,0,0,380
10027,0,20074290099,20074289696,0,0,403
10028,0,20076292517,20076292152,0,0,365
10029,0,20078294967,20078294582,0,0,385
10030,0,20080297031,20080296654,0,0,376
10031,0,20082299074,20082298665,0,0,408
10032,0,20084301323,20084300906,0,0,417
10033,0,20086303503,20086303121,0,0,382
10034,0,20088305811,20088305420,0,0,391
10035,0,20090308948,20090308577,0,0,370
10036,0,20092310247,20092309838,0,0,409
10037,0,20094312283,20094311876,0,0,406
10038,0,20096315016,20096314626,0,0,390
10039,0,20098316804,20098316375,0,0,429
10040,0,20100318296,20100317905,0,0,390
10041,0,20102322147,20102321722,0,0,424
10042,0,20104323294,20104322919,0,0,374
10043,0,20106326342,20106325938,0,0,404
10044,0,20108328485,20108328089,0,0,395
10045,0,20110330465,20110330048,0,0,416
10046,0,20112332952,20112332542,0,0,410
10047,0,20114334573,20114334146,0,0,427
10048,0,20116337098,20116336707,0,0,391
10049,0,20118339442,20118339058,0,0,384
10050,0,20120341739,20120341375,0,0,364
10051,0,20122344594,20122344169,0,0,424
10052,0,20124347053,20124346678,0,0,375
10053,0,20126349085,20126348689,0,0,395
10054,0,20128350398,20128349996,0,0,402
10055,0,20130352208,20130351782,0,0,426
10056,0,20132354074,20132353698,0,0,375
10057,0,20134357741,20134357321,0,0,419
10058,0,20136360677,20136360274,0,0,402
10059,0,20138361988,20138361572,0,0,416
10060,0,20140363901,20140363525,0,0,376
10061,0,20142366535,20142366128,0,0,407
10062,0,20144368489,20144368139,0,0,349
10063,0,20146370353,20146369954,0,0,399
10064,0,20148372823,20148372447,0,0,375
10065,0,20150375263,20150374865,0,0,397
10066,0,20152376695,20152376302,0,0,393
10067,0,20154377882,20154377454,0,0,427
10068,0,20156380337,20156379924,0,0,413
10069,0,20158383748,20158383332,0,0,415
10070,0,20160385692,20160385291,0,0,401
10071,0,20162388071,20162387638,0,0,433
10072,0,20164390562,20164390197,0,0,364
10073,0,20166393379,20166392986,0,0,393
10074,0,20168396716,20168396327,0,0,389
10075,0,20170398166,20170397719,0,0,447
10076,0,20172399972,20172399594,0,0,377
10077,0,20174402166,20174401755,0,0,410
10078,0,20176403992,20176403601,0,0,391
10079,0,20178406020,20178405599,0,0,421
10080,0,20180408506,20180408105,0,0,400
10081,0,20182410723,20182410330,0,0,393
10082,0,20184412309,20184411921,0,0,387
10083,0,20186416235,20186415842,0,0,393
10084,0,20188418273,20188417889,0,0,383
10085,0,20190419507,20190419101,0,0,406
10086,0,20192421324,20192420943,0,0,380
10087,0,20194423373,20194422962,0,0,411
10088,0,20196425144,20196424759,0,0,384
10089,0,20198428059,20198427660,0,0,399
10090,0,20200430386,20200430008,0,0,377
10091,0,20202432752,20202432359,0,0,392
10092,0,20204434611,20204434235,0,0,375
10093,0,20206438455,20206438076,0,0,379
10094,0,20208440000,20208439600,0,0,399
10095,0,20210442552,20210442146,0,0,406
10096,0,20212443568,20212443189,0,0,379
10097,0,20214446509,20214446146,0,0,362
10098,0,20216448442,20216448049,0,0,392
10099,0,20218450734,20218450328,0,0,406
10100,0,20220452523,20220452123,0,0,400
10101,0,20222454993,20222454585,0,0,407
10102,0,20224457377,20224456997,0,0,380
10103,0,20226459643,20226459272,0,0,370
10104,0,20228461782,20228461429,0,0,352
10105,0,20230463791,20230463422,0,0,368
10106,0,20232466568,20232466215,0,0,352
10107,0,20234467982,20234467592,0,0,390
10108,0,20236470586,20236470193,0,0,393
10109,0,20238472908,20238472521,0,0,387
10110,0,20240474507,20240474125,0,0,382
10111,0,20242475851,20242475459,0,0,392
10112,0,20244478833,20244478462,0,0,370
10113,0,20246481770,20246481397,0,0,373
10114,0,20248483847,20248483480,0,0,366
10115,0,20250485935,20250485551,0,0,384
10116,0,20252488928,20252488573,0,0,354
10117,0,20254491694,20254491316,0,0,377
10118,0,20256492741,20256492368,0,0,373
10119,0,20258495232,20258494838,0,0,393
10120,0,20260497261,20260496848,0,0,413
10121,0,20262499449,20262499060,0,0,388
10122,0,20264501129,20264500755,0,0,374
10123,0,20266502508,20266502124,0,0,384
10124,0,20268505118,20268504775,0,0,342
10125,0,20270508556,20270508161,0,0,394
10126,0,20272511707,20272511310,0,0,397
10127,0,20274512523,20274512134,0,0,388
10128,0,20276516110,20276515725,0,0,384
10129,0,20278518677,20278518296,0,0,380
10130,0,20280519681,20280519334,0,0,346
10131,0,20282521928,20282521550,0,0,377
10132,0,20284523893,20284523524,0,0,368
10133,0,20286525650,20286525265,0,0,384
10134,0,20288526915,20288526536,0,0,379
10135,0,20290529594,20290529208,0,0,386
10136,0,20292532805,20292532457,0,0,348
10137,0,20294535126,20294534734,0,0,392
10138,0,20296536936,20296536563,0,0,373
10139,0,20298538742,20298538366,0,0,376
10140,0,20300540850,20300540507,0,0,343
10141,0,20302543881,20302543486,0,0,395
10142,0,20304546006,20304545627,0,0,379
10143,0,20306550006,20306549603,0,0,402
10144,0,20308550353,20308549975,0,0,377
10145,0,20310553635,20310553265,0,0,370
10146,0,20312554669,20312554266,0,0,403
10147,0,20314557281,20314556874,0,0,407
10148,0,20316559472,20316559070,0,0,402
10149,0,20318561430,20318561023,0,0,406
10150,0,20320562355,20320561956,0,0,399
10151,0,20322564607,20322564213,0,0,393
10152,0,20324567195,20324566822,0,0,373
10153,0,20326571570,20326571182,0,0,387
10154,0,20328573670,20328573266,0,0,404
10155,0,20330574697,20330574295,0,0,402
10156,0,20332576433,20332576026,0,0,406
10157,0,20334579802,20334579388,0,0,413
10158,0,20336581433,20336581041,0,0,391
10159,0,20338584089,20338583680,0,0,409
10160,0,20340586236,20340585817,0,0,418
10161,0,20342588817,20342588386,0,0,430
10162,0,20344590806,20344590400,0,0,406
10163,0,20346593950,20346593557,0,0,393
10164,0,20348595259,20348594851,0,0,407
10165,0,20350597207,20350596793,0,0,414
10166,0,20352599487,20352599062,0,0,424
10167,0,20354601768,20354601343,0,0,424
10168,0,20356603495,20356603123,0,0,372
10169,0,20358605156,20358604731,0,0,424
10170,0,20360608217,20360607842,0,0,375
10171,0,20362610808,20362610381,0,0,427
10172,0,20364612723,20364612322,0,0,400
10173,0,20366615121,20366614729,0,0,391
10174,0,20368617840,20368617441,0,0,399
10175,0,20370619258,20370618874,0,0,384
10176,0,20372620807,20372620447,0,0,360
10177,0,20374623953,20374623554,0,0,399
10178,0,20376625988,20376625626,0,0,362
10179,0,20378629134,20378628753,0,0,380
10180,0,20380630784,20380630408,0,0,376
10181,0,20382633502,20382633085,0,0,417
10182,0,20384633771,20384633362,0,0,408
10183,0,20386637042,20386636626,0,0,416
10184,0,20388638380,20388637997,0,0,382
10185,0,20390642038,20390641626,0,0,411
10186,0,20392643504,20392643088,0,0,415
10187,0,20394645049,20394644636,0,0,413
10188,0,20396648540,20396648175,0,0,364
10189,0,20398650600,20398650176,0,0,423
10190,0,20400652226,20400651801,0,0,424
10191,0,20402654378,20402653955,0,0,423
10192,0,20404657242,20404656869,0,0,373
10193,0,20406660604,20406660210,0,0,394
10194,0,20408662182,20408661819,0,0,363
10195,0,20410664305,20410663910,0,0,394
10196,0,20412666450,20412666044,0,0,405
10197,0,20414668201,20414667800,0,0,400
10198,0,20416670408,20416670003,0,0,405
10199,0,20418673528,20418673124,0,0,404
10200,0,20420674026,20420673663,0,0,363
10201,0,20422677312,20422676916,0,0,395
10202,0,20424679450,20424679077,0,0,373
10203,0,20426681448,20426681051,0,0,397
10204,0,20428683469,20428683096,0,0,373
10205,0,20430686638,20430686228,0,0,410
10206,0,20432688566,20432688145,0,0,420
10207,0,20434690631,20434690225,0,0,406
10208,0,20436692150,20436691777,0,0,373
10209,0,20438695071,20438694677,0,0,393
10210,0,20440697393,20440697021,0,0,371
10211,0,20442700901,20442700510,0,0,391
10212,0,20444702860,20444702480,0,0,380
10213,0,20446704107,20446703716,0,0,391
10214,0,20448706476,20448706094,0,0,382
10215,0,20450708486,20450708078,0,0,407
10216,0,20452710710,20452710330,0,0,379
10217,0,20454713686,20454713310,0,0,375
10218,0,20456715243,20456714870,0,0,373
10219,0,20458717784,20458717408,0,0,375
10220,0,20460720258,20460719921,0,0,337
10221,0,20462722623,20462722214,0,0,408
10222,0,20464723743,20464723347,0,0,396
10223,0,20466726211,20466725817,0,0,393
10224,0,20468728613,20468728214,0,0,399
10225,0,20470730565,20470730168,0,0,397
10226,0,20472732820,20472732448,0,0,371
10227,0,20474735507,20474735107,0,0,399
10228,0,20476737258,20476736863,0,0,394
10229,0,20478739480,20478739074,0,0,406
10230,0,20480740497,20480740093,0,0,404
10231,0,20482743443,20482743048,0,0,395
10232,0,20484746074,20484745733,0,0,341
10233,0,20486748728,20486748325,0,0,402
10234,0,20488751230,20488750854,0,0,375
10235,0,20490753257,20490752860,0,0,397
10236,0,20492756629,20492756262,0,0,366
10237,0,20494757207,20494756826,0,0,380
10238,0,20496759705,20496759300,0,0,405
10239,0,20498761430,20498761029,0,0,400
10240,0,20500763080,20500762711,0,0,368
10241,0,20502766159,20502765763,0,0,395
10242,0,20504768139,20504767773,0,0,365
10243,0,20506771044,20506770650,0,0,394
10244,0,20508773265,20508772916,0,0,349
10245,0,20510775189,20510774795,0,0,393
10246,0,20512777647,20512777271,0,0,375
10247,0,20514779975,20514779585,0,0,389
10248,0,20516781660,20516781313,0,0,347
10249,0,20518784523,20518784151,0,0,371
10250,0,20520785903,20520785499,0,0,403
10251,0,20522787721,20522787333,0,0,387
10252,0,20524790770,20524790412,0,0,357
10253,0,20526792765,20526792384,0,0,381
10254,0,20528796006,20528795606,0,0,400
10255,0,20530797143,20530796752,0,0,391
10256,0,20532800076,20532799707,0,0,369
10257,0,20534802746,20534802335,0,0,410
10258,0,20536804749,20536804386,0,0,362
10259,0,20538806050,20538805694,0,0,356
10260,0,20540807440,20540807082,0,0,357
10261,0,20542810685,20542810293,0,0,392
10262,0,20544813024,20544812644,0,0,379
10263,0,20546814840,20546814465,0,0,375
10264,0,20548816674,20548816314,0,0,359
10265,0,20550819791,20550819387,0,0,403
10266,0,20552821821,20552821476,0,0,345
10267,0,20554823880,20554823493,0,0,387
10268,0,20556825426,20556825087,0,0,339
10269,0,20558828864,20558828483,0,0,380
10270,0,20560830827,20560830444,0,0,382
10271,0,20562832974,20562832609,0,0,364
10272,0,20564835215,20564834862,0,0,353
10273,0,20566837600,20566837214,0,0,386
10274,0,20568839742,20568839378,0,0,364
10275,0,20570841948,20570841555,0,0,393
10276,0,20572844482,20572844089,0,0,393
10277,0,20574846134,20574845728,0,0,406
10278,0,20576848832,20576848431,0,0,401
10279,0,20578850694,20578850272,0,0,422
10280,0,20580853407,20580853008,0,0,399
10281,0,20582855593,20582855178,0,0,415
10282,0,20584857839,20584857430,0,0,408
10283,0,20586859538,20586859116,0,0,422
10284,0,20588861916,20588861534,0,0,382
10285,0,20590864539,20590864105,0,0,433
10286,0,20592866514,20592866086,0,0,427
10287,0,20594868963,20594868548,0,0,415
10288,0,20596870993,20596870564,0,0,429
10289,0,20598873385,20598872972,0,0,413
10290,0,20600875402,20600875000,0,0,402
10291,0,20602878498,20602878085,0,0,412
10292,0,20604879624,20604879222,0,0,402
10293,0,20606883205,20606882824,0,0,381
10294,0,20608884032,20608883625,0,0,406
10295,0,20610886591,20610886208,0,0,382
10296,0,20612889037,20612888676,0,0,361
10297,0,20614890837,20614890431,0,0,405
10298,0,20616893000,20616892604,0,0,395
10299,0,20618895129,20618894730,0,0,399
10300,0,20620898092,20620897714,0,0,377
10301,0,20622899826,20622899430,0,0,396
10302,0,20624902233,20624901831,0,0,402
10303,0,20626904036,20626903637,0,0,399
10304,0,20628906240,20628905858,0,0,382
10305,0,20630908746,20630908326,0,0,419
10306,0,20632910754,20632910338,0,0,415
10307,0,20634913914,20634913510,0,0,404
10308,0,20636916502,20636916094,0,0,408
10309,0,20638918916,20638918504,0,0,412
10310,0,20640920064,20640919638,0,0,426
10311,0,20642921999,20642921594,0,0,404
10312,0,20644924224,20644923876,0,0,348
10313,0,20646927210,20646926792,0,0,417
10314,0,20648929616,20648929205,0,0,411
10315,0,20650930915,20650930505,0,0,410
10316,0,20652933366,20652932961,0,0,404
10317,0,20654935267,20654934833,0,0,433
10318,0,20656937811,20656937414,0,0,396
10319,0,20658939616,20658939208,0,0,408
10320,0,20660942222,20660941818,0,0,404
10321,0,20662944855,20662944428,0,0,426
10322,0,20664946617,20664946242,0,0,375
10323,0,20666949392,20666948987,0,0,404
10324,0,20668951114,20668950750,0,0,364
10325,0,20670953460,20670953054,0,0,406
10326,0,20672955772,20672955359,0,0,413
10327,0,20674958811,20674958389,0,0,421
10328,0,20676959739,20676959341,0,0,397
10329,0,20678962252,20678961857,0,0,395
10330,0,20680964280,20680963910,0,0,370
10331,0,20682966629,20682966223,0,0,406
10332,0,20684969679,20684969276,0,0,402
10333,0,20686972258,20686971867,0,0,391
10334,0,20688973731,20688973327,0,0,404
10335,0,20690975110,20690974694,0,0,415
10336,0,20692976312,20692975941,0,0,370
10337,0,20694979597,20694979217,0,0,380
10338,0,20696982145,20696981764,0,0,381
10339,0,20698985332,20698984933,0,0,399
10340,0,20700987934,20700987528,0,0,406
10341,0,20702988996,20702988599,0,0,397
10342,0,20704990654,20704990271,0,0,383
10343,0,20706995231,20706994833,0,0,397
10344,0,20708996287,20708995903,0,0,383
10345,0,20710998775,20710998398,0,0,376
10346,0,20712999644,20712999273,0,0,370
10347,0,20715002159,20715001752,0,0,406
10348,0,20717004397,20717004038,0,0,359
10349,0,20719006368,20719005975,0,0,393
10350,0,20721008675,20721008283,0,0,391
10351,0,20723011016,20723010610,0,0,406
10352,0,20725013043,20725012672,0,0,370
10353,0,20727015648,20727015256,0,0,392
10354,0,20729018234,20729017827,0,0,406
10355,0,20731019384,20731018996,0,0,388
10356,0,20733020822,20733020436,0,0,386
10357,0,20735024420,20735024006,0,0,413
10358,0,20737026759,20737026373,0,0,386
10359,0,20739028541,20739028159,0,0,382
10360,0,20741031388,20741031047,0,0,341
10361,0,20743033944,20743033557,0,0,387
10362,0,20745035950,20745035585,0,0,365
10363,0,20747039055,20747038668,0,0,386
10364,0,20749040139,20749039783,0,0,356
10365,0,20751042379,20751041990,0,0,389
10366,0,20753044617,20753044241,0,0,376
10367,0,20755046123,20755045756,0,0,367
10368,0,20757047499,20757047148,0,0,351
10369,0,20759050752,20759050376,0,0,376
10370,0,20761053045,20761052678,0,0,367
10371,0,20763055469,20763055086,0,0,382
10372,0,20765057870,20765057505,0,0,365
10373,0,20767059561,20767059192,0,0,368
10374,0,20769061503,20769061132,0,0,370
10375,0,20771064289,20771063884,0,0,404
10376,0,20773067084,20773066719,0,0,364
10377,0,20775068753,20775068382,0,0,370
10378,0,20777070813,20777070442,0,0,370
10379,0,20779073146,20779072750,0,0,395
10380,0,20781075869,20781075514,0,0,355
10381,0,20783077867,20783077484,0,0,382
10382,0,20785081236,20785080820,0,0,416
10383,0,20787082054,20787081665,0,0,389
10384,0,20789085290,20789084942,0,0,348
10385,0,20791087828,20791087451,0,0,377
10386,0,20793089165,20793088799,0,0,366
10387,0,20795091056,20795090680,0,0,375
10388,0,20797093330,20797092983,0,0,346
10389,0,20799095433,20799095083,0,0,350
10390,0,20801097854,20801097492,0,0,361
10391,0,20803099894,20803099512,0,0,382
10392,0,20805102450,20805102107,0,0,343
10393,0,20807106079,20807105700,0,0,379
10394,0,20809106561,20809106231,0,0,329
10395,0,20811109176,20811108807,0,0,368
10396,0,20813111435,20813111074,0,0,360
10397,0,20815113564,20815113216,0,0,348
10398,0,20817116163,20817115787,0,0,375
10399,0,20819118946,20819118564,0,0,382
10400,0,20821120717,20821120292,0,0,424
10401,0,20823122672,20823122265,0,0,406
10402,0,20825124459,20825124083,0,0,375
10403,0,20827126649,20827126247,0,0,402
10404,0,20829129048,20829128624,0,0,424
10405,0,20831131040,20831130636,0,0,404
10406,0,20833133418,20833133001,0,0,417
10407,0,20835135596,20835135179,0,0,416
10408,0,20837137803,20837137429,0,0,373
10409,0,20839140011,20839139633,0,0,377
10410,0,20841142660,20841142265,0,0,394
10411,0,20843144862,20843144451,0,0,411
10412,0,20845146928,20845146572,0,0,355
10413,0,20847149128,20847148725,0,0,402
10414,0,20849151244,20849150858,0,0,386
10415,0,20851153359,20851152943,0,0,416
10416,0,20853155683,20853155278,0,0,404
10417,0,20855157508,20855157102,0,0,406
10418,0,20857160539,20857160143,0,0,395
10419,0,20859162588,20859162195,0,0,392
10420,0,20861164340,20861163951,0,0,388
10421,0,20863166584,20863166195,0,0,388
10422,0,20865169141,20865168737,0,0,403
10423,0,20867171270,20867170867,0,0,402
10424,0,20869173575,20869173214,0,0,360
10425,0,20871175892,20871175502,0,0,390
10426,0,20873177192,20873176787,0,0,404
10427,0,20875179207,20875178796,0,0,411
10428,0,20877182483,20877182070,0,0,413
10429,0,20879184188,20879183777,0,0,411
10430,0,20881185916,20881185489,0,0,427
10431,0,20883188746,20883188327,0,0,419
10432,0,20885190880,20885190479,0,0,401
10433,0,20887193335,20887192946,0,0,388
10434,0,20889195429,20889195039,0,0,390
10435,0,20891199098,20891198706,0,0,392
10436,0,20893200719,20893200348,0,0,370
10437,0,20895201881,20895201490,0,0,391
10438,0,20897203610,20897203205,0,0,404
10439,0,20899206812,20899206402,0,0,410
10440,0,20901208697,20901208324,0,0,373
10441,0,20903211363,20903210969,0,0,393
10442,0,20905213340,20905212957,0,0,383
10443,0,20907217253,20907216862,0,0,391
10444,0,20909218191,20909217793,0,0,397
10445,0,20911219573,20911219161,0,0,411
10446,0,20913221114,20913220692,0,0,422
10447,0,20915224250,20915223813,0,0,437
10448,0,20917225759,20917225386,0,0,373
10449,0,20919228742,20919228346,0,0,396
10450,0,20921230975,20921230597,0,0,377
10451,0,20923233165,20923232751,0,0,413
10452,0,20925235379,20925234997,0,0,382
10453,0,20927238129,20927237730,0,0,399
10454,0,20929240323,20929239921,0,0,402
10455,0,20931243994,20931243588,0,0,406
10456,0,20933244445,20933244031,0,0,413
10457,0,20935246603,20935246204,0,0,399
10458,0,20937249178,20937248802,0,0,375
10459,0,20939251145,20939250739,0,0,406
10460,0,20941254159,20941253751,0,0,407
10461,0,20943257085,20943256669,0,0,415
10462,0,20945258289,20945257890,0,0,399
10463,0,20947260262,20947259833,0,0,429
10464,0,20949262442,20949262037,0,0,405
10465,0,20951264735,20951264332,0,0,403
10466,0,20953266769,20953266404,0,0,365
10467,0,20955269535,20955269140,0,0,395
10468,0,20957271203,20957270804,0,0,399
10469,0,20959273648,20959273231,0,0,416
10470,0,20961275710,20961275332,0,0,377
10471,0,20963278420,20963278035,0,0,385
10472,0,20965280078,20965279701,0,0,377
10473,0,20967283829,20967283447,0,0,382
10474,0,20969284391,20969284002,0,0,388
10475,0,20971287033,20971286624,0,0,408
10476,0,20973288632,20973288249,0,0,382
10477,0,20975290734,20975290330,0,0,403
10478,0,20977293586,20977293200,0,0,386
10479,0,20979295828,20979295411,0,0,417
10480,0,20981297952,20981297566,0,0,386
10481,0,20983300058,20983299689,0,0,368
10482,0,20985302457,20985302094,0,0,363
10483,0,20987304735,20987304328,0,0,407
10484,0,20989306496,20989306117,0,0,379
10485,0,20991309128,20991308749,0,0,379
10486,0,20993311647,20993311248,0,0,399
10487,0,20995313411,20995313031,0,0,380
10488,0,20997315481,20997315096,0,0,385
10489,0,20999317968,20999317584,0,0,384
10490,0,21001320656,21001320280,0,0,376
10491,0,21003323584,21003323212,0,0,372
10492,0,21005325420,21005325043,0,0,377
10493,0,21007328864,21007328493,0,0,370
10494,0,21009329123,21009328721,0,0,402
10495,0,21011331446,21011331049,0,0,397
10496,0,21013333441,21013333092,0,0,348
10497,0,21015335874,21015335487,0,0,387
10498,0,21017338037,21017337685,0,0,351
10499,0,21019340303,21019339916,0,0,386
10500,0,21021342612,21021342258,0,0,353
10501,0,21023345175,21023344788,0,0,386
10502,0,21025347067,21025346701,0,0,366
10503,0,21027349204,21027348808,0,0,395
10504,0,21029351435,21029351036,0,0,398
10505,0,21031353734,21031353369,0,0,365
10506,0,21033355597,21033355217,0,0,380
10507,0,21035358249,21035357860,0,0,388
10508,0,21037360173,21037359821,0,0,352
10509,0,21039363528,21039363131,0,0,396
10510,0,21041364764,21041364399,0,0,364
10511,0,21043366824,21043366450,0,0,374
10512,0,21045370296,21045369888,0,0,407
10513,0,21047372405,21047372000,0,0,404
10514,0,21049373939,21049373566,0,0,372
10515,0,21051376546,21051376145,0,0,400
10516,0,21053379008,21053378624,0,0,384
10517,0,21055380449,21055380092,0,0,357
10518,0,21057382734,21057382326,0,0,407
10519,0,21059384615,21059384206,0,0,408
10520,0,21061387013,21061386674,0,0,339
10521,0,21063389025,21063388634,0,0,391
10522,0,21065391510,21065391135,0,0,375
10523,0,21067393445,21067393081,0,0,364
10524,0,21069396651,21069396269,0,0,382
10525,0,21071398815,21071398438,0,0,377
10526,0,21073400522,21073400143,0,0,379
10527,0,21075402320,21075401928,0,0,392
10528,0,21077405708,21077405358,0,0,350
10529,0,21079406688,21079406305,0,0,382
10530,0,21081409163,21081408789,0,0,373
10531,0,21083411229,21083410848,0,0,380
10532,0,21085413597,21085413221,0,0,375
10533,0,21087415908,21087415519,0,0,389
10534,0,21089418703,21089418303,0,0,399
10535,0,21091421661,21091421274,0,0,387
10536,0,21093422541,21093422131,0,0,409
10537,0,21095424799,21095424408,0,0,390
10538,0,21097426626,21097426243,0,0,382
10539,0,21099428939,21099428549,0,0,389
10540,0,21101431375,21101430979,0,0,396
10541,0,21103433496,21103433080,0,0,415
10542,0,21105435761,21105435356,0,0,405
10543,0,21107439172,21107438763,0,0,408
10544,0,21109439301,21109438892,0,0,408
10545,0,21111442930,21111442561,0,0,368
10546,0,21113446318,21113445916,0,0,402
10547,0,21115447116,21115446701,0,0,415
10548,0,21117448710,21117448296,0,0,413
10549,0,21119450450,21119450049,0,0,400
10550,0,21121453395,21121452979,0,0,415
10551,0,21123455740,21123455344,0,0,395
10552,0,21125458281,21125457912,0,0,368
10553,0,21127460593,21127460202,0,0,391
10554,0,21129462264,21129461873,0,0,391
10555,0,21131464052,21131463642,0,0,409
10556,0,21133467134,21133466773,0,0,361
10557,0,21135468746,21135468343,0,0,402
10558,0,21137470633,21137470248,0,0,385
10559,0,21139473467,21139473076,0,0,391
10560,0,21141476193,21141475828,0,0,364
10561,0,21143478276,21143477896,0,0,380
10562,0,21145480270,21145479898,0,0,372
10563,0,21147483408,21147483036,0,0,372
10564,0,21149486806,21149486463,0,0,342
10565,0,21151486847,21151486453,0,0,393
10566,0,21153489127,21153488728,0,0,399
10567,0,21155491561,21155491141,0,0,420
10568,0,21157494000,21157493614,0,0,385
10569,0,21159495874,21159495473,0,0,400
10570,0,21161497903,21161497532,0,0,370
10571,0,21163500509,21163500126,0,0,382
10572,0,21165502676,21165502301,0,0,375
10573,0,21167504946,21167504558,0,0,387
10574,0,21169506589,21169506187,0,0,402
10575,0,21171508712,21171508310,0,0,401
10576,0,21173511680,21173511264,0,0,415
10577,0,21175514141,21175513746,0,0,395
10578,0,21177516051,21177515682,0,0,368
10579,0,21179518332,21179517923,0,0,408
10580,0,21181520366,21181520007,0,0,359
10581,0,21183522649,21183522259,0,0,389
10582,0,21185525860,21185525442,0,0,417
10583,0,21187526939,21187526543,0,0,395
10584,0,21189529143,21189528771,0,0,371
10585,0,21191531617,21191531241,0,0,376
10586,0,21193533407,21193533034,0,0,373
10587,0,21195535961,21195535565,0,0,395
10588,0,21197538200,21197537824,0,0,376
10589,0,21199540003,21199539600,0,0,402
10590,0,21201541575,21201541191,0,0,384
10591,0,21203545248,21203544860,0,0,388
10592,0,21205546743,21205546329,0,0,414
10593,0,21207550254,21207549871,0,0,382
10594,0,21209551568,21209551183,0,0,385
10595,0,21211554457,21211554074,0,0,382
10596,0,21213556925,21213556530,0,0,395
10597,0,21215557905,21215557505,0,0,400
10598,0,21217560276,21217559879,0,0,396
10599,0,21219562815,21219562400,0,0,415
10600,0,21221564959,21221564564,0,0,395
10601,0,21223567797,21223567396,0,0,400
10602,0,21225568023,21225567625,0,0,397
10603,0,21227571388,21227570971,0,0,416
10604,0,21229573882,21229573532,0,0,350
10605,0,21231576703,21231576292,0,0,411
10606,0,21233578154,21233577766,0,0,387
10607,0,21235579928,21235579536,0,0,392
10608,0,21237581694,21237581305,0,0,388
10609,0,21239584786,21239584382,0,0,404
10610,0,21241587433,21241587044,0,0,388
10611,0,21243589019,21243588644,0,0,375
10612,0,21245591602,21245591246,0,0,355
10613,0,21247593849,21247593441,0,0,407
10614,0,21249596067,21249595674,0,0,393
10615,0,21251598324,21251597925,0,0,399
10616,0,21253600868,21253600492,0,0,376
10617,0,21255603013,21255602642,0,0,370
10618,0,21257605144,21257604775,0,0,368
10619,0,21259607784,21259607405,0,0,379
10620,0,21261608492,21261608137,0,0,355
10621,0,21263612008,21263611611,0,0,397
10622,0,21265613764,21265613374,0,0,389
10623,0,21267615807,21267615416,0,0,391
10624,0,21269617988,21269617631,0,0,356
10625,0,21271620172,21271619785,0,0,386
10626,0,21273623062,21273622714,0,0,348
10627,0,21275625108,21275624724,0,0,384
10628,0,21277627069,21277626717,0,0,351
10629,0,21279629684,21279629313,0,0,370
10630,0,21281631961,21281631597,0,0,364
10631,0,21283633454,21283633124,0,0,330
10632,0,21285635584,21285635248,0,0,336
10633,0,21287638148,21287637805,0,0,342
10634,0,21289640524,21289640172,0,0,352
10635,0,21291642435,21291642088,0,0,347
10636,0,21293645086,21293644727,0,0,359
10637,0,21295647779,21295647414,0,0,364
10638,0,21297648476,21297648092,0,0,384
10639,0,21299651625,21299651254,0,0,370
10640,0,21301654912,21301654548,0,0,364
10641,0,21303656915,21303656531,0,0,384
10642,0,21305658587,21305658216,0,0,370
10643,0,21307661955,21307661588,0,0,366
10644,0,21309662644,21309662247,0,0,397
10645,0,21311665071,21311664692,0,0,379
10646,0,21313667295,21313666919,0,0,376
10647,0,21315669425,21315669058,0,0,366
10648,0,21317671518,21317671120,0,0,397
10649,0,21319673870,21319673461,0,0,408
10650,0,21321676280,21321675893,0,0,387
10651,0,21323677953,21323677568,0,0,384
10652,0,21325679832,21325679457,0,0,375
10653,0,21327682413,21327682026,0,0,386
10654,0,21329684276,21329683868,0,0,408
10655,0,21331688725,21331688334,0,0,391
10656,0,21333689209,21333688808,0,0,401
10657,0,21335691889,21335691476,0,0,413
10658,0,21337693452,21337693071,0,0,380
10659,0,21339695813,21339695412,0,0,400
10660,0,21341698493,21341698098,0,0,395
10661,0,21343700337,21343699945,0,0,392
10662,0,21345702688,21345702299,0,0,388
10663,0,21347705316,21347704894,0,0,422
10664,0,21349707542,21349707139,0,0,402
10665,0,21351709269,21351708863,0,0,405
10666,0,21353711120,21353710708,0,0,411
10667,0,21355712858,21355712457,0,0,401
10668,0,21357716024,21357715658,0,0,365
10669,0,21359718579,21359718188,0,0,391
10670,0,21361720340,21361719955,0,0,385
10671,0,21363722538,21363722148,0,0,389
10672,0,21365725092,21365724692,0,0,399
10673,0,21367727523,21367727110,0,0,412
10674,0,21369730780,21369730400,0,0,380
10675,0,21371731734,21371731311,0,0,422
10676,0,21373733707,21373733340,0,0,367
10677,0,21375736555,21375736147,0,0,408
10678,0,21377738166,21377737759,0,0,406
10679,0,21379740667,21379740255,0,0,412
10680,0,21381742451,21381742051,0,0,400
10681,0,21383745092,21383744698,0,0,394
10682,0,21385747014,21385746657,0,0,357
10683,0,21387749730,21387749339,0,0,391
10684,0,21389752482,21389752096,0,0,386
10685,0,21391755355,21391754965,0,0,389
10686,0,21393756323,21393755921,0,0,401
10687,0,21395758067,21395757667,0,0,399
10688,0,21397760318,21397759959,0,0,359
10689,0,21399762930,21399762525,0,0,404
10690,0,21401764736,21401764355,0,0,380
10691,0,21403768305,21403767929,0,0,375
10692,0,21405771242,21405770874,0,0,367
10693,0,21407773206,21407772798,0,0,408
10694,0,21409773566,21409773164,0,0,402
10695,0,21411776031,21411775635,0,0,396
10696,0,21413778429,21413778053,0,0,375
10697,0,21415780643,21415780266,0,0,377
10698,0,21417782694,21417782323,0,0,370
10699,0,21419785591,21419785188,0,0,402
10700,0,21421787353,21421786991,0,0,362
10701,0,21423789195,21423788797,0,0,398
10702,0,21425790397,21425789995,0,0,401
10703,0,21427793928,21427793521,0,0,407
10704,0,21429796102,21429795739,0,0,363
10705,0,21431798444,21431798075,0,0,368
10706,0,21433800896,21433800528,0,0,367
10707,0,21435802666,21435802267,0,0,399
10708,0,21437804914,21437804532,0,0,382
10709,0,21439807389,21439806992,0,0,397
10710,0,21441810312,21441809930,0,0,382
10711,0,21443811795,21443811400,0,0,395
10712,0,21445813691,21445813348,0,0,343
10713,0,21447815957,21447815574,0,0,382
10714,0,21449818622,21449818251,0,0,370
10715,0,21451820586,21451820206,0,0,379
10716,0,21453823045,21453822669,0,0,376
10717,0,21455825259,21455824886,0,0,373
10718,0,21457827243,21457826842,0,0,401
10719,0,21459829069,21459828670,0,0,399
10720,0,21461830397,21461830010,0,0,386
10721,0,21463833784,21463833368,0,0,415
10722,0,21465836082,21465835698,0,0,383
10723,0,21467839423,21467839033,0,0,389
10724,0,21469841606,21469841215,0,0,391
10725,0,21471842896,21471842502,0,0,393
10726,0,21473845152,21473844770,0,0,382
10727,0,21475847927,21475847543,0,0,384
10728,0,21477850384,21477850024,0,0,359
10729,0,21479851484,21479851081,0,0,402
10730,0,21481853925,21481853520,0,0,405
10731,0,21483856028,21483855624,0,0,404
10732,0,21485857996,21485857640,0,0,356
10733,0,21487859508,21487859092,0,0,416
10734,0,21489862786,21489862369,0,0,416
10735,0,21491864936,21491864553,0,0,382
10736,0,21493867273,21493866876,0,0,396
10737,0,21495869388,21495868989,0,0,399
10738,0,21497871550,21497871173,0,0,377
10739,0,21499873813,21499873435,0,0,377
10740,0,21501875955,21501875564,0,0,391
10741,0,21503878249,21503877856,0,0,393
10742,0,21505880660,21505880262,0,0,397
10743,0,21507884773,21507884361,0,0,411
10744,0,21509884878,21509884485,0,0,393
10745,0,21511887346,21511886936,0,0,409
10746,0,21513889942,21513889538,0,0,404
10747,0,21515892442,21515892034,0,0,408
10748,0,21517894105,21517893721,0,0,384
10749,0,21519896831,21519896435,0,0,395
10750,0,21521897928,21521897512,0,0,415
10751,0,21523900447,21523900056,0,0,390
10752,0,21525903053,21525902681,0,0,371
10753,0,21527905013,21527904613,0,0,399
10754,0,21529907209,21529906831,0,0,378
10755,0,21531910065,21531909657,0,0,407
10756,0,21533912028,21533911629,0,0,399
10757,0,21535914174,21535913793,0,0,381
10758,0,21537917086,21537916679,0,0,406
10759,0,21539919823,21539919404,0,0,419
10760,0,21541920602,21541920219,0,0,383
10761,0,21543922773,21543922379,0,0,393
10762,0,21545923868,21545923477,0,0,391
10763,0,21547927044,21547926651,0,0,393
10764,0,21549928658,21549928312,0,0,346
10765,0,21551933381,21551932998,0,0,382
10766,0,21553933899,21553933501,0,0,397
10767,0,21555936565,21555936191,0,0,374
10768,0,21557939586,21557939234,0,0,352
10769,0,21559941918,21559941535,0,0,382
10770,0,21561943459,21561943087,0,0,372
10771,0,21563944945,21563944559,0,0,385
10772,0,21565947388,21565947035,0,0,352
10773,0,21567949868,21567949460,0,0,407
10774,0,21569951865,21569951473,0,0,392
10775,0,21571954411,21571954018,0,0,393
10776,0,21573956624,21573956253,0,0,370
10777,0,21575958568,21575958191,0,0,376
10778,0,21577961166,21577960759,0,0,407
10779,0,21579963284,21579962891,0,0,393
10780,0,21581965676,21581965294,0,0,382
10781,0,21583967926,21583967527,0,0,399
10782,0,21585969635,21585969240,0,0,395
10783,0,21587972930,21587972544,0,0,385
10784,0,21589974077,21589973739,0,0,337
10785,0,21591976586,21591976213,0,0,373
10786,0,21593978204,21593977822,0,0,382
10787,0,21595980447,21595980040,0,0,407
10788,0,21597982451,21597982060,0,0,391
10789,0,21599985012,21599984617,0,0,394
10790,0,21601987302,21601986911,0,0,391
10791,0,21603989977,21603989585,0,0,392
10792,0,21605991697,21605991339,0,0,357
10793,0,21607995319,21607994931,0,0,388
10794,0,21609996062,21609995666,0,0,396
10795,0,21611998205,21611997806,0,0,399
10796,0,21613999523,21613999176,0,0,347
10797,0,21616002768,21616002373,0,0,394
10798,0,21618005175,21618004790,0,0,384
10799,0,21620007364,21620006974,0,0,390
10800,0,21622009715,21622009334,0,0,381
10801,0,21624013253,21624012874,0,0,379
10802,0,21626014537,21626014195,0,0,341
10803,0,21628016444,21628016038,0,0,406
10804,0,21630018140,21630017779,0,0,360
10805,0,21632020003,21632019604,0,0,399
10806,0,21634022937,21634022553,0,0,383
10807,0,21636025660,21636025256,0,0,403
10808,0,21638027321,21638026909,0,0,411
10809,0,21640029738,21640029350,0,0,387
10810,0,21642031895,21642031552,0,0,342
10811,0,21644034559,21644034167,0,0,392
10812,0,21646036897,21646036525,0,0,372
10813,0,21648038684,21648038298,0,0,386
10814,0,21650041015,21650040625,0,0,389
10815,0,21652042667,21652042294,0,0,372
10816,0,21654044052,21654043676,0,0,376
10817,0,21656047547,21656047166,0,0,381
10818,0,21658049547,21658049164,0,0,383
10819,0,21660053750,21660053357,0,0,392
10820,0,21662054694,21662054306,0,0,387
10821,0,21664055850,21664055460,0,0,389
10822,0,21666058420,21666058035,0,0,384
10823,0,21668060805,21668060409,0,0,395
10824,0,21670063056,21670062677,0,0,379
10825,0,21672065494,21672065109,0,0,384
10826,0,21674067625,21674067226,0,0,399
10827,0,21676069637,21676069267,0,0,369
10828,0,21678070922,21678070570,0,0,351
10829,0,21680073692,21680073286,0,0,406
10830,0,21682075515,21682075122,0,0,393
10831,0,21684078144,21684077753,0,0,391
10832,0,21686079984,21686079611,0,0,373
10833,0,21688083167,21688082772,0,0,395
10834,0,21690085698,21690085341,0,0,357
10835,0,21692087402,21692087021,0,0,381
10836,0,21694089905,21694089505,0,0,400
10837,0,21696091853,21696091460,0,0,393
10838,0,21698093728,21698093325,0,0,402
10839,0,21700095083,21700094683,0,0,400
10840,0,21702097707,21702097328,0,0,379
10841,0,21704101259,21704100876,0,0,382
10842,0,21706103102,21706102712,0,0,389
10843,0,21708107101,21708106712,0,0,388
10844,0,21710108492,21710108110,0,0,382
10845,0,21712110771,21712110375,0,0,395
10846,0,21714112200,21714111798,0,0,401
10847,0,21716114216,21716113834,0,0,382
10848,0,21718116584,21718116215,0,0,368
10849,0,21720118995,21720118604,0,0,391
10850,0,21722120810,21722120447,0,0,363
10851,0,21724124010,21724123621,0,0,388
10852,0,21726126456,21726126059,0,0,397
10853,0,21728127769,21728127375,0,0,393
10854,0,21730129964,21730129550,0,0,413
10855,0,21732132248,21732131865,0,0,382
10856,0,21734135485,21734135096,0,0,388
10857,0,21736136614,21736136220,0,0,394
10858,0,21738138487,21738138098,0,0,389
10859,0,21740141109,21740140720,0,0,388
10860,0,21742142916,21742142546,0,0,370
10861,0,21744145232,21744144853,0,0,379
10862,0,21746147575,21746147174,0,0,400
10863,0,21748149558,21748149159,0,0,399
10864,0,21750151251,21750150871,0,0,379
10865,0,21752154069,21752153679,0,0,389
10866,0,21754156903,21754156527,0,0,376
10867,0,21756158443,21756158040,0,0,402
10868,0,21758159862,21758159498,0,0,364
10869,0,21760163330,21760162925,0,0,404
10870,0,21762165676,21762165260,0,0,415
10871,0,21764167668,21764167258,0,0,409
10872,0,21766169791,21766169402,0,0,388
10873,0,21768171951,21768171570,0,0,381
10874,0,21770176348,21770175975,0,0,373
10875,0,21772177909,21772177506,0,0,402
10876,0,21774178986,21774178597,0,0,388
10877,0,21776180998,21776180588,0,0,409
10878,0,21778183590,21778183196,0,0,393
10879,0,21780185478,21780185069,0,0,409
10880,0,21782187338,21782186973,0,0,365
10881,0,21784190005,21784189636,0,0,368
10882,0,21786191778,21786191421,0,0,357
10883,0,21788194759,21788194374,0,0,385
10884,0,21790196367,21790196014,0,0,352
10885,0,21792198170,21792197769,0,0,400
10886,0,21794200416,21794200035,0,0,381
10887,0,21796203206,21796202821,0,0,385
10888,0,21798205164,21798204779,0,0,384
10889,0,21800207256,21800206840,0,0,415
10890,0,21802209053,21802208656,0,0,397
10891,0,21804211898,21804211497,0,0,401
10892,0,21806214564,21806214200,0,0,364
10893,0,21808219507,21808219139,0,0,368
10894,0,21810219701,21810219278,0,0,422
10895,0,21812221315,21812220902,0,0,413
10896,0,21814224462,21814224105,0,0,356
10897,0,21816227395,21816227002,0,0,393
10898,0,21818229444,21818229065,0,0,379
10899,0,21820230867,21820230483,0,0,384
10900,0,21822232222,21822231831,0,0,391
10901,0,21824234089,21824233694,0,0,395
10902,0,21826236704,21826236316,0,0,387
10903,0,21828238948,21828238564,0,0,384
10904,0,21830241224,21830240870,0,0,354
10905,0,21832243031,21832242641,0,0,390
10906,0,21834245784,21834245399,0,0,384
10907,0,21836247222,21836246853,0,0,368
10908,0,21838249386,21838249038,0,0,347
10909,0,21840251955,21840251558,0,0,397
10910,0,21842254337,21842253940,0,0,397
10911,0,21844257256,21844256876,0,0,379
10912,0,21846257473,21846257102,0,0,370
10913,0,21848261331,21848260948,0,0,382
10914,0,21850263286,21850262914,0,0,372
10915,0,21852265325,21852264909,0,0,416
10916,0,21854268541,21854268131,0,0,410
10917,0,21856271478,21856271094,0,0,384
10918,0,21858272019,21858271586,0,0,432
10919,0,21860274182,21860273775,0,0,406
10920,0,21862276431,21862276067,0,0,364
10921,0,21864279316,21864278932,0,0,383
10922,0,21866280994,21866280597,0,0,397
10923,0,21868282979,21868282597,0,0,382
10924,0,21870284498,21870284132,0,0,365
10925,0,21872288010,21872287612,0,0,397
10926,0,21874289811,21874289430,0,0,380
10927,0,21876292231,21876291849,0,0,382
10928,0,21878294686,21878294305,0,0,380
10929,0,21880297383,21880296991,0,0,391
10930,0,21882297790,21882297408,0,0,382
10931,0,21884301048,21884300676,0,0,372
10932,0,21886302851,21886302481,0,0,369
10933,0,21888305406,21888305006,0,0,399
10934,0,21890307626,21890307219,0,0,407
10935,0,21892310033,21892309632,0,0,401
10936,0,21894312008,21894311624,0,0,384
10937,0,21896314724,21896314335,0,0,388
10938,0,21898316219,21898315853,0,0,365
10939,0,21900317854,21900317437,0,0,417
10940,0,21902321853,21902321479,0,0,374
10941,0,21904324053,21904323689,0,0,364
10942,0,21906325494,21906325112,0,0,382
10943,0,21908329725,21908329324,0,0,401
10944,0,21910329770,21910329397,0,0,373
10945,0,21912332201,21912331834,0,0,366
10946,0,21914334085,21914333712,0,0,373
10947,0,21916337696,21916337318,0,0,377
10948,0,21918339709,21918339364,0,0,345
10949,0,21920340710,21920340316,0,0,394
10950,0,21922341982,21922341599,0,0,382
10951,0,21924345787,21924345385,0,0,402
10952,0,21926347574,21926347203,0,0,370
10953,0,21928350520,21928350132,0,0,388
10954,0,21930351924,21930351555,0,0,369
10955,0,21932354339,21932353948,0,0,391
10956,0,21934357264,21934356899,0,0,364
10957,0,21936358906,21936358505,0,0,400
10958,0,21938361013,21938360609,0,0,403
10959,0,21940363503,21940363091,0,0,412
10960,0,21942365860,21942365465,0,0,395
10961,0,21944367963,21944367566,0,0,397
10962,0,21946370096,21946369750,0,0,346
10963,0,21948371878,21948371465,0,0,413
10964,0,21950373633,21950373260,0,0,373
10965,0,21952377557,21952377178,0,0,379
10966,0,21954378725,21954378321,0,0,404
10967,0,21956380528,21956380119,0,0,408
10968,0,21958382092,21958381710,0,0,382
10969,0,21960385986,21960385588,0,0,397
10970,0,21962388042,21962387672,0,0,369
10971,0,21964389950,21964389555,0,0,394
10972,0,21966392291,21966391920,0,0,370
10973,0,21968394485,21968394097,0,0,388
10974,0,21970396820,21970396435,0,0,384
10975,0,21972398621,21972398220,0,0,401
10976,0,21974400034,21974399647,0,0,386
10977,0,21976403492,21976403107,0,0,385
10978,0,21978405512,21978405157,0,0,355
10979,0,21980409015,21980408615,0,0,399
10980,0,21982410767,21982410375,0,0,392
10981,0,21984412278,21984411895,0,0,383
10982,0,21986414637,21986414241,0,0,395
10983,0,21988416503,21988416097,0,0,405
10984,0,21990418683,21990418310,0,0,373
10985,0,21992421265,21992420883,0,0,382
10986,0,21994423979,21994423595,0,0,383
10987,0,21996425376,21996424968,0,0,408
10988,0,21998427682,21998427325,0,0,356
10989,0,22000430587,22000430198,0,0,388
10990,0,22002432415,22002432028,0,0,387
10991,0,22004434186,22004433781,0,0,405
10992,0,22006435981,22006435593,0,0,387
10993,0,22008441008,22008440625,0,0,382
10994,0,22010442314,22010441961,0,0,352
10995,0,22012443817,22012443413,0,0,404
10996,0,22014445566,22014445176,0,0,390
10997,0,22016447834,22016447464,0,0,370
10998,0,22018449900,22018449521,0,0,379
10999,0,22020452201,22020451788,0,0,413
11000,0,22022454365,22022454000,0,0,365
11001,0,22024456888,22024456523,0,0,365
11002,0,22026459507,22026459145,0,0,362
11003,0,22028461309,22028460916,0,0,393
11004,0,22030464147,22030463772,0,0,375
11005,0,22032466643,22032466262,0,0,380
11006,0,22034468079,22034467726,0,0,352
11007,0,22036469817,22036469445,0,0,372
11008,0,22038472353,22038471992,0,0,361
11009,0,22040475159,22040474786,0,0,373
11010,0,22042476609,22042476248,0,0,361
11011,0,22044479367,22044478976,0,0,391
11012,0,22046481962,22046481582,0,0,380
11013,0,22048484485,22048484105,0,0,379
11014,0,22050485578,22050485197,0,0,381
11015,0,22052488193,22052487807,0,0,386
11016,0,22054490438,22054490056,0,0,382
11017,0,22056493066,22056492684,0,0,382
11018,0,22058494780,22058494411,0,0,368
11019,0,22060496866,22060496460,0,0,406
11020,0,22062499985,22062499602,0,0,382
11021,0,22064501838,22064501471,0,0,366
11022,0,22066503332,22066502922,0,0,409
11023,0,22068505240,22068504844,0,0,395
11024,0,22070508118,22070507755,0,0,363
11025,0,22072511289,22072510887,0,0,401
11026,0,22074512660,22074512287,0,0,372
11027,0,22076515039,22076514655,0,0,384
11028,0,22078516992,22078516642,0,0,349
11029,0,22080519110,22080518723,0,0,387
11030,0,22082521238,22082520867,0,0,371
11031,0,22084523428,22084523039,0,0,388
11032,0,22086525417,22086525051,0,0,366
11033,0,22088528172,22088527806,0,0,365
11034,0,22090529948,22090529591,0,0,357
11035,0,22092532150,22092531770,0,0,380
11036,0,22094535364,22094534983,0,0,380
11037,0,22096537770,22096537368,0,0,401
11038,0,22098539166,22098538757,0,0,408
11039,0,22100542197,22100541804,0,0,392
11040,0,22102543482,22102543098,0,0,383
11041,0,22104546114,22104545722,0,0,391
11042,0,22106548190,22106547815,0,0,375
11043,0,22108551431,22108551015,0,0,415
11044,0,22110552515,22110552121,0,0,394
11045,0,22112554945,22112554561,0,0,384
11046,0,22114556691,22114556294,0,0,397
11047,0,22116559499,22116559130,0,0,369
11048,0,22118561067,22118560680,0,0,387
11049,0,22120563462,22120563076,0,0,386
11050,0,22122565321,22122564946,0,0,375
11051,0,22124566462,22124566062,0,0,399
11052,0,22126568952,22126568579,0,0,373
11053,0,22128572251,22128571844,0,0,406
11054,0,22130574400,22130574007,0,0,393
11055,0,22132576537,22132576141,0,0,395
11056,0,22134578122,22134577721,0,0,400
11057,0,22136583014,22136582626,0,0,387
11058,0,22138583729,22138583348,0,0,380
11059,0,22140585604,22140585191,0,0,413
11060,0,22142588021,22142587633,0,0,387
11061,0,22144590592,22144590184,0,0,408
11062,0,22146592429,22146592026,0,0,402
11063,0,22148594283,22148593871,0,0,411
11064,0,22150595653,22150595242,0,0,411
11065,0,22152599564,22152599179,0,0,384
11066,0,22154601378,22154600995,0,0,382
11067,0,22156603485,22156603069,0,0,415
11068,0,22158606053,22158605669,0,0,384
11069,0,22160608266,22160607840,0,0,425
11070,0,22162610586,22162610175,0,0,411
11071,0,22164612592,22164612148,0,0,443
11072,0,22166614286,22166613899,0,0,386
11073,0,22168615939,22168615548,0,0,391
11074,0,22170618780,22170618418,0,0,361
11075,0,22172623453,22172623036,0,0,416
11076,0,22174624449,22174624082,0,0,367
11077,0,22176625663,22176625271,0,0,392
11078,0,22178628015,22178627607,0,0,407
11079,0,22180630350,22180629945,0,0,404
11080,0,22182632758,22182632379,0,0,379
11081,0,22184635237,22184634848,0,0,388
11082,0,22186637279,22186636882,0,0,397
11083,0,22188639350,22188638923,0,0,426
11084,0,22190641531,22190641155,0,0,375
11085,0,22192643992,22192643588,0,0,404
11086,0,22194645811,22194645414,0,0,396
11087,0,22196648135,22196647724,0,0,411
11088,0,22198650656,22198650299,0,0,357
11089,0,22200653247,22200652842,0,0,404
11090,0,22202655647,22202655267,0,0,379
11091,0,22204657053,22204656634,0,0,419
11092,0,22206659453,22206659074,0,0,379
11093,0,22208663898,22208663486,0,0,412
11094,0,22210663791,22210663367,0,0,423
11095,0,22212665849,22212665421,0,0,427
11096,0,22214668062,22214667688,0,0,374
11097,0,22216670155,22216669752,0,0,402
11098,0,22218672172,22218671765,0,0,406
11099,0,22220673297,22220672871,0,0,426
11100,0,22222676343,22222675978,0,0,365
11101,0,22224679294,22224678954,0,0,340
11102,0,22226681410,22226681002,0,0,407
11103,0,22228683363,22228682946,0,0,416
11104,0,22230684865,22230684470,0,0,394
11105,0,22232687711,22232687348,0,0,362
11106,0,22234688939,22234688571,0,0,367
11107,0,22236692184,22236691779,0,0,404
11108,0,22238695076,22238694674,0,0,402
11109,0,22240696581,22240696182,0,0,398
11110,0,22242698277,22242697884,0,0,393
11111,0,22244702469,22244702060,0,0,408
11112,0,22246703741,22246703348,0,0,392
11113,0,22248705535,22248705154,0,0,381
11114,0,22250706692,22250706283,0,0,409
11115,0,22252709402,22252709022,0,0,379
11116,0,22254713007,22254712604,0,0,403
11117,0,22256714550,22256714133,0,0,416
11118,0,22258716897,22258716501,0,0,396
11119,0,22260718805,22260718421,0,0,384
11120,0,22262720380,22262719991,0,0,388
11121,0,22264723251,22264722878,0,0,373
11122,0,22266724598,22266724231,0,0,367
11123,0,22268728397,22268728023,0,0,374
11124,0,22270730251,22270729900,0,0,350
11125,0,22272732804,22272732411,0,0,393
11126,0,22274734789,22274734399,0,0,390
11127,0,22276737029,22276736634,0,0,394
11128,0,22278738998,22278738609,0,0,388
11129,0,22280741121,22280740743,0,0,377
11130,0,22282744096,22282743714,0,0,382
11131,0,22284745519,22284745136,0,0,383
11132,0,22286747402,22286747029,0,0,373
11133,0,22288750089,22288749717,0,0,372
11134,0,22290752820,22290752439,0,0,380
11135,0,22292754511,22292754121,0,0,389
11136,0,22294756299,22294755904,0,0,395
11137,0,22296759146,22296758786,0,0,359
11138,0,22298760994,22298760633,0,0,360
11139,0,22300762813,22300762431,0,0,382
11140,0,22302766125,22302765755,0,0,370
11141,0,22304768361,22304767968,0,0,393
11142,0,22306770557,22306770182,0,0,375
11143,0,22308773935,22308773541,0,0,393
11144,0,22310774905,22310774559,0,0,346
11145,0,22312777650,22312777254,0,0,395
11146,0,22314779434,22314779060,0,0,374
11147,0,22316781727,22316781325,0,0,401
11148,0,22318785166,22318784793,0,0,372
11149,0,22320786062,22320785667,0,0,395
11150,0,22322788046,22322787653,0,0,393
11151,0,22324789932,22324789536,0,0,395
11152,0,22326792467,22326792089,0,0,377
11153,0,22328795847,22328795439,0,0,407
11154,0,22330797561,22330797195,0,0,366
11155,0,22332799628,22332799230,0,0,397
11156,0,22334801648,22334801283,0,0,364
11157,0,22336803461,22336803060,0,0,401
11158,0,22338804711,22338804319,0,0,391
11159,0,22340808672,22340808282,0,0,390
11160,0,22342810615,22342810251,0,0,364
11161,0,22344813307,22344812925,0,0,382
11162,0,22346814610,22346814220,0,0,390
11163,0,22348816770,22348816400,0,0,370
11164,0,22350818225,22350817865,0,0,359
11165,0,22352821456,22352821069,0,0,386
11166,0,22354824657,22354824267,0,0,390
11167,0,22356825773,22356825394,0,0,379
11168,0,22358828116,22358827732,0,0,384
11169,0,22360830302,22360829883,0,0,419
11170,0,22362832485,22362832087,0,0,397
11171,0,22364835071,22364834685,0,0,386
11172,0,22366837306,22366836927,0,0,379
11173,0,22368839266,22368838862,0,0,403
11174,0,22370842065,22370841660,0,0,404
11175,0,22372843196,22372842791,0,0,404
11176,0,22374844748,22374844342,0,0,405
11177,0,22376848401,22376848000,0,0,400
11178,0,22378850054,22378849658,0,0,395
11179,0,22380851738,22380851316,0,0,422
11180,0,22382854617,22382854237,0,0,379
11181,0,22384856831,22384856471,0,0,359
11182,0,22386859073,22386858676,0,0,397
11183,0,22388861635,22388861231,0,0,404
11184,0,22390863782,22390863382,0,0,400
11185,0,22392867887,22392867483,0,0,403
11186,0,22394869429,22394869034,0,0,394
11187,0,22396870594,22396870177,0,0,416
11188,0,22398872509,22398872105,0,0,403
11189,0,22400875652,22400875244,0,0,408
11190,0,22402876777,22402876361,0,0,415
11191,0,22404878764,22404878332,0,0,431
11192,0,22406881522,22406881127,0,0,395
11193,0,22408885368,22408884980,0,0,388
11194,0,22410885950,22410885555,0,0,395
11195,0,22412888377,22412887970,0,0,406
11196,0,22414890501,22414890124,0,0,376
11197,0,22416892896,22416892493,0,0,402
11198,0,22418895527,22418895146,0,0,381
11199,0,22420897429,22420897013,0,0,415
11200,0,22422899292,22422898911,0,0,381
11201,0,22424901532,22424901125,0,0,407
11202,0,22426903654,22426903289,0,0,365
11203,0,22428907969,22428907584,0,0,385
11204,0,22430909525,22430909154,0,0,370
11205,0,22432910327,22432909901,0,0,425
11206,0,22434912663,22434912259,0,0,404
11207,0,22436914752,22436914382,0,0,370
11208,0,22438916802,22438916393,0,0,408
11209,0,22440918659,22440918226,0,0,433
11210,0,22442921532,22442921104,0,0,427
11211,0,22444924071,22444923649,0,0,422
11212,0,22446925649,22446925249,0,0,400
11213,0,22448927092,22448926675,0,0,416
11214,0,22450929366,22450928932,0,0,434
11215,0,22452932202,22452931788,0,0,413
11216,0,22454933957,22454933584,0,0,373
11217,0,22456937004,22456936615,0,0,388
11218,0,22458939167,22458938808,0,0,358
11219,0,22460941586,22460941184,0,0,402
11220,0,22462943957,22462943577,0,0,379
11221,0,22464947125,22464946719,0,0,406
11222,0,22466948317,22466947903,0,0,413
11223,0,22468951163,22468950766,0,0,396
11224,0,22470952942,22470952546,0,0,395
11225,0,22472955110,22472954703,0,0,406
11226,0,22474957233,22474956852,0,0,381
11227,0,22476959395,22476958975,0,0,420
11228,0,22478961721,22478961339,0,0,382
11229,0,22480964207,22480963772,0,0,435
11230,0,22482966120,22482965719,0,0,400
11231,0,22484968257,22484967847,0,0,409
11232,0,22486970516,22486970143,0,0,373
11233,0,22488972719,22488972337,0,0,382
11234,0,22490974814,22490974430,0,0,384
11235,0,22492977912,22492977521,0,0,390
11236,0,22494979432,22494979049,0,0,383
11237,0,22496982091,22496981703,0,0,388
11238,0,22498983954,22498983560,0,0,393
11239,0,22500986991,22500986619,0,0,372
11240,0,22502988321,22502987962,0,0,358
11241,0,22504990244,22504989866,0,0,378
11242,0,22506991976,22506991571,0,0,404
11243,0,22508995894,22508995520,0,0,374
11244,0,22510996298,22510995927,0,0,371
11245,0,22512999694,22512999298,0,0,396
11246,0,22515001494,22515001106,0,0,387
11247,0,22517003619,22517003242,0,0,377
11248,0,22519006444,22519006049,0,0,395
11249,0,22521008307,22521007916,0,0,391
11250,0,22523010378,22523009991,0,0,386
11251,0,22525012624,22525012256,0,0,368
11252,0,22527014932,22527014559,0,0,373
11253,0,22529017655,22529017252,0,0,402
11254,0,22531019801,22531019408,0,0,393
11255,0,22533021941,22533021550,0,0,391
11256,0,22535023950,22535023568,0,0,381
11257,0,22537027033,22537026626,0,0,407
11258,0,22539028896,22539028497,0,0,399
11259,0,22541031022,22541030641,0,0,381
11260,0,22543033460,22543033078,0,0,382
11261,0,22545034993,22545034600,0,0,393
11262,0,22547037430,22547037015,0,0,415
11263,0,22549039044,22549038687,0,0,357
11264,0,22551040647,22551040277,0,0,369
11265,0,22553043573,22553043190,0,0,383
11266,0,22555045042,22555044651,0,0,391
11267,0,22557048786,22557048405,0,0,380
11268,0,22559050657,22559050271,0,0,385
11269,0,22561053246,22561052852,0,0,393
11270,0,22563055718,22563055332,0,0,386
11271,0,22565058440,22565058068,0,0,371
11272,0,22567059725,22567059366,0,0,359
11273,0,22569061689,22569061292,0,0,396
11274,0,22571063644,22571063271,0,0,373
11275,0,22573066479,22573066106,0,0,373
11276,0,22575069300,22575068938,0,0,361
11277,0,22577070797,22577070410,0,0,386
11278,0,22579072799,22579072406,0,0,393
11279,0,22581075013,22581074637,0,0,376
11280,0,22583078494,22583078146,0,0,347
11281,0,22585080579,22585080198,0,0,380
11282,0,22587081970,22587081608,0,0,361
11283,0,22589084101,22589083722,0,0,378
11284,0,22591086144,22591085770,0,0,374
11285,0,22593088400,22593088004,0,0,396
11286,0,22595090885,22595090505,0,0,380
11287,0,22597092370,22597091966,0,0,403
11288,0,22599094306,22599093979,0,0,326
11289,0,22601097229,22601096863,0,0,365
11290,0,22603099777,22603099385,0,0,392
11291,0,22605102298,22605101932,0,0,366
11292,0,22607104287,22607103934,0,0,353
11293,0,22609107357,22609106984,0,0,373
11294,0,22611109508,22611109128,0,0,380
11295,0,22613110763,22613110392,0,0,370
11296,0,22615113079,22615112687,0,0,392
11297,0,22617115151,22617114758,0,0,393
11298,0,22619117287,22619116896,0,0,391
11299,0,22621119226,22621118851,0,0,375
11300,0,22623121071,22623120687,0,0,384
11301,0,22625124431,22625124002,0,0,429
11302,0,22627126485,22627126076,0,0,408
11303,0,22629128692,22629128298,0,0,393
11304,0,22631130521,22631130123,0,0,398
11305,0,22633133517,22633133106,0,0,411
11306,0,22635135306,22635134890,0,0,415
11307,0,22637138184,22637137759,0,0,424
11308,0,22639140792,22639140409,0,0,382
11309,0,22641142014,22641141615,0,0,399
11310,0,22643144163,22643143747,0,0,415
11311,0,22645146587,22645146177,0,0,410
11312,0,22647149164,22647148776,0,0,387
11313,0,22649151255,22649150860,0,0,395
11314,0,22651152878,22651152501,0,0,377
11315,0,22653154934,22653154527,0,0,407
11316,0,22655157177,22655156786,0,0,391
11317,0,22657159537,22657159114,0,0,422
11318,0,22659161539,22659161141,0,0,397
11319,0,22661163817,22661163419,0,0,398
11320,0,22663166194,22663165837,0,0,357
11321,0,22665168587,22665168179,0,0,408
11322,0,22667170835,22667170456,0,0,379
11323,0,22669172979,22669172582,0,0,397
11324,0,22671175348,22671174949,0,0,398
11325,0,22673177536,22673177121,0,0,415
11326,0,22675180010,22675179614,0,0,395
11327,0,22677181782,22677181371,0,0,411
11328,0,22679184040,22679183671,0,0,369
11329,0,22681186308,22681185898,0,0,409
11330,0,22683188555,22683188166,0,0,389
11331,0,22685192941,22685192517,0,0,423
11332,0,22687194134,22687193749,0,0,385
11333,0,22689195019,22689194613,0,0,405
11334,0,22691197518,22691197130,0,0,387
11335,0,22693199732,22693199324,0,0,407
11336,0,22695202242,22695201876,0,0,365
11337,0,22697204191,22697203795,0,0,395
11338,0,22699206125,22699205714,0,0,411
11339,0,22701208970,22701208584,0,0,386
11340,0,22703211053,22703210691,0,0,362
11341,0,22705212897,22705212503,0,0,394
11342,0,22707214902,22707214511,0,0,391
11343,0,22709218420,22709218011,0,0,408
11344,0,22711219820,22711219447,0,0,373
11345,0,22713222085,22713221687,0,0,397
11346,0,22715224214,22715223824,0,0,390
11347,0,22717226434,22717226042,0,0,392
11348,0,22719228727,22719228354,0,0,373
11349,0,22721231950,22721231528,0,0,422
11350,0,22723233331,22723232939,0,0,391
11351,0,22725235542,22725235123,0,0,419
11352,0,22727237224,22727236822,0,0,402
11353,0,22729239903,22729239479,0,0,423
11354,0,22731242200,22731241783,0,0,416
11355,0,22733244292,22733243877,0,0,415
11356,0,22735246661,22735246262,0,0,399
11357,0,22737248259,22737247857,0,0,402
11358,0,22739249566,22739249160,0,0,406
11359,0,22741252975,22741252548,0,0,426
11360,0,22743254453,22743254067,0,0,386
11361,0,22745257466,22745257064,0,0,402
11362,0,22747259736,22747259381,0,0,355
11363,0,22749262523,22749262144,0,0,379
11364,0,22751264105,22751263733,0,0,372
11365,0,22753266408,22753266011,0,0,397
11366,0,22755268793,22755268415,0,0,377
11367,0,22757271902,22757271523,0,0,379
11368,0,22759273504,22759273107,0,0,396
11369,0,22761275119,22761274727,0,0,392
11370,0,22763277224,22763276833,0,0,391
11371,0,22765280476,22765280087,0,0,389
11372,0,22767283254,22767282893,0,0,361
11373,0,22769284489,22769284116,0,0,373
11374,0,22771286483,22771286089,0,0,394
11375,0,22773288715,22773288332,0,0,383
11376,0,22775290977,22775290570,0,0,406
11377,0,22777293161,22777292782,0,0,379
11378,0,22779295534,22779295157,0,0,377
11379,0,22781297469,22781297075,0,0,393
11380,0,22783299621,22783299260,0,0,360
11381,0,22785302296,22785301892,0,0,404
11382,0,22787304824,22787304453,0,0,370
11383,0,22789306581,22789306187,0,0,393
11384,0,22791308971,22791308617,0,0,354
11385,0,22793312137,22793311739,0,0,397
11386,0,22795313848,22795313445,0,0,402
11387,0,22797316635,22797316248,0,0,387
11388,0,22799317959,22799317596,0,0,362
11389,0,22801320127,22801319710,0,0,417
11390,0,22803322273,22803321877,0,0,395
11391,0,22805324201,22805323820,0,0,380
11392,0,22807326584,22807326218,0,0,366
11393,0,22809330886,22809330506,0,0,379
11394,0,22811331634,22811331278,0,0,355
11395,0,22813333722,22813333346,0,0,375
11396,0,22815335283,22815334912,0,0,371
11397,0,22817337244,22817336861,0,0,382
11398,0,22819338826,22819338442,0,0,384
11399,0,22821342425,22821342054,0,0,370
11400,0,22823344495,22823344136,0,0,359
11401,0,22825346408,22825346026,0,0,382
11402,0,22827348602,22827348206,0,0,395
11403,0,22829351824,22829351441,0,0,382
11404,0,22831353510,22831353170,0,0,340
11405,0,22833355343,22833354946,0,0,396
11406,0,22835357272,22835356881,0,0,391
11407,0,22837359988,22837359606,0,0,382
11408,0,22839363570,22839363217,0,0,352
11409,0,22841365523,22841365144,0,0,378
11410,0,22843366704,22843366348,0,0,355
11411,0,22845368935,22845368565,0,0,370
11412,0,22847371015,22847370665,0,0,350
11413,0,22849373725,22849373358,0,0,366
11414,0,22851375306,22851374917,0,0,388
11415,0,22853377700,22853377349,0,0,350
11416,0,22855379683,22855379317,0,0,366
11417,0,22857382254,22857381889,0,0,365
11418,0,22859384474,22859384118,0,0,356
11419,0,22861386114,22861385756,0,0,358
11420,0,22863388208,22863387880,0,0,328
11421,0,22865391071,22865390667,0,0,403
11422,0,22867394067,22867393683,0,0,384
11423,0,22869395148,22869394755,0,0,393
11424,0,22871397888,22871397509,0,0,379
11425,0,22873400445,22873400049,0,0,396
11426,0,22875401757,22875401348,0,0,408
11427,0,22877404617,22877404204,0,0,412
11428,0,22879406680,22879406245,0,0,434
11429,0,22881408621,22881408217,0,0,403
11430,0,22883411229,22883410796,0,0,433
11431,0,22885413087,22885412669,0,0,418
11432,0,22887415427,22887415040,0,0,386
11433,0,22889417409,22889417030,0,0,379
11434,0,22891419640,22891419244,0,0,396
11435,0,22893421985,22893421604,0,0,380
11436,0,22895423991,22895423620,0,0,370
11437,0,22897426420,22897426020,0,0,400
11438,0,22899428721,22899428297,0,0,423
11439,0,22901430922,22901430521,0,0,400
11440,0,22903434160,22903433770,0,0,389
11441,0,22905435395,22905435000,0,0,395
11442,0,22907437986,22907437600,0,0,386
11443,0,22909441779,22909441396,0,0,382
11444,0,22911441793,22911441426,0,0,366
11445,0,22913444438,22913444030,0,0,408
11446,0,22915446687,22915446304,0,0,382
11447,0,22917448646,22917448247,0,0,399
11448,0,22919451057,22919450695,0,0,361
11449,0,22921454078,22921453662,0,0,415
11450,0,22923456569,22923456196,0,0,373
11451,0,22925457907,22925457512,0,0,395
11452,0,22927460261,22927459896,0,0,365
11453,0,22929462643,22929462237,0,0,406
11454,0,22931465343,22931464908,0,0,435
11455,0,22933467628,22933467211,0,0,416
11456,0,22935469142,22935468773,0,0,369
11457,0,22937471310,22937470937,0,0,372
11458,0,22939474260,22939473895,0,0,365
11459,0,22941476423,22941476029,0,0,393
11460,0,22943478773,22943478408,0,0,364
11461,0,22945480046,22945479644,0,0,401
11462,0,22947481762,22947481374,0,0,388
11463,0,22949483531,22949483138,0,0,393
11464,0,22951486546,22951486168,0,0,377
11465,0,22953489096,22953488692,0,0,404
11466,0,22955490766,22955490355,0,0,411
11467,0,22957493541,22957493130,0,0,411
11468,0,22959495240,22959494851,0,0,388
11469,0,22961497603,22961497204,0,0,399
11470,0,22963499867,22963499456,0,0,411
11471,0,22965502105,22965501696,0,0,408
11472,0,22967504822,22967504451,0,0,370
11473,0,22969506504,22969506087,0,0,416
11474,0,22971508840,22971508471,0,0,369
11475,0,22973511103,22973510682,0,0,420
11476,0,22975514240,22975513825,0,0,415
11477,0,22977515737,22977515334,0,0,402
11478,0,22979517479,22979517080,0,0,399
11479,0,22981520146,22981519719,0,0,426
11480,0,22983522019,22983521638,0,0,381
11481,0,22985524709,22985524292,0,0,417
11482,0,22987526744,22987526334,0,0,409
11483,0,22989528856,22989528446,0,0,410
11484,0,22991531492,22991531083,0,0,408
11485,0,22993533849,22993533435,0,0,413
11486,0,22995535298,22995534894,0,0,404
11487,0,22997537563,22997537125,0,0,438
11488,0,22999539819,22999539453,0,0,366
11489,0,23001542033,23001541652,0,0,380
11490,0,23003544417,23003544049,0,0,368
11491,0,23005548276,23005547868,0,0,407
11492,0,23007549777,23007549381,0,0,396
11493,0,23009552502,23009552083,0,0,419
11494,0,23011553233,23011552851,0,0,381
11495,0,23013556813,23013556406,0,0,406
11496,0,23015557926,23015557523,0,0,402
11497,0,23017559915,23017559534,0,0,381
11498,0,23019562583,23019562188,0,0,395
11499,0,23021564379,23021563936,0,0,442
11500,0,23023566349,23023565921,0,0,427
11501,0,23025568951,23025568553,0,0,397
11502,0,23027570886,23027570503,0,0,383
11503,0,23029573185,23029572768,0,0,417
11504,0,23031576078,23031575676,0,0,402
11505,0,23033577800,23033577415,0,0,384
11506,0,23035579898,23035579512,0,0,385
11507,0,23037581165,23037580784,0,0,381
11508,0,23039584581,23039584209,0,0,371
11509,0,23041586752,23041586359,0,0,393
11510,0,23043588829,23043588442,0,0,386
11511,0,23045590464,23045590083,0,0,380
11512,0,23047592314,23047591946,0,0,367
11513,0,23049596356,23049595981,0,0,375
11514,0,23051598592,23051598213,0,0,379
11515,0,23053601111,23053600728,0,0,383
11516,0,23055602545,23055602164,0,0,380
11517,0,23057604149,23057603754,0,0,395
11518,0,23059605853,23059605447,0,0,406
11519,0,23061608417,23061608042,0,0,374
11520,0,23063610174,23063609812,0,0,361
11521,0,23065613413,23065613040,0,0,373
11522,0,23067615170,23067614797,0,0,373
11523,0,23069616987,23069616602,0,0,385
11524,0,23071620175,23071619813,0,0,361
11525,0,23073622770,23073622388,0,0,382
11526,0,23075624332,23075623958,0,0,373
11527,0,23077626758,23077626382,0,0,376
11528,0,23079629029,23079628684,0,0,344
11529,0,23081631173,23081630796,0,0,376
11530,0,23083633009,23083632653,0,0,356
11531,0,23085635629,23085635238,0,0,391
11532,0,23087637871,23087637513,0,0,358
11533,0,23089640199,23089639831,0,0,368
11534,0,23091642137,23091641765,0,0,372
11535,0,23093644166,23093643804,0,0,362
11536,0,23095646916,23095646550,0,0,366
11537,0,23097650405,23097650040,0,0,365
11538,0,23099651638,23099651256,0,0,382
11539,0,23101653334,23101652938,0,0,396
11540,0,23103655705,23103655323,0,0,382
11541,0,23105658285,23105657888,0,0,397
11542,0,23107660150,23107659745,0,0,405
11543,0,23109663952,23109663542,0,0,409
11544,0,23111664456,23111664073,0,0,382
11545,0,23113666720,23113666357,0,0,362
11546,0,23115669334,23115668989,0,0,344
11547,0,23117671125,23117670737,0,0,388
11548,0,23119674065,23119673696,0,0,368
11549,0,23121677752,23121677363,0,0,388
11550,0,23123678176,23123677779,0,0,396
11551,0,23125679963,23125679586,0,0,376
11552,0,23127682229,23127681875,0,0,354
11553,0,23129684423,23129684051,0,0,372
11554,0,23131686491,23131686110,0,0,380
11555,0,23133688550,23133688161,0,0,389
11556,0,23135690281,23135689887,0,0,394
11557,0,23137693750,23137693354,0,0,395
11558,0,23139696065,23139695657,0,0,407
11559,0,23141698020,23141697629,0,0,390
11560,0,23143700158,23143699767,0,0,391
11561,0,23145702832,23145702440,0,0,392
11562,0,23147704461,23147704092,0,0,368
11563,0,23149706995,23149706597,0,0,397
11564,0,23151708822,23151708445,0,0,377
11565,0,23153711502,23153711098,0,0,403
11566,0,23155713378,23155712987,0,0,391
11567,0,23157715378,23157714987,0,0,391
11568,0,23159718688,23159718303,0,0,384
11569,0,23161720061,23161719651,0,0,409
11570,0,23163722384,23163722021,0,0,362
11571,0,23165724438,23165724026,0,0,411
11572,0,23167726402,23167726020,0,0,382
11573,0,23169728184,23169727784,0,0,400
11574,0,23171731367,23171730953,0,0,413
11575,0,23173733071,23173732678,0,0,393
11576,0,23175734310,23175733916,0,0,393
11577,0,23177737000,23177736617,0,0,382
11578,0,23179740811,23179740449,0,0,362
11579,0,23181743999,23181743608,0,0,391
11580,0,23183744935,23183744570,0,0,365
11581,0,23185746721,23185746312,0,0,408
11582,0,23187749414,23187749026,0,0,387
11583,0,23189751165,23189750770,0,0,395
11584,0,23191753758,23191753403,0,0,355
11585,0,23193755687,23193755312,0,0,374
11586,0,23195758612,23195758253,0,0,359
11587,0,23197761101,23197760709,0,0,391
11588,0,23199763519,23199763146,0,0,373
11589,0,23201765214,23201764803,0,0,411
11590,0,23203766509,23203766099,0,0,409
11591,0,23205768838,23205768444,0,0,393
11592,0,23207771388,23207771017,0,0,370
11593,0,23209775286,23209774869,0,0,416
11594,0,23211775620,23211775204,0,0,416
11595,0,23213777961,23213777578,0,0,382
11596,0,23215779920,23215779518,0,0,402
11597,0,23217782236,23217781840,0,0,395
11598,0,23219784604,23219784211,0,0,393
11599,0,23221786212,23221785809,0,0,402
11600,0,23223788548,23223788179,0,0,368
11601,0,23225791763,23225791362,0,0,400
11602,0,23227793701,23227793350,0,0,351
11603,0,23229795895,23229795523,0,0,372
11604,0,23231798829,23231798441,0,0,387
11605,0,23233800808,23233800413,0,0,395
11606,0,23235802496,23235802105,0,0,391
11607,0,23237804690,23237804289,0,0,400
11608,0,23239806659,23239806292,0,0,366
11609,0,23241809098,23241808707,0,0,391
11610,0,23243811455,23243811091,0,0,364
11611,0,23245813619,23245813226,0,0,392
11612,0,23247816393,23247816015,0,0,377
11613,0,23249818292,23249817894,0,0,398
11614,0,23251820395,23251820009,0,0,385
11615,0,23253822574,23253822195,0,0,379
11616,0,23255824502,23255824145,0,0,357
11617,0,23257827154,23257826753,0,0,400
11618,0,23259829118,23259828739,0,0,379
11619,0,23261832184,23261831779,0,0,404
11620,0,23263834678,23263834289,0,0,388
11621,0,23265835489,23265835088,0,0,400
11622,0,23267839089,23267838692,0,0,396
11623,0,23269840162,23269839754,0,0,408
11624,0,23271841490,23271841092,0,0,397
11625,0,23273844806,23273844419,0,0,387
11626,0,23275846469,23275846082,0,0,386
11627,0,23277848183,23277847786,0,0,396
11628,0,23279851182,23279850817,0,0,365
11629,0,23281853283,23281852891,0,0,392
11630,0,23283855151,23283854735,0,0,415
11631,0,23285858224,23285857834,0,0,389
11632,0,23287860380,23287859998,0,0,382
11633,0,23289862271,23289861900,0,0,370
11634,0,23291864806,23291864425,0,0,380
11635,0,23293867049,23293866684,0,0,364
11636,0,23295869463,23295869083,0,0,380
11637,0,23297871632,23297871254,0,0,377
11638,0,23299873793,23299873391,0,0,402
11639,0,23301875912,23301875530,0,0,382
11640,0,23303877887,23303877510,0,0,377
11641,0,23305881474,23305881088,0,0,385
11642,0,23307882851,23307882478,0,0,373
11643,0,23309885840,23309885441,0,0,399
11644,0,23311887289,23311886916,0,0,372
11645,0,23313889146,23313888752,0,0,393
11646,0,23315891527,23315891131,0,0,395
11647,0,23317893182,23317892806,0,0,375
11648,0,23319894599,23319894233,0,0,366
11649,0,23321898047,23321897649,0,0,397
11650,0,23323900167,23323899804,0,0,363
11651,0,23325902726,23325902341,0,0,384
11652,0,23327905679,23327905314,0,0,365
11653,0,23329907485,23329907112,0,0,373
11654,0,23331909261,23331908884,0,0,377
11655,0,23333912280,23333911926,0,0,353
11656,0,23335915033,23335914662,0,0,370
11657,0,23337915933,23337915577,0,0,356
11658,0,23339918287,23339917905,0,0,382
11659,0,23341921395,23341921046,0,0,348
11660,0,23343922734,23343922400,0,0,334
11661,0,23345924726,23345924334,0,0,392
11662,0,23347927409,23347927026,0,0,383
11663,0,23349928847,23349928492,0,0,354
11664,0,23351931954,23351931578,0,0,375
11665,0,23353934337,23353933952,0,0,384
11666,0,23355934877,23355934488,0,0,388
11667,0,23357938278,23357937896,0,0,382
11668,0,23359940649,23359940294,0,0,355
11669,0,23361942633,23361942234,0,0,399
11670,0,23363944777,23363944395,0,0,382
11671,0,23365946858,23365946462,0,0,395
11672,0,23367949383,23367948997,0,0,385
11673,0,23369951597,23369951190,0,0,407
11674,0,23371953865,23371953494,0,0,370
11675,0,23373955597,23373955181,0,0,416
11676,0,23375957582,23375957212,0,0,370
11677,0,23377961903,23377961496,0,0,406
11678,0,23379963037,23379962627,0,0,409
11679,0,23381965001,23381964607,0,0,393
11680,0,23383967481,23383967089,0,0,392
11681,0,23385969575,23385969203,0,0,372
11682,0,23387971492,23387971109,0,0,382
11683,0,23389973565,23389973170,0,0,395
11684,0,23391975769,23391975404,0,0,365
11685,0,23393978350,23393977955,0,0,394
11686,0,23395980285,23395979914,0,0,370
11687,0,23397982285,23397981892,0,0,393
11688,0,23399983755,23399983375,0,0,379
11689,0,23401986911,23401986528,0,0,382
11690,0,23403989941,23403989545,0,0,395
11691,0,23405992640,23405992231,0,0,409
11692,0,23407993356,23407992984,0,0,372
11693,0,23409996487,23409996065,0,0,421
11694,0,23411997806,23411997386,0,0,419
11695,0,23414000694,23414000312,0,0,382
11696,0,23416002595,23416002197,0,0,397
11697,0,23418004523,23418004118,0,0,405
11698,0,23420006538,23420006175,0,0,363
11699,0,23422009114,23422008708,0,0,405
11700,0,23424011216,23424010824,0,0,392
11701,0,23426013879,23426013487,0,0,391
11702,0,23428016017,23428015604,0,0,413
11703,0,23430018000,23430017627,0,0,373
11704,0,23432020572,23432020189,0,0,382
11705,0,23434022600,23434022208,0,0,391
11706,0,23436024722,23436024339,0,0,382
11707,0,23438027062,23438026656,0,0,406
11708,0,23440029880,23440029532,0,0,347
11709,0,23442031874,23442031474,0,0,399
11710,0,23444034287,23444033882,0,0,404
11711,0,23446036132,23446035716,0,0,415
11712,0,23448038302,23448037941,0,0,361
11713,0,23450042092,23450041696,0,0,395
11714,0,23452042510,23452042140,0,0,369
11715,0,23454046098,23454045719,0,0,379
11716,0,23456048206,23456047826,0,0,379
11717,0,23458049469,23458049064,0,0,405
11718,0,23460051659,23460051267,0,0,392
11719,0,23462053520,23462053138,0,0,382
11720,0,23464056404,23464056052,0,0,352
11721,0,23466058504,23466058124,0,0,379
11722,0,23468060353,23468059941,0,0,412
11723,0,23470062621,23470062215,0,0,406
11724,0,23472064798,23472064449,0,0,348
11725,0,23474067401,23474066998,0,0,402
11726,0,23476069076,23476068694,0,0,382
11727,0,23478071786,23478071381,0,0,404
11728,0,23480074284,23480073928,0,0,356
11729,0,23482075975,23482075604,0,0,370
11730,0,23484078272,23484077919,0,0,353
11731,0,23486080896,23486080525,0,0,370
11732,0,23488083986,23488083575,0,0,411
11733,0,23490085083,23490084693,0,0,389
11734,0,23492087278,23492086907,0,0,370
11735,0,23494089196,23494088815,0,0,381
11736,0,23496091375,23496090999,0,0,376
11737,0,23498093840,23498093460,0,0,380
11738,0,23500096797,23500096426,0,0,370
11739,0,23502099558,23502099167,0,0,391
11740,0,23504100877,23504100540,0,0,337
11741,0,23506103310,23506102916,0,0,393
11742,0,23508105232,23508104836,0,0,395
11743,0,23510108746,23510108355,0,0,390
11744,0,23512109589,23512109233,0,0,356
11745,0,23514111855,23514111458,0,0,397
11746,0,23516113561,23516113175,0,0,386
11747,0,23518116880,23518116469,0,0,411
11748,0,23520119730,23520119375,0,0,355
11749,0,23522120598,23522120203,0,0,395
11750,0,23524123598,23524123212,0,0,386
11751,0,23526125441,23526125060,0,0,380
11752,0,23528127078,23528126712,0,0,365
11753,0,23530129260,23530128865,0,0,395
11754,0,23532132293,23532131895,0,0,397
11755,0,23534134920,23534134531,0,0,388
11756,0,23536135762,23536135387,0,0,375
11757,0,23538138502,23538138114,0,0,387
11758,0,23540140786,23540140384,0,0,402
11759,0,23542142832,23542142457,0,0,375
11760,0,23544145087,23544144678,0,0,408
11761,0,23546147016,23546146630,0,0,386
11762,0,23548149794,23548149381,0,0,413
11763,0,23550151871,23550151476,0,0,394
11764,0,23552154250,23552153863,0,0,386
11765,0,23554156098,23554155705,0,0,393
11766,0,23556158423,23556158021,0,0,402
11767,0,23558160781,23558160397,0,0,384
11768,0,23560163729,23560163314,0,0,415
11769,0,23562165278,23562164865,0,0,412
11770,0,23564168062,23564167660,0,0,402
11771,0,23566170320,23566169930,0,0,389
11772,0,23568171924,23568171537,0,0,387
11773,0,23570173776,23570173332,0,0,443
11774,0,23572176426,23572176026,0,0,400
11775,0,23574178067,23574177667,0,0,399
11776,0,23576179199,23576178801,0,0,397
11777,0,23578181770,23578181351,0,0,418
11778,0,23580184779,23580184361,0,0,417
11779,0,23582187860,23582187443,0,0,416
11780,0,23584190123,23584189705,0,0,417
11781,0,23586191568,23586191074,0,0,494
11782,0,23588194179,23588193777,0,0,402
11783,0,23590196289,23590195889,0,0,400
11784,0,23592198218,23592197862,0,0,356
11785,0,23594200212,23594199831,0,0,381
11786,0,23596201365,23596200976,0,0,388
11787,0,23598205040,23598204640,0,0,399
11788,0,23600207409,23600207025,0,0,384
11789,0,23602209721,23602209330,0,0,391
11790,0,23604211727,23604211335,0,0,391
11791,0,23606213537,23606213138,0,0,399
11792,0,23608216360,23608216004,0,0,355
11793,0,23610221337,23610220952,0,0,384
11794,0,23612221753,23612221391,0,0,362
11795,0,23614222959,23614222557,0,0,402
11796,0,23616225518,23616225130,0,0,388
11797,0,23618227053,23618226667,0,0,386
11798,0,23620229481,23620229098,0,0,382
11799,0,23622231650,23622231279,0,0,370
11800,0,23624233983,23624233604,0,0,378
11801,0,23626236161,23626235770,0,0,391
11802,0,23628238575,23628238189,0,0,386
11803,0,23630240507,23630240116,0,0,390
11804,0,23632243543,23632243157,0,0,386
11805,0,23634246890,23634246514,0,0,376
11806,0,23636248426,23636248033,0,0,392
11807,0,23638250610,23638250217,0,0,393
11808,0,23640251650,23640251278,0,0,372
11809,0,23642254159,23642253752,0,0,406
11810,0,23644256132,23644255756,0,0,376
11811,0,23646258429,23646258024,0,0,405
11812,0,23648260435,23648260033,0,0,401
11813,0,23650263170,23650262761,0,0,409
11814,0,23652264941,23652264564,0,0,377
11815,0,23654267047,23654266664,0,0,383
11816,0,23656269489,23656269124,0,0,365
11817,0,23658271678,23658271277,0,0,400
11818,0,23660274123,23660273714,0,0,408
11819,0,23662275844,23662275433,0,0,411
11820,0,23664277548,23664277165,0,0,382
11821,0,23666280790,23666280369,0,0,420
11822,0,23668282877,23668282483,0,0,394
11823,0,23670285997,23670285617,0,0,379
11824,0,23672287378,23672286991,0,0,387
11825,0,23674289943,23674289552,0,0,391
11826,0,23676292193,23676291826,0,0,366
11827,0,23678294229,23678293815,0,0,413
11828,0,23680296084,23680295719,0,0,365
11829,0,23682298901,23682298498,0,0,402
11830,0,23684301125,23684300725,0,0,399
11831,0,23686303191,23686302817,0,0,373
11832,0,23688304923,23688304568,0,0,355
11833,0,23690307964,23690307582,0,0,382
11834,0,23692309222,23692308852,0,0,369
11835,0,23694311871,23694311468,0,0,402
11836,0,23696314299,23696313918,0,0,381
11837,0,23698316411,23698316000,0,0,411
11838,0,23700318537,23700318142,0,0,395
11839,0,23702320810,23702320429,0,0,380
11840,0,23704322844,23704322478,0,0,366
11841,0,23706326346,23706325967,0,0,379
11842,0,23708327365,23708327015,0,0,349
11843,0,23710332368,23710331988,0,0,379
11844,0,23712332890,23712332498,0,0,391
11845,0,23714334545,23714334137,0,0,407
11846,0,23716336354,23716335970,0,0,384
11847,0,23718338453,23718338038,0,0,414
11848,0,23720341271,23720340907,0,0,364
11849,0,23722342696,23722342313,0,0,383
11850,0,23724345258,23724344877,0,0,380
11851,0,23726347416,23726347041,0,0,375
11852,0,23728349710,23728349345,0,0,365
11853,0,23730351465,23730351069,0,0,395
11854,0,23732353031,23732352631,0,0,399
11855,0,23734356105,23734355732,0,0,373
11856,0,23736358955,23736358582,0,0,373
11857,0,23738360459,23738360077,0,0,382
11858,0,23740361771,23740361378,0,0,393
11859,0,23742366042,23742365640,0,0,402
11860,0,23744367874,23744367492,0,0,382
11861,0,23746369502,23746369104,0,0,397
11862,0,23748371716,23748371334,0,0,382
11863,0,23750374404,23750374027,0,0,376
11864,0,23752376247,23752375864,0,0,382
11865,0,23754379532,23754379150,0,0,382
11866,0,23756382230,23756381836,0,0,393
11867,0,23758382638,23758382239,0,0,399
11868,0,23760385173,23760384799,0,0,374
11869,0,23762389304,23762388912,0,0,392
11870,0,23764389790,23764389404,0,0,385
11871,0,23766392137,23766391758,0,0,379
11872,0,23768394390,23768394037,0,0,352
11873,0,23770396289,23770395894,0,0,395
11874,0,23772398840,23772398479,0,0,360
11875,0,23774401300,23774400925,0,0,374
11876,0,23776403339,23776402970,0,0,368
11877,0,23778405276,23778404860,0,0,415
11878,0,23780408463,23780408060,0,0,403
11879,0,23782409868,23782409471,0,0,396
11880,0,23784411934,23784411525,0,0,408
11881,0,23786414600,23786414205,0,0,395
11882,0,23788416361,23788415975,0,0,386
11883,0,23790418748,23790418366,0,0,381
11884,0,23792420411,23792420033,0,0,377
11885,0,23794423523,23794423136,0,0,387
11886,0,23796425383,23796424999,0,0,384
11887,0,23798427855,23798427480,0,0,374
11888,0,23800430043,23800429657,0,0,386
11889,0,23802431949,23802431533,0,0,415
11890,0,23804434163,23804433750,0,0,413
11891,0,23806436298,23806435891,0,0,407
11892,0,23808438113,23808437724,0,0,388
11893,0,23810443074,23810442669,0,0,404
11894,0,23812444428,23812444035,0,0,392
11895,0,23814445094,23814444693,0,0,400
11896,0,23816448161,23816447779,0,0,382
11897,0,23818450797,23818450411,0,0,386
11898,0,23820453304,23820452912,0,0,391
11899,0,23822454950,23822454556,0,0,394
11900,0,23824456898,23824456494,0,0,404
11901,0,23826458491,23826458081,0,0,409
11902,0,23828460930,23828460513,0,0,417
11903,0,23830462548,23830462154,0,0,393
11904,0,23832464206,23832463829,0,0,376
11905,0,23834467764,23834467391,0,0,372
11906,0,23836470013,23836469642,0,0,370
11907,0,23838471957,23838471566,0,0,391
11908,0,23840475009,23840474633,0,0,376
11909,0,23842477541,23842477134,0,0,406
11910,0,23844478858,23844478460,0,0,397
11911,0,23846481330,23846480924,0,0,405
11912,0,23848483240,23848482851,0,0,388
11913,0,23850485812,23850485402,0,0,409
11914,0,23852488638,23852488230,0,0,408
11915,0,23854489740,23854489339,0,0,400
11916,0,23856491762,23856491359,0,0,403
11917,0,23858494408,23858493995,0,0,413
11918,0,23860496334,23860495915,0,0,419
11919,0,23862498808,23862498418,0,0,389
11920,0,23864502128,23864501755,0,0,372
11921,0,23866504516,23866504136,0,0,380
11922,0,23868505478,23868505089,0,0,388
11923,0,23870508091,23870507687,0,0,404
11924,0,23872509984,23872509594,0,0,389
11925,0,23874511894,23874511513,0,0,380
11926,0,23876514255,23876513867,0,0,387
11927,0,23878516253,23878515889,0,0,363
11928,0,23880518846,23880518506,0,0,339
11929,0,23882520894,23882520525,0,0,368
11930,0,23884524179,23884523786,0,0,392
11931,0,23886526152,23886525766,0,0,386
11932,0,23888527923,23888527525,0,0,397
11933,0,23890530761,23890530362,0,0,398
11934,0,23892532498,23892532119,0,0,378
11935,0,23894534333,23894533939,0,0,394
11936,0,23896536499,23896536089,0,0,409
11937,0,23898538755,23898538354,0,0,401
11938,0,23900540823,23900540460,0,0,363
11939,0,23902543695,23902543264,0,0,431
11940,0,23904545917,23904545528,0,0,388
11941,0,23906547622,23906547235,0,0,386
11942,0,23908549656,23908549256,0,0,399
11943,0,23910553833,23910553427,0,0,405
11944,0,23912554543,23912554173,0,0,370
11945,0,23914556779,23914556399,0,0,380
11946,0,23916559192,23916558819,0,0,373
11947,0,23918560966,23918560573,0,0,393
11948,0,23920562760,23920562391,0,0,369
11949,0,23922564110,23922563705,0,0,404
11950,0,23924566145,23924565752,0,0,392
11951,0,23926569510,23926569110,0,0,399
11952,0,23928571305,23928570929,0,0,376
11953,0,23930574406,23930574022,0,0,384
11954,0,23932577252,23932576888,0,0,364
11955,0,23934579430,23934579049,0,0,381
11956,0,23936579774,23936579402,0,0,372
11957,0,23938583550,23938583141,0,0,408
11958,0,23940585578,23940585195,0,0,383
11959,0,23942587781,23942587385,0,0,395
11960,0,23944590193,23944589814,0,0,379
11961,0,23946592113,23946591721,0,0,391
11962,0,23948594008,23948593620,0,0,388
11963,0,23950596563,23950596128,0,0,434
11964,0,23952598889,23952598488,0,0,401
11965,0,23954600921,23954600543,0,0,377
11966,0,23956603131,23956602750,0,0,380
11967,0,23958605362,23958604969,0,0,393
11968,0,23960607525,23960607173,0,0,352
11969,0,23962610632,23962610263,0,0,368
11970,0,23964611777,23964611404,0,0,373
11971,0,23966615633,23966615267,0,0,366
11972,0,23968617275,23968616893,0,0,382
11973,0,23970618976,23970618661,0,0,314
11974,0,23972621791,23972621391,0,0,399
11975,0,23974624555,23974624161,0,0,393
11976,0,23976625341,23976624984,0,0,356
11977,0,23978627948,23978627566,0,0,382
11978,0,23980630101,23980629718,0,0,383
11979,0,23982632697,23982632305,0,0,392
11980,0,23984634622,23984634240,0,0,382
11981,0,23986637312,23986636937,0,0,374
11982,0,23988640230,23988639842,0,0,388
11983,0,23990640963,23990640576,0,0,386
11984,0,23992642876,23992642536,0,0,340
11985,0,23994645768,23994645384,0,0,384
11986,0,23996647698,23996647332,0,0,366
11987,0,23998651040,23998650629,0,0,411
11988,0,24000652038,24000651657,0,0,381
11989,0,24002654839,24002654447,0,0,392
11990,0,24004656458,24004656076,0,0,382
11991,0,24006659144,24006658750,0,0,394
11992,0,24008661329,24008660982,0,0,347
11993,0,24010664640,24010664271,0,0,368
11994,0,24012665428,24012665053,0,0,375
11995,0,24014668064,24014667694,0,0,369
11996,0,24016669855,24016669483,0,0,372
11997,0,24018672467,24018672076,0,0,391
11998,0,24020674620,24020674249,0,0,370
11999,0,24022677543,24022677148,0,0,395
12000,0,24024680172,24024679815,0,0,357
12001,0,24026681035,24026680656,0,0,379
12002,0,24028683376,24028683019,0,0,357
12003,0,24030686161,24030685753,0,0,407
12004,0,24032688123,24032687750,0,0,373
12005,0,24034691271,24034690903,0,0,368
12006,0,24036692123,24036691747,0,0,376
12007,0,24038694848,24038694462,0,0,385
12008,0,24040696559,24040696195,0,0,363
12009,0,24042699140,24042698768,0,0,371
12010,0,24044701253,24044700861,0,0,391
12011,0,24046703486,24046703095,0,0,391
12012,0,24048705702,24048705349,0,0,352
12013,0,24050707903,24050707527,0,0,375
12014,0,24052709957,24052709573,0,0,383
12015,0,24054713377,24054712973,0,0,404
12016,0,24056715883,24056715532,0,0,350
12017,0,24058717134,24058716765,0,0,369
12018,0,24060719035,24060718665,0,0,370
12019,0,24062721442,24062721071,0,0,370
12020,0,24064723292,24064722923,0,0,368
12021,0,24066726015,24066725622,0,0,393
12022,0,24068727834,24068727451,0,0,382
12023,0,24070729955,24070729566,0,0,388
12024,0,24072733134,24072732776,0,0,357
12025,0,24074734805,24074734411,0,0,393
12026,0,24076737537,24076737141,0,0,395
12027,0,24078739758,24078739378,0,0,379
12028,0,24080741368,24080740991,0,0,377
12029,0,24082743273,24082742904,0,0,368
12030,0,24084746290,24084745898,0,0,392
12031,0,24086748907,24086748548,0,0,359
12032,0,24088750260,24088749887,0,0,372
12033,0,24090751819,24090751460,0,0,359
12034,0,24092753370,24092753000,0,0,370
12035,0,24094757269,24094756878,0,0,391
12036,0,24096759304,24096758939,0,0,365
12037,0,24098760985,24098760590,0,0,395
12038,0,24100763590,24100763203,0,0,386
12039,0,24102765385,24102764988,0,0,396
12040,0,24104767793,24104767431,0,0,361
12041,0,24106770154,24106769755,0,0,398
12042,0,24108773013,24108772630,0,0,383
12043,0,24110775995,24110775595,0,0,400
12044,0,24112776707,24112776344,0,0,362
12045,0,24114779469,24114779102,0,0,367
12046,0,24116781235,24116780856,0,0,378
12047,0,24118783222,24118782816,0,0,405
12048,0,24120786671,24120786284,0,0,387
12049,0,24122788677,24122788294,0,0,382
12050,0,24124790343,24124789998,0,0,344
12051,0,24126792365,24126791957,0,0,407
12052,0,24128794357,24128793977,0,0,379
12053,0,24130796447,24130796051,0,0,395
12054,0,24132798925,24132798525,0,0,400
12055,0,24134801639,24134801244,0,0,395
12056,0,24136803489,24136803139,0,0,350
12057,0,24138806413,24138806042,0,0,370
12058,0,24140810027,24140809638,0,0,389
12059,0,24142811301,24142810903,0,0,397
12060,0,24144813599,24144813228,0,0,370
12061,0,24146815207,24146814804,0,0,402
12062,0,24148817036,24148816641,0,0,395
12063,0,24150819485,24150819098,0,0,387
12064,0,24152821438,24152821064,0,0,374
12065,0,24154823797,24154823415,0,0,381
12066,0,24156825496,24156825128,0,0,367
12067,0,24158827514,24158827100,0,0,413
12068,0,24160829199,24160828813,0,0,386
12069,0,24162832491,24162832103,0,0,387
12070,0,24164834766,24164834361,0,0,404
12071,0,24166836970,24166836570,0,0,400
12072,0,24168838787,24168838396,0,0,391
12073,0,24170841868,24170841499,0,0,368
12074,0,24172843351,24172842954,0,0,397
12075,0,24174845742,24174845339,0,0,403
12076,0,24176847851,24176847442,0,0,408
12077,0,24178850410,24178850011,0,0,399
12078,0,24180852475,24180852071,0,0,403
12079,0,24182855060,24182854669,0,0,391
12080,0,24184856166,24184855761,0,0,405
12081,0,24186859061,24186858649,0,0,412
12082,0,24188861505,24188861141,0,0,363
12083,0,24190863337,24190862901,0,0,435
12084,0,24192865664,24192865265,0,0,399
12085,0,24194868249,24194867840,0,0,409
12086,0,24196869687,24196869301,0,0,385
12087,0,24198871334,24198870925,0,0,408
12088,0,24200874492,24200874101,0,0,391
12089,0,24202877074,24202876671,0,0,403
12090,0,24204879159,24204878770,0,0,389
12091,0,24206882028,24206881617,0,0,411
12092,0,24208883811,24208883402,0,0,408
12093,0,24210887325,24210886910,0,0,415
12094,0,24212888420,24212888017,0,0,402
12095,0,24214890665,24214890261,0,0,404
12096,0,24216891988,24216891615,0,0,372
12097,0,24218894845,24218894473,0,0,372
12098,0,24220897173,24220896789,0,0,383
12099,0,24222900303,24222899892,0,0,411
12100,0,24224902155,24224901737,0,0,417
12101,0,24226903560,24226903151,0,0,408
12102,0,24228905671,24228905269,0,0,402
12103,0,24230907471,24230907065,0,0,406
12104,0,24232908994,24232908615,0,0,379
12105,0,24234912049,24234911639,0,0,410
12106,0,24236913542,24236913135,0,0,406
12107,0,24238916777,24238916343,0,0,434
12108,0,24240919613,24240919216,0,0,396
12109,0,24242921154,24242920759,0,0,394
12110,0,24244923435,24244923073,0,0,361
12111,0,24246925796,24246925391,0,0,405
12112,0,24248927920,24248927507,0,0,413
12113,0,24250930700,24250930323,0,0,376
12114,0,24252932563,24252932180,0,0,382
12115,0,24254935499,24254935094,0,0,405
12116,0,24256937908,24256937498,0,0,410
12117,0,24258940056,24258939651,0,0,404
12118,0,24260941106,24260940692,0,0,414
12119,0,24262943513,24262943104,0,0,408
12120,0,24264945899,24264945525,0,0,373
12121,0,24266947791,24266947380,0,0,411
12122,0,24268949622,24268949235,0,0,387
12123,0,24270950979,24270950546,0,0,433
12124,0,24272954173,24272953773,0,0,399
12125,0,24274957162,24274956757,0,0,404
12126,0,24276958930,24276958553,0,0,377
12127,0,24278960784,24278960388,0,0,395
12128,0,24280962477,24280962103,0,0,373
12129,0,24282965324,24282964941,0,0,382
12130,0,24284966812,24284966447,0,0,365
12131,0,24286970653,24286970253,0,0,400
12132,0,24288972665,24288972284,0,0,381
12133,0,24290975732,24290975347,0,0,385
12134,0,24292976678,24292976296,0,0,382
12135,0,24294979119,24294978746,0,0,373
12136,0,24296981504,24296981132,0,0,371
12137,0,24298983382,24298983000,0,0,381
12138,0,24300985507,24300985130,0,0,377
12139,0,24302988008,24302987622,0,0,386
12140,0,24304990202,24304989813,0,0,388
12141,0,24306992671,24306992266,0,0,404
12142,0,24308994875,24308994510,0,0,364
12143,0,24310998651,24310998235,0,0,415
12144,0,24312998966,24312998602,0,0,364
12145,0,24315001514,24315001132,0,0,381
12146,0,24317003426,24317003060,0,0,366
12147,0,24319005979,24319005576,0,0,402
12148,0,24321008226,24321007844,0,0,382
12149,0,24323010640,24323010259,0,0,380
12150,0,24325012599,24325012223,0,0,375
12151,0,24327016053,24327015671,0,0,381
12152,0,24329017129,24329016773,0,0,356
12153,0,24331018900,24331018537,0,0,363
12154,0,24333021864,24333021508,0,0,355
12155,0,24335023395,24335023020,0,0,375
12156,0,24337026078,24337025701,0,0,377
12157,0,24339027809,24339027426,0,0,382
12158,0,24341030393,24341030009,0,0,383
12159,0,24343031887,24343031519,0,0,367
12160,0,24345033737,24345033364,0,0,373
12161,0,24347037029,24347036662,0,0,367
12162,0,24349038812,24349038447,0,0,364
12163,0,24351041462,24351041090,0,0,371
12164,0,24353043986,24353043612,0,0,373
12165,0,24355046135,24355045766,0,0,368
12166,0,24357048300,24357047915,0,0,384
12167,0,24359050399,24359050002,0,0,397
12168,0,24361052403,24361052008,0,0,394
12169,0,24363054939,24363054579,0,0,360
12170,0,24365058283,24365057917,0,0,366
12171,0,24367058768,24367058362,0,0,405
12172,0,24369061236,24369060817,0,0,419
12173,0,24371064851,24371064435,0,0,415
12174,0,24373066233,24373065866,0,0,367
12175,0,24375068240,24375067853,0,0,386
12176,0,24377071207,24377070835,0,0,372
12177,0,24379073265,24379072868,0,0,396
12178,0,24381075034,24381074652,0,0,382
12179,0,24383076826,24383076435,0,0,391
12180,0,24385079494,24385079109,0,0,385
12181,0,24387081262,24387080873,0,0,389
12182,0,24389083689,24389083291,0,0,398
12183,0,24391086052,24391085644,0,0,407
12184,0,24393088256,24393087890,0,0,366
12185,0,24395090151,24395089780,0,0,370
12186,0,24397092649,24397092280,0,0,369
12187,0,24399094668,24399094251,0,0,416
12188,0,24401098608,24401098225,0,0,383
12189,0,24403100004,24403099619,0,0,385
12190,0,24405102677,24405102288,0,0,388
12191,0,24407104112,24407103710,0,0,402
12192,0,24409105860,24409105484,0,0,375
12193,0,24411109149,24411108752,0,0,396
12194,0,24413110410,24413110033,0,0,376
12195,0,24415112243,24415111871,0,0,371
12196,0,24417113905,24417113506,0,0,399
12197,0,24419116939,24419116546,0,0,393
12198,0,24421119126,24421118730,0,0,396
12199,0,24423121224,24423120820,0,0,404
12200,0,24425123294,24425122911,0,0,382
12201,0,24427124706,24427124298,0,0,407
12202,0,24429128123,24429127709,0,0,414
12203,0,24431130197,24431129801,0,0,396
12204,0,24433132725,24433132343,0,0,382
12205,0,24435135216,24435134822,0,0,394
12206,0,24437137579,24437137213,0,0,365
12207,0,24439138002,24439137594,0,0,407
12208,0,24441141703,24441141294,0,0,408
12209,0,24443144323,24443143930,0,0,393
12210,0,24445146131,24445145747,0,0,384
12211,0,24447148150,24447147757,0,0,392
12212,0,24449150404,24449149993,0,0,411
12213,0,24451152730,24451152310,0,0,420
12214,0,24453154694,24453154274,0,0,419
12215,0,24455156997,24455156564,0,0,433
12216,0,24457158972,24457158573,0,0,398
12217,0,24459161577,24459161196,0,0,381
12218,0,24461163609,24461163257,0,0,352
12219,0,24463166042,24463165636,0,0,405
12220,0,24465168391,24465168019,0,0,371
12221,0,24467170404,24467169994,0,0,409
12222,0,24469172905,24469172492,0,0,413
12223,0,24471175112,24471174704,0,0,408
12224,0,24473176940,24473176593,0,0,346
12225,0,24475180662,24475180259,0,0,402
12226,0,24477181438,24477181033,0,0,404
12227,0,24479184811,24479184408,0,0,402
12228,0,24481187030,24481186632,0,0,397
12229,0,24483187843,24483187427,0,0,415
12230,0,24485189196,24485188806,0,0,389
12231,0,24487192365,24487191952,0,0,412
12232,0,24489195499,24489195096,0,0,403
12233,0,24491198536,24491198120,0,0,415
12234,0,24493199185,24493198777,0,0,407
12235,0,24495201242,24495200848,0,0,393
12236,0,24497203232,24497202833,0,0,399
12237,0,24499205979,24499205572,0,0,407
12238,0,24501207925,24501207528,0,0,396
12239,0,24503210699,24503210287,0,0,412
12240,0,24505213239,24505212858,0,0,381
12241,0,24507215092,24507214712,0,0,379
12242,0,24509217544,24509217141,0,0,402
12243,0,24511222360,24511221964,0,0,395
12244,0,24513222635,24513222228,0,0,406
12245,0,24515224056,24515223624,0,0,432
12246,0,24517225721,24517225317,0,0,404
12247,0,24519228248,24519227844,0,0,403
12248,0,24521230517,24521230141,0,0,375
12249,0,24523233543,24523233142,0,0,401
12250,0,24525236030,24525235617,0,0,412
12251,0,24527237462,24527237039,0,0,422
12252,0,24529239579,24529239169,0,0,409
12253,0,24531242069,24531241654,0,0,414
12254,0,24533244161,24533243755,0,0,405
12255,0,24535246159,24535245753,0,0,406
12256,0,24537247839,24537247438,0,0,401
12257,0,24539250255,24539249865,0,0,389
12258,0,24541252177,24541251812,0,0,364
12259,0,24543254659,24543254279,0,0,379
12260,0,24545258051,24545257672,0,0,379
12261,0,24547260770,24547260377,0,0,393
12262,0,24549261474,24549261064,0,0,410
12263,0,24551263742,24551263355,0,0,387
12264,0,24553265912,24553265548,0,0,363
12265,0,24555268233,24555267853,0,0,380
12266,0,24557270413,24557270021,0,0,392
12267,0,24559272604,24559272211,0,0,393
12268,0,24561274536,24561274148,0,0,387
12269,0,24563276960,24563276571,0,0,388
12270,0,24565279076,24565278690,0,0,386
12271,0,24567281926,24567281550,0,0,376
12272,0,24569283829,24569283447,0,0,382
12273,0,24571285802,24571285413,0,0,388
12274,0,24573287997,24573287617,0,0,379
12275,0,24575290926,24575290511,0,0,415
12276,0,24577292606,24577292216,0,0,390
12277,0,24579295076,24579294700,0,0,375
12278,0,24581297278,24581296894,0,0,384
12279,0,24583300350,24583299966,0,0,384
12280,0,24585301723,24585301362,0,0,361
12281,0,24587303764,24587303387,0,0,376
12282,0,24589306573,24589306201,0,0,372
12283,0,24591308242,24591307854,0,0,387
12284,0,24593310633,24593310269,0,0,363
12285,0,24595312804,24595312411,0,0,393
12286,0,24597314710,24597314332,0,0,378
12287,0,24599317231,24599316838,0,0,393
12288,0,24601319343,24601318964,0,0,379
12289,0,24603321280,24603320894,0,0,386
12290,0,24605322460,24605322078,0,0,382
12291,0,24607326288,24607325912,0,0,375
12292,0,24609328633,24609328258,0,0,374
12293,0,24611332084,24611331701,0,0,383
12294,0,24613332937,24613332555,0,0,381
12295,0,24615334966,24615334597,0,0,369
12296,0,24617337319,24617336944,0,0,375
12297,0,24619340725,24619340343,0,0,382
12298,0,24621341940,24621341565,0,0,375
12299,0,24623343793,24623343411,0,0,382
12300,0,24625346104,24625345715,0,0,388
12301,0,24627348653,24627348258,0,0,394
12302,0,24629350606,24629350236,0,0,369
12303,0,24631352804,24631352421,0,0,383
12304,0,24633355917,24633355564,0,0,352
12305,0,24635358156,24635357769,0,0,386
12306,0,24637359611,24637359244,0,0,367
12307,0,24639362068,24639361697,0,0,370
12308,0,24641364112,24641363729,0,0,382
12309,0,24643366058,24643365678,0,0,379
12310,0,24645368429,24645368033,0,0,395
12311,0,24647371242,24647370848,0,0,394
12312,0,24649373671,24649373320,0,0,350
12313,0,24651374912,24651374546,0,0,365
12314,0,24653377273,24653376907,0,0,365
12315,0,24655379344,24655378962,0,0,382
12316,0,24657382103,24657381726,0,0,376
12317,0,24659383925,24659383552,0,0,373
12318,0,24661386909,24661386563,0,0,346
12319,0,24663389678,24663389310,0,0,368
12320,0,24665390573,24665390200,0,0,373
12321,0,24667393496,24667393116,0,0,380
12322,0,24669394703,24669394348,0,0,355
12323,0,24671396741,24671396343,0,0,397
12324,0,24673398445,24673398038,0,0,406
12325,0,24675401803,24675401400,0,0,402
12326,0,24677403915,24677403511,0,0,404
12327,0,24679406182,24679405788,0,0,393
12328,0,24681408175,24681407764,0,0,411
12329,0,24683410017,24683409603,0,0,414
12330,0,24685412020,24685411584,0,0,435
12331,0,24687414617,24687414197,0,0,420
12332,0,24689416040,24689415623,0,0,416
12333,0,24691419733,24691419298,0,0,435
12334,0,24693422440,24693422040,0,0,399
12335,0,24695423990,24695423563,0,0,426
12336,0,24697426231,24697425840,0,0,390
12337,0,24699428524,24699428105,0,0,419
12338,0,24701431039,24701430642,0,0,396
12339,0,24703433263,24703432877,0,0,386
12340,0,24705435086,24705434663,0,0,422
12341,0,24707437620,24707437205,0,0,414
12342,0,24709439625,24709439215,0,0,409
12343,0,24711443321,24711442918,0,0,402
12344,0,24713443710,24713443328,0,0,382
12345,0,24715446585,24715446177,0,0,407
12346,0,24717448429,24717448038,0,0,391
12347,0,24719450672,24719450278,0,0,394
12348,0,24721452305,24721451909,0,0,395
12349,0,24723455175,24723454776,0,0,398
12350,0,24725458280,24725457876,0,0,404
12351,0,24727460370,24727459976,0,0,393
12352,0,24729461584,24729461193,0,0,391
12353,0,24731464640,24731464212,0,0,427
12354,0,24733465778,24733465382,0,0,396
12355,0,24735468730,24735468344,0,0,386
12356,0,24737471748,24737471346,0,0,401
12357,0,24739473262,24739472814,0,0,447
12358,0,24741475559,24741475152,0,0,406
12359,0,24743477098,24743476691,0,0,407
12360,0,24745479498,24745479118,0,0,380
12361,0,24747481791,24747481386,0,0,405
12362,0,24749483945,24749483539,0,0,405
12363,0,24751486504,24751486112,0,0,392
12364,0,24753488255,24753487838,0,0,417
12365,0,24755491076,24755490680,0,0,395
12366,0,24757492633,24757492270,0,0,363
12367,0,24759494562,24759494169,0,0,393
12368,0,24761496781,24761496383,0,0,397
12369,0,24763499970,24763499560,0,0,409
12370,0,24765503555,24765503143,0,0,412
12371,0,24767504505,24767504110,0,0,395
12372,0,24769505953,24769505517,0,0,435
12373,0,24771508777,24771508343,0,0,433
12374,0,24773510487,24773510071,0,0,416
12375,0,24775513800,24775513396,0,0,404
12376,0,24777514966,24777514569,0,0,396
12377,0,24779518003,24779517575,0,0,427
12378,0,24781519494,24781519120,0,0,374
12379,0,24783521348,24783520949,0,0,398
12380,0,24785523290,24785522881,0,0,408
12381,0,24787527002,24787526579,0,0,422
12382,0,24789529373,24789528957,0,0,415
12383,0,24791532125,24791531718,0,0,407
12384,0,24793532790,24793532444,0,0,346
12385,0,24795535465,24795535089,0,0,376
12386,0,24797537419,24797537086,0,0,332
12387,0,24799539934,24799539555,0,0,379
12388,0,24801542100,24801541728,0,0,372
12389,0,24803544696,24803544303,0,0,393
12390,0,24805545044,24805544640,0,0,403
12391,0,24807548105,24807547714,0,0,391
12392,0,24809549837,24809549443,0,0,393
12393,0,24811553992,24811553608,0,0,383
12394,0,24813554723,24813554353,0,0,369
12395,0,24815556265,24815555855,0,0,409
12396,0,24817559398,24817559014,0,0,384
12397,0,24819561653,24819561253,0,0,400
12398,0,24821563961,24821563571,0,0,390
12399,0,24823566094,24823565696,0,0,397
12400,0,24825568770,24825568389,0,0,381
12401,0,24827571267,24827570873,0,0,393
12402,0,24829573269,24829572880,0,0,388
12403,0,24831574970,24831574588,0,0,381
12404,0,24833577304,24833576914,0,0,390
12405,0,24835579528,24835579121,0,0,407
12406,0,24837582507,24837582125,0,0,381
12407,0,24839584691,24839584328,0,0,362
12408,0,24841585621,24841585278,0,0,342
12409,0,24843588407,24843588003,0,0,404
12410,0,24845591246,24845590851,0,0,395
12411,0,24847592820,24847592416,0,0,403
12412,0,24849595892,24849595486,0,0,406
12413,0,24851598538,24851598135,0,0,402
12414,0,24853599458,24853599074,0,0,384
12415,0,24855601831,24855601441,0,0,389
12416,0,24857603929,24857603553,0,0,375
12417,0,24859606070,24859605678,0,0,392
12418,0,24861607560,24861607206,0,0,354
12419,0,24863611312,24863610930,0,0,381
12420,0,24865613325,24865612946,0,0,379
12421,0,24867615161,24867614766,0,0,395
12422,0,24869617647,24869617271,0,0,376
12423,0,24871619954,24871619563,0,0,391
12424,0,24873622109,24873621737,0,0,372
12425,0,24875624797,24875624421,0,0,376
12426,0,24877625262,24877624893,0,0,368
12427,0,24879629058,24879628662,0,0,395
12428,0,24881630744,24881630356,0,0,388
12429,0,24883632805,24883632410,0,0,395
12430,0,24885635597,24885635231,0,0,366
12431,0,24887637157,24887636788,0,0,368
12432,0,24889639885,24889639519,0,0,366
12433,0,24891642721,24891642357,0,0,364
12434,0,24893644240,24893643881,0,0,358
12435,0,24895646337,24895645968,0,0,368
12436,0,24897648270,24897648065,0,0,204
12437,0,24899651035,24899650664,0,0,370
12438,0,24901652795,24901652440,0,0,355
12439,0,24903655324,24903654960,0,0,364
12440,0,24905657548,24905657228,0,0,320
12441,0,24907659649,24907659284,0,0,364
12442,0,24909662314,24909661961,0,0,352
12443,0,24911665986,24911665608,0,0,378
12444,0,24913665475,24913665091,0,0,384
12445,0,24915668528,24915668134,0,0,393
12446,0,24917671024,24917670642,0,0,382
12447,0,24919673157,24919672792,0,0,364
12448,0,24921675497,24921675080,0,0,417
12449,0,24923677753,24923677325,0,0,428
12450,0,24925679609,24925679193,0,0,416
12451,0,24927682667,24927682248,0,0,419
12452,0,24929684078,24929683672,0,0,406
12453,0,24931686721,24931686305,0,0,415
12454,0,24933688385,24933687967,0,0,417
12455,0,24935691012,24935690621,0,0,391
12456,0,24937693581,24937693178,0,0,402
12457,0,24939695086,24939694694,0,0,392
12458,0,24941697492,24941697085,0,0,407
12459,0,24943699618,24943699235,0,0,382
12460,0,24945701989,24945701590,0,0,399
12461,0,24947704585,24947704161,0,0,424
12462,0,24949706885,24949706496,0,0,388
12463,0,24951707541,24951707135,0,0,406
12464,0,24953710761,24953710367,0,0,393
12465,0,24955713247,24955712845,0,0,402
12466,0,24957715444,24957715038,0,0,406
12467,0,24959717683,24959717274,0,0,408
12468,0,24961719482,24961719109,0,0,373
12469,0,24963722178,24963721752,0,0,426
12470,0,24965723984,24965723592,0,0,392
12471,0,24967726566,24967726160,0,0,406
12472,0,24969729269,24969728884,0,0,385
12473,0,24971731215,24971730833,0,0,382
12474,0,24973732911,24973732508,0,0,402
12475,0,24975735705,24975735312,0,0,393
12476,0,24977737892,24977737501,0,0,391
12477,0,24979740349,24979739945,0,0,404
12478,0,24981742357,24981741913,0,0,444
12479,0,24983744213,24983743812,0,0,400
12480,0,24985747169,24985746791,0,0,377
12481,0,24987748671,24987748292,0,0,379
12482,0,24989750939,24989750557,0,0,382
12483,0,24991754224,24991753824,0,0,399
12484,0,24993756812,24993756422,0,0,389
12485,0,24995757752,24995757352,0,0,399
12486,0,24997760152,24997759761,0,0,391
12487,0,24999761870,24999761475,0,0,395
12488,0,25001764632,25001764261,0,0,370
12489,0,25003767512,25003767086,0,0,425
12490,0,25005769561,25005769168,0,0,393
12491,0,25007771694,25007771271,0,0,422
12492,0,25009772809,25009772402,0,0,407
12493,0,25011775651,25011775219,0,0,432
12494,0,25013778017,25013777637,0,0,380
12495,0,25015779462,25015779056,0,0,405
12496,0,25017781676,25017781274,0,0,402
12497,0,25019784469,25019784085,0,0,384
12498,0,25021787737,25021787361,0,0,376
12499,0,25023788756,25023788351,0,0,404
12500,0,25025790948,25025790525,0,0,423
12501,0,25027793406,25027792967,0,0,439
12502,0,25029795467,25029795044,0,0,422
12503,0,25031798305,25031797890,0,0,414
12504,0,25033799925,25033799537,0,0,388
12505,0,25035802065,25035801658,0,0,407
12506,0,25037804022,25037803633,0,0,388
12507,0,25039806736,25039806331,0,0,404
12508,0,25041809110,25041808696,0,0,413
12509,0,25043811690,25043811258,0,0,432
12510,0,25045813649,25045813254,0,0,395
12511,0,25047815097,25047814678,0,0,419
12512,0,25049817143,25049816788,0,0,355
12513,0,25051820137,25051819766,0,0,370
12514,0,25053822031,25053821628,0,0,403
12515,0,25055825247,25055824831,0,0,415
12516,0,25057827234,25057826835,0,0,399
12517,0,25059828623,25059828232,0,0,391
12518,0,25061831406,25061831013,0,0,393
12519,0,25063833226,25063832826,0,0,400
12520,0,25065835938,25065835539,0,0,399
12521,0,25067837440,25067837049,0,0,391
12522,0,25069839541,25069839147,0,0,393
12523,0,25071841130,25071840741,0,0,388
12524,0,25073844411,25073844022,0,0,388
12525,0,25075846865,25075846467,0,0,397
12526,0,25077848454,25077848041,0,0,413
12527,0,25079850853,25079850450,0,0,403
12528,0,25081853250,25081852858,0,0,391
12529,0,25083855414,25083855015,0,0,398
12530,0,25085857695,25085857307,0,0,387
12531,0,25087860173,25087859777,0,0,396
12532,0,25089861766,25089861377,0,0,388
12533,0,25091863578,25091863186,0,0,392
12534,0,25093866746,25093866386,0,0,359
12535,0,25095869640,25095869243,0,0,397
12536,0,25097870998,25097870633,0,0,365
12537,0,25099873087,25099872694,0,0,393
12538,0,25101876051,25101875651,0,0,399
12539,0,25103877539,25103877145,0,0,393
12540,0,25105880179,25105879805,0,0,374
12541,0,25107882153,25107881768,0,0,384
12542,0,25109884267,25109883876,0,0,391
12543,0,25111887550,25111887164,0,0,386
12544,0,25113888273,25113887896,0,0,376
12545,0,25115889975,25115889611,0,0,363
12546,0,25117893115,25117892744,0,0,370
12547,0,25119895677,25119895283,0,0,394
12548,0,25121897905,25121897525,0,0,379
12549,0,25123899658,25123899295,0,0,362
12550,0,25125902100,25125901704,0,0,395
12551,0,25127904881,25127904489,0,0,391
12552,0,25129906476,25129906081,0,0,395
12553,0,25131910310,25131909931,0,0,379
12554,0,25133911415,25133911049,0,0,365
12555,0,25135913034,25135912651,0,0,382
12556,0,25137915757,25137915376,0,0,381
12557,0,25139917956,25139917578,0,0,377
12558,0,25141920026,25141919686,0,0,340
12559,0,25143922040,25143921681,0,0,359
12560,0,25145925441,25145925049,0,0,392
12561,0,25147928012,25147927643,0,0,368
12562,0,25149929231,25149928838,0,0,392
12563,0,25151930986,25151930596,0,0,389
12564,0,25153933206,25153932775,0,0,430
12565,0,25155935873,25155935476,0,0,396
12566,0,25157937883,25157937495,0,0,388
12567,0,25159940597,25159940204,0,0,393
12568,0,25161942379,25161941997,0,0,382
12569,0,25163944717,25163944337,0,0,379
12570,0,25165946858,25165946493,0,0,364
12571,0,25167949694,25167949315,0,0,379
12572,0,25169951612,25169951236,0,0,375
12573,0,25171953615,25171953222,0,0,393
12574,0,25173955667,25173955292,0,0,375
12575,0,25175957470,25175957088,0,0,382
12576,0,25177958757,25177958384,0,0,372
12577,0,25179962618,25179962242,0,0,376
12578,0,25181964124,25181963770,0,0,353
12579,0,25183966384,25183965985,0,0,399
12580,0,25185969110,25185968729,0,0,381
12581,0,25187971011,25187970597,0,0,414
12582,0,25189973208,25189972816,0,0,392
12583,0,25191975141,25191974750,0,0,390
12584,0,25193976371,25193975995,0,0,375
12585,0,25195979101,25195978720,0,0,381
12586,0,25197982031,25197981648,0,0,382
12587,0,25199984118,25199983719,0,0,399
12588,0,25201985429,25201985036,0,0,392
12589,0,25203989155,25203988760,0,0,394
12590,0,25205991551,25205991157,0,0,394
12591,0,25207993175,25207992782,0,0,393
12592,0,25209995891,25209995485,0,0,406
12593,0,25211999263,25211998861,0,0,402
12594,0,25214000959,25214000573,0,0,386
12595,0,25216003497,25216003096,0,0,401
12596,0,25218004492,25218004106,0,0,385
12597,0,25220006851,25220006432,0,0,419
12598,0,25222009355,25222008984,0,0,371
12599,0,25224011019,25224010637,0,0,382
12600,0,25226013121,25226012760,0,0,361
12601,0,25228015719,25228015352,0,0,366
12602,0,25230017622,25230017239,0,0,382
12603,0,25232020069,25232019657,0,0,412
12604,0,25234022652,25234022245,0,0,406
12605,0,25236024764,25236024357,0,0,407
12606,0,25238026928,25238026521,0,0,407
12607,0,25240028784,25240028376,0,0,407
12608,0,25242031161,25242030795,0,0,366
12609,0,25244033450,25244033073,0,0,377
12610,0,25246035512,25246035146,0,0,366
12611,0,25248039083,25248038718,0,0,364
12612,0,25250040977,25250040586,0,0,391
12613,0,25252042329,25252041930,0,0,399
12614,0,25254044402,25254044013,0,0,388
12615,0,25256046854,25256046456,0,0,397
12616,0,25258049766,25258049375,0,0,391
12617,0,25260052249,25260051860,0,0,389
12618,0,25262053149,25262052770,0,0,379
12619,0,25264055574,25264055157,0,0,416
12620,0,25266057931,25266057532,0,0,399
12621,0,25268059691,25268059289,0,0,402
12622,0,25270061384,25270060993,0,0,391
12623,0,25272064500,25272064105,0,0,395
12624,0,25274066725,25274066336,0,0,388
12625,0,25276068968,25276068585,0,0,382
12626,0,25278072201,25278071837,0,0,364
12627,0,25280073907,25280073520,0,0,387
12628,0,25282075655,25282075233,0,0,422
12629,0,25284078112,25284077725,0,0,386
12630,0,25286080152,25286079749,0,0,402
12631,0,25288081973,25288081575,0,0,397
12632,0,25290083283,25290082928,0,0,354
12633,0,25292086642,25292086243,0,0,398
12634,0,25294088685,25294088310,0,0,375
12635,0,25296091260,25296090879,0,0,380
12636,0,25298094831,25298094431,0,0,399
12637,0,25300096650,25300096264,0,0,386
12638,0,25302097525,25302097143,0,0,382
12639,0,25304100029,25304099634,0,0,395
12640,0,25306102503,25306102132,0,0,370
12641,0,25308104587,25308104194,0,0,393
12642,0,25310106941,25310106575,0,0,366
12643,0,25312111624,25312111234,0,0,390
12644,0,25314113477,25314113080,0,0,396
12645,0,25316113452,25316113038,0,0,414
12646,0,25318116210,25318115826,0,0,384
12647,0,25320117810,25320117428,0,0,382
12648,0,25322120346,25322119938,0,0,407
12649,0,25324121967,25324121570,0,0,397
12650,0,25326123740,25326123369,0,0,370
12651,0,25328126752,25328126348,0,0,404
12652,0,25330128742,25330128346,0,0,396
12653,0,25332131283,25332130903,0,0,379
12654,0,25334133247,25334132858,0,0,388
12655,0,25336135525,25336135132,0,0,393
12656,0,25338138148,25338137764,0,0,384
12657,0,25340140121,25340139723,0,0,397
12658,0,25342142666,25342142283,0,0,382
12659,0,25344144240,25344143832,0,0,407
12660,0,25346145864,25346145457,0,0,406
12661,0,25348149078,25348148681,0,0,396
12662,0,25350152319,25350151929,0,0,390
12663,0,25352153424,25352153040,0,0,384
12664,0,25354155964,25354155588,0,0,375
12665,0,25356158177,25356157794,0,0,382
12666,0,25358160712,25358160323,0,0,388
12667,0,25360162474,25360162090,0,0,383
12668,0,25362164894,25362164510,0,0,384
12669,0,25364166905,25364166548,0,0,357
12670,0,25366168893,25366168498,0,0,395
12671,0,25368171318,25368170917,0,0,400
12672,0,25370172555,25370172182,0,0,373
12673,0,25372176053,25372175682,0,0,370
12674,0,25374178004,25374177619,0,0,385
12675,0,25376180982,25376180598,0,0,384
12676,0,25378184492,25378184128,0,0,364
12677,0,25380185307,25380184939,0,0,368
12678,0,25382186261,25382185885,0,0,375
12679,0,25384189174,25384188806,0,0,367
12680,0,25386191800,25386191437,0,0,362
12681,0,25388195288,25388194923,0,0,364
12682,0,25390196820,25390196456,0,0,364
12683,0,25392198089,25392197722,0,0,366
12684,0,25394200258,25394199892,0,0,366
12685,0,25396203258,25396202885,0,0,373
12686,0,25398206652,25398206280,0,0,371
12687,0,25400207724,25400207361,0,0,362
12688,0,25402210298,25402209907,0,0,391
12689,0,25404212179,25404211791,0,0,387
12690,0,25406213989,25406213616,0,0,373
12691,0,25408215812,25408215426,0,0,386
12692,0,25410218336,25410217950,0,0,385
12693,0,25412221295,25412220912,0,0,382
12694,0,25414222910,25414222537,0,0,373
12695,0,25416224825,25416224434,0,0,391
12696,0,25418227190,25418226805,0,0,384
12697,0,25420229431,25420229045,0,0,385
12698,0,25422231896,25422231515,0,0,380
12699,0,25424234694,25424234274,0,0,419
12700,0,25426236234,25426235831,0,0,403
12701,0,25428238319,25428237932,0,0,387
12702,0,25430240665,25430240256,0,0,408
12703,0,25432242615,25432242210,0,0,405
12704,0,25434244860,25434244478,0,0,382
12705,0,25436247315,25436246912,0,0,403
12706,0,25438249442,25438249068,0,0,374
12707,0,25440252006,25440251617,0,0,388
12708,0,25442253644,25442253258,0,0,385
12709,0,25444255658,25444255252,0,0,405
12710,0,25446257979,25446257568,0,0,410
12711,0,25448260383,25448259980,0,0,402
12712,0,25450262550,25450262176,0,0,373
12713,0,25452264508,25452264114,0,0,393
12714,0,25454266813,25454266412,0,0,400
12715,0,25456268943,25456268539,0,0,403
12716,0,25458271095,25458270676,0,0,419
12717,0,25460274359,25460273959,0,0,399
12718,0,25462275469,25462275108,0,0,360
12719,0,25464277715,25464277319,0,0,396
12720,0,25466280124,25466279727,0,0,397
12721,0,25468283105,25468282725,0,0,379
12722,0,25470284929,25470284575,0,0,354
12723,0,25472286773,25472286406,0,0,366
12724,0,25474289041,25474288646,0,0,395
12725,0,25476291378,25476291002,0,0,376
12726,0,25478293703,25478293328,0,0,375
12727,0,25480295659,25480295260,0,0,399
12728,0,25482297723,25482297362,0,0,360
12729,0,25484300548,25484300150,0,0,397
12730,0,25486302571,25486302202,0,0,369
12731,0,25488304626,25488304245,0,0,381
12732,0,25490307355,25490306971,0,0,384
12733,0,25492309205,25492308808,0,0,396
12734,0,25494311530,25494311120,0,0,409
12735,0,25496314770,25496314368,0,0,402
12736,0,25498316057,25498315652,0,0,404
12737,0,25500318523,25500318132,0,0,391
12738,0,25502320065,25502319685,0,0,380
12739,0,25504323173,25504322799,0,0,373
12740,0,25506324512,25506324141,0,0,370
12741,0,25508327229,25508326823,0,0,406
12742,0,25510329139,25510328757,0,0,382
12743,0,25512332642,25512332256,0,0,386
12744,0,25514333641,25514333275,0,0,366
12745,0,25516336075,25516335694,0,0,381
12746,0,25518337712,25518337318,0,0,393
12747,0,25520339660,25520339242,0,0,417
12748,0,25522342452,25522342059,0,0,393
12749,0,25524344616,25524344201,0,0,415
12750,0,25526346671,25526346294,0,0,377
12751,0,25528348004,25528347614,0,0,389
12752,0,25530351496,25530351091,0,0,404
12753,0,25532354984,25532354613,0,0,370
12754,0,25534356424,25534356061,0,0,362
12755,0,25536358779,25536358379,0,0,399
12756,0,25538360466,25538360066,0,0,400
12757,0,25540362955,25540362527,0,0,427
12758,0,25542364747,25542364351,0,0,395
12759,0,25544366973,25544366566,0,0,407
12760,0,25546369109,25546368716,0,0,393
12761,0,25548371512,25548371134,0,0,377
12762,0,25550373802,25550373438,0,0,364
12763,0,25552375965,25552375573,0,0,392
12764,0,25554378256,25554377865,0,0,391
12765,0,25556381251,25556380852,0,0,399
12766,0,25558384114,25558383709,0,0,405
12767,0,25560384688,25560384287,0,0,400
12768,0,25562387069,25562386710,0,0,359
12769,0,25564389270,25564388871,0,0,399
12770,0,25566391833,25566391466,0,0,367
12771,0,25568394322,25568393935,0,0,386
12772,0,25570397154,25570396761,0,0,392
12773,0,25572398443,25572398061,0,0,382
12774,0,25574400710,25574400330,0,0,379
12775,0,25576403025,25576402617,0,0,407
12776,0,25578404656,25578404282,0,0,374
12777,0,25580407015,25580406620,0,0,395
12778,0,25582409342,25582408939,0,0,402
12779,0,25584411453,25584411048,0,0,405
12780,0,25586413759,25586413352,0,0,406
12781,0,25588416190,25588415776,0,0,413
12782,0,25590418483,25590418108,0,0,375
12783,0,25592420075,25592419680,0,0,394
12784,0,25594421926,25594421552,0,0,373
12785,0,25596425154,25596424749,0,0,404
12786,0,25598427561,25598427178,0,0,382
12787,0,25600428664,25600428230,0,0,433
12788,0,25602430484,25602430074,0,0,409
12789,0,25604434062,25604433660,0,0,402
12790,0,25606437234,25606436833,0,0,400
12791,0,25608438260,25608437844,0,0,416
12792,0,25610440523,25610440132,0,0,391
12793,0,25612443907,25612443516,0,0,391
12794,0,25614445696,25614445311,0,0,384
12795,0,25616447312,25616446896,0,0,415
12796,0,25618449940,25618449494,0,0,446
12797,0,25620451570,25620451164,0,0,405
12798,0,25622453025,25622452629,0,0,396
12799,0,25624455761,25624455375,0,0,386
12800,0,25626456886,25626456474,0,0,411
12801,0,25628459482,25628459101,0,0,381
12802,0,25630463237,25630462852,0,0,384
12803,0,25632465511,25632465098,0,0,412
12804,0,25634467121,25634466720,0,0,401
12805,0,25636468775,25636468370,0,0,404
12806,0,25638470573,25638470159,0,0,414
12807,0,25640473653,25640473251,0,0,402
12808,0,25642476020,25642475637,0,0,382
12809,0,25644478314,25644477924,0,0,390
12810,0,25646480122,25646479731,0,0,391
12811,0,25648482510,25648482105,0,0,405
12812,0,25650484885,25650484519,0,0,366
12813,0,25652487151,25652486750,0,0,400
12814,0,25654489518,25654489145,0,0,373
12815,0,25656491134,25656490749,0,0,384
12816,0,25658494245,25658493838,0,0,407
12817,0,25660497051,25660496664,0,0,387
12818,0,25662498722,25662498349,0,0,373
12819,0,25664500663,25664500288,0,0,375
12820,0,25666502837,25666502482,0,0,355
12821,0,25668504710,25668504337,0,0,373
12822,0,25670506977,25670506584,0,0,392
12823,0,25672509508,25672509123,0,0,385
12824,0,25674511305,25674510946,0,0,359
12825,0,25676513479,25676513070,0,0,408
12826,0,25678515109,25678514712,0,0,397
12827,0,25680518887,25680518515,0,0,371
12828,0,25682519785,25682519429,0,0,355
12829,0,25684522673,25684522267,0,0,405
12830,0,25686525019,25686524634,0,0,384
12831,0,25688527306,25688526911,0,0,395
12832,0,25690529731,25690529348,0,0,383
12833,0,25692531968,25692531584,0,0,384
12834,0,25694534448,25694534083,0,0,365
12835,0,25696536180,25696535798,0,0,382
12836,0,25698538449,25698538080,0,0,368
12837,0,25700540250,25700539858,0,0,392
12838,0,25702542002,25702541613,0,0,389
12839,0,25704545023,25704544620,0,0,402
12840,0,25706547223,25706546857,0,0,366
12841,0,25708549131,25708548751,0,0,379
12842,0,25710551505,25710551132,0,0,372
12843,0,25712554545,25712554152,0,0,392
12844,0,25714554856,25714554450,0,0,405
12845,0,25716559478,25716559111,0,0,367
12846,0,25718560541,25718560154,0,0,386
12847,0,25720562433,25720562051,0,0,382
12848,0,25722564557,25722564177,0,0,379
12849,0,25724567372,25724566966,0,0,405
12850,0,25726569966,25726569620,0,0,345
12851,0,25728571762,25728571375,0,0,387
12852,0,25730573922,25730573541,0,0,380
12853,0,25732576150,25732575763,0,0,387
12854,0,25734578314,25734577928,0,0,386
12855,0,25736580627,25736580232,0,0,395
12856,0,25738582864,25738582488,0,0,375
12857,0,25740585076,25740584703,0,0,373
12858,0,25742587271,25742586916,0,0,354
12859,0,25744589367,25744588968,0,0,399
12860,0,25746591907,25746591534,0,0,373
12861,0,25748593743,25748593355,0,0,388
12862,0,25750596269,25750595876,0,0,392
12863,0,25752599118,25752598728,0,0,390
12864,0,25754600904,25754600527,0,0,377
12865,0,25756603107,25756602711,0,0,396
12866,0,25758605026,25758604681,0,0,344
12867,0,25760607964,25760607581,0,0,382
12868,0,25762609204,25762608815,0,0,389
12869,0,25764611793,25764611397,0,0,395
12870,0,25766613713,25766613342,0,0,370
12871,0,25768616730,25768616327,0,0,402
12872,0,25770618552,25770618190,0,0,362
12873,0,25772621029,25772620649,0,0,379
12874,0,25774623429,25774623058,0,0,371
12875,0,25776625892,25776625498,0,0,393
12876,0,25778627317,25778626934,0,0,382
12877,0,25780629844,25780629453,0,0,391
12878,0,25782631687,25782631303,0,0,384
12879,0,25784633599,25784633197,0,0,401
12880,0,25786635102,25786634726,0,0,375
12881,0,25788640467,25788640071,0,0,396
12882,0,25790641927,25790641546,0,0,380
12883,0,25792642535,25792642137,0,0,398
12884,0,25794644264,25794643853,0,0,410
12885,0,25796647202,25796646802,0,0,400
12886,0,25798649244,25798648851,0,0,393
12887,0,25800652091,25800651677,0,0,413
12888,0,25802653988,25802653638,0,0,350
12889,0,25804656062,25804655680,0,0,381
12890,0,25806657694,25806657330,0,0,364
12891,0,25808660860,25808660484,0,0,376
12892,0,25810663509,25810663137,0,0,372
12893,0,25812667010,25812666607,0,0,402
12894,0,25814667388,25814666994,0,0,393
12895,0,25816669837,25816669441,0,0,395
12896,0,25818671816,25818671464,0,0,352
12897,0,25820674267,25820673869,0,0,397
12898,0,25822676278,25822675913,0,0,365
12899,0,25824680824,25824680425,0,0,399
12900,0,25826681859,25826681503,0,0,355
12901,0,25828683215,25828682826,0,0,388
12902,0,25830685187,25830684809,0,0,377
12903,0,25832687958,25832687548,0,0,409
12904,0,25834689511,25834689116,0,0,395
12905,0,25836692243,25836691872,0,0,370
12906,0,25838694098,25838693689,0,0,408
12907,0,25840696584,25840696188,0,0,395
12908,0,25842698422,25842698034,0,0,388
12909,0,25844701058,25844700683,0,0,374
12910,0,25846702952,25846702584,0,0,368
12911,0,25848704876,25848704503,0,0,372
12912,0,25850707530,25850707137,0,0,393
12913,0,25852709742,25852709373,0,0,368
12914,0,25854712103,25854711718,0,0,385
12915,0,25856713623,25856713238,0,0,385
12916,0,25858715127,25858714728,0,0,399
12917,0,25860718356,25860717970,0,0,385
12918,0,25862720713,25862720305,0,0,407
12919,0,25864722710,25864722301,0,0,408
12920,0,25866723941,25866723571,0,0,369
12921,0,25868727764,25868727368,0,0,396
12922,0,25870729971,25870729604,0,0,367
12923,0,25872732061,25872731667,0,0,393
12924,0,25874734560,25874734165,0,0,395
12925,0,25876736352,25876735964,0,0,388
12926,0,25878738430,25878738027,0,0,402
12927,0,25880741102,25880740696,0,0,405
12928,0,25882742457,25882742104,0,0,352
12929,0,25884744782,25884744400,0,0,382
12930,0,25886747480,25886747091,0,0,388
12931,0,25888749999,25888749611,0,0,387
12932,0,25890751954,25890751591,0,0,362
12933,0,25892754078,25892753695,0,0,382
12934,0,25894756673,25894756286,0,0,386
12935,0,25896758923,25896758510,0,0,413
12936,0,25898761978,25898761613,0,0,365
12937,0,25900762720,25900762319,0,0,400
12938,0,25902765291,25902764876,0,0,414
12939,0,25904767064,25904766657,0,0,406
12940,0,25906768761,25906768370,0,0,391
12941,0,25908771601,25908771193,0,0,407
12942,0,25910772883,25910772501,0,0,382
12943,0,25912777944,25912777538,0,0,406
12944,0,25914779620,25914779243,0,0,376
12945,0,25916781914,25916781523,0,0,391
12946,0,25918783865,25918783478,0,0,386
12947,0,25920786732,25920786345,0,0,387
12948,0,25922787483,25922787112,0,0,371
12949,0,25924789757,25924789377,0,0,380
12950,0,25926791948,25926791570,0,0,377
12951,0,25928793993,25928793601,0,0,392
12952,0,25930796136,25930795777,0,0,359
12953,0,25932798424,25932798052,0,0,371
12954,0,25934800678,25934800312,0,0,366
12955,0,25936802912,25936802521,0,0,391
12956,0,25938805412,25938805030,0,0,382
12957,0,25940807330,25940806950,0,0,380
12958,0,25942808932,25942808540,0,0,392
12959,0,25944811935,25944811550,0,0,384
12960,0,25946814047,25946813642,0,0,404
12961,0,25948817000,25948816619,0,0,381
12962,0,25950818920,25950818528,0,0,391
12963,0,25952820690,25952820296,0,0,393
12964,0,25954823261,25954822919,0,0,341
12965,0,25956825231,25956824825,0,0,406
12966,0,25958827186,25958826815,0,0,371
12967,0,25960829587,25960829182,0,0,405
12968,0,25962832322,25962831957,0,0,364
12969,0,25964834606,25964834222,0,0,384
12970,0,25966836179,25966835794,0,0,385
12971,0,25968838862,25968838468,0,0,394
12972,0,25970840781,25970840405,0,0,375
12973,0,25972844755,25972844404,0,0,350
12974,0,25974846015,25974845633,0,0,382
12975,0,25976847373,25976846967,0,0,406
12976,0,25978850003,25978849619,0,0,384
12977,0,25980852013,25980851606,0,0,406
12978,0,25982854531,25982854166,0,0,364
12979,0,25984856343,25984855931,0,0,412
12980,0,25986858790,25986858408,0,0,382
12981,0,25988861041,25988860651,0,0,390
12982,0,25990862694,25990862314,0,0,379
12983,0,25992864471,25992864069,0,0,402
12984,0,25994867533,25994867142,0,0,391
12985,0,25996869888,25996869496,0,0,391
12986,0,25998871775,25998871420,0,0,355
12987,0,26000874519,26000874114,0,0,404
12988,0,26002876581,26002876176,0,0,404
12989,0,26004878887,26004878490,0,0,396
12990,0,26006881251,26006880872,0,0,379
12991,0,26008884225,26008883822,0,0,403
12992,0,26010885734,26010885377,0,0,357
12993,0,26012889076,26012888709,0,0,367
12994,0,26014889611,26014889271,0,0,339
12995,0,26016892734,26016892334,0,0,399
12996,0,26018895330,26018894943,0,0,386
12997,0,26020896493,26020896102,0,0,391
12998,0,26022898356,26022897974,0,0,382
12999,0,26024900876,26024900486,0,0,390
13000,0,26026903278,26026902923,0,0,354
13001,0,26028905504,26028905111,0,0,393
13002,0,26030907621,26030907224,0,0,396
13003,0,26032910442,26032910036,0,0,405
13004,0,26034912510,26034912110,0,0,399
13005,0,26036914502,26036914098,0,0,404
13006,0,26038916287,26038915905,0,0,382
13007,0,26040918766,26040918370,0,0,395
13008,0,26042920559,26042920167,0,0,392
13009,0,26044923206,26044922826,0,0,379
13010,0,26046925170,26046924809,0,0,361
13011,0,26048928168,26048927770,0,0,397
13012,0,26050929813,26050929460,0,0,352
13013,0,26052931915,26052931544,0,0,370
13014,0,26054933937,26054933554,0,0,383
13015,0,26056936523,26056936137,0,0,386
13016,0,26058938518,26058938150,0,0,367
13017,0,26060941153,26060940757,0,0,395
13018,0,26062943428,26062943047,0,0,381
13019,0,26064945620,26064945213,0,0,407
13020,0,26066947988,26066947604,0,0,384
13021,0,26068950311,26068949932,0,0,379
13022,0,26070952262,26070951869,0,0,393
13023,0,26072955031,26072954643,0,0,387
13024,0,26074956745,26074956368,0,0,376
13025,0,26076958912,26076958512,0,0,399
13026,0,26078960832,26078960481,0,0,350
13027,0,26080964700,26080964299,0,0,400
13028,0,26082965190,26082964819,0,0,370
13029,0,26084967723,26084967336,0,0,387
13030,0,26086969883,26086969478,0,0,404
13031,0,26088972043,26088971677,0,0,366
13032,0,26090974055,26090973716,0,0,339
13033,0,26092976265,26092975890,0,0,375
13034,0,26094978743,26094978370,0,0,373
13035,0,26096980900,26096980499,0,0,400
13036,0,26098982793,26098982404,0,0,389
13037,0,26100985087,26100984696,0,0,391
13038,0,26102986579,26102986227,0,0,352
13039,0,26104989647,26104989250,0,0,396
13040,0,26106992242,26106991865,0,0,376
13041,0,26108994230,26108993848,0,0,382
13042,0,26110996427,26110996070,0,0,357
13043,0,26112999888,26112999481,0,0,406
13044,0,26115000575,26115000200,0,0,375
13045,0,26117003403,26117003022,0,0,380
13046,0,26119005457,26119005071,0,0,386
13047,0,26121007473,26121007089,0,0,383
13048,0,26123009597,26123009235,0,0,361
13049,0,26125012029,26125011654,0,0,374
13050,0,26127014693,26127014344,0,0,348
13051,0,26129016337,26129015958,0,0,379
13052,0,26131019444,26131019070,0,0,374
13053,0,26133021737,26133021373,0,0,364
13054,0,26135023582,26135023201,0,0,380
13055,0,26137025518,26137025123,0,0,395
13056,0,26139027568,26139027213,0,0,355
13057,0,26141029912,26141029554,0,0,357
13058,0,26143031795,26143031445,0,0,349
13059,0,26145034188,26145033788,0,0,399
13060,0,26147036639,26147036284,0,0,355
13061,0,26149038945,26149038571,0,0,373
13062,0,26151041134,26151040762,0,0,372
13063,0,26153044230,26153043834,0,0,395
13064,0,26155047115,26155046763,0,0,352
13065,0,26157047846,26157047482,0,0,364
13066,0,26159050240,26159049851,0,0,389
13067,0,26161051821,26161051443,0,0,377
13068,0,26163052993,26163052633,0,0,360
13069,0,26165056451,26165056071,0,0,380
13070,0,26167058551,26167058211,0,0,339
13071,0,26169061183,26169060806,0,0,376
13072,0,26171064465,26171064089,0,0,375
13073,0,26173066880,26173066519,0,0,360
13074,0,26175068386,26175068021,0,0,364
13075,0,26177071013,26177070630,0,0,382
13076,0,26179072200,26179071813,0,0,387
13077,0,26181074212,26181073824,0,0,387
13078,0,26183076669,26183076293,0,0,375
13079,0,26185079869,26185079478,0,0,391
13080,0,26187082030,26187081661,0,0,368
13081,0,26189083422,26189083049,0,0,373
13082,0,26191086657,26191086301,0,0,356
13083,0,26193087980,26193087608,0,0,372
13084,0,26195090426,26195090056,0,0,370
13085,0,26197092342,26197091973,0,0,369
13086,0,26199094616,26199094237,0,0,379
13087,0,26201096498,26201096108,0,0,389
13088,0,26203099240,26203098849,0,0,391
13089,0,26205101093,26205100712,0,0,381
13090,0,26207103779,26207103395,0,0,384
13091,0,26209105178,26209104773,0,0,405
13092,0,26211106383,26211106005,0,0,377
13093,0,26213109899,26213109516,0,0,383
13094,0,26215112065,26215111680,0,0,385
13095,0,26217115070,26217114667,0,0,403
13096,0,26219117115,26219116728,0,0,386
13097,0,26221118896,26221118525,0,0,370
13098,0,26223121171,26223120784,0,0,387
13099,0,26225124121,26225123711,0,0,410
13100,0,26227126408,26227125988,0,0,419
13101,0,26229127919,26229127503,0,0,416
13102,0,26231130100,26231129729,0,0,370
13103,0,26233132667,26233132240,0,0,426
13104,0,26235134281,26235133892,0,0,389
13105,0,26237136907,26237136525,0,0,382
13106,0,26239139114,26239138710,0,0,404
13107,0,26241141148,26241140748,0,0,400
13108,0,26243142837,26243142462,0,0,375
13109,0,26245145040,26245144640,0,0,400
13110,0,26247147791,26247147391,0,0,400
13111,0,26249149399,26249148982,0,0,416
13112,0,26251151071,26251150670,0,0,401
13113,0,26253154813,26253154411,0,0,402
13114,0,26255156682,26255156319,0,0,362
13115,0,26257158471,26257158044,0,0,427
13116,0,26259160307,26259159911,0,0,396
13117,0,26261163337,26261162914,0,0,422
13118,0,26263166213,26263165804,0,0,408
13119,0,26265169614,26265169230,0,0,384
13120,0,26267170062,26267169658,0,0,404
13121,0,26269172692,26269172296,0,0,395
13122,0,26271174651,26271174277,0,0,373
13123,0,26273177804,26273177390,0,0,413
13124,0,26275179537,26275179155,0,0,381
13125,0,26277180011,26277179593,0,0,417
13126,0,26279183475,26279183074,0,0,401
13127,0,26281185669,26281185246,0,0,422
13128,0,26283188363,26283187984,0,0,379
13129,0,26285190164,26285189777,0,0,387
13130,0,26287192220,26287191836,0,0,384
13131,0,26289194295,26289193889,0,0,406
13132,0,26291196689,26291196319,0,0,370
13133,0,26293198813,26293198411,0,0,402
13134,0,26295201016,26295200611,0,0,404
13135,0,26297203714,26297203321,0,0,393
13136,0,26299205132,26299204732,0,0,399
13137,0,26301207496,26301207114,0,0,382
13138,0,26303209030,26303208683,0,0,347
13139,0,26305212137,26305211718,0,0,419
13140,0,26307214879,26307214494,0,0,385
13141,0,26309216635,26309216235,0,0,400
13142,0,26311219155,26311218747,0,0,408
13143,0,26313222344,26313221921,0,0,423
13144,0,26315223631,26315223262,0,0,369
13145,0,26317225627,26317225224,0,0,403
13146,0,26319228060,26319227690,0,0,369
13147,0,26321230126,26321229724,0,0,402
13148,0,26323233050,26323232671,0,0,379
13149,0,26325235415,26325235044,0,0,370
13150,0,26327236766,26327236386,0,0,379
13151,0,26329238776,26329238377,0,0,399
13152,0,26331240411,26331240030,0,0,381
13153,0,26333243037,26333242674,0,0,362
13154,0,26335244357,26335243982,0,0,375
13155,0,26337249962,26337249561,0,0,400
13156,0,26339251114,26339250735,0,0,379
13157,0,26341252464,26341252083,0,0,380
13158,0,26343254688,26343254303,0,0,384
13159,0,26345256642,26345256232,0,0,409
13160,0,26347259267,26347258878,0,0,389
13161,0,26349261471,26349261070,0,0,401
13162,0,26351263234,26351262859,0,0,375
13163,0,26353265591,26353265188,0,0,402
13164,0,26355267901,26355267536,0,0,365
13165,0,26357270217,26357269817,0,0,400
13166,0,26359272465,26359272073,0,0,392
13167,0,26361274195,26361273787,0,0,407
13168,0,26363275746,26363275377,0,0,368
13169,0,26365278669,26365278296,0,0,373
13170,0,26367280353,26367279996,0,0,357
13171,0,26369283434,26369283043,0,0,391
13172,0,26371285762,26371285376,0,0,386
13173,0,26373288555,26373288183,0,0,371
13174,0,26375289224,26375288844,0,0,379
13175,0,26377292632,26377292241,0,0,391
13176,0,26379294744,26379294384,0,0,360
13177,0,26381296914,26381296529,0,0,385
13178,0,26383299258,26383298885,0,0,372
13179,0,26385300801,26385300398,0,0,402
13180,0,26387302929,26387302546,0,0,382
13181,0,26389305649,26389305262,0,0,387
13182,0,26391308101,26391307730,0,0,370
13183,0,26393309462,26393309078,0,0,384
13184,0,26395311213,26395310849,0,0,364
13185,0,26397314337,26397313936,0,0,400
13186,0,26399316637,26399316258,0,0,379
13187,0,26401318797,26401318418,0,0,379
13188,0,26403319996,26403319639,0,0,357
13189,0,26405322984,26405322602,0,0,381
13190,0,26407324611,26407324236,0,0,374
13191,0,26409328730,26409328357,0,0,373
13192,0,26411330323,26411329975,0,0,348
13193,0,26413333391,26413333005,0,0,385
13194,0,26415334700,26415334323,0,0,377
13195,0,26417336555,26417336158,0,0,396
13196,0,26419338993,26419338637,0,0,355
13197,0,26421341793,26421341411,0,0,381
13198,0,26423343733,26423343350,0,0,383
13199,0,26425345191,26425344782,0,0,408
13200,0,26427347804,26427347407,0,0,397
13201,0,26429351468,26429351089,0,0,379
13202,0,26431352492,26431352125,0,0,367
13203,0,26433354680,26433354301,0,0,379
13204,0,26435356808,26435356411,0,0,397
13205,0,26437359165,26437358779,0,0,386
13206,0,26439361302,26439360937,0,0,365
13207,0,26441363541,26441363158,0,0,382
13208,0,26443365598,26443365224,0,0,374
13209,0,26445368059,26445367678,0,0,380
13210,0,26447371981,26447371624,0,0,356
13211,0,26449373216,26449372829,0,0,386
13212,0,26451375679,26451375315,0,0,364
13213,0,26453378537,26453378145,0,0,392
13214,0,26455379296,26455378904,0,0,392
13215,0,26457381701,26457381292,0,0,408
13216,0,26459383962,26459383559,0,0,402
13217,0,26461386705,26461386311,0,0,393
13218,0,26463389105,26463388716,0,0,388
13219,0,26465389986,26465389595,0,0,391
13220,0,26467392950,26467392542,0,0,407
13221,0,26469394874,26469394474,0,0,400
13222,0,26471397264,26471396880,0,0,384
13223,0,26473399017,26473398604,0,0,413
13224,0,26475401331,26475400946,0,0,385
13225,0,26477403408,26477403002,0,0,406
13226,0,26479405505,26479405104,0,0,401
13227,0,26481408049,26481407644,0,0,404
13228,0,26483411224,26483410846,0,0,378
13229,0,26485412389,26485411990,0,0,399
13230,0,26487414410,26487414023,0,0,386
13231,0,26489417119,26489416707,0,0,411
13232,0,26491419757,26491419348,0,0,408
13233,0,26493422568,26493422155,0,0,413
13234,0,26495423775,26495423379,0,0,396
13235,0,26497426125,26497425706,0,0,419
13236,0,26499427796,26499427435,0,0,360
13237,0,26501430665,26501430255,0,0,409
13238,0,26503432582,26503432169,0,0,412
13239,0,26505434780,26505434369,0,0,411
13240,0,26507436996,26507436635,0,0,361
13241,0,26509439168,26509438797,0,0,370
13242,0,26511441393,26511441012,0,0,380
13243,0,26513445160,26513444750,0,0,410
13244,0,26515446822,26515446424,0,0,398
13245,0,26517449410,26517449010,0,0,400
13246,0,26519451539,26519451122,0,0,417
13247,0,26521452202,26521451806,0,0,395
13248,0,26523453849,26523453485,0,0,364
13249,0,26525456984,26525456591,0,0,392
13250,0,26527458986,26527458602,0,0,384
13251,0,26529462406,26529461990,0,0,415
13252,0,26531464594,26531464213,0,0,380
13253,0,26533465768,26533465384,0,0,384
13254,0,26535467400,26535467000,0,0,400
13255,0,26537468932,26537468522,0,0,410
13256,0,26539471986,26539471631,0,0,354
13257,0,26541474925,26541474533,0,0,392
13258,0,26543476669,26543476264,0,0,404
13259,0,26545479266,26545478845,0,0,420
13260,0,26547481330,26547480947,0,0,382
13261,0,26549483514,26549483133,0,0,380
13262,0,26551485761,26551485386,0,0,375
13263,0,26553487921,26553487510,0,0,411
13264,0,26555489915,26555489525,0,0,390
13265,0,26557492706,26557492294,0,0,412
13266,0,26559494975,26559494627,0,0,347
13267,0,26561497239,26561496824,0,0,415
13268,0,26563499130,26563498741,0,0,388
13269,0,26565501348,26565500948,0,0,399
13270,0,26567504022,26567503611,0,0,410
13271,0,26569505901,26569505496,0,0,404
13272,0,26571507741,26571507343,0,0,397
13273,0,26573510986,26573510584,0,0,401
13274,0,26575512981,26575512609,0,0,371
13275,0,26577514743,26577514334,0,0,409
13276,0,26579517516,26579517110,0,0,405
13277,0,26581519804,26581519391,0,0,412
13278,0,26583521408,26583520997,0,0,411
13279,0,26585523546,26585523129,0,0,417
13280,0,26587525648,26587525253,0,0,395
13281,0,26589528037,26589527672,0,0,364
13282,0,26591530119,26591529771,0,0,347
13283,0,26593533079,26593532707,0,0,371
13284,0,26595534641,26595534292,0,0,349
13285,0,26597537015,26597536644,0,0,370
13286,0,26599538999,26599538618,0,0,380
13287,0,26601541741,26601541343,0,0,398
13288,0,26603543685,26603543292,0,0,393
13289,0,26605546481,26605546095,0,0,386
13290,0,26607548368,26607547985,0,0,382
13291,0,26609550536,26609550161,0,0,375
13292,0,26611552453,26611552078,0,0,374
13293,0,26613556393,26613556014,0,0,378
13294,0,26615556873,26615556494,0,0,379
13295,0,26617559199,26617558801,0,0,397
13296,0,26619561880,26619561498,0,0,382
13297,0,26621563602,26621563217,0,0,385
13298,0,26623566298,26623565923,0,0,375
13299,0,26625567894,26625567494,0,0,399
13300,0,26627570305,26627569932,0,0,373
13301,0,26629573296,26629572903,0,0,393
13302,0,26631573831,26631573448,0,0,382
13303,0,26633577135,26633576741,0,0,394
13304,0,26635579164,26635578789,0,0,374
13305,0,26637581802,26637581402,0,0,400
13306,0,26639584627,26639584236,0,0,391
13307,0,26641587173,26641586770,0,0,402
13308,0,26643588410,26643588007,0,0,402
13309,0,26645590407,26645590031,0,0,376
13310,0,26647592856,26647592449,0,0,406
13311,0,26649594655,26649594279,0,0,375
13312,0,26651595652,26651595274,0,0,378
13313,0,26653598399,26653598018,0,0,380
13314,0,26655601218,26655600836,0,0,382
13315,0,26657604165,26657603777,0,0,387
13316,0,26659606087,26659605685,0,0,402
13317,0,26661608456,26661608065,0,0,390
13318,0,26663610967,26663610606,0,0,361
13319,0,26665614838,26665614441,0,0,396
13320,0,26667614853,26667614497,0,0,356
13321,0,26669616670,26669616289,0,0,380
13322,0,26671618031,26671617666,0,0,365
13323,0,26673621579,26673621180,0,0,398
13324,0,26675623797,26675623439,0,0,357
13325,0,26677626366,26677625992,0,0,373
13326,0,26679628296,26679627943,0,0,352
13327,0,26681630276,26681629883,0,0,392
13328,0,26683633561,26683633184,0,0,377
13329,0,26685635804,26685635449,0,0,355
13330,0,26687637152,26687636797,0,0,355
13331,0,26689639200,26689638790,0,0,409
13332,0,26691641261,26691640892,0,0,368
13333,0,26693643306,26693642928,0,0,377
13334,0,26695644999,26695644630,0,0,368
13335,0,26697648076,26697647687,0,0,389
13336,0,26699650491,26699650130,0,0,360
13337,0,26701653489,26701653123,0,0,365
13338,0,26703655295,26703654930,0,0,365
13339,0,26705657254,26705656875,0,0,379
13340,0,26707659498,26707659170,0,0,328
13341,0,26709661294,26709660930,0,0,363
13342,0,26711663703,26711663338,0,0,364
13343,0,26713667058,26713666689,0,0,368
13344,0,26715666999,26715666633,0,0,366
13345,0,26717670569,26717670187,0,0,382
13346,0,26719672620,26719672247,0,0,373
13347,0,26721674905,26721674511,0,0,394
13348,0,26723677172,26723676782,0,0,389
13349,0,26725679141,26725678724,0,0,416
13350,0,26727680454,26727680033,0,0,420
13351,0,26729683943,26729683532,0,0,410
13352,0,26731686005,26731685622,0,0,383
13353,0,26733688875,26733688485,0,0,390
13354,0,26735690626,26735690203,0,0,422
13355,0,26737692800,26737692367,0,0,433
13356,0,26739696437,26739696020,0,0,417
13357,0,26741697320,26741696897,0,0,422
13358,0,26743699151,26743698762,0,0,388
13359,0,26745701879,26745701448,0,0,431
13360,0,26747704394,26747704011,0,0,382
13361,0,26749706568,26749706172,0,0,395
13362,0,26751708501,26751708121,0,0,379
13363,0,26753710371,26753709952,0,0,419
13364,0,26755712588,26755712192,0,0,396
13365,0,26757715362,26757714955,0,0,406
13366,0,26759717292,26759716875,0,0,417
13367,0,26761719410,26761719009,0,0,400
13368,0,26763721574,26763721173,0,0,400
13369,0,26765723870,26765723489,0,0,380
13370,0,26767726165,26767725804,0,0,361
13371,0,26769728522,26769728120,0,0,402
13372,0,26771731148,26771730748,0,0,399
13373,0,26773733689,26773733278,0,0,411
13374,0,26775736134,26775735724,0,0,409
13375,0,26777736982,26777736581,0,0,400
13376,0,26779739240,26779738865,0,0,375
13377,0,26781741403,26781740997,0,0,406
13378,0,26783742878,26783742503,0,0,375
13379,0,26785747026,26785746599,0,0,426
13380,0,26787749379,26787748968,0,0,411
13381,0,26789750471,26789750060,0,0,411
13382,0,26791752649,26791752243,0,0,405
13383,0,26793754656,26793754247,0,0,408
13384,0,26795756314,26795755928,0,0,386
13385,0,26797759506,26797759120,0,0,386
13386,0,26799762222,26799761838,0,0,384
13387,0,26801763501,26801763105,0,0,395
13388,0,26803764946,26803764584,0,0,361
13389,0,26805768152,26805767763,0,0,389
13390,0,26807770507,26807770096,0,0,411
13391,0,26809772501,26809772103,0,0,398
13392,0,26811775184,26811774802,0,0,382
13393,0,26813778426,26813778006,0,0,419
13394,0,26815779564,26815779179,0,0,384
13395,0,26817781795,26817781414,0,0,380
13396,0,26819783632,26819783237,0,0,395
13397,0,26821786143,26821785736,0,0,406
13398,0,26823788320,26823787896,0,0,424
13399,0,26825790344,26825789953,0,0,391
13400,0,26827792691,26827792320,0,0,370
13401,0,26829794952,26829794548,0,0,403
13402,0,26831797520,26831797136,0,0,384
13403,0,26833799942,26833799546,0,0,395
13404,0,26835802094,26835801739,0,0,355
13405,0,26837803970,26837803570,0,0,400
13406,0,26839806096,26839805714,0,0,382
13407,0,26841808487,26841808085,0,0,402
13408,0,26843810662,26843810321,0,0,341
13409,0,26845812747,26845812373,0,0,374
13410,0,26847815799,26847815433,0,0,365
13411,0,26849818110,26849817724,0,0,386
13412,0,26851820650,26851820276,0,0,373
13413,0,26853821804,26853821424,0,0,380
13414,0,26855824226,26855823844,0,0,381
13415,0,26857826285,26857825902,0,0,382
13416,0,26859828359,26859827984,0,0,375
13417,0,26861830551,26861830180,0,0,370
13418,0,26863832589,26863832217,0,0,372
13419,0,26865834763,26865834401,0,0,361
13420,0,26867836848,26867836493,0,0,355
13421,0,26869839364,26869838983,0,0,381
13422,0,26871841089,26871840727,0,0,362
13423,0,26873843836,26873843455,0,0,381
13424,0,26875846548,26875846177,0,0,370
13425,0,26877848915,26877848542,0,0,373
13426,0,26879850691,26879850288,0,0,402
13427,0,26881853146,26881852772,0,0,374
13428,0,26883854855,26883854479,0,0,375
13429,0,26885857334,26885856943,0,0,391
13430,0,26887859415,26887859042,0,0,372
13431,0,26889861865,26889861473,0,0,392
13432,0,26891863764,26891863379,0,0,384
13433,0,26893866227,26893865821,0,0,406
13434,0,26895869358,26895869002,0,0,356
13435,0,26897871566,26897871170,0,0,396
13436,0,26899873013,26899872648,0,0,365
13437,0,26901874674,26901874287,0,0,387
13438,0,26903876186,26903875786,0,0,399
13439,0,26905879874,26905879480,0,0,393
13440,0,26907881991,26907881634,0,0,356
13441,0,26909884841,26909884440,0,0,400
13442,0,26911887101,26911886735,0,0,365
13443,0,26913889867,26913889498,0,0,368
13444,0,26915890824,26915890458,0,0,365
13445,0,26917893029,26917892635,0,0,394
13446,0,26919895467,26919895082,0,0,384
13447,0,26921898875,26921898488,0,0,386
13448,0,26923899486,26923899124,0,0,361
13449,0,26925901510,26925901125,0,0,384
13450,0,26927903132,26927902737,0,0,395
13451,0,26929906203,26929905822,0,0,381
13452,0,26931908596,26931908223,0,0,373
13453,0,26933911008,26933910604,0,0,404
13454,0,26935913611,26935913235,0,0,376
13455,0,26937915130,26937914744,0,0,385
13456,0,26939918048,26939917667,0,0,380
13457,0,26941920314,26941919915,0,0,398
13458,0,26943921979,26943921610,0,0,369
13459,0,26945924451,26945924083,0,0,368
13460,0,26947926434,26947926090,0,0,343
13461,0,26949928586,26949928193,0,0,393
13462,0,26951930830,26951930467,0,0,362
13463,0,26953932546,26953932183,0,0,362
13464,0,26955934006,26955933662,0,0,343
13465,0,26957938730,26957938375,0,0,354
13466,0,26959939610,26959939263,0,0,346
13467,0,26961942327,26961941945,0,0,382
13468,0,26963944558,26963944170,0,0,387
13469,0,26965946279,26965945876,0,0,403
13470,0,26967948912,26967948509,0,0,403
13471,0,26969950456,26969950067,0,0,388
13472,0,26971953004,26971952614,0,0,389
13473,0,26973955770,26973955362,0,0,407
13474,0,26975957105,26975956714,0,0,391
13475,0,26977959313,26977958905,0,0,407
13476,0,26979960699,26979960307,0,0,392
13477,0,26981963940,26981963526,0,0,413
13478,0,26983966640,26983966202,0,0,437
13479,0,26985968334,26985967914,0,0,419
13480,0,26987970525,26987970160,0,0,365
13481,0,26989973368,26989972965,0,0,403
13482,0,26991975296,26991974878,0,0,417
13483,0,26993977892,26993977484,0,0,408
13484,0,26995978199,26995977809,0,0,389
13485,0,26997980947,26997980528,0,0,419
13486,0,26999984034,26999983617,0,0,416
13487,0,27001986258,27001985863,0,0,395
13488,0,27003988882,27003988485,0,0,396
13489,0,27005990563,27005990151,0,0,411
13490,0,27007993208,27007992821,0,0,387
13491,0,27009994923,27009994539,0,0,384
13492,0,27011996004,27011995632,0,0,372
13493,0,27014000092,27013999681,0,0,410
13494,0,27016002157,27016001742,0,0,414
13495,0,27018004032,27018003628,0,0,404
13496,0,27020005964,27020005587,0,0,376
13497,0,27022007963,27022007559,0,0,403
13498,0,27024010554,27024010141,0,0,412
13499,0,27026012857,27026012446,0,0,411
13500,0,27028015460,27028015075,0,0,385
13501,0,27030017715,27030017289,0,0,426
13502,0,27032021155,27032020746,0,0,409
13503,0,27034021639,27034021253,0,0,386
13504,0,27036023244,27036022865,0,0,379
13505,0,27038026595,27038026186,0,0,409
13506,0,27040028406,27040028035,0,0,371
13507,0,27042031919,27042031524,0,0,395
13508,0,27044033831,27044033459,0,0,371
13509,0,27046035473,27046035073,0,0,400
13510,0,27048037410,27048037019,0,0,391
13511,0,27050039705,27050039319,0,0,386
13512,0,27052041824,27052041442,0,0,381
13513,0,27054044624,27054044220,0,0,403
13514,0,27056046177,27056045770,0,0,406
13515,0,27058048838,27058048411,0,0,426
13516,0,27060051225,27060050811,0,0,413
13517,0,27062053844,27062053437,0,0,407
13518,0,27064056011,27064055635,0,0,375
13519,0,27066058715,27066058298,0,0,416
13520,0,27068060555,27068060166,0,0,389
13521,0,27070062226,27070061800,0,0,425
13522,0,27072064150,27072063768,0,0,382
13523,0,27074066365,27074065969,0,0,395
13524,0,27076068492,27076068133,0,0,359
13525,0,27078071009,27078070615,0,0,394
13526,0,27080072961,27080072575,0,0,386
13527,0,27082075629,27082075217,0,0,411
13528,0,27084078200,27084077831,0,0,368
13529,0,27086081382,27086080972,0,0,409
13530,0,27088082110,27088081746,0,0,364
13531,0,27090085302,27090084901,0,0,400
13532,0,27092087959,27092087571,0,0,387
13533,0,27094089064,27094088660,0,0,404
13534,0,27096091052,27096090635,0,0,417
13535,0,27098094040,27098093605,0,0,435
13536,0,27100096510,27100096143,0,0,366
13537,0,27102098040,27102097624,0,0,415
13538,0,27104100715,27104100336,0,0,379
13539,0,27106103120,27106102707,0,0,412
13540,0,27108104939,27108104582,0,0,356
13541,0,27110107249,27110106878,0,0,370
13542,0,27112109913,27112109512,0,0,400
13543,0,27114112128,27114111723,0,0,404
13544,0,27116113224,27116112847,0,0,376
13545,0,27118115584,27118115192,0,0,392
13546,0,27120117236,27120116847,0,0,388
13547,0,27122119200,27122118791,0,0,408
13548,0,27124120588,27124120215,0,0,373
13549,0,27126123371,27126122968,0,0,403
13550,0,27128126000,27128125622,0,0,377
13551,0,27130127213,27130126817,0,0,396
13552,0,27132130440,27132130050,0,0,389
13553,0,27134133539,27134133146,0,0,392
13554,0,27136135209,27136134842,0,0,367
13555,0,27138137776,27138137397,0,0,379
13556,0,27140140622,27140140266,0,0,356
13557,0,27142142395,27142142008,0,0,386
13558,0,27144144539,27144144160,0,0,379
13559,0,27146146182,27146145759,0,0,422
13560,0,27148147573,27148147193,0,0,379
13561,0,27150151008,27150150590,0,0,417
13562,0,27152153446,27152153060,0,0,386
13563,0,27154155256,27154154879,0,0,376
13564,0,27156156789,27156156406,0,0,382
13565,0,27158159914,27158159497,0,0,417
13566,0,27160162383,27160162008,0,0,374
13567,0,27162164136,27162163753,0,0,382
13568,0,27164166529,27164166182,0,0,347
13569,0,27166168842,27166168462,0,0,379
13570,0,27168170953,27168170590,0,0,363
13571,0,27170173725,27170173344,0,0,380
13572,0,27172175691,27172175307,0,0,384
13573,0,27174177567,27174177170,0,0,397
13574,0,27176180903,27176180538,0,0,365
13575,0,27178184220,27178183851,0,0,369
13576,0,27180184678,27180184313,0,0,365
13577,0,27182186186,27182185781,0,0,404
13578,0,27184188189,27184187813,0,0,375
13579,0,27186190664,27186190291,0,0,373
13580,0,27188192114,27188191751,0,0,362
13581,0,27190195114,27190194750,0,0,364
13582,0,27192196566,27192196221,0,0,344
13583,0,27194199802,27194199434,0,0,367
13584,0,27196203230,27196202841,0,0,388
13585,0,27198205123,27198204725,0,0,397
13586,0,27200206585,27200206217,0,0,367
13587,0,27202208904,27202208520,0,0,384
13588,0,27204211290,27204210885,0,0,405
13589,0,27206213431,27206213017,0,0,413
13590,0,27208215791,27208215404,0,0,387
13591,0,27210218318,27210217893,0,0,424
13592,0,27212219541,27212219184,0,0,356
13593,0,27214225105,27214224722,0,0,382
13594,0,27216224451,27216224069,0,0,381
13595,0,27218226623,27218226233,0,0,389
13596,0,27220229802,27220229420,0,0,382
13597,0,27222231943,27222231539,0,0,403
13598,0,27224233657,27224233270,0,0,386
13599,0,27226235299,27226234923,0,0,375
13600,0,27228238458,27228238087,0,0,370
13601,0,27230241170,27230240792,0,0,378
13602,0,27232242247,27232241885,0,0,361
13603,0,27234244783,27234244364,0,0,419
13604,0,27236247042,27236246644,0,0,397
13605,0,27238249276,27238248882,0,0,394
13606,0,27240251044,27240250648,0,0,395
13607,0,27242253691,27242253300,0,0,391
13608,0,27244255258,27244254876,0,0,382
13609,0,27246257999,27246257608,0,0,391
13610,0,27248259858,27248259456,0,0,401
13611,0,27250263593,27250263186,0,0,407
13612,0,27252264162,27252263783,0,0,379
13613,0,27254266514,27254266107,0,0,406
13614,0,27256268480,27256268094,0,0,385
13615,0,27258270551,27258270156,0,0,395
13616,0,27260272360,27260271952,0,0,407
13617,0,27262275738,27262275325,0,0,412
13618,0,27264277989,27264277590,0,0,399
13619,0,27266279561,27266279168,0,0,393
13620,0,27268281141,27268280758,0,0,382
13621,0,27270284434,27270284035,0,0,399
13622,0,27272286386,27272285975,0,0,410
13623,0,27274288610,27274288217,0,0,393
13624,0,27276291211,27276290839,0,0,372
13625,0,27278293435,27278293025,0,0,410
13626,0,27280295820,27280295445,0,0,375
13627,0,27282297874,27282297464,0,0,410
13628,0,27284300084,27284299705,0,0,379
13629,0,27286303159,27286302749,0,0,410
13630,0,27288304847,27288304453,0,0,393
13631,0,27290307038,27290306657,0,0,380
13632,0,27292308739,27292308368,0,0,370
13633,0,27294310991,27294310613,0,0,377
13634,0,27296313078,27296312687,0,0,391
13635,0,27298316740,27298316341,0,0,398
13636,0,27300318420,27300318007,0,0,412
13637,0,27302319916,27302319535,0,0,381
13638,0,27304322331,27304321930,0,0,400
13639,0,27306324249,27306323927,0,0,322
13640,0,27308326878,27308326483,0,0,395
13641,0,27310328869,27310328456,0,0,413
13642,0,27312331213,27312330811,0,0,402
13643,0,27314334896,27314334500,0,0,396
13644,0,27316335415,27316335022,0,0,393
13645,0,27318337822,27318337423,0,0,399
13646,0,27320339884,27320339513,0,0,370
13647,0,27322343015,27322342620,0,0,394
13648,0,27324344375,27324343979,0,0,395
13649,0,27326346559,27326346163,0,0,396
13650,0,27328348704,27328348316,0,0,387
13651,0,27330351159,27330350748,0,0,410
13652,0,27332353871,27332353499,0,0,371
13653,0,27334355898,27334355519,0,0,379
13654,0,27336357621,27336357224,0,0,397
13655,0,27338360202,27338359793,0,0,408
13656,0,27340362302,27340361958,0,0,343
13657,0,27342364682,27342364276,0,0,406
13658,0,27344366830,27344366440,0,0,390
13659,0,27346368842,27346368451,0,0,391
13660,0,27348371709,27348371339,0,0,370
13661,0,27350373973,27350373609,0,0,364
13662,0,27352375405,27352374997,0,0,407
13663,0,27354377870,27354377474,0,0,396
13664,0,27356380066,27356379674,0,0,392
13665,0,27358382860,27358382462,0,0,397
13666,0,27360385546,27360385151,0,0,395
13667,0,27362387708,27362387326,0,0,382
13668,0,27364390087,27364389710,0,0,376
13669,0,27366391793,27366391396,0,0,397
13670,0,27368393540,27368393150,0,0,389
13671,0,27370395565,27370395174,0,0,391
13672,0,27372397852,27372397463,0,0,388
13673,0,27374400211,27374399829,0,0,382
13674,0,27376402467,27376402079,0,0,387
13675,0,27378404757,27378404364,0,0,393
13676,0,27380406464,27380406080,0,0,384
13677,0,27382408761,27382408357,0,0,403
13678,0,27384411101,27384410683,0,0,417
13679,0,27386413017,27386412631,0,0,386
13680,0,27388415011,27388414600,0,0,411
13681,0,27390417680,27390417264,0,0,415
13682,0,27392420122,27392419751,0,0,370
13683,0,27394421801,27394421395,0,0,406
13684,0,27396424394,27396424017,0,0,377
13685,0,27398427199,27398426793,0,0,405
13686,0,27400428892,27400428508,0,0,384
13687,0,27402431083,27402430712,0,0,370
13688,0,27404433730,27404433364,0,0,366
13689,0,27406435973,27406435563,0,0,409
13690,0,27408438486,27408438107,0,0,379
13691,0,27410441473,27410441077,0,0,395
13692,0,27412442840,27412442485,0,0,355
13693,0,27414445445,27414445047,0,0,398
13694,0,27416445669,27416445279,0,0,389
13695,0,27418448839,27418448430,0,0,408
13696,0,27420451101,27420450730,0,0,370
13697,0,27422453204,27422452843,0,0,361
13698,0,27424455565,27424455199,0,0,366
13699,0,27426458391,27426458025,0,0,366
13700,0,27428460510,27428460173,0,0,337
13701,0,27430462350,27430461983,0,0,367
13702,0,27432465971,27432465599,0,0,372
13703,0,27434466827,27434466464,0,0,363
13704,0,27436469121,27436468776,0,0,345
13705,0,27438471195,27438470851,0,0,343
13706,0,27440473242,27440472871,0,0,370
13707,0,27442475968,27442475586,0,0,382
13708,0,27444478379,27444478004,0,0,375
13709,0,27446480294,27446479912,0,0,382
13710,0,27448482249,27448481871,0,0,377
13711,0,27450484161,27450483779,0,0,381
13712,0,27452486748,27452486369,0,0,379
13713,0,27454490415,27454490035,0,0,380
13714,0,27456491604,27456491208,0,0,395
13715,0,27458493551,27458493168,0,0,382
13716,0,27460495944,27460495553,0,0,391
13717,0,27462497695,27462497306,0,0,388
13718,0,27464499959,27464499562,0,0,397
13719,0,27466502591,27466502207,0,0,384
13720,0,27468505303,27468504902,0,0,400
13721,0,27470507790,27470507400,0,0,389
13722,0,27472509490,27472509120,0,0,370
13723,0,27474511306,27474510936,0,0,370
13724,0,27476513694,27476513310,0,0,384
13725,0,27478515529,27478515146,0,0,382
13726,0,27480518123,27480517721,0,0,401
13727,0,27482520165,27482519768,0,0,397
13728,0,27484522058,27484521688,0,0,369
13729,0,27486524831,27486524442,0,0,388
13730,0,27488526714,27488526341,0,0,372
13731,0,27490529057,27490528676,0,0,381
13732,0,27492531237,27492530848,0,0,388
13733,0,27494533571,27494533177,0,0,393
13734,0,27496535599,27496535216,0,0,382
13735,0,27498537966,27498537563,0,0,403
13736,0,27500539303,27500538914,0,0,389
13737,0,27502542310,27502541921,0,0,388
13738,0,27504544779,27504544400,0,0,379
13739,0,27506548511,27506548123,0,0,387
13740,0,27508548782,27508548409,0,0,373
13741,0,27510551662,27510551264,0,0,397
13742,0,27512552939,27512552540,0,0,398
13743,0,27514556568,27514556186,0,0,382
13744,0,27516557888,27516557472,0,0,415
13745,0,27518560368,27518559952,0,0,416
13746,0,27520562815,27520562421,0,0,393
13747,0,27522564733,27522564327,0,0,406
13748,0,27524566907,27524566521,0,0,385
13749,0,27526568958,27526568559,0,0,398
13750,0,27528570944,27528570551,0,0,393
13751,0,27530573112,27530572739,0,0,372
13752,0,27532574479,27532574080,0,0,398
13753,0,27534577891,27534577502,0,0,388
13754,0,27536580162,27536579783,0,0,379
13755,0,27538582310,27538581918,0,0,391
13756,0,27540584783,27540584387,0,0,395
13757,0,27542587661,27542587265,0,0,396
13758,0,27544589249,27544588840,0,0,408
13759,0,27546591487,27546591080,0,0,406
13760,0,27548594312,27548593958,0,0,353
13761,0,27550596929,27550596540,0,0,388
13762,0,27552597936,27552597570,0,0,366
13763,0,27554601272,27554600880,0,0,391
13764,0,27556603612,27556603237,0,0,375
13765,0,27558605465,27558605063,0,0,401
13766,0,27560607889,27560607485,0,0,404
13767,0,27562609339,27562608947,0,0,392
13768,0,27564611194,27564610817,0,0,376
13769,0,27566613916,27566613529,0,0,387
13770,0,27568616241,27568615868,0,0,373
13771,0,27570618288,27570617867,0,0,420
13772,0,27572620119,27572619723,0,0,396
13773,0,27574622466,27574622089,0,0,376
13774,0,27576624353,27576623978,0,0,375
13775,0,27578626680,27578626287,0,0,393
13776,0,27580628858,27580628467,0,0,391
13777,0,27582630979,27582630602,0,0,377
13778,0,27584632461,27584632101,0,0,360
13779,0,27586635577,27586635211,0,0,365
13780,0,27588638114,27588637741,0,0,373
13781,0,27590640312,27590639921,0,0,391
13782,0,27592642424,27592642044,0,0,379
13783,0,27594645046,27594644653,0,0,393
13784,0,27596646909,27596646537,0,0,371
13785,0,27598649291,27598648904,0,0,386
13786,0,27600651469,27600651068,0,0,401
13787,0,27602653258,27602652883,0,0,375
13788,0,27604655036,27604654640,0,0,396
13789,0,27606658191,27606657783,0,0,407
13790,0,27608660418,27608660047,0,0,370
13791,0,27610662067,27610661679,0,0,387
13792,0,27612664092,27612663729,0,0,363
13793,0,27614669823,27614669414,0,0,408
13794,0,27616669231,27616668832,0,0,399
13795,0,27618671898,27618671505,0,0,393
13796,0,27620674054,27620673702,0,0,352
13797,0,27622676182,27622675795,0,0,386
13798,0,27624678208,27624677813,0,0,395
13799,0,27626680553,27626680167,0,0,386
13800,0,27628682597,27628682193,0,0,403
13801,0,27630684907,27630684525,0,0,382
13802,0,27632687591,27632687189,0,0,401
13803,0,27634689591,27634689187,0,0,403
13804,0,27636691525,27636691149,0,0,376
13805,0,27638693826,27638693429,0,0,397
13806,0,27640695870,27640695466,0,0,404
13807,0,27642698325,27642697934,0,0,391
13808,0,27644700629,27644700239,0,0,390
13809,0,27646702541,27646702159,0,0,382
13810,0,27648704835,27648704433,0,0,402
13811,0,27650706278,27650705912,0,0,365
13812,0,27652709030,27652708645,0,0,384
13813,0,27654711665,27654711310,0,0,355
13814,0,27656713465,27656713077,0,0,387
13815,0,27658715815,27658715432,0,0,383
13816,0,27660718318,27660717912,0,0,406
13817,0,27662720124,27662719730,0,0,394
13818,0,27664723212,27664722806,0,0,406
13819,0,27666725788,27666725382,0,0,405
13820,0,27668727312,27668726923,0,0,388
13821,0,27670729578,27670729148,0,0,429
13822,0,27672731321,27672730941,0,0,379
13823,0,27674733324,27674732929,0,0,395
13824,0,27676734887,27676734525,0,0,362
13825,0,27678738105,27678737716,0,0,389
13826,0,27680740205,27680739798,0,0,406
13827,0,27682742173,27682741780,0,0,392
13828,0,27684744256,27684743874,0,0,382
13829,0,27686746398,27686745993,0,0,404
13830,0,27688749797,27688749402,0,0,395
13831,0,27690751141,27690750768,0,0,372
13832,0,27692752942,27692752548,0,0,394
13833,0,27694755825,27694755452,0,0,373
13834,0,27696758394,27696758025,0,0,368
13835,0,27698760110,27698759725,0,0,384
13836,0,27700761763,27700761390,0,0,373
13837,0,27702764986,27702764604,0,0,382
13838,0,27704767098,27704766738,0,0,360
13839,0,27706769261,27706768878,0,0,382
13840,0,27708772224,27708771830,0,0,393
13841,0,27710774425,27710774053,0,0,372
13842,0,27712776295,27712775914,0,0,380
13843,0,27714779944,27714779535,0,0,408
13844,0,27716780478,27716780111,0,0,367
13845,0,27718782178,27718781777,0,0,400
13846,0,27720783579,27720783191,0,0,388
13847,0,27722787048,27722786674,0,0,374
13848,0,27724790703,27724790337,0,0,366
13849,0,27726792219,27726791825,0,0,393
13850,0,27728794150,27728793771,0,0,379
13851,0,27730795788,27730795398,0,0,390
13852,0,27732798072,27732797715,0,0,357
13853,0,27734800782,27734800408,0,0,373
13854,0,27736803491,27736803112,0,0,379
13855,0,27738806496,27738806105,0,0,390
13856,0,27740807925,27740807548,0,0,377
13857,0,27742810298,27742809930,0,0,368
13858,0,27744811599,27744811213,0,0,385
13859,0,27746813974,27746813570,0,0,403
13860,0,27748816202,27748815793,0,0,408
13861,0,27750818178,27750817784,0,0,393
13862,0,27752820913,27752820519,0,0,393
13863,0,27754822543,27754822147,0,0,396
13864,0,27756825115,27756824732,0,0,383
13865,0,27758827408,27758827023,0,0,384
13866,0,27760829298,27760828892,0,0,406
13867,0,27762832575,27762832177,0,0,398
13868,0,27764833566,27764833141,0,0,424
13869,0,27766836391,27766835979,0,0,411
13870,0,27768838433,27768838080,0,0,352
13871,0,27770840914,27770840540,0,0,374
13872,0,27772842772,27772842375,0,0,397
13873,0,27774844806,27774844416,0,0,389
13874,0,27776846851,27776846477,0,0,374
13875,0,27778849346,27778848960,0,0,386
13876,0,27780851189,27780850818,0,0,370
13877,0,27782852962,27782852598,0,0,364
13878,0,27784855987,27784855602,0,0,384
13879,0,27786858141,27786857762,0,0,379
13880,0,27788860179,27788859824,0,0,355
13881,0,27790863481,27790863085,0,0,395
13882,0,27792866269,27792865889,0,0,379
13883,0,27794867026,27794866620,0,0,405
13884,0,27796869698,27796869316,0,0,382
13885,0,27798873155,27798872745,0,0,410
13886,0,27800874217,27800873813,0,0,404
13887,0,27802875832,27802875427,0,0,404
13888,0,27804878310,27804877952,0,0,357
13889,0,27806880533,27806880141,0,0,391
13890,0,27808883380,27808883001,0,0,379
13891,0,27810886860,27810886465,0,0,395
13892,0,27812888411,27812888016,0,0,394
13893,0,27814891434,27814891047,0,0,387
13894,0,27816892510,27816892147,0,0,362
13895,0,27818893817,27818893402,0,0,415
13896,0,27820896334,27820895955,0,0,379
13897,0,27822898286,27822897883,0,0,403
13898,0,27824901286,27824900894,0,0,392
13899,0,27826903394,27826903005,0,0,388
13900,0,27828903988,27828903609,0,0,379
13901,0,27830907008,27830906636,0,0,372
13902,0,27832909170,27832908807,0,0,362
13903,0,27834911122,27834910714,0,0,408
13904,0,27836912795,27836912393,0,0,402
13905,0,27838915840,27838915443,0,0,396
13906,0,27840918240,27840917856,0,0,384
13907,0,27842920606,27842920217,0,0,389
13908,0,27844922635,27844922219,0,0,416
13909,0,27846924916,27846924523,0,0,393
13910,0,27848927044,27848926661,0,0,382
13911,0,27850929197,27850928810,0,0,387
13912,0,27852931601,27852931229,0,0,372
13913,0,27854933967,27854933596,0,0,370
13914,0,27856935869,27856935464,0,0,405
13915,0,27858937937,27858937538,0,0,398
13916,0,27860940042,27860939677,0,0,365
13917,0,27862942741,27862942350,0,0,391
13918,0,27864945116,27864944739,0,0,377
13919,0,27866946826,27866946434,0,0,391
13920,0,27868948172,27868947820,0,0,352
13921,0,27870952824,27870952453,0,0,370
13922,0,27872953644,27872953244,0,0,399
13923,0,27874956962,27874956566,0,0,396
13924,0,27876959476,27876959105,0,0,370
13925,0,27878960357,27878959962,0,0,394
13926,0,27880962542,27880962139,0,0,403
13927,0,27882964824,27882964414,0,0,409
13928,0,27884967000,27884966617,0,0,382
13929,0,27886969184,27886968808,0,0,376
13930,0,27888971404,27888971005,0,0,399
13931,0,27890974027,27890973647,0,0,380
13932,0,27892976094,27892975726,0,0,368
13933,0,27894978245,27894977880,0,0,365
13934,0,27896980337,27896979973,0,0,364
13935,0,27898983060,27898982684,0,0,376
13936,0,27900985211,27900984829,0,0,382
13937,0,27902987067,27902986707,0,0,360
13938,0,27904989864,27904989477,0,0,386
13939,0,27906992568,27906992159,0,0,408
13940,0,27908993919,27908993552,0,0,367
13941,0,27910995924,27910995542,0,0,382
13942,0,27912998224,27912997820,0,0,404
13943,0,27915001334,27915000923,0,0,411
13944,0,27917001638,27917001266,0,0,371
13945,0,27919004941,27919004562,0,0,379
13946,0,27921007999,27921007612,0,0,386
13947,0,27923010131,27923009713,0,0,417
13948,0,27925011209,27925010827,0,0,382
13949,0,27927013652,27927013247,0,0,405
13950,0,27929015478,27929015088,0,0,390
13951,0,27931017743,27931017348,0,0,395
13952,0,27933019566,27933019195,0,0,370
13953,0,27935022613,27935022239,0,0,374
13954,0,27937024759,27937024350,0,0,408
13955,0,27939027575,27939027174,0,0,401
13956,0,27941029348,27941028988,0,0,359
13957,0,27943031436,27943031043,0,0,393
13958,0,27945035292,27945034917,0,0,374
13959,0,27947036101,27947035739,0,0,361
13960,0,27949038130,27949037732,0,0,398
13961,0,27951040015,27951039622,0,0,393
13962,0,27953041624,27953041224,0,0,400
13963,0,27955044569,27955044139,0,0,429
13964,0,27957046069,27957045671,0,0,397
13965,0,27959049534,27959049115,0,0,419
13966,0,27961051721,27961051318,0,0,403
13967,0,27963053451,27963053044,0,0,407
13968,0,27965055844,27965055464,0,0,379
13969,0,27967059445,27967059058,0,0,387
13970,0,27969060587,27969060213,0,0,374
13971,0,27971063217,27971062819,0,0,397
13972,0,27973065006,27973064651,0,0,355
13973,0,27975067564,27975067192,0,0,371
13974,0,27977069759,27977069384,0,0,375
13975,0,27979071649,27979071251,0,0,397
13976,0,27981075292,27981074926,0,0,365
13977,0,27983076918,27983076528,0,0,389
13978,0,27985079423,27985079048,0,0,375
13979,0,27987080678,27987080280,0,0,398
13980,0,27989083299,27989082950,0,0,348
13981,0,27991085052,27991084653,0,0,399
13982,0,27993087382,27993087000,0,0,382
13983,0,27995089344,27995088959,0,0,384
13984,0,27997092051,27997091685,0,0,366
13985,0,27999094038,27999093629,0,0,408
13986,0,28001096395,28001096004,0,0,391
13987,0,28003097937,28003097537,0,0,400
13988,0,28005100236,28005099864,0,0,372
13989,0,28007102988,28007102599,0,0,388
13990,0,28009104970,28009104599,0,0,370
13991,0,28011107501,28011107107,0,0,393
13992,0,28013109460,28013109094,0,0,366
13993,0,28015113156,28015112745,0,0,411
13994,0,28017115300,28017114904,0,0,395
13995,0,28019116127,28019115741,0,0,385
13996,0,28021118579,28021118189,0,0,389
13997,0,28023120419,28023120022,0,0,396
13998,0,28025122693,28025122312,0,0,381
13999,0,28027124917,28027124512,0,0,404
14000,0,28029127494,28029127097,0,0,397
14001,0,28031129642,28031129238,0,0,404
14002,0,28033131795,28033131406,0,0,388
14003,0,28035133620,28035133216,0,0,403
14004,0,28037135074,28037134660,0,0,413
14005,0,28039138193,28039137782,0,0,411
14006,0,28041139405,28041139015,0,0,390
14007,0,28043143227,28043142832,0,0,395
14008,0,28045145050,28045144648,0,0,402
14009,0,28047147849,28047147442,0,0,406
14010,0,28049149204,28049148795,0,0,408
14011,0,28051150727,28051150344,0,0,382
14012,0,28053154559,28053154177,0,0,382
14013,0,28055157292,28055156923,0,0,368
14014,0,28057158620,28057158211,0,0,409
14015,0,28059161379,28059160993,0,0,386
14016,0,28061162900,28061162512,0,0,387
14017,0,28063164940,28063164585,0,0,355
14018,0,28065167920,28065167539,0,0,380
14019,0,28067171150,28067170768,0,0,381
14020,0,28069172806,28069172461,0,0,344
14021,0,28071174020,28071173633,0,0,386
14022,0,28073176201,28073175780,0,0,420
14023,0,28075178083,28075177689,0,0,393
14024,0,28077179573,28077179191,0,0,382
14025,0,28079183157,28079182768,0,0,388
14026,0,28081185337,28081184933,0,0,404
14027,0,28083187370,28083186968,0,0,402
14028,0,28085189883,28085189521,0,0,362
14029,0,28087191694,28087191319,0,0,375
14030,0,28089193991,28089193600,0,0,391
14031,0,28091197235,28091196835,0,0,399
14032,0,28093198810,28093198421,0,0,388
14033,0,28095201058,28095200652,0,0,405
14034,0,28097202910,28097202511,0,0,399
14035,0,28099205242,28099204871,0,0,370
14036,0,28101207683,28101207318,0,0,365
14037,0,28103209264,28103208883,0,0,381
14038,0,28105210904,28105210522,0,0,382
14039,0,28107213942,28107213552,0,0,389
14040,0,28109216450,28109216072,0,0,377
14041,0,28111218383,28111218004,0,0,378
14042,0,28113221393,28113220994,0,0,399
14043,0,28115224439,28115224042,0,0,396
14044,0,28117225662,28117225296,0,0,366
14045,0,28119227735,28119227356,0,0,379
14046,0,28121229937,28121229550,0,0,387
14047,0,28123232402,28123232005,0,0,397
14048,0,28125234551,28125234204,0,0,347
14049,0,28127237463,28127237084,0,0,379
14050,0,28129238756,28129238368,0,0,388
14051,0,28131241391,28131241002,0,0,388
14052,0,28133243116,28133242761,0,0,355
14053,0,28135245802,28135245404,0,0,398
14054,0,28137247412,28137247033,0,0,379
14055,0,28139250026,28139249628,0,0,397
14056,0,28141252053,28141251676,0,0,377
14057,0,28143254392,28143253993,0,0,398
14058,0,28145256606,28145256220,0,0,386
14059,0,28147258742,28147258357,0,0,384
14060,0,28149260989,28149260622,0,0,367
14061,0,28151263259,28151262860,0,0,399
14062,0,28153265435,28153265062,0,0,373
14063,0,28155267500,28155267115,0,0,384
14064,0,28157270535,28157270168,0,0,367
14065,0,28159273404,28159273044,0,0,359
14066,0,28161273667,28161273294,0,0,373
14067,0,28163276351,28163275966,0,0,385
14068,0,28165278385,28165278019,0,0,366
14069,0,28167280400,28167280015,0,0,385
14070,0,28169282415,28169282028,0,0,386
14071,0,28171285238,28171284852,0,0,385
14072,0,28173287417,28173287038,0,0,379
14073,0,28175289702,28175289330,0,0,372
14074,0,28177292242,28177291858,0,0,384
14075,0,28179294311,28179293939,0,0,372
14076,0,28181296676,28181296310,0,0,365
14077,0,28183298337,28183297956,0,0,380
14078,0,28185300119,28185299730,0,0,388
14079,0,28187302522,28187302171,0,0,350
14080,0,28189304076,28189303722,0,0,353
14081,0,28191307805,28191307448,0,0,357
14082,0,28193309598,28193309222,0,0,376
14083,0,28195312707,28195312324,0,0,382
14084,0,28197314577,28197314211,0,0,366
14085,0,28199317523,28199317120,0,0,403
14086,0,28201318615,28201318233,0,0,382
14087,0,28203321628,28203321233,0,0,395
14088,0,28205322903,28205322532,0,0,370
14089,0,28207325398,28207325011,0,0,387
14090,0,28209327539,28209327163,0,0,375
14091,0,28211329608,28211329235,0,0,373
14092,0,28213331746,28213331364,0,0,382
14093,0,28215335702,28215335332,0,0,369
14094,0,28217336310,28217335945,0,0,365
14095,0,28219338270,28219337888,0,0,382
14096,0,28221340883,28221340497,0,0,386
14097,0,28223343836,28223343467,0,0,369
14098,0,28225345362,28225344986,0,0,376
14099,0,28227347141,28227346741,0,0,399
14100,0,28229348656,28229348293,0,0,363
14101,0,28231351840,28231351458,0,0,382
14102,0,28233354031,28233353658,0,0,372
14103,0,28235356624,28235356238,0,0,385
14104,0,28237360155,28237359779,0,0,375
14105,0,28239360853,28239360466,0,0,387
14106,0,28241363188,28241362796,0,0,391
14107,0,28243365526,28243365157,0,0,368
14108,0,28245367666,28245367310,0,0,356
14109,0,28247369602,28247369208,0,0,393
14110,0,28249371346,28249370975,0,0,371
14111,0,28251374285,28251373914,0,0,371
14112,0,28253376122,28253375759,0,0,362
14113,0,28255379121,28255378728,0,0,392
14114,0,28257380775,28257380366,0,0,408
14115,0,28259383411,28259383017,0,0,393
14116,0,28261385186,28261384781,0,0,404
14117,0,28263387798,28263387406,0,0,391
14118,0,28265390020,28265389636,0,0,383
14119,0,28267392087,28267391707,0,0,379
14120,0,28269394236,28269393884,0,0,352
14121,0,28271396746,28271396361,0,0,384
14122,0,28273399583,28273399217,0,0,365
14123,0,28275401525,28275401146,0,0,379
14124,0,28277403391,28277403033,0,0,357
14125,0,28279405229,28279404829,0,0,400
14126,0,28281407368,28281406986,0,0,382
14127,0,28283409548,28283409152,0,0,395
14128,0,28285412295,28285411919,0,0,376
14129,0,28287413737,28287413328,0,0,408
14130,0,28289415289,28289414906,0,0,382
14131,0,28291418814,28291418398,0,0,415
14132,0,28293420705,28293420312,0,0,392
14133,0,28295423202,28295422810,0,0,392
14134,0,28297425167,28297424768,0,0,399
14135,0,28299427461,28299427054,0,0,406
14136,0,28301429375,28301428964,0,0,411
14137,0,28303432286,28303431869,0,0,417
14138,0,28305434203,28305433804,0,0,399
14139,0,28307436214,28307435797,0,0,417
14140,0,28309438733,28309438359,0,0,374
14141,0,28311441118,28311440697,0,0,420
14142,0,28313443528,28313443109,0,0,418
14143,0,28315446705,28315446299,0,0,405
14144,0,28317447762,28317447377,0,0,384
14145,0,28319450342,28319449948,0,0,393
14146,0,28321452173,28321451768,0,0,405
14147,0,28323455078,28323454674,0,0,404
14148,0,28325457292,28325456905,0,0,386
14149,0,28327459060,28327458635,0,0,424
14150,0,28329461331,28329460968,0,0,363
14151,0,28331464837,28331464438,0,0,399
14152,0,28333466950,28333466570,0,0,380
14153,0,28335468100,28335467695,0,0,404
14154,0,28337469860,28337469459,0,0,401
14155,0,28339472119,28339471712,0,0,406
14156,0,28341474212,28341473808,0,0,404
14157,0,28343476642,28343476244,0,0,397
14158,0,28345478534,28345478150,0,0,384
14159,0,28347481871,28347481469,0,0,402
14160,0,28349483348,28349482939,0,0,409
14161,0,28351486310,28351485928,0,0,381
14162,0,28353489029,28353488626,0,0,403
14163,0,28355490076,28355489666,0,0,409
14164,0,28357492667,28357492303,0,0,363
14165,0,28359494415,28359494031,0,0,384
14166,0,28361497075,28361496667,0,0,407
14167,0,28363498586,28363498229,0,0,357
14168,0,28365501471,28365501152,0,0,319
14169,0,28367503687,28367503258,0,0,429
14170,0,28369505319,28369504908,0,0,411
14171,0,28371507721,28371507305,0,0,415
14172,0,28373510547,28373510182,0,0,365
14173,0,28375512329,28375511937,0,0,392
14174,0,28377514387,28377513974,0,0,413
14175,0,28379516643,28379516247,0,0,396
14176,0,28381518867,28381518498,0,0,369
14177,0,28383522093,28383521703,0,0,390
14178,0,28385523256,28385522879,0,0,376
14179,0,28387526608,28387526214,0,0,393
14180,0,28389528736,28389528363,0,0,373
14181,0,28391529744,28391529366,0,0,377
14182,0,28393532006,28393531631,0,0,375
14183,0,28395534365,28395533950,0,0,414
14184,0,28397537146,28397536752,0,0,393
14185,0,28399539096,28399538721,0,0,374
14186,0,28401541247,28401540846,0,0,400
14187,0,28403542862,28403542476,0,0,385
14188,0,28405544699,28405544334,0,0,365
14189,0,28407547461,28407547092,0,0,369
14190,0,28409549200,28409548813,0,0,387
14191,0,28411552685,28411552276,0,0,408
14192,0,28413554831,28413554435,0,0,395
14193,0,28415558503,28415558119,0,0,384
14194,0,28417558877,28417558487,0,0,390
14195,0,28419562822,28419562417,0,0,404
14196,0,28421563483,28421563118,0,0,365
14197,0,28423565786,28423565407,0,0,379
14198,0,28425567766,28425567381,0,0,385
14199,0,28427569938,28427569541,0,0,396
14200,0,28429572315,28429571966,0,0,348
14201,0,28431575145,28431574773,0,0,372
14202,0,28433577560,28433577177,0,0,382
14203,0,28435579975,28435579588,0,0,386
14204,0,28437581533,28437581146,0,0,387
14205,0,28439583112,28439582728,0,0,384
14206,0,28441585895,28441585524,0,0,370
14207,0,28443588197,28443587810,0,0,386
14208,0,28445590418,28445590027,0,0,391
14209,0,28447591962,28447591569,0,0,393
14210,0,28449593207,28449592815,0,0,391
14211,0,28451597065,28451596657,0,0,408
14212,0,28453599040,28453598647,0,0,393
14213,0,28455602006,28455601617,0,0,389
14214,0,28457603558,28457603169,0,0,388
14215,0,28459606217,28459605813,0,0,404
14216,0,28461607971,28461607575,0,0,395
14217,0,28463610462,28463610097,0,0,364
14218,0,28465612112,28465611741,0,0,370
14219,0,28467614579,28467614181,0,0,397
14220,0,28469617338,28469616945,0,0,393
14221,0,28471618957,28471618575,0,0,382
14222,0,28473621307,28473620951,0,0,356
14223,0,28475624000,28475623601,0,0,399
14224,0,28477626849,28477626482,0,0,366
14225,0,28479628734,28479628339,0,0,395
14226,0,28481630630,28481630267,0,0,362
14227,0,28483632292,28483631893,0,0,399
14228,0,28485634680,28485634298,0,0,382
14229,0,28487636386,28487636017,0,0,369
14230,0,28489638283,28489637912,0,0,370
14231,0,28491642132,28491641737,0,0,395
14232,0,28493643960,28493643583,0,0,377
14233,0,28495645998,28495645617,0,0,381
14234,0,28497648031,28497647644,0,0,386
14235,0,28499650221,28499649820,0,0,400
14236,0,28501653041,28501652644,0,0,397
14237,0,28503655924,28503655557,0,0,366
14238,0,28505656819,28505656421,0,0,397
14239,0,28507658710,28507658328,0,0,382
14240,0,28509660194,28509659811,0,0,382
14241,0,28511663689,28511663298,0,0,391
14242,0,28513665898,28513665490,0,0,407
14243,0,28515669412,28515669004,0,0,407
14244,0,28517670867,28517670487,0,0,379
14245,0,28519673459,28519673063,0,0,395
14246,0,28521674813,28521674411,0,0,402
14247,0,28523676687,28523676285,0,0,401
14248,0,28525678735,28525678357,0,0,377
14249,0,28527681737,28527681348,0,0,389
14250,0,28529684386,28529683983,0,0,402
14251,0,28531685943,28531685522,0,0,420
14252,0,28533688192,28533687798,0,0,393
14253,0,28535690311,28535689910,0,0,400
14254,0,28537692377,28537691974,0,0,402
14255,0,28539694750,28539694355,0,0,394
14256,0,28541697004,28541696593,0,0,411
14257,0,28543699066,28543698667,0,0,399
14258,0,28545701253,28545700832,0,0,421
14259,0,28547703556,28547703123,0,0,433
14260,0,28549705915,28549705506,0,0,408
14261,0,28551707944,28551707539,0,0,404
14262,0,28553710140,28553709714,0,0,425
14263,0,28555712485,28555712056,0,0,429
14264,0,28557715201,28557714820,0,0,381
14265,0,28559716883,28559716484,0,0,399
14266,0,28561719076,28561718672,0,0,403
14267,0,28563721693,28563721286,0,0,406
14268,0,28565724929,28565724548,0,0,380
14269,0,28567726254,28567725847,0,0,407
14270,0,28569728110,28569727709,0,0,400
14271,0,28571730319,28571729922,0,0,396
14272,0,28573732360,28573731979,0,0,380
14273,0,28575734370,28575733968,0,0,402
14274,0,28577735901,28577735508,0,0,392
14275,0,28579740515,28579740101,0,0,414
14276,0,28581742319,28581741903,0,0,415
14277,0,28583743711,28583743322,0,0,388
14278,0,28585745557,28585745173,0,0,384
14279,0,28587747599,28587747150,0,0,448
14280,0,28589749353,28589748970,0,0,382
14281,0,28591752420,28591752011,0,0,408
14282,0,28593754271,28593753867,0,0,404
14283,0,28595757461,28595757040,0,0,421
14284,0,28597759210,28597758794,0,0,415
14285,0,28599761872,28599761465,0,0,407
14286,0,28601764512,28601764130,0,0,382
14287,0,28603765393,28603764985,0,0,407
14288,0,28605767171,28605766773,0,0,398
14289,0,28607770137,28607769723,0,0,413
14290,0,28609772498,28609772097,0,0,401
14291,0,28611774763,28611774362,0,0,400
14292,0,28613776964,28613776598,0,0,365
14293,0,28615780626,28615780210,0,0,415
14294,0,28617781352,28617780936,0,0,415
14295,0,28619784310,28619783905,0,0,405
14296,0,28621787087,28621786679,0,0,407
14297,0,28623788171,28623787779,0,0,391
14298,0,28625790181,28625789767,0,0,413
14299,0,28627792276,28627791865,0,0,411
14300,0,28629795460,28629795044,0,0,415
14301,0,28631797988,28631797569,0,0,419
14302,0,28633799278,28633798853,0,0,424
14303,0,28635801080,28635800670,0,0,410
14304,0,28637803602,28637803220,0,0,382
14305,0,28639805836,28639805462,0,0,373
14306,0,28641807673,28641807303,0,0,370
14307,0,28643810550,28643810155,0,0,395
14308,0,28645812562,28645812170,0,0,391
14309,0,28647814758,28647814370,0,0,388
14310,0,28649817063,28649816687,0,0,375
14311,0,28651818804,28651818397,0,0,407
14312,0,28653820728,28653820343,0,0,384
14313,0,28655823768,28655823394,0,0,373
14314,0,28657825752,28657825361,0,0,391
14315,0,28659828051,28659827651,0,0,399
14316,0,28661830035,28661829659,0,0,376
14317,0,28663832778,28663832387,0,0,391
14318,0,28665834928,28665834575,0,0,352
14319,0,28667836855,28667836462,0,0,392
14320,0,28669839370,28669838965,0,0,404
14321,0,28671841113,28671840732,0,0,381
14322,0,28673843822,28673843458,0,0,364
14323,0,28675846811,28675846411,0,0,400
14324,0,28677848512,28677848151,0,0,360
14325,0,28679849998,28679849586,0,0,412
14326,0,28681852553,28681852158,0,0,395
14327,0,28683854438,28683854034,0,0,403
14328,0,28685855376,28685855022,0,0,353
14329,0,28687857775,28687857382,0,0,392
14330,0,28689860864,28689860483,0,0,381
14331,0,28691863478,28691863053,0,0,424
14332,0,28693866374,28693865971,0,0,402
14333,0,28695867962,28695867594,0,0,368
14334,0,28697870555,28697870165,0,0,390
14335,0,28699872368,28699871997,0,0,370
14336,0,28701874402,28701874032,0,0,370
14337,0,28703875873,28703875515,0,0,357
14338,0,28705879037,28705878684,0,0,352
14339,0,28707881847,28707881470,0,0,376
14340,0,28709884163,28709883769,0,0,393
14341,0,28711886606,28711886242,0,0,364
14342,0,28713888319,28713887942,0,0,376
14343,0,28715891958,28715891575,0,0,382
14344,0,28717892276,28717891941,0,0,334
14345,0,28719894552,28719894181,0,0,371
14346,0,28721896518,28721896164,0,0,353
14347,0,28723898009,28723897626,0,0,383
14348,0,28725901664,28725901282,0,0,382
14349,0,28727904370,28727903991,0,0,379
14350,0,28729905438,28729905081,0,0,356
14351,0,28731907209,28731906840,0,0,368
14352,0,28733911454,28733911065,0,0,389
14353,0,28735913652,28735913288,0,0,364
14354,0,28737915598,28737915225,0,0,373
14355,0,28739918127,28739917714,0,0,413
14356,0,28741919240,28741918840,0,0,399
14357,0,28743921107,28743920724,0,0,382
14358,0,28745922259,28745921895,0,0,364
14359,0,28747926155,28747925754,0,0,400
14360,0,28749927964,28749927622,0,0,341
14361,0,28751929998,28751929614,0,0,384
14362,0,28753931973,28753931609,0,0,364
14363,0,28755934681,28755934303,0,0,377
14364,0,28757937049,28757936700,0,0,348
14365,0,28759939248,28759938884,0,0,364
14366,0,28761941760,28761941404,0,0,356
14367,0,28763943553,28763943164,0,0,389
14368,0,28765945976,28765945611,0,0,364
14369,0,28767948891,28767948492,0,0,399
14370,0,28769950748,28769950341,0,0,406
14371,0,28771952496,28771952080,0,0,415
14372,0,28773954973,28773954559,0,0,413
14373,0,28775957343,28775956968,0,0,374
14374,0,28777959281,28777958876,0,0,405
14375,0,28779961778,28779961367,0,0,411
14376,0,28781963619,28781963188,0,0,430
14377,0,28783967240,28783966844,0,0,395
14378,0,28785968166,28785967753,0,0,413
14379,0,28787970063,28787969640,0,0,422
14380,0,28789971772,28789971363,0,0,408
14381,0,28791974968,28791974550,0,0,417
14382,0,28793976816,28793976395,0,0,421
14383,0,28795978990,28795978569,0,0,420
14384,0,28797980431,28797980057,0,0,374
14385,0,28799984577,28799984176,0,0,400
14386,0,28801986004,28801985611,0,0,392
14387,0,28803987685,28803987264,0,0,420
14388,0,28805989015,28805988599,0,0,416
14389,0,28807993108,28807992701,0,0,407
14390,0,28809994719,28809994323,0,0,395
14391,0,28811996663,28811996244,0,0,419
14392,0,28813998235,28813997847,0,0,388
14393,0,28816002644,28816002240,0,0,403
14394,0,28818003605,28818003201,0,0,404
14395,0,28820005732,28820005323,0,0,408
14396,0,28822009188,28822008820,0,0,367
14397,0,28824010338,28824009940,0,0,397
14398,0,28826012707,28826012295,0,0,412
14399,0,28828014574,28828014191,0,0,382
14400,0,28830017326,28830016955,0,0,371
14401,0,28832019667,28832019256,0,0,411
14402,0,28834021579,28834021189,0,0,390
14403,0,28836024795,28836024384,0,0,411
14404,0,28838026959,28838026546,0,0,413
14405,0,28840028197,28840027793,0,0,404
14406,0,28842030426,28842030022,0,0,404
14407,0,28844032471,28844032047,0,0,424
14408,0,28846035000,28846034627,0,0,373
14409,0,28848037261,28848036860,0,0,400
14410,0,28850039175,28850038791,0,0,384
14411,0,28852041625,28852041218,0,0,406
14412,0,28854043656,28854043247,0,0,408
14413,0,28856045917,28856045518,0,0,399
14414,0,28858049165,28858048796,0,0,368
14415,0,28860050380,28860049973,0,0,406
14416,0,28862052961,28862052548,0,0,413
14417,0,28864054922,28864054503,0,0,418
14418,0,28866057074,28866056657,0,0,416
14419,0,28868059450,28868059004,0,0,446
14420,0,28870061377,28870060992,0,0,384
14421,0,28872063846,28872063435,0,0,410
14422,0,28874065777,28874065372,0,0,405
14423,0,28876068156,28876067763,0,0,393
14424,0,28878070179,28878069774,0,0,405
14425,0,28880073110,28880072701,0,0,408
14426,0,28882074685,28882074269,0,0,415
14427,0,28884078078,28884077665,0,0,413
14428,0,28886080865,28886080482,0,0,382
14429,0,28888081849,28888081444,0,0,405
14430,0,28890083659,28890083248,0,0,411
14431,0,28892086488,28892086074,0,0,413
14432,0,28894089569,28894089203,0,0,366
14433,0,28896090549,28896090161,0,0,388
14434,0,28898093436,28898093063,0,0,373
14435,0,28900097163,28900096769,0,0,393
14436,0,28902098204,28902097829,0,0,375
14437,0,28904099519,28904099121,0,0,397
14438,0,28906101527,28906101134,0,0,393
14439,0,28908103890,28908103501,0,0,388
14440,0,28910106222,28910105828,0,0,394
14441,0,28912108278,28912107907,0,0,371
14442,0,28914110508,28914110129,0,0,379
14443,0,28916113928,28916113542,0,0,386
14444,0,28918114582,28918114226,0,0,355
14445,0,28920117447,28920117074,0,0,372
14446,0,28922119196,28922118807,0,0,388
14447,0,28924121831,28924121441,0,0,390
14448,0,28926124179,28926123774,0,0,405
14449,0,28928126638,28928126242,0,0,395
14450,0,28930129305,28930128916,0,0,388
14451,0,28932130675,28932130272,0,0,402
14452,0,28934133264,28934132908,0,0,355
14453,0,28936135150,28936134766,0,0,384
14454,0,28938137532,28938137143,0,0,388
14455,0,28940139395,28940139015,0,0,379
14456,0,28942141893,28942141521,0,0,372
14457,0,28944144215,28944143826,0,0,388
14458,0,28946146689,28946146305,0,0,384
14459,0,28948148416,28948148021,0,0,395
14460,0,28950150825,28950150458,0,0,367
14461,0,28952152579,28952152187,0,0,392
14462,0,28954155653,28954155280,0,0,373
14463,0,28956157925,28956157557,0,0,368
14464,0,28958158524,28958158161,0,0,363
14465,0,28960162238,28960161868,0,0,369
14466,0,28962163771,28962163397,0,0,374
14467,0,28964166818,28964166427,0,0,391
14468,0,28966168579,28966168224,0,0,354
14469,0,28968171596,28968171213,0,0,383
14470,0,28970173130,28970172753,0,0,376
14471,0,28972175283,28972174907,0,0,375
14472,0,28974177392,28974177056,0,0,335
14473,0,28976179484,28976179100,0,0,384
14474,0,28978182060,28978181671,0,0,388
14475,0,28980184137,28980183751,0,0,385
14476,0,28982186387,28982185998,0,0,388
14477,0,28984188170,28984187775,0,0,395
14478,0,28986190522,28986190171,0,0,350
14479,0,28988192485,28988192093,0,0,392
14480,0,28990195077,28990194712,0,0,365
14481,0,28992198228,28992197845,0,0,382
14482,0,28994199985,28994199611,0,0,373
14483,0,28996201505,28996201150,0,0,355
14484,0,28998203850,28998203480,0,0,369
14485,0,29000205985,29000205610,0,0,375
14486,0,29002208930,29002208559,0,0,371
14487,0,29004211757,29004211375,0,0,382
14488,0,29006212903,29006212552,0,0,350
14489,0,29008215103,29008214731,0,0,371
14490,0,29010217795,29010217422,0,0,373
14491,0,29012219697,29012219301,0,0,395
14492,0,29014222032,29014221680,0,0,352
14493,0,29016225701,29016225295,0,0,406
14494,0,29018226188,29018225811,0,0,377
14495,0,29020228433,29020228047,0,0,386
14496,0,29022230357,29022229976,0,0,381
14497,0,29024233057,29024232658,0,0,398
14498,0,29026234505,29026234098,0,0,406
14499,0,29028236157,29028235720,0,0,436
14500,0,29030239794,29030239404,0,0,390
14501,0,29032242749,29032242333,0,0,415
14502,0,29034245076,29034244658,0,0,417
14503,0,29036246532,29036246122,0,0,409
14504,0,29038248341,29038247969,0,0,372
14505,0,29040252360,29040251970,0,0,390
14506,0,29042252930,29042252525,0,0,404
14507,0,29044255061,29044254662,0,0,399
14508,0,29046256897,29046256494,0,0,402
14509,0,29048258489,29048258097,0,0,392
14510,0,29050261717,29050261331,0,0,386
14511,0,29052263667,29052263252,0,0,414
14512,0,29054265469,29054265082,0,0,387
14513,0,29056268464,29056268076,0,0,388
14514,0,29058270784,29058270382,0,0,402
14515,0,29060272644,29060272231,0,0,413
14516,0,29062274931,29062274527,0,0,404
14517,0,29064277213,29064276812,0,0,400
14518,0,29066280482,29066280073,0,0,408
14519,0,29068282339,29068281973,0,0,365
14520,0,29070283211,29070282810,0,0,400
14521,0,29072287712,29072287299,0,0,412
14522,0,29074289644,29074289228,0,0,416
14523,0,29076292037,29076291617,0,0,419
14524,0,29078292981,29078292600,0,0,380
14525,0,29080295029,29080294617,0,0,411
14526,0,29082297552,29082297139,0,0,413
14527,0,29084299833,29084299459,0,0,373
14528,0,29086301756,29086301362,0,0,393
14529,0,29088304038,29088303638,0,0,399
14530,0,29090306476,29090306086,0,0,390
14531,0,29092309602,29092309219,0,0,383
14532,0,29094311764,29094311407,0,0,356
14533,0,29096312385,29096311986,0,0,399
14534,0,29098313884,29098313478,0,0,406
14535,0,29100317242,29100316851,0,0,391
14536,0,29102319757,29102319371,0,0,385
14537,0,29104321768,29104321357,0,0,411
14538,0,29106323955,29106323542,0,0,413
14539,0,29108326550,29108326166,0,0,384
14540,0,29110329180,29110328787,0,0,393
14541,0,29112332386,29112331973,0,0,413
14542,0,29114332919,29114332530,0,0,388
14543,0,29116336505,29116336105,0,0,400
14544,0,29118337805,29118337401,0,0,404
14545,0,29120339909,29120339513,0,0,395
14546,0,29122341448,29122341055,0,0,393
14547,0,29124343301,29124342884,0,0,416
14548,0,29126345977,29126345587,0,0,389
14549,0,29128348271,29128347861,0,0,409
14550,0,29130350684,29130350276,0,0,407
14551,0,29132353097,29132352698,0,0,399
14552,0,29134355240,29134354876,0,0,364
14553,0,29136357638,29136357217,0,0,420
14554,0,29138359750,29138359330,0,0,419
14555,0,29140362008,29140361571,0,0,436
14556,0,29142364579,29142364204,0,0,375
14557,0,29144366743,29144366338,0,0,405
14558,0,29146368811,29146368404,0,0,406
14559,0,29148370821,29148370402,0,0,419
14560,0,29150373988,29150373593,0,0,395
14561,0,29152375161,29152374753,0,0,408
14562,0,29154377326,29154376905,0,0,420
14563,0,29156380681,29156380275,0,0,406
14564,0,29158382676,29158382287,0,0,389
14565,0,29160384435,29160384029,0,0,405
14566,0,29162386355,29162385961,0,0,393
14567,0,29164388751,29164388348,0,0,402
14568,0,29166391197,29166390804,0,0,393
14569,0,29168392589,29168392185,0,0,404
14570,0,29170394204,29170393796,0,0,407
14571,0,29172398004,29172397585,0,0,419
14572,0,29174399528,29174399172,0,0,356
14573,0,29176401992,29176401601,0,0,391
14574,0,29178404397,29178404026,0,0,370
14575,0,29180406350,29180405968,0,0,382
14576,0,29182408496,29182408116,0,0,379
14577,0,29184410829,29184410435,0,0,393
14578,0,29186413807,29186413406,0,0,401
14579,0,29188415934,29188415538,0,0,395
14580,0,29190417321,29190416950,0,0,370
14581,0,29192419750,29192419355,0,0,395
14582,0,29194421690,29194421341,0,0,348
14583,0,29196424184,29196423783,0,0,400
14584,0,29198426840,29198426467,0,0,373
14585,0,29200428453,29200428058,0,0,395
14586,0,29202431303,29202430920,0,0,382
14587,0,29204432842,29204432445,0,0,396
14588,0,29206435765,29206435376,0,0,388
14589,0,29208437230,29208436813,0,0,416
14590,0,29210439733,29210439334,0,0,399
14591,0,29212441592,29212441210,0,0,382
14592,0,29214442852,29214442476,0,0,375
14593,0,29216447725,29216447340,0,0,384
14594,0,29218448432,29218448047,0,0,385
14595,0,29220450725,29220450329,0,0,396
14596,0,29222455382,29222454992,0,0,389
14597,0,29224456736,29224456343,0,0,393
14598,0,29226457492,29226457110,0,0,382
14599,0,29228460443,29228460078,0,0,365
14600,0,29230463352,29230463006,0,0,346
14601,0,29232464603,29232464212,0,0,391
14602,0,29234466382,29234465993,0,0,388
14603,0,29236468869,29236468475,0,0,393
14604,0,29238471218,29238470856,0,0,362
14605,0,29240473590,29240473219,0,0,370
14606,0,29242475653,29242475308,0,0,345
14607,0,29244477573,29244477199,0,0,374
14608,0,29246481254,29246480881,0,0,373
14609,0,29248483129,29248482740,0,0,388
14610,0,29250484569,29250484178,0,0,391
14611,0,29252486532,29252486107,0,0,424
14612,0,29254488625,29254488249,0,0,375
14613,0,29256490982,29256490566,0,0,416
14614,0,29258493076,29258492689,0,0,386
14615,0,29260496314,29260495921,0,0,392
14616,0,29262497946,29262497580,0,0,366
14617,0,29264500859,29264500470,0,0,388
14618,0,29266503256,29266502879,0,0,376
14619,0,29268504937,29268504533,0,0,403
14620,0,29270506440,29270506099,0,0,340
14621,0,29272508510,29272508126,0,0,384
14622,0,29274511420,29274511025,0,0,395
14623,0,29276512593,29276512226,0,0,366
14624,0,29278514147,29278513785,0,0,361
14625,0,29280517636,29280517238,0,0,397
14626,0,29282519727,29282519320,0,0,406
14627,0,29284521919,29284521523,0,0,396
14628,0,29286524516,29286524135,0,0,381
14629,0,29288526222,29288525809,0,0,412
14630,0,29290529055,29290528638,0,0,416
14631,0,29292530858,29292530472,0,0,385
14632,0,29294533817,29294533451,0,0,366
14633,0,29296537489,29296537094,0,0,395
14634,0,29298537510,29298537102,0,0,408
14635,0,29300540103,29300539686,0,0,416
14636,0,29302542049,29302541667,0,0,382
14637,0,29304544282,29304543887,0,0,395
14638,0,29306546355,29306545981,0,0,374
14639,0,29308548775,29308548376,0,0,398
14640,0,29310550834,29310550436,0,0,397
14641,0,29312553377,29312552971,0,0,406
14642,0,29314555377,29314554982,0,0,395
14643,0,29316559423,29316559012,0,0,411
14644,0,29318559679,29318559307,0,0,371
14645,0,29320561955,29320561534,0,0,421
14646,0,29322564152,29322563736,0,0,416
14647,0,29324567106,29324566702,0,0,404
14648,0,29326568820,29326568441,0,0,379
14649,0,29328571243,29328570851,0,0,392
14650,0,29330573066,29330572653,0,0,413
14651,0,29332576566,29332576164,0,0,402
14652,0,29334577743,29334577365,0,0,378
14653,0,29336579939,29336579522,0,0,417
14654,0,29338582049,29338581653,0,0,395
14655,0,29340584961,29340584562,0,0,399
14656,0,29342586396,29342586002,0,0,393
14657,0,29344589202,29344588815,0,0,387
14658,0,29346590779,29346590399,0,0,380
14659,0,29348594218,29348593829,0,0,389
14660,0,29350596358,29350596010,0,0,348
14661,0,29352598065,29352597653,0,0,411
14662,0,29354600056,29354599660,0,0,396
14663,0,29356601770,29356601400,0,0,370
14664,0,29358603350,29358602979,0,0,370
14665,0,29360606541,29360606142,0,0,399
14666,0,29362608886,29362608501,0,0,385
14667,0,29364611231,29364610828,0,0,402
14668,0,29366613391,29366612999,0,0,392
14669,0,29368616269,29368615869,0,0,400
14670,0,29370617622,29370617253,0,0,368
14671,0,29372619711,29372619320,0,0,391
14672,0,29374622041,29374621662,0,0,379
14673,0,29376624225,29376623846,0,0,379
14674,0,29378626343,29378625954,0,0,389
14675,0,29380628884,29380628478,0,0,406
14676,0,29382630755,29382630404,0,0,350
14677,0,29384633319,29384632906,0,0,413
14678,0,29386635099,29386634714,0,0,384
14679,0,29388637323,29388636928,0,0,395
14680,0,29390638900,29390638549,0,0,350
14681,0,29392642289,29392641881,0,0,408
14682,0,29394644782,29394644392,0,0,389
14683,0,29396646390,29396645988,0,0,402
14684,0,29398649720,29398649376,0,0,343
14685,0,29400652000,29400651610,0,0,389
14686,0,29402653269,29402652884,0,0,384
14687,0,29404656312,29404655935,0,0,376
14688,0,29406657494,29406657140,0,0,354
14689,0,29408659605,29408659225,0,0,379
14690,0,29410660953,29410660548,0,0,404
14691,0,29412665391,29412664975,0,0,415
14692,0,29414667669,29414667297,0,0,372
14693,0,29416670464,29416670047,0,0,416
14694,0,29418671157,29418670782,0,0,375
14695,0,29420673597,29420673190,0,0,407
14696,0,29422675308,29422674912,0,0,395
14697,0,29424677331,29424676936,0,0,395
14698,0,29426678627,29426678230,0,0,397
14699,0,29428682004,29428681585,0,0,419
14700,0,29430683984,29430683608,0,0,376
14701,0,29432685566,29432685150,0,0,415
14702,0,29434689447,29434689067,0,0,379
14703,0,29436691178,29436690782,0,0,396
14704,0,29438693216,29438692822,0,0,394
14705,0,29440695671,29440695291,0,0,379
14706,0,29442698450,29442698044,0,0,405
14707,0,29444699642,29444699233,0,0,408
14708,0,29446700648,29446700289,0,0,359
14709,0,29448703615,29448703198,0,0,416
14710,0,29450706792,29450706394,0,0,397
14711,0,29452708545,29452708143,0,0,401
14712,0,29454710942,29454710577,0,0,364
14713,0,29456713949,29456713550,0,0,399
14714,0,29458715081,29458714684,0,0,397
14715,0,29460717408,29460717015,0,0,393
14716,0,29462719575,29462719201,0,0,374
14717,0,29464722716,29464722320,0,0,395
14718,0,29466723438,29466723029,0,0,408
14719,0,29468726737,29468726327,0,0,409
14720,0,29470728733,29470728352,0,0,381
14721,0,29472730948,29472730566,0,0,382
14722,0,29474733172,29474732816,0,0,355
14723,0,29476736085,29476735699,0,0,385
14724,0,29478738664,29478738313,0,0,350
14725,0,29480739593,29480739217,0,0,375
14726,0,29482741246,29482740883,0,0,362
14727,0,29484744181,29484743811,0,0,369
14728,0,29486747308,29486746982,0,0,325
14729,0,29488749970,29488749604,0,0,366
14730,0,29490751035,29490750655,0,0,380
14731,0,29492753537,29492753155,0,0,382
14732,0,29494755573,29494755198,0,0,374
14733,0,29496758309,29496757921,0,0,387
14734,0,29498759925,29498759568,0,0,357
14735,0,29500762036,29500761665,0,0,370
14736,0,29502765461,29502765053,0,0,407
14737,0,29504767206,29504766831,0,0,375
14738,0,29506768378,29506768011,0,0,366
14739,0,29508771273,29508770889,0,0,383
14740,0,29510773081,29510772725,0,0,356
14741,0,29512775350,29512774985,0,0,364
14742,0,29514777917,29514777538,0,0,379
14743,0,29516781343,29516780973,0,0,370
14744,0,29518782235,29518781869,0,0,366
14745,0,29520784968,29520784564,0,0,404
14746,0,29522787446,29522787042,0,0,404
14747,0,29524789938,29524789522,0,0,415
14748,0,29526791741,29526791332,0,0,408
14749,0,29528793886,29528793469,0,0,417
14750,0,29530796020,29530795615,0,0,404
14751,0,29532797793,29532797385,0,0,407
14752,0,29534800030,29534799664,0,0,366
14753,0,29536803015,29536802633,0,0,382
14754,0,29538804633,29538804245,0,0,387
14755,0,29540807029,29540806613,0,0,416
14756,0,29542809294,29542808898,0,0,396
14757,0,29544811840,29544811433,0,0,407
14758,0,29546813750,29546813358,0,0,391
14759,0,29548815668,29548815274,0,0,394
14760,0,29550817947,29550817553,0,0,393
14761,0,29552821105,29552820731,0,0,373
14762,0,29554822054,29554821653,0,0,401
14763,0,29556824462,29556824054,0,0,408
14764,0,29558826629,29558826250,0,0,379
14765,0,29560828679,29560828266,0,0,413
14766,0,29562830018,29562829642,0,0,375
14767,0,29564832959,29564832554,0,0,404
14768,0,29566834660,29566834251,0,0,409
14769,0,29568838352,29568837951,0,0,401
14770,0,29570840263,29570839876,0,0,386
14771,0,29572842048,29572841642,0,0,405
14772,0,29574844148,29574843744,0,0,404
14773,0,29576846885,29576846477,0,0,407
14774,0,29578848607,29578848194,0,0,413
14775,0,29580849941,29580849552,0,0,388
14776,0,29582853289,29582852907,0,0,382
14777,0,29584855426,29584855031,0,0,395
14778,0,29586857975,29586857578,0,0,397
14779,0,29588861004,29588860584,0,0,419
14780,0,29590862213,29590861826,0,0,387
14781,0,29592864668,29592864274,0,0,394
14782,0,29594866608,29594866219,0,0,388
14783,0,29596868678,29596868276,0,0,402
14784,0,29598870084,29598869725,0,0,358
14785,0,29600873710,29600873312,0,0,397
14786,0,29602875799,29602875405,0,0,394
14787,0,29604878656,29604878256,0,0,399
14788,0,29606880751,29606880395,0,0,355
14789,0,29608880856,29608880479,0,0,377
14790,0,29610883546,29610883140,0,0,405
14791,0,29612886689,29612886301,0,0,388
14792,0,29614889086,29614888741,0,0,344
14793,0,29616892625,29616892222,0,0,403
14794,0,29618893305,29618892933,0,0,372
14795,0,29620896276,29620895880,0,0,396
14796,0,29622898219,29622897824,0,0,394
14797,0,29624901032,29624900665,0,0,366
14798,0,29626902342,29626901946,0,0,395
14799,0,29628904373,29628903996,0,0,377
14800,0,29630905766,29630905373,0,0,393
14801,0,29632909614,29632909232,0,0,382
14802,0,29634911816,29634911444,0,0,371
14803,0,29636913588,29636913212,0,0,376
14804,0,29638915592,29638915260,0,0,331
14805,0,29640918186,29640917821,0,0,365
14806,0,29642920076,29642919667,0,0,408
14807,0,29644922752,29644922400,0,0,351
14808,0,29646924806,29646924409,0,0,396
14809,0,29648927073,29648926689,0,0,383
14810,0,29650929021,29650928617,0,0,404
14811,0,29652931244,29652930847,0,0,397
14812,0,29654933733,29654933370,0,0,362
14813,0,29656936172,29656935773,0,0,398
14814,0,29658938092,29658937694,0,0,397
14815,0,29660940833,29660940433,0,0,400
14816,0,29662941892,29662941535,0,0,356
14817,0,29664945015,29664944628,0,0,386
14818,0,29666947229,29666946844,0,0,384
14819,0,29668949570,29668949188,0,0,382
14820,0,29670951275,29670950893,0,0,382
14821,0,29672953471,29672953080,0,0,391
14822,0,29674956049,29674955656,0,0,393
14823,0,29676957968,29676957559,0,0,408
14824,0,29678960604,29678960230,0,0,374
14825,0,29680962584,29680962188,0,0,395
14826,0,29682964815,29682964417,0,0,397
14827,0,29684966930,29684966528,0,0,402
14828,0,29686969159,29686968769,0,0,390
14829,0,29688971354,29688970963,0,0,391
14830,0,29690973970,29690973577,0,0,393
14831,0,29692975981,29692975574,0,0,406
14832,0,29694977906,29694977535,0,0,370
14833,0,29696981242,29696980838,0,0,404
14834,0,29698983096,29698982706,0,0,390
14835,0,29700985420,29700985046,0,0,374
14836,0,29702986502,29702986105,0,0,396
14837,0,29704988835,29704988422,0,0,412
14838,0,29706991385,29706990979,0,0,405
14839,0,29708993225,29708992830,0,0,395
14840,0,29710994716,29710994337,0,0,379
14841,0,29712998152,29712997725,0,0,426
14842,0,29715001114,29715000715,0,0,399
14843,0,29717004547,29717004154,0,0,393
14844,0,29719005069,29719004686,0,0,382
14845,0,29721007995,29721007604,0,0,391
14846,0,29723010804,29723010382,0,0,422
14847,0,29725011252,29725010829,0,0,423
14848,0,29727013271,29727012871,0,0,400
14849,0,29729015806,29729015399,0,0,406
14850,0,29731018083,29731017683,0,0,399
14851,0,29733020311,29733019898,0,0,413
14852,0,29735023955,29735023553,0,0,401
14853,0,29737024795,29737024386,0,0,408
14854,0,29739027541,29739027135,0,0,406
14855,0,29741030143,29741029726,0,0,417
14856,0,29743031287,29743030908,0,0,379
14857,0,29745033580,29745033193,0,0,387
14858,0,29747035739,29747035359,0,0,379
14859,0,29749039064,29749038673,0,0,391
14860,0,29751040365,29751039969,0,0,395
14861,0,29753042431,29753042042,0,0,388
14862,0,29755044680,29755044280,0,0,399
14863,0,29757046599,29757046204,0,0,395
14864,0,29759049210,29759048826,0,0,384
14865,0,29761052069,29761051679,0,0,390
14866,0,29763052922,29763052531,0,0,391
14867,0,29765055936,29765055543,0,0,392
14868,0,29767057851,29767057487,0,0,364
14869,0,29769060240,29769059856,0,0,384
14870,0,29771063497,29771063114,0,0,383
14871,0,29773064390,29773064007,0,0,382
14872,0,29775065811,29775065469,0,0,342
14873,0,29777069391,29777068984,0,0,406
14874,0,29779071752,29779071376,0,0,375
14875,0,29781074049,29781073676,0,0,373
14876,0,29783076335,29783075945,0,0,390
14877,0,29785078044,29785077684,0,0,360
14878,0,29787080741,29787080360,0,0,381
14879,0,29789082182,29789081793,0,0,389
14880,0,29791083732,29791083345,0,0,387
14881,0,29793087140,29793086748,0,0,391
14882,0,29795089523,29795089141,0,0,382
14883,0,29797091986,29797091591,0,0,395
14884,0,29799093588,29799093224,0,0,364
14885,0,29801096683,29801096284,0,0,399
14886,0,29803099467,29803099080,0,0,387
14887,0,29805100349,29805099968,0,0,381
14888,0,29807103811,29807103431,0,0,379
14889,0,29809104878,29809104478,0,0,399
14890,0,29811106946,29811106560,0,0,385
14891,0,29813109134,29813108732,0,0,401
14892,0,29815111358,29815110950,0,0,407
14893,0,29817115971,29817115575,0,0,395
14894,0,29819116831,29819116460,0,0,370
14895,0,29821118207,29821117811,0,0,396
14896,0,29823120648,29823120269,0,0,379
14897,0,29825123508,29825123135,0,0,373
14898,0,29827126269,29827125910,0,0,359
14899,0,29829126892,29829126488,0,0,404
14900,0,29831129083,29831128698,0,0,384
14901,0,29833131939,29833131541,0,0,397
14902,0,29835133702,29835133333,0,0,368
14903,0,29837136287,29837135905,0,0,382
14904,0,29839137928,29839137581,0,0,347
14905,0,29841140471,29841140089,0,0,382
14906,0,29843142449,29843142036,0,0,412
14907,0,29845145865,29845145474,0,0,391
14908,0,29847147586,29847147190,0,0,395
14909,0,29849149155,29849148763,0,0,391
14910,0,29851151362,29851150984,0,0,377
14911,0,29853153579,29853153191,0,0,388
14912,0,29855155887,29855155515,0,0,371
14913,0,29857157914,29857157498,0,0,415
14914,0,29859160486,29859160114,0,0,372
14915,0,29861163368,29861162987,0,0,380
14916,0,29863165376,29863165024,0,0,352
14917,0,29865165972,29865165580,0,0,391
14918,0,29867169509,29867169118,0,0,391
14919,0,29869171725,29869171342,0,0,382
14920,0,29871175202,29871174851,0,0,350
14921,0,29873177683,29873177300,0,0,382
14922,0,29875178949,29875178565,0,0,384
14923,0,29877180288,29877179894,0,0,393
14924,0,29879182528,29879182150,0,0,377
14925,0,29881185967,29881185575,0,0,392
14926,0,29883187252,29883186883,0,0,368
14927,0,29885189421,29885189045,0,0,375
14928,0,29887191512,29887191135,0,0,376
14929,0,29889193543,29889193156,0,0,387
14930,0,29891196008,29891195626,0,0,382
14931,0,29893198745,29893198360,0,0,384
14932,0,29895200806,29895200449,0,0,357
14933,0,29897202653,29897202268,0,0,384
14934,0,29899205426,29899205023,0,0,402
14935,0,29901207149,29901206759,0,0,390
14936,0,29903209327,29903208953,0,0,373
14937,0,29905211219,29905210842,0,0,376
14938,0,29907212598,29907212225,0,0,373
14939,0,29909215740,29909215341,0,0,399
14940,0,29911219000,29911218634,0,0,366
14941,0,29913221591,29913221168,0,0,422
14942,0,29915222782,29915222389,0,0,392
14943,0,29917227701,29917227319,0,0,382
14944,0,29919227228,29919226879,0,0,348
14945,0,29921229629,29921229238,0,0,390
14946,0,29923232098,29923231716,0,0,382
14947,0,29925234766,29925234373,0,0,393
14948,0,29927237243,29927236831,0,0,411
14949,0,29929238090,29929237696,0,0,394
14950,0,29931240395,29931240020,0,0,375
14951,0,29933242579,29933242175,0,0,404
14952,0,29935244771,29935244364,0,0,407
14953,0,29937246947,29937246564,0,0,382
14954,0,29939249214,29939248829,0,0,385
14955,0,29941251373,29941250980,0,0,393
14956,0,29943253539,29943253143,0,0,395
14957,0,29945256159,29945255778,0,0,380
14958,0,29947258559,29947258184,0,0,375
14959,0,29949260691,29949260304,0,0,386
14960,0,29951262747,29951262357,0,0,389
14961,0,29953265963,29953265554,0,0,408
14962,0,29955267237,29955266854,0,0,382
14963,0,29957269433,29957269039,0,0,393
14964,0,29959271662,29959271273,0,0,389
14965,0,29961273515,29961273134,0,0,380
14966,0,29963275875,29963275499,0,0,375
14967,0,29965277743,29965277358,0,0,384
14968,0,29967279636,29967279263,0,0,373
14969,0,29969282884,29969282489,0,0,395
14970,0,29971285323,29971284928,0,0,395
14971,0,29973286722,29973286319,0,0,402
14972,0,29975289004,29975288644,0,0,360
14973,0,29977292200,29977291784,0,0,415
14974,0,29979292555,29979292145,0,0,409
14975,0,29981295840,29981295429,0,0,411
14976,0,29983298161,29983297793,0,0,367
14977,0,29985300575,29985300152,0,0,422
14978,0,29987302482,29987302060,0,0,422
14979,0,29989306175,29989305773,0,0,402
14980,0,29991307332,29991306929,0,0,402
14981,0,29993309907,29993309528,0,0,379
14982,0,29995312011,29995311615,0,0,396
14983,0,29997314071,29997313653,0,0,417
14984,0,29999316782,29999316378,0,0,403
14985,0,30001319266,30001318876,0,0,389
14986,0,30003320456,30003320028,0,0,428
14987,0,30005322289,30005321894,0,0,395
14988,0,30007323640,30007323251,0,0,388
14989,0,30009327217,30009326807,0,0,410
14990,0,30011329181,30011328813,0,0,367
14991,0,30013331312,30013330916,0,0,395
14992,0,30015334035,30015333642,0,0,393
14993,0,30017338003,30017337619,0,0,384
14994,0,30019337444,30019337078,0,0,365
14995,0,30021340565,30021340182,0,0,382
14996,0,30023342926,30023342578,0,0,348
14997,0,30025345284,30025344908,0,0,375
14998,0,30027348261,30027347882,0,0,379
14999,0,30029349422,30029349030,0,0,391
15000,0,30031351625,30031351282,0,0,343
15001,0,30033354168,30033353782,0,0,386
15002,0,30035356460,30035356091,0,0,368
15003,0,30037358877,30037358501,0,0,375
15004,0,30039361332,30039360973,0,0,358
15005,0,30041364172,30041363791,0,0,381
15006,0,30043365332,30043364943,0,0,389
15007,0,30045367096,30045366708,0,0,387
15008,0,30047369594,30047369228,0,0,366
15009,0,30049371770,30049371383,0,0,387
15010,0,30051374015,30051373638,0,0,377
15011,0,30053376122,30053375713,0,0,408
15012,0,30055378507,30055378158,0,0,348
15013,0,30057380561,30057380178,0,0,382
15014,0,30059382962,30059382559,0,0,403
15015,0,30061385741,30061385350,0,0,391
15016,0,30063388375,30063387968,0,0,407
15017,0,30065389608,30065389199,0,0,408
15018,0,30067392269,30067391862,0,0,406
15019,0,30069394498,30069394089,0,0,408
15020,0,30071396271,30071395871,0,0,399
15021,0,30073398212,30073397815,0,0,396
15022,0,30075400125,30075399762,0,0,363
15023,0,30077401979,30077401584,0,0,395
15024,0,30079405867,30079405460,0,0,406
15025,0,30081408753,30081408358,0,0,395
15026,0,30083409705,30083409310,0,0,394
15027,0,30085411487,30085411088,0,0,399
15028,0,30087413757,30087413354,0,0,403
15029,0,30089416128,30089415739,0,0,389
15030,0,30091418497,30091418115,0,0,382
15031,0,30093420976,30093420575,0,0,400
15032,0,30095422670,30095422289,0,0,381
15033,0,30097425429,30097425053,0,0,375
15034,0,30099427864,30099427499,0,0,364
15035,0,30101428647,30101428241,0,0,406
15036,0,30103431919,30103431568,0,0,351
15037,0,30105434373,30105433993,0,0,380
15038,0,30107436226,30107435847,0,0,379
15039,0,30109438128,30109437759,0,0,368
15040,0,30111440826,30111440461,0,0,365
15041,0,30113442829,30113442443,0,0,385
15042,0,30115445081,30115444702,0,0,379
15043,0,30117449211,30117448809,0,0,401
15044,0,30119449811,30119449431,0,0,379
15045,0,30121451710,30121451316,0,0,393
15046,0,30123453990,30123453607,0,0,382
15047,0,30125455806,30125455400,0,0,405
15048,0,30127457554,30127457193,0,0,360
15049,0,30129460880,30129460512,0,0,367
15050,0,30131462887,30131462470,0,0,416
15051,0,30133465276,30133464891,0,0,384
15052,0,30135467218,30135466815,0,0,402
15053,0,30137471209,30137470799,0,0,410
15054,0,30139471754,30139471390,0,0,364
15055,0,30141473958,30141473559,0,0,399
15056,0,30143476528,30143476155,0,0,373
15057,0,30145478848,30145478460,0,0,388
15058,0,30147480814,30147480436,0,0,377
15059,0,30149482462,30149482072,0,0,389
15060,0,30151483801,30151483442,0,0,358
15061,0,30153487296,30153486908,0,0,388
15062,0,30155489748,30155489341,0,0,406
15063,0,30157491617,30157491235,0,0,382
15064,0,30159494130,30159493755,0,0,375
15065,0,30161496447,30161496071,0,0,376
15066,0,30163498516,30163498108,0,0,407
15067,0,30165501069,30165500691,0,0,378
15068,0,30167502943,30167502570,0,0,372
15069,0,30169505164,30169504764,0,0,399
15070,0,30171507281,30171506898,0,0,382
15071,0,30173510307,30173509887,0,0,420
15072,0,30175510776,30175510397,0,0,379
15073,0,30177514269,30177513872,0,0,397
15074,0,30179516457,30179516091,0,0,366
15075,0,30181519258,30181518884,0,0,373
15076,0,30183521875,30183521488,0,0,386
15077,0,30185522788,30185522397,0,0,391
15078,0,30187524854,30187524478,0,0,376
15079,0,30189527103,30189526712,0,0,391
15080,0,30191529878,30191529513,0,0,365
15081,0,30193531319,30193530945,0,0,373
15082,0,30195532911,30195532521,0,0,389
15083,0,30197536567,30197536165,0,0,402
15084,0,30199538678,30199538309,0,0,368
15085,0,30201540535,30201540137,0,0,397
15086,0,30203542992,30203542633,0,0,359
15087,0,30205544712,30205544357,0,0,355
15088,0,30207546360,30207545987,0,0,373
15089,0,30209550924,30209550550,0,0,374
15090,0,30211552004,30211551630,0,0,374
15091,0,30213553903,30213553510,0,0,393
15092,0,30215556234,30215555888,0,0,346
15093,0,30217559732,30217559352,0,0,380
15094,0,30219560920,30219560537,0,0,382
15095,0,30221563669,30221563280,0,0,389
15096,0,30223565984,30223565613,0,0,370
15097,0,30225566943,30225566568,0,0,375
15098,0,30227568957,30227568586,0,0,370
15099,0,30229571707,30229571362,0,0,345
15100,0,30231574757,30231574384,0,0,373
15101,0,30233577235,30233576853,0,0,382
15102,0,30235578746,30235578382,0,0,364
15103,0,30237580912,30237580552,0,0,360
15104,0,30239582851,30239582492,0,0,359
15105,0,30241584978,30241584609,0,0,368
15106,0,30243587490,30243587094,0,0,395
15107,0,30245589554,30245589159,0,0,395
15108,0,30247592490,30247592132,0,0,358
15109,0,30249593970,30249593584,0,0,385
15110,0,30251596234,30251595849,0,0,385
15111,0,30253599085,30253598714,0,0,370
15112,0,30255601387,30255601029,0,0,358
15113,0,30257604051,30257603678,0,0,372
15114,0,30259605324,30259604945,0,0,379
15115,0,30261607441,30261607055,0,0,386
15116,0,30263609327,30263608953,0,0,373
15117,0,30265611737,30265611361,0,0,375
15118,0,30267614298,30267613933,0,0,365
15119,0,30269616513,30269616157,0,0,356
15120,0,30271619783,30271619404,0,0,379
15121,0,30273621533,30273621150,0,0,383
15122,0,30275624165,30275623778,0,0,386
15123,0,30277626116,30277625739,0,0,377
15124,0,30279627265,30279626901,0,0,364
15125,0,30281629459,30281629076,0,0,382
15126,0,30283632249,30283631869,0,0,379
15127,0,30285634159,30285633771,0,0,388
15128,0,30287636366,30287635995,0,0,370
15129,0,30289638879,30289638482,0,0,397
15130,0,30291640614,30291640240,0,0,374
15131,0,30293643695,30293643330,0,0,365
15132,0,30295645410,30295645042,0,0,367
15133,0,30297647835,30297647452,0,0,382
15134,0,30299649802,30299649393,0,0,408
15135,0,30301651692,30301651298,0,0,393
15136,0,30303654229,30303653849,0,0,379
15137,0,30305656591,30305656197,0,0,394
15138,0,30307658899,30307658523,0,0,376
15139,0,30309661043,30309660624,0,0,419
15140,0,30311663487,30311663125,0,0,361
15141,0,30313665440,30313665063,0,0,376
15142,0,30315667776,30315667379,0,0,396
15143,0,30317671263,30317670882,0,0,381
15144,0,30319673007,30319672647,0,0,360
15145,0,30321674352,30321673971,0,0,381
15146,0,30323676455,30323676066,0,0,388
15147,0,30325678526,30325678135,0,0,391
15148,0,30327680595,30327680194,0,0,400
15149,0,30329683727,30329683318,0,0,408
15150,0,30331685131,30331684752,0,0,379
15151,0,30333687764,30333687377,0,0,386
15152,0,30335689644,30335689238,0,0,406
15153,0,30337692008,30337691606,0,0,402
15154,0,30339694622,30339694256,0,0,365
15155,0,30341696428,30341696011,0,0,417
15156,0,30343698404,30343698042,0,0,361
15157,0,30345700721,30345700321,0,0,399
15158,0,30347702999,30347702611,0,0,387
15159,0,30349704944,30349704534,0,0,409
15160,0,30351706529,30351706135,0,0,393
15161,0,30353710069,30353709653,0,0,415
15162,0,30355712660,30355712261,0,0,399
15163,0,30357714233,30357713817,0,0,415
15164,0,30359716314,30359715921,0,0,393
15165,0,30361718936,30361718534,0,0,402
15166,0,30363720840,30363720410,0,0,430
15167,0,30365723065,30365722646,0,0,418
15168,0,30367725705,30367725315,0,0,389
15169,0,30369727823,30369727429,0,0,393
15170,0,30371730372,30371729976,0,0,395
15171,0,30373734013,30373733602,0,0,411
15172,0,30375734974,30375734570,0,0,403
15173,0,30377736807,30377736399,0,0,408
15174,0,30379738821,30379738414,0,0,406
15175,0,30381740881,30381740485,0,0,395
15176,0,30383743450,30383743070,0,0,379
15177,0,30385745793,30385745398,0,0,394
15178,0,30387747722,30387747307,0,0,415
15179,0,30389749778,30389749375,0,0,403
15180,0,30391752853,30391752458,0,0,395
15181,0,30393754290,30393753911,0,0,379
15182,0,30395756243,30395755896,0,0,347
15183,0,30397758588,30397758188,0,0,399
15184,0,30399760862,30399760463,0,0,398
15185,0,30401763772,30401763368,0,0,404
15186,0,30403765237,30403764824,0,0,413
15187,0,30405767856,30405767448,0,0,408
15188,0,30407769889,30407769350,0,0,539
15189,0,30409771880,30409771468,0,0,411
15190,0,30411774316,30411773895,0,0,421
15191,0,30413776602,30413776202,0,0,400
15192,0,30415778914,30415778518,0,0,395
15193,0,30417782485,30417782088,0,0,397
15194,0,30419782821,30419782431,0,0,390
15195,0,30421785188,30421784802,0,0,386
15196,0,30423788195,30423787786,0,0,409
15197,0,30425789595,30425789187,0,0,407
15198,0,30427793083,30427792683,0,0,400
15199,0,30429794276,30429793869,0,0,406
15200,0,30431796507,30431796121,0,0,386
15201,0,30433798562,30433798182,0,0,380
15202,0,30435800779,30435800406,0,0,373
15203,0,30437804074,30437803703,0,0,370
15204,0,30439806411,30439806046,0,0,364
15205,0,30441807408,30441807011,0,0,397
15206,0,30443809759,30443809379,0,0,380
15207,0,30445813083,30445812692,0,0,391
15208,0,30447815115,30447814728,0,0,387
15209,0,30449816237,30449815858,0,0,379
15210,0,30451817615,30451817230,0,0,384
15211,0,30453820744,30453820349,0,0,395
15212,0,30455823070,30455822710,0,0,360
15213,0,30457825479,30457825078,0,0,400
15214,0,30459827575,30459827200,0,0,375
15215,0,30461829573,30461829200,0,0,372
15216,0,30463831255,30463830884,0,0,370
15217,0,30465835044,30465834653,0,0,391
15218,0,30467836315,30467835955,0,0,360
15219,0,30469838889,30469838520,0,0,368
15220,0,30471840892,30471840535,0,0,357
15221,0,30473843193,30473842811,0,0,382
15222,0,30475845722,30475845305,0,0,417
15223,0,30477847775,30477847405,0,0,370
15224,0,30479850166,30479849820,0,0,346
15225,0,30481852715,30481852330,0,0,384
15226,0,30483854340,30483853957,0,0,382
15227,0,30485856227,30485855840,0,0,386
15228,0,30487858337,30487857964,0,0,372
15229,0,30489860519,30489860139,0,0,380
15230,0,30491861921,30491861533,0,0,387
15231,0,30493865391,30493865014,0,0,376
15232,0,30495867930,30495867575,0,0,355
15233,0,30497869608,30497869227,0,0,381
15234,0,30499870991,30499870626,0,0,364
15235,0,30501875519,30501875157,0,0,361
15236,0,30503876555,30503876176,0,0,378
15237,0,30505878321,30505877954,0,0,367
15238,0,30507880103,30507879725,0,0,378
15239,0,30509883048,30509882678,0,0,370
15240,0,30511885720,30511885390,0,0,330
15241,0,30513887242,30513886860,0,0,381
15242,0,30515888571,30515888186,0,0,384
15243,0,30517893368,30517892983,0,0,385
15244,0,30519894466,30519894095,0,0,370
15245,0,30521896800,30521896400,0,0,400
15246,0,30523898755,30523898382,0,0,373
15247,0,30525901561,30525901178,0,0,383
15248,0,30527904812,30527904439,0,0,373
15249,0,30529906460,30529906061,0,0,398
15250,0,30531908480,30531908111,0,0,369
15251,0,30533910648,30533910281,0,0,366
15252,0,30535911373,30535910977,0,0,395
15253,0,30537915305,30537914921,0,0,384
15254,0,30539916584,30539916207,0,0,377
15255,0,30541919762,30541919381,0,0,381
15256,0,30543922274,30543921898,0,0,375
15257,0,30545923638,30545923245,0,0,393
15258,0,30547925804,30547925420,0,0,384
15259,0,30549927759,30549927378,0,0,381
15260,0,30551930734,30551930370,0,0,364
15261,0,30553933622,30553933226,0,0,396
15262,0,30555934711,30555934316,0,0,394
15263,0,30557936610,30557936226,0,0,383
15264,0,30559939211,30559938808,0,0,402
15265,0,30561941524,30561941123,0,0,400
15266,0,30563943596,30563943230,0,0,366
15267,0,30565945377,30565944969,0,0,407
15268,0,30567947948,30567947602,0,0,346
15269,0,30569950142,30569949743,0,0,399
15270,0,30571951984,30571951574,0,0,410
15271,0,30573954410,30573954020,0,0,389
15272,0,30575956620,30575956244,0,0,376
15273,0,30577958707,30577958316,0,0,391
15274,0,30579961111,30579960713,0,0,397
15275,0,30581963313,30581962907,0,0,405
15276,0,30583965280,30583964914,0,0,366
15277,0,30585967644,30585967242,0,0,402
15278,0,30587969833,30587969563,0,0,269
15279,0,30589971803,30589971409,0,0,393
15280,0,30591974125,30591973730,0,0,394
15281,0,30593978006,30593977600,0,0,406
15282,0,30595979025,30595978641,0,0,384
15283,0,30597981411,30597980979,0,0,432
15284,0,30599983357,30599982958,0,0,399
15285,0,30601985687,30601985273,0,0,414
15286,0,30603987557,30603987150,0,0,407
15287,0,30605989947,30605989530,0,0,416
15288,0,30607992308,30607991926,0,0,382
15289,0,30609994415,30609994007,0,0,408
15290,0,30611998007,30611997613,0,0,393
15291,0,30613998952,30613998545,0,0,407
15292,0,30616001302,30616000936,0,0,366
15293,0,30618004264,30618003836,0,0,427
15294,0,30620004658,30620004254,0,0,404
15295,0,30622007370,30622006979,0,0,391
15296,0,30624009050,30624008649,0,0,400
15297,0,30626011943,30626011537,0,0,405
15298,0,30628013260,30628012895,0,0,365
15299,0,30630017226,30630016829,0,0,397
15300,0,30632018709,30632018319,0,0,390
15301,0,30634021484,30634021091,0,0,393
15302,0,30636023431,30636023038,0,0,392
15303,0,30638025358,30638024961,0,0,396
15304,0,30640026784,30640026393,0,0,390
15305,0,30642030103,30642029691,0,0,411
15306,0,30644032077,30644031667,0,0,409
15307,0,30646034783,30646034366,0,0,416
15308,0,30648037494,30648037077,0,0,417
15309,0,30650038928,30650038518,0,0,410
15310,0,30652041060,30652040678,0,0,382
15311,0,30654043084,30654042668,0,0,415
15312,0,30656044790,30656044381,0,0,408
15313,0,30658047536,30658047153,0,0,382
15314,0,30660050456,30660050074,0,0,381
15315,0,30662052062,30662051618,0,0,444
15316,0,30664053643,30664053234,0,0,408
15317,0,30666057143,30666056750,0,0,393
15318,0,30668058804,30668058403,0,0,401
15319,0,30670060711,30670060320,0,0,391
15320,0,30672062296,30672061887,0,0,408
15321,0,30674065440,30674065067,0,0,373
15322,0,30676067687,30676067283,0,0,404
15323,0,30678070202,30678069788,0,0,413
15324,0,30680072699,30680072288,0,0,411
15325,0,30682074447,30682074038,0,0,408
15326,0,30684077923,30684077519,0,0,403
15327,0,30686078573,30686078152,0,0,420
15328,0,30688080317,30688079932,0,0,384
15329,0,30690083043,30690082657,0,0,386
15330,0,30692084539,30692084157,0,0,382
15331,0,30694088522,30694088129,0,0,393
15332,0,30696089950,30696089580,0,0,369
15333,0,30698092798,30698092402,0,0,395
15334,0,30700094525,30700094136,0,0,389
15335,0,30702096467,30702096069,0,0,397
15336,0,30704097961,30704097584,0,0,376
15337,0,30706101237,30706100852,0,0,384
15338,0,30708103562,30708103175,0,0,387
15339,0,30710106337,30710105943,0,0,394
15340,0,30712107838,30712107480,0,0,357
15341,0,30714110085,30714109706,0,0,379
15342,0,30716112179,30716111808,0,0,370
15343,0,30718115602,30718115206,0,0,395
15344,0,30720117102,30720116712,0,0,389
15345,0,30722119017,30722118630,0,0,386
15346,0,30724121215,30724120830,0,0,384
15347,0,30726123541,30726123161,0,0,379
15348,0,30728125806,30728125440,0,0,366
15349,0,30730128224,30730127819,0,0,405
15350,0,30732130354,30732129946,0,0,408
15351,0,30734132026,30734131635,0,0,390
15352,0,30736133456,30736133133,0,0,323
15353,0,30738135466,30738135093,0,0,373
15354,0,30740138479,30740138086,0,0,393
15355,0,30742141365,30742140962,0,0,402
15356,0,30744143900,30744143543,0,0,356
15357,0,30746145810,30746145433,0,0,376
15358,0,30748147465,30748147072,0,0,393
15359,0,30750149006,30750148635,0,0,370
15360,0,30752152054,30752151678,0,0,376
15361,0,30754154285,30754153928,0,0,357
15362,0,30756155915,30756155552,0,0,363
15363,0,30758159223,30758158858,0,0,365
15364,0,30760161291,30760160930,0,0,360
15365,0,30762163465,30762163082,0,0,382
15366,0,30764166142,30764165776,0,0,366
15367,0,30766167933,30766167552,0,0,380
15368,0,30768170025,30768169686,0,0,339
15369,0,30770172161,30770171773,0,0,387
15370,0,30772174507,30772174137,0,0,370
15371,0,30774176701,30774176316,0,0,384
15372,0,30776179375,30776179011,0,0,364
15373,0,30778181110,30778180730,0,0,379
15374,0,30780183017,30780182644,0,0,373
15375,0,30782184280,30782183897,0,0,383
15376,0,30784187741,30784187363,0,0,377
15377,0,30786191003,30786190629,0,0,373
15378,0,30788192794,30788192396,0,0,397
15379,0,30790194422,30790194029,0,0,392
15380,0,30792197136,30792196790,0,0,346
15381,0,30794199806,30794199435,0,0,370
15382,0,30796200227,30796199832,0,0,395
15383,0,30798203064,30798202690,0,0,373
15384,0,30800204784,30800204427,0,0,356
15385,0,30802208061,30802207692,0,0,368
15386,0,30804210863,30804210525,0,0,338
15387,0,30806213050,30806212683,0,0,367
15388,0,30808213991,30808213660,0,0,330
15389,0,30810216868,30810216498,0,0,369
15390,0,30812219086,30812218733,0,0,352
15391,0,30814221035,30814220660,0,0,375
15392,0,30816223156,30816222763,0,0,393
15393,0,30818227340,30818226948,0,0,392
15394,0,30820228198,30820227820,0,0,377
15395,0,30822230045,30822229610,0,0,435
15396,0,30824232658,30824232257,0,0,401
15397,0,30826234668,30826234231,0,0,437
15398,0,30828237552,30828237140,0,0,412
15399,0,30830240503,30830240082,0,0,421
15400,0,30832241066,30832240641,0,0,424
15401,0,30834243923,30834243493,0,0,429
15402,0,30836246201,30836245782,0,0,419
15403,0,30838248301,30838247867,0,0,433
15404,0,30840250531,30840250110,0,0,421
15405,0,30842252694,30842252289,0,0,404
15406,0,30844254238,30844253826,0,0,412
15407,0,30846255698,30846255280,0,0,417
15408,0,30848259327,30848258916,0,0,410
15409,0,30850261357,30850260965,0,0,391
15410,0,30852263576,30852263190,0,0,386
15411,0,30854265606,30854265189,0,0,416
15412,0,30856267265,30856266901,0,0,364
15413,0,30858271020,30858270622,0,0,397
15414,0,30860273173,30860272763,0,0,409
15415,0,30862276570,30862276160,0,0,410
15416,0,30864277725,30864277366,0,0,359
15417,0,30866279474,30866279067,0,0,406
15418,0,30868281184,30868280799,0,0,384
15419,0,30870283483,30870283065,0,0,417
15420,0,30872286124,30872285717,0,0,406
15421,0,30874288689,30874288249,0,0,440
15422,0,30876290071,30876289674,0,0,397
15423,0,30878292143,30878291731,0,0,411
15424,0,30880294022,30880293617,0,0,404
15425,0,30882296619,30882296209,0,0,409
15426,0,30884297930,30884297523,0,0,406
15427,0,30886302104,30886301674,0,0,429
15428,0,30888303569,30888303166,0,0,403
15429,0,30890305745,30890305320,0,0,424
15430,0,30892307949,30892307536,0,0,413
15431,0,30894310314,30894309906,0,0,408
15432,0,30896312977,30896312555,0,0,422
15433,0,30898315542,30898315160,0,0,382
15434,0,30900317177,30900316788,0,0,388
15435,0,30902320916,30902320512,0,0,404
15436,0,30904321095,30904320697,0,0,397
15437,0,30906322431,30906322030,0,0,400
15438,0,30908324328,30908323960,0,0,367
15439,0,30910326614,30910326217,0,0,396
15440,0,30912329087,30912328672,0,0,415
15441,0,30914332679,30914332269,0,0,410
15442,0,30916334480,30916334098,0,0,382
15443,0,30918338642,30918338219,0,0,422
15444,0,30920339166,30920338781,0,0,385
15445,0,30922341307,30922340893,0,0,413
15446,0,30924343368,30924342982,0,0,386
15447,0,30926345757,30926345341,0,0,415
15448,0,30928347652,30928347253,0,0,399
15449,0,30930349571,30930349184,0,0,387
15450,0,30932352435,30932352053,0,0,382
15451,0,30934354510,30934354096,0,0,413
15452,0,30936357775,30936357361,0,0,413
15453,0,30938361346,30938360952,0,0,393
15454,0,30940363387,30940362976,0,0,411
15455,0,30942363526,30942363134,0,0,392
15456,0,30944366136,30944365732,0,0,403
15457,0,30946368292,30946367923,0,0,369
15458,0,30948370469,30948370123,0,0,346
15459,0,30950373162,30950372755,0,0,407
15460,0,30952375042,30952374669,0,0,373
15461,0,30954377779,30954377378,0,0,400
15462,0,30956380534,30956380161,0,0,373
15463,0,30958381525,30958381114,0,0,411
15464,0,30960383714,30960383328,0,0,386
15465,0,30962386413,30962386031,0,0,382
15466,0,30964388294,30964387919,0,0,375
15467,0,30966390548,30966390153,0,0,394
15468,0,30968392548,30968392165,0,0,382
15469,0,30970394692,30970394311,0,0,380
15470,0,30972397331,30972396934,0,0,396
15471,0,30974399092,30974398712,0,0,379
15472,0,30976402189,30976401808,0,0,381
15473,0,30978405345,30978404982,0,0,362
15474,0,30980406045,30980405685,0,0,360
15475,0,30982408595,30982408200,0,0,395
15476,0,30984410319,30984409950,0,0,368
15477,0,30986412649,30986412280,0,0,368
15478,0,30988414916,30988414551,0,0,365
15479,0,30990417382,30990416988,0,0,393
15480,0,30992419983,30992419610,0,0,373
15481,0,30994422458,30994422080,0,0,377
15482,0,30996424319,30996423941,0,0,377
15483,0,30998426065,30998425682,0,0,382
15484,0,31000428523,31000428152,0,0,370
15485,0,31002430644,31002430247,0,0,396
15486,0,31004432921,31004432537,0,0,384
15487,0,31006434298,31006433897,0,0,400
15488,0,31008436012,31008435641,0,0,370
15489,0,31010439477,31010439108,0,0,368
15490,0,31012442608,31012442252,0,0,355
15491,0,31014444237,31014443854,0,0,382
15492,0,31016445692,31016445332,0,0,359
15493,0,31018449177,31018448804,0,0,373
15494,0,31020450441,31020450089,0,0,352
15495,0,31022452543,31022452162,0,0,381
15496,0,31024454883,31024454489,0,0,393
15497,0,31026457064,31026456694,0,0,370
15498,0,31028459074,31028458705,0,0,368
15499,0,31030461705,31030461322,0,0,383
15500,0,31032463907,31032463538,0,0,368
15501,0,31034466150,31034465765,0,0,384
15502,0,31036468133,31036467764,0,0,369
15503,0,31038470688,31038470301,0,0,387
15504,0,31040473521,31040473167,0,0,353
15505,0,31042476188,31042475813,0,0,375
15506,0,31044477361,31044477028,0,0,332
15507,0,31046479266,31046478902,0,0,364
15508,0,31048481775,31048481430,0,0,345
15509,0,31050485102,31050484752,0,0,349
15510,0,31052486049,31052485696,0,0,352
15511,0,31054488555,31054488175,0,0,380
15512,0,31056490361,31056489996,0,0,364
15513,0,31058493223,31058492862,0,0,360
15514,0,31060496247,31060495861,0,0,385
15515,0,31062498177,31062497773,0,0,404
15516,0,31064499798,31064499413,0,0,384
15517,0,31066501878,31066501500,0,0,378
15518,0,31068504339,31068503943,0,0,395
15519,0,31070506037,31070505624,0,0,413
15520,0,31072508177,31072507751,0,0,425
15521,0,31074510859,31074510433,0,0,425
15522,0,31076513024,31076512632,0,0,391
15523,0,31078515014,31078514597,0,0,416
15524,0,31080517688,31080517263,0,0,424
15525,0,31082519941,31082519528,0,0,413
15526,0,31084522499,31084522087,0,0,412
15527,0,31086525907,31086525488,0,0,419
15528,0,31088526135,31088525752,0,0,382
15529,0,31090528677,31090528271,0,0,406
15530,0,31092530590,31092530181,0,0,408
15531,0,31094533155,31094532738,0,0,417
15532,0,31096535092,31096534705,0,0,386
15533,0,31098537444,31098537027,0,0,417
15534,0,31100539589,31100539188,0,0,401
15535,0,31102542460,31102542044,0,0,416
15536,0,31104545440,31104545044,0,0,395
15537,0,31106546368,31106545975,0,0,393
15538,0,31108548813,31108548431,0,0,381
15539,0,31110550530,31110550116,0,0,413
15540,0,31112552970,31112552613,0,0,357
15541,0,31114555558,31114555157,0,0,400
15542,0,31116557543,31116557149,0,0,394
15543,0,31118560752,31118560340,0,0,412
15544,0,31120561490,31120561112,0,0,377
15545,0,31122564864,31122564449,0,0,415
15546,0,31124566398,31124565992,0,0,406
15547,0,31126568701,31126568289,0,0,411
15548,0,31128570786,31128570370,0,0,415
15549,0,31130573334,31130572923,0,0,411
15550,0,31132575610,31132575215,0,0,395
15551,0,31134577038,31134576622,0,0,415
15552,0,31136579204,31136578806,0,0,397
15553,0,31138581793,31138581398,0,0,395
15554,0,31140584122,31140583743,0,0,379
15555,0,31142587470,31142587064,0,0,406
15556,0,31144589385,31144588987,0,0,397
15557,0,31146590918,31146590503,0,0,415
15558,0,31148592611,31148592224,0,0,386
15559,0,31150594875,31150594483,0,0,392
15560,0,31152597029,31152596647,0,0,382
15561,0,31154599474,31154599051,0,0,422
15562,0,31156601397,31156600968,0,0,429
15563,0,31158604282,31158603873,0,0,408
15564,0,31160606187,31160605770,0,0,416
15565,0,31162608649,31162608233,0,0,416
15566,0,31164610098,31164609684,0,0,414
15567,0,31166611903,31166611489,0,0,413
15568,0,31168615478,31168615074,0,0,403
15569,0,31170617308,31170616901,0,0,406
15570,0,31172619549,31172619160,0,0,388
15571,0,31174621814,31174621422,0,0,391
15572,0,31176624095,31176623714,0,0,381
15573,0,31178626231,31178625826,0,0,405
15574,0,31180628128,31180627720,0,0,408
15575,0,31182630791,31182630371,0,0,419
15576,0,31184632700,31184632294,0,0,405
15577,0,31186635321,31186634906,0,0,414
15578,0,31188637530,31188637110,0,0,419
15579,0,31190639801,31190639376,0,0,424
15580,0,31192642141,31192641764,0,0,377
15581,0,31194645247,31194644836,0,0,411
15582,0,31196646693,31196646285,0,0,408
15583,0,31198648708,31198648261,0,0,447
15584,0,31200650656,31200650244,0,0,411
15585,0,31202653482,31202653078,0,0,403
15586,0,31204654982,31204654583,0,0,399
15587,0,31206658261,31206657866,0,0,395
15588,0,31208659353,31208658966,0,0,386
15589,0,31210662053,31210661634,0,0,419
15590,0,31212664292,31212663902,0,0,389
15591,0,31214666455,31214666060,0,0,394
15592,0,31216668369,31216667986,0,0,382
15593,0,31218671903,31218671501,0,0,402
15594,0,31220672750,31220672334,0,0,415
15595,0,31222674910,31222674507,0,0,402
15596,0,31224676981,31224676610,0,0,370
15597,0,31226679395,31226678986,0,0,408
15598,0,31228680577,31228680200,0,0,377
15599,0,31230683964,31230683572,0,0,392
15600,0,31232687283,31232686884,0,0,399
15601,0,31234688449,31234688065,0,0,384
15602,0,31236690336,31236689977,0,0,359
15603,0,31238693012,31238692640,0,0,372
15604,0,31240695342,31240694967,0,0,375
15605,0,31242697709,31242697314,0,0,394
15606,0,31244699627,31244699211,0,0,415
15607,0,31246701858,31246701466,0,0,392
15608,0,31248703973,31248703596,0,0,376
15609,0,31250706276,31250705867,0,0,408
15610,0,31252708779,31252708383,0,0,396
15611,0,31254710244,31254709862,0,0,381
15612,0,31256712316,31256711955,0,0,361
15613,0,31258715020,31258714620,0,0,399
15614,0,31260717516,31260717117,0,0,399
15615,0,31262719861,31262719460,0,0,400
15616,0,31264722107,31264721738,0,0,369
15617,0,31266724040,31266723668,0,0,372
15618,0,31268727360,31268726956,0,0,404
15619,0,31270728861,31270728481,0,0,379
15620,0,31272731034,31272730674,0,0,360
15621,0,31274732937,31274732537,0,0,400
15622,0,31276735559,31276735177,0,0,382
15623,0,31278737489,31278737108,0,0,380
15624,0,31280739586,31280739229,0,0,357
15625,0,31282742707,31282742311,0,0,395
15626,0,31284744487,31284744096,0,0,391
15627,0,31286746982,31286746616,0,0,365
15628,0,31288748533,31288748144,0,0,388
15629,0,31290750509,31290750148,0,0,360
15630,0,31292752950,31292752596,0,0,354
15631,0,31294755294,31294754931,0,0,363
15632,0,31296758747,31296758339,0,0,407
15633,0,31298760487,31298760068,0,0,419
15634,0,31300762193,31300761801,0,0,392
15635,0,31302763981,31302763590,0,0,391
15636,0,31304767284,31304766871,0,0,412
15637,0,31306768633,31306768216,0,0,417
15638,0,31308771821,31308771431,0,0,389
15639,0,31310774346,31310773939,0,0,407
15640,0,31312775629,31312775268,0,0,361
15641,0,31314777914,31314777524,0,0,389
15642,0,31316779642,31316779243,0,0,399
15643,0,31318783867,31318783485,0,0,382
15644,0,31320785750,31320785389,0,0,361
15645,0,31322787518,31322787135,0,0,382
15646,0,31324788712,31324788329,0,0,382
15647,0,31326791182,31326790788,0,0,393
15648,0,31328793110,31328792725,0,0,384
15649,0,31330795266,31330794891,0,0,375
15650,0,31332797734,31332797310,0,0,424
15651,0,31334799612,31334799206,0,0,406
15652,0,31336802318,31336801929,0,0,388
15653,0,31338804194,31338803796,0,0,397
15654,0,31340806998,31340806603,0,0,395
15655,0,31342809673,31342809285,0,0,387
15656,0,31344811221,31344810847,0,0,373
15657,0,31346812973,31346812573,0,0,400
15658,0,31348815454,31348815035,0,0,419
15659,0,31350818271,31350817862,0,0,408
15660,0,31352821138,31352820764,0,0,373
15661,0,31354822292,31354821878,0,0,413
15662,0,31356824402,31356824022,0,0,379
15663,0,31358826835,31358826429,0,0,406
15664,0,31360829417,31360829029,0,0,388
15665,0,31362832589,31362832184,0,0,405
15666,0,31364834282,31364833897,0,0,384
15667,0,31366835305,31366834901,0,0,404
15668,0,31368837424,31368837067,0,0,357
15669,0,31370840121,31370839702,0,0,419
15670,0,31372841622,31372841214,0,0,407
15671,0,31374844026,31374843632,0,0,394
15672,0,31376846626,31376846262,0,0,364
15673,0,31378849528,31378849132,0,0,396
15674,0,31380850660,31380850287,0,0,373
15675,0,31382853065,31382852679,0,0,386
15676,0,31384855850,31384855457,0,0,393
15677,0,31386857912,31386857509,0,0,402
15678,0,31388859821,31388859407,0,0,413
15679,0,31390862119,31390861717,0,0,402
15680,0,31392864435,31392864078,0,0,357
15681,0,31394866736,31394866359,0,0,376
15682,0,31396868575,31396868206,0,0,368
15683,0,31398871833,31398871460,0,0,372
15684,0,31400874304,31400873925,0,0,378
15685,0,31402875267,31402874868,0,0,399
15686,0,31404877330,31404876932,0,0,397
15687,0,31406879462,31406879059,0,0,402
15688,0,31408881206,31408880826,0,0,379
15689,0,31410884042,31410883653,0,0,389
15690,0,31412886593,31412886184,0,0,409
15691,0,31414889472,31414889099,0,0,373
15692,0,31416890946,31416890548,0,0,397
15693,0,31418894158,31418893744,0,0,413
15694,0,31420894924,31420894538,0,0,386
15695,0,31422896976,31422896579,0,0,397
15696,0,31424899098,31424898703,0,0,395
15697,0,31426902420,31426902017,0,0,402
15698,0,31428904634,31428904251,0,0,382
15699,0,31430907007,31430906620,0,0,386
15700,0,31432908278,31432907880,0,0,397
15701,0,31434910241,31434909840,0,0,400
15702,0,31436913505,31436913088,0,0,416
15703,0,31438915994,31438915608,0,0,385
15704,0,31440917698,31440917328,0,0,370
15705,0,31442920033,31442919652,0,0,380
15706,0,31444921626,31444921231,0,0,395
15707,0,31446923271,31446922884,0,0,387
15708,0,31448927328,31448926957,0,0,370
15709,0,31450930419,31450930038,0,0,380
15710,0,31452930883,31452930484,0,0,399
15711,0,31454933892,31454933498,0,0,393
15712,0,31456934948,31456934555,0,0,393
15713,0,31458938298,31458937903,0,0,395
15714,0,31460940892,31460940517,0,0,374
15715,0,31462942937,31462942548,0,0,388
15716,0,31464945188,31464944813,0,0,375
15717,0,31466946469,31466946069,0,0,400
15718,0,31468948906,31468948507,0,0,399
15719,0,31470952029,31470951647,0,0,382
15720,0,31472954303,31472953923,0,0,379
15721,0,31474955326,31474954940,0,0,386
15722,0,31476957336,31476956922,0,0,413
15723,0,31478959606,31478959206,0,0,400
15724,0,31480961639,31480961258,0,0,380
15725,0,31482963241,31482962842,0,0,399
15726,0,31484966330,31484965944,0,0,386
15727,0,31486969237,31486968840,0,0,396
15728,0,31488970083,31488969689,0,0,393
15729,0,31490972676,31490972271,0,0,404
15730,0,31492974362,31492973973,0,0,388
15731,0,31494977420,31494977016,0,0,403
15732,0,31496979545,31496979166,0,0,379
15733,0,31498982264,31498981881,0,0,382
15734,0,31500984267,31500983862,0,0,405
15735,0,31502986074,31502985676,0,0,397
15736,0,31504987799,31504987420,0,0,379
15737,0,31506991002,31506990606,0,0,395
15738,0,31508993870,31508993462,0,0,407
15739,0,31510996355,31510995952,0,0,402
15740,0,31512997811,31512997444,0,0,366
15741,0,31514999603,31514999206,0,0,396
15742,0,31517001890,31517001492,0,0,398
15743,0,31519005641,31519005247,0,0,393
15744,0,31521006306,31521005913,0,0,393
15745,0,31523008781,31523008401,0,0,379
15746,0,31525011611,31525011238,0,0,373
15747,0,31527013517,31527013148,0,0,369
15748,0,31529016035,31529015679,0,0,356
15749,0,31531017986,31531017614,0,0,371
15750,0,31533019701,31533019330,0,0,370
15751,0,31535022414,31535022042,0,0,371
15752,0,31537024230,31537023884,0,0,346
15753,0,31539026230,31539025834,0,0,395
15754,0,31541027622,31541027229,0,0,393
15755,0,31543031118,31543030714,0,0,403
15756,0,31545033418,31545033062,0,0,355
15757,0,31547035923,31547035554,0,0,369
15758,0,31549037274,31549036914,0,0,360
15759,0,31551039950,31551039566,0,0,384
15760,0,31553043316,31553042912,0,0,404
15761,0,31555045019,31555044643,0,0,375
15762,0,31557045914,31557045551,0,0,363
15763,0,31559048586,31559048217,0,0,369
15764,0,31561052125,31561051759,0,0,366
15765,0,31563053397,31563053004,0,0,393
15766,0,31565055315,31565054923,0,0,391
15767,0,31567057853,31567057469,0,0,383
15768,0,31569059896,31569059509,0,0,387
15769,0,31571062281,31571061870,0,0,411
15770,0,31573064767,31573064343,0,0,423
15771,0,31575066619,31575066202,0,0,417
15772,0,31577069070,31577068705,0,0,365
15773,0,31579070925,31579070512,0,0,413
15774,0,31581073294,31581072894,0,0,399
15775,0,31583075712,31583075271,0,0,440
15776,0,31585077620,31585077215,0,0,404
15777,0,31587080119,31587079725,0,0,393
15778,0,31589082260,31589081886,0,0,374
15779,0,31591084924,31591084510,0,0,414
15780,0,31593086649,31593086264,0,0,384
15781,0,31595089055,31595088654,0,0,400
15782,0,31597092231,31597091829,0,0,402
15783,0,31599093619,31599093202,0,0,416
15784,0,31601095997,31601095570,0,0,427
15785,0,31603098125,31603097745,0,0,380
15786,0,31605099997,31605099602,0,0,395
15787,0,31607102024,31607101608,0,0,415
15788,0,31609104422,31609104069,0,0,352
15789,0,31611106626,31611106233,0,0,393
15790,0,31613109051,31613108679,0,0,372
15791,0,31615111231,31615110835,0,0,395
15792,0,31617114588,31617114191,0,0,396
15793,0,31619117970,31619117549,0,0,421
15794,0,31621117888,31621117485,0,0,402
15795,0,31623120424,31623120015,0,0,408
15796,0,31625122818,31625122417,0,0,400
15797,0,31627125143,31627124746,0,0,396
15798,0,31629127036,31629126640,0,0,396
15799,0,31631128962,31631128560,0,0,402
15800,0,31633131750,31633131366,0,0,383
15801,0,31635135464,31635135062,0,0,402
15802,0,31637135638,31637135245,0,0,392
15803,0,31639137535,31639137129,0,0,406
15804,0,31641140016,31641139624,0,0,391
15805,0,31643142194,31643141813,0,0,381
15806,0,31645144579,31645144193,0,0,386
15807,0,31647147047,31647146639,0,0,407
15808,0,31649149280,31649148886,0,0,393
15809,0,31651151154,31651150755,0,0,399
15810,0,31653153530,31653153153,0,0,377
15811,0,31655156402,31655156002,0,0,400
15812,0,31657158526,31657158166,0,0,360
15813,0,31659160305,31659159905,0,0,400
15814,0,31661161902,31661161498,0,0,403
15815,0,31663164446,31663164056,0,0,389
15816,0,31665166874,31665166475,0,0,399
15817,0,31667168887,31667168460,0,0,426
15818,0,31669170789,31669170379,0,0,410
15819,0,31671173789,31671173395,0,0,393
15820,0,31673175878,31673175498,0,0,380
15821,0,31675178013,31675177630,0,0,383
15822,0,31677179588,31677179220,0,0,368
15823,0,31679180896,31679180506,0,0,389
15824,0,31681183626,31681183231,0,0,395
15825,0,31683186615,31683186219,0,0,395
15826,0,31685188789,31685188413,0,0,376
15827,0,31687190993,31687190626,0,0,366
15828,0,31689193429,31689193056,0,0,373
15829,0,31691195471,31691195116,0,0,355
15830,0,31693197615,31693197240,0,0,375
15831,0,31695199975,31695199577,0,0,397
15832,0,31697201808,31697201402,0,0,406
15833,0,31699203665,31699203273,0,0,392
15834,0,31701206716,31701206356,0,0,360
15835,0,31703208763,31703208361,0,0,402
15836,0,31705211164,31705210809,0,0,354
15837,0,31707214325,31707213916,0,0,409
15838,0,31709215993,31709215604,0,0,389
15839,0,31711217685,31711217283,0,0,402
15840,0,31713220440,31713220051,0,0,388
15841,0,31715222184,31715221791,0,0,393
15842,0,31717224397,31717224013,0,0,383
15843,0,31719228600,31719228222,0,0,377
15844,0,31721229552,31721229196,0,0,355
15845,0,31723232548,31723232139,0,0,408
15846,0,31725233741,31725233336,0,0,405
15847,0,31727235640,31727235239,0,0,400
15848,0,31729238568,31729238177,0,0,391
15849,0,31731240913,31731240523,0,0,389
15850,0,31733242292,31733241883,0,0,408
15851,0,31735244184,31735243791,0,0,393
15852,0,31737245573,31737245206,0,0,366
15853,0,31739248896,31739248502,0,0,394
15854,0,31741250991,31741250584,0,0,407
15855,0,31743254639,31743254256,0,0,382
15856,0,31745255816,31745255411,0,0,405
15857,0,31747257761,31747257370,0,0,391
15858,0,31749260301,31749259892,0,0,408
15859,0,31751262449,31751262067,0,0,382
15860,0,31753264543,31753264174,0,0,368
15861,0,31755267352,31755266943,0,0,409
15862,0,31757268846,31757268462,0,0,384
15863,0,31759270838,31759270429,0,0,408
15864,0,31761272319,31761271939,0,0,379
15865,0,31763275912,31763275531,0,0,381
15866,0,31765278502,31765278103,0,0,399
15867,0,31767280179,31767279755,0,0,423
15868,0,31769282597,31769282196,0,0,401
15869,0,31771284427,31771284017,0,0,409
15870,0,31773286741,31773286317,0,0,424
15871,0,31775289164,31775288750,0,0,413
15872,0,31777291566,31777291170,0,0,396
15873,0,31779294642,31779294223,0,0,418
15874,0,31781295304,31781294912,0,0,392
15875,0,31783297251,31783296842,0,0,409
15876,0,31785299749,31785299360,0,0,388
15877,0,31787301498,31787301081,0,0,416
15878,0,31789304489,31789304081,0,0,407
15879,0,31791306977,31791306568,0,0,409
15880,0,31793308834,31793308451,0,0,383
15881,0,31795310615,31795310227,0,0,388
15882,0,31797312636,31797312265,0,0,370
15883,0,31799315173,31799314795,0,0,377
15884,0,31801317284,31801316894,0,0,389
15885,0,31803320269,31803319880,0,0,388
15886,0,31805322159,31805321774,0,0,385
15887,0,31807324207,31807323806,0,0,400
15888,0,31809326791,31809326415,0,0,375
15889,0,31811330644,31811330253,0,0,391
15890,0,31813331548,31813331173,0,0,375
15891,0,31815333584,31815333202,0,0,382
15892,0,31817336725,31817336349,0,0,375
15893,0,31819339719,31819339341,0,0,377
15894,0,31821340128,31821339744,0,0,384
15895,0,31823342526,31823342143,0,0,382
15896,0,31825344740,31825344366,0,0,373
15897,0,31827346896,31827346506,0,0,389
15898,0,31829349456,31829349109,0,0,347
15899,0,31831351522,31831351141,0,0,381
15900,0,31833353716,31833353370,0,0,346
15901,0,31835355666,31835355278,0,0,388
15902,0,31837358229,31837357833,0,0,395
15903,0,31839359889,31839359491,0,0,398
15904,0,31841361157,31841360775,0,0,382
15905,0,31843364685,31843364290,0,0,394
15906,0,31845367041,31845366685,0,0,356
15907,0,31847369035,31847368652,0,0,382
15908,0,31849371429,31849371073,0,0,356
15909,0,31851374125,31851373743,0,0,382
15910,0,31853377179,31853376776,0,0,402
15911,0,31855378346,31855377957,0,0,389
15912,0,31857380301,31857379934,0,0,367
15913,0,31859382667,31859382292,0,0,375
15914,0,31861384839,31861384469,0,0,370
15915,0,31863386887,31863386496,0,0,391
15916,0,31865389795,31865389404,0,0,391
15917,0,31867392361,31867391975,0,0,386
15918,0,31869394126,31869393770,0,0,355
15919,0,31871395422,31871395015,0,0,407
15920,0,31873397081,31873396699,0,0,382
15921,0,31875400023,31875399649,0,0,374
15922,0,31877402525,31877402166,0,0,358
15923,0,31879404611,31879404233,0,0,378
15924,0,31881406603,31881406233,0,0,370
15925,0,31883409386,31883409013,0,0,373
15926,0,31885411433,31885411033,0,0,400
15927,0,31887413305,31887412899,0,0,405
15928,0,31889415713,31889415330,0,0,382
15929,0,31891418387,31891417986,0,0,400
15930,0,31893420471,31893420100,0,0,370
15931,0,31895423239,31895422858,0,0,381
15932,0,31897424961,31897424575,0,0,386
15933,0,31899427132,31899426759,0,0,373
15934,0,31901429083,31901428692,0,0,391
15935,0,31903431426,31903431047,0,0,379
15936,0,31905433577,31905433188,0,0,389
15937,0,31907435324,31907434921,0,0,403
15938,0,31909437444,31909437065,0,0,379
15939,0,31911441343,31911440947,0,0,396
15940,0,31913443355,31913443001,0,0,354
15941,0,31915444727,31915444328,0,0,399
15942,0,31917447120,31917446737,0,0,382
15943,0,31919450050,31919449651,0,0,399
15944,0,31921450376,31921449993,0,0,383
15945,0,31923453719,31923453329,0,0,389
15946,0,31925456141,31925455738,0,0,402
15947,0,31927459266,31927458880,0,0,386
15948,0,31929460256,31929459869,0,0,386
15949,0,31931462733,31931462352,0,0,381
15950,0,31933464885,31933464528,0,0,357
15951,0,31935466543,31935466155,0,0,388
15952,0,31937468200,31937467809,0,0,390
15953,0,31939471628,31939471219,0,0,408
15954,0,31941473393,31941473030,0,0,362
15955,0,31943475761,31943475370,0,0,391
15956,0,31945478006,31945477634,0,0,371
15957,0,31947480103,31947479721,0,0,382
15958,0,31949482611,31949482241,0,0,369
15959,0,31951485101,31951484694,0,0,406
15960,0,31953486833,31953486449,0,0,384
15961,0,31955489062,31955488666,0,0,396
15962,0,31957491751,31957491378,0,0,373
15963,0,31959493550,31959493172,0,0,378
15964,0,31961496197,31961495797,0,0,399
15965,0,31963499465,31963499063,0,0,401
15966,0,31965500685,31965500309,0,0,376
15967,0,31967502465,31967502061,0,0,403
15968,0,31969504682,31969504293,0,0,388
15969,0,31971506688,31971506289,0,0,398
15970,0,31973509339,31973508959,0,0,380
15971,0,31975512008,31975511612,0,0,395
15972,0,31977513723,31977513328,0,0,395
15973,0,31979516312,31979515924,0,0,387
15974,0,31981518195,31981517807,0,0,387
15975,0,31983520184,31983519791,0,0,393
15976,0,31985522609,31985522213,0,0,395
15977,0,31987524678,31987524307,0,0,370
15978,0,31989527783,31989527398,0,0,384
15979,0,31991530252,31991529856,0,0,396
15980,0,31993531299,31993530938,0,0,361
15981,0,31995534060,31995533652,0,0,407
15982,0,31997535808,31997535438,0,0,369
15983,0,31999539149,31999538752,0,0,396
15984,0,32001540430,32001540049,0,0,380
15985,0,32003542955,32003542579,0,0,376
15986,0,32005544691,32005544305,0,0,385
15987,0,32007546965,32007546566,0,0,399
15988,0,32009549267,32009548885,0,0,382
15989,0,32011551465,32011551071,0,0,393
15990,0,32013553914,32013553503,0,0,411
15991,0,32015555936,32015555563,0,0,373
15992,0,32017558461,32017558059,0,0,402
15993,0,32019561410,32019561019,0,0,391
15994,0,32021563405,32021563010,0,0,395
15995,0,32023565669,32023565250,0,0,419
15996,0,32025567587,32025567202,0,0,385
15997,0,32027568974,32027568582,0,0,392
15998,0,32029571728,32029571330,0,0,397
15999,0,32031573669,32031573264,0,0,404
16000,0,32033575748,32033575366,0,0,382
16001,0,32035578029,32035577639,0,0,390
16002,0,32037580272,32037579929,0,0,343
16003,0,32039582663,32039582294,0,0,369
16004,0,32041584923,32041584558,0,0,364
16005,0,32043587266,32043586873,0,0,393
16006,0,32045589440,32045589058,0,0,382
16007,0,32047591677,32047591281,0,0,395
16008,0,32049593661,32049593268,0,0,393
16009,0,32051596004,32051595582,0,0,422
16010,0,32053598138,32053597748,0,0,389
16011,0,32055600494,32055600087,0,0,406
16012,0,32057602648,32057602231,0,0,416
16013,0,32059604901,32059604490,0,0,410
16014,0,32061606916,32061606525,0,0,391
16015,0,32063609469,32063609069,0,0,400
16016,0,32065612344,32065611965,0,0,379
16017,0,32067614917,32067614527,0,0,390
16018,0,32069616365,32069615986,0,0,379
16019,0,32071619075,32071618694,0,0,380
16020,0,32073620336,32073619969,0,0,366
16021,0,32075623332,32075622956,0,0,376
16022,0,32077625171,32077624791,0,0,380
16023,0,32079627676,32079627311,0,0,365
16024,0,32081629319,32081628934,0,0,384
16025,0,32083631907,32083631515,0,0,391
16026,0,32085634524,32085634157,0,0,366
16027,0,32087637220,32087636816,0,0,403
16028,0,32089638510,32089638152,0,0,357
16029,0,32091640629,32091640221,0,0,407
16030,0,32093642819,32093642425,0,0,393
16031,0,32095644808,32095644431,0,0,377
16032,0,32097647213,32097646842,0,0,370
16033,0,32099649577,32099649169,0,0,408
16034,0,32101651648,32101651269,0,0,379
16035,0,32103653704,32103653309,0,0,395
16036,0,32105655805,32105655412,0,0,393
16037,0,32107659665,32107659279,0,0,386
16038,0,32109662535,32109662132,0,0,402
16039,0,32111662570,32111662165,0,0,404
16040,0,32113664876,32113664501,0,0,375
16041,0,32115668264,32115667855,0,0,408
16042,0,32117670173,32117669808,0,0,364
16043,0,32119672843,32119672462,0,0,380
16044,0,32121673823,32121673424,0,0,399
16045,0,32123676058,32123675678,0,0,379
16046,0,32125678615,32125678247,0,0,368
16047,0,32127680478,32127680094,0,0,384
16048,0,32129682971,32129682592,0,0,379
16049,0,32131685119,32131684716,0,0,402
16050,0,32133687429,32133687043,0,0,386
16051,0,32135689486,32135689121,0,0,365
16052,0,32137691192,32137690793,0,0,398
16053,0,32139693631,32139693240,0,0,391
16054,0,32141696323,32141695930,0,0,393
16055,0,32143698122,32143697728,0,0,393
16056,0,32145700815,32145700456,0,0,359
16057,0,32147702778,32147702375,0,0,402
16058,0,32149704579,32149704195,0,0,384
16059,0,32151706214,32151705812,0,0,402
16060,0,32153709411,32153709048,0,0,362
16061,0,32155711802,32155711399,0,0,403
16062,0,32157713813,32157713418,0,0,395
16063,0,32159716314,32159715915,0,0,399
16064,0,32161718737,32161718348,0,0,389
16065,0,32163720133,32163719746,0,0,387
16066,0,32165721600,32165721216,0,0,384
16067,0,32167726042,32167725642,0,0,400
16068,0,32169727966,32169727601,0,0,364
16069,0,32171729549,32171729151,0,0,397
16070,0,32173731352,32173730981,0,0,370
16071,0,32175733591,32175733205,0,0,385
16072,0,32177735941,32177735524,0,0,416
16073,0,32179738786,32179738398,0,0,387
16074,0,32181741592,32181741204,0,0,388
16075,0,32183742704,32183742316,0,0,388
16076,0,32185745147,32185744742,0,0,404
16077,0,32187747283,32187746877,0,0,405
16078,0,32189749065,32189748654,0,0,411
16079,0,32191751025,32191750609,0,0,415
16080,0,32193754166,32193753795,0,0,370
16081,0,32195756253,32195755859,0,0,393
16082,0,32197758685,32197758314,0,0,370
16083,0,32199760977,32199760580,0,0,397
16084,0,32201762851,32201762493,0,0,357
16085,0,32203765131,32203764735,0,0,395
16086,0,32205766687,32205766304,0,0,382
16087,0,32207768824,32207768458,0,0,366
16088,0,32209771728,32209771323,0,0,404
16089,0,32211773864,32211773460,0,0,403
16090,0,32213776015,32213775632,0,0,383
16091,0,32215778532,32215778131,0,0,401
16092,0,32217781755,32217781387,0,0,367
16093,0,32219785088,32219784701,0,0,386
16094,0,32221786080,32221785692,0,0,388
16095,0,32223787188,32223786806,0,0,382
16096,0,32225789696,32225789312,0,0,384
16097,0,32227792111,32227791702,0,0,408
16098,0,32229794009,32229793619,0,0,390
16099,0,32231797434,32231797053,0,0,380
16100,0,32233799377,32233799001,0,0,376
16101,0,32235800865,32235800467,0,0,397
16102,0,32237802831,32237802446,0,0,385
16103,0,32239804932,32239804561,0,0,370
16104,0,32241807757,32241807384,0,0,373
16105,0,32243809761,32243809375,0,0,386
16106,0,32245811840,32245811483,0,0,357
16107,0,32247814036,32247813670,0,0,366
16108,0,32249816161,32249815802,0,0,359
16109,0,32251818357,32251817975,0,0,382
16110,0,32253819508,32253819137,0,0,370
16111,0,32255824318,32255823934,0,0,383
16112,0,32257825426,32257825049,0,0,376
16113,0,32259826823,32259826456,0,0,366
16114,0,32261828826,32261828445,0,0,381
16115,0,32263831971,32263831591,0,0,379
16116,0,32265834122,32265833761,0,0,360
16117,0,32267836395,32267836006,0,0,388
16118,0,32269838586,32269838234,0,0,351
16119,0,32271840971,32271840587,0,0,384
16120,0,32273842944,32273842572,0,0,372
16121,0,32275845143,32275844749,0,0,393
16122,0,32277848485,32277848128,0,0,357
16123,0,32279850715,32279850348,0,0,366
16124,0,32281852279,32281851913,0,0,366
16125,0,32283854531,32283854137,0,0,393
16126,0,32285856366,32285856015,0,0,350
16127,0,32287858226,32287857842,0,0,384
16128,0,32289860064,32289859680,0,0,384
16129,0,32291862234,32291861840,0,0,393
16130,0,32293863909,32293863537,0,0,371
16131,0,32295867140,32295866732,0,0,408
16132,0,32297869725,32297869333,0,0,392
16133,0,32299871543,32299871161,0,0,381
16134,0,32301873917,32301873534,0,0,382
16135,0,32303875889,32303875503,0,0,385
16136,0,32305877471,32305877092,0,0,379
16137,0,32307880662,32307880265,0,0,397
16138,0,32309882834,32309882460,0,0,373
16139,0,32311884612,32311884230,0,0,382
16140,0,32313886328,32313885964,0,0,364
16141,0,32315889721,32315889350,0,0,370
16142,0,32317891397,32317891024,0,0,372
16143,0,32319894858,32319894493,0,0,365
16144,0,32321896226,32321895853,0,0,373
16145,0,32323899255,32323898860,0,0,395
16146,0,32325900670,32325900287,0,0,382
16147,0,32327903591,32327903218,0,0,372
16148,0,32329905119,32329904733,0,0,385
16149,0,32331908119,32331907748,0,0,370
16150,0,32333909746,32333909340,0,0,405
16151,0,32335911721,32335911352,0,0,368
16152,0,32337913154,32337912764,0,0,390
16153,0,32339916173,32339915793,0,0,379
16154,0,32341918487,32341918143,0,0,343
16155,0,32343920638,32343920259,0,0,379
16156,0,32345923215,32345922840,0,0,375
16157,0,32347925329,32347924941,0,0,387
16158,0,32349927475,32349927114,0,0,361
16159,0,32351929699,32351929307,0,0,391
16160,0,32353931792,32353931391,0,0,400
16161,0,32355934723,32355934348,0,0,375
16162,0,32357936238,32357935872,0,0,365
16163,0,32359938546,32359938139,0,0,406
16164,0,32361941314,32361940959,0,0,355
16165,0,32363944591,32363944199,0,0,391
16166,0,32365945188,32365944822,0,0,366
16167,0,32367947261,32367946868,0,0,393
16168,0,32369949886,32369949490,0,0,395
16169,0,32371952092,32371951692,0,0,399
16170,0,32373954476,32373954094,0,0,382
16171,0,32375956299,32375955890,0,0,408
16172,0,32377958683,32377958305,0,0,377
16173,0,32379960943,32379960549,0,0,393
16174,0,32381963039,32381962633,0,0,406
16175,0,32383965304,32383964901,0,0,403
16176,0,32385967649,32385967265,0,0,384
16177,0,32387969896,32387969483,0,0,413
16178,0,32389972170,32389971796,0,0,373
16179,0,32391974096,32391973721,0,0,375
16180,0,32393975334,32393974948,0,0,386
16181,0,32395978742,32395978339,0,0,402
16182,0,32397980446,32397980052,0,0,393
16183,0,32399982723,32399982316,0,0,406
16184,0,32401985353,32401984955,0,0,397
16185,0,32403987567,32403987150,0,0,417
16186,0,32405989934,32405989550,0,0,384
16187,0,32407991534,32407991123,0,0,411
16188,0,32409993457,32409993060,0,0,397
16189,0,32411996312,32411995894,0,0,417
16190,0,32413998435,32413998049,0,0,386
16191,0,32416000822,32416000404,0,0,417
16192,0,32418002655,32418002244,0,0,411
16193,0,32420006026,32420005610,0,0,416
16194,0,32422007283,32422006923,0,0,359
16195,0,32424010483,32424010089,0,0,393
16196,0,32426012445,32426012066,0,0,379
16197,0,32428013638,32428013228,0,0,409
16198,0,32430016143,32430015743,0,0,400
16199,0,32432017970,32432017569,0,0,400
16200,0,32434019496,32434019095,0,0,400
16201,0,32436023145,32436022762,0,0,382
16202,0,32438026494,32438026098,0,0,395
16203,0,32440027133,32440026744,0,0,388
16204,0,32442028665,32442028258,0,0,406
16205,0,32444031746,32444031333,0,0,413
16206,0,32446033903,32446033527,0,0,375
16207,0,32448036279,32448035909,0,0,370
16208,0,32450038439,32450038034,0,0,404
16209,0,32452040619,32452040209,0,0,409
16210,0,32454042858,32454042444,0,0,413
16211,0,32456045022,32456044618,0,0,403
16212,0,32458047286,32458046903,0,0,383
16213,0,32460049837,32460049446,0,0,391
16214,0,32462051768,32462051355,0,0,413
16215,0,32464054285,32464053873,0,0,412
16216,0,32466055898,32466055488,0,0,409
16217,0,32468057669,32468057261,0,0,407
16218,0,32470060587,32470060224,0,0,362
16219,0,32472062950,32472062567,0,0,382
16220,0,32474065665,32474065305,0,0,359
16221,0,32476067615,32476067220,0,0,395
16222,0,32478069817,32478069404,0,0,413
16223,0,32480071716,32480071309,0,0,407
16224,0,32482074147,32482073791,0,0,356
16225,0,32484076183,32484075802,0,0,380
16226,0,32486078424,32486078076,0,0,347
16227,0,32488081447,32488081067,0,0,380
16228,0,32490083395,32490083036,0,0,359
16229,0,32492084996,32492084620,0,0,375
16230,0,32494086427,32494086042,0,0,385
16231,0,32496089938,32496089554,0,0,384
16232,0,32498091987,32498091597,0,0,389
16233,0,32500094310,32500093930,0,0,379
16234,0,32502096238,32502095856,0,0,382
16235,0,32504098708,32504098314,0,0,394
16236,0,32506101094,32506100729,0,0,365
16237,0,32508103078,32508102702,0,0,375
16238,0,32510106399,32510106024,0,0,375
16239,0,32512107505,32512107127,0,0,377
16240,0,32514109879,32514109500,0,0,379
16241,0,32516111833,32516111443,0,0,390
16242,0,32518114114,32518113739,0,0,374
16243,0,32520118033,32520117646,0,0,387
16244,0,32522118566,32522118195,0,0,370
16245,0,32524121114,32524120748,0,0,366
16246,0,32526123146,32526122758,0,0,388
16247,0,32528124969,32528124576,0,0,393
16248,0,32530126752,32530126396,0,0,355
16249,0,32532129909,32532129540,0,0,368
16250,0,32534132746,32534132353,0,0,392
16251,0,32536135993,32536135627,0,0,366
16252,0,32538137810,32538137440,0,0,370
16253,0,32540138578,32540138214,0,0,364
16254,0,32542141067,32542140688,0,0,378
16255,0,32544142705,32544142307,0,0,398
16256,0,32546143823,32546143443,0,0,379
16257,0,32548147452,32548147072,0,0,379
16258,0,32550149456,32550149086,0,0,369
16259,0,32552151740,32552151359,0,0,381
16260,0,32554154077,32554153714,0,0,363
16261,0,32556156558,32556156187,0,0,370
16262,0,32558158570,32558158185,0,0,384
16263,0,32560161247,32560160858,0,0,389
16264,0,32562163046,32562162672,0,0,373
16265,0,32564165499,32564165124,0,0,375
16266,0,32566168020,32566167633,0,0,387
16267,0,32568169826,32568169444,0,0,382
16268,0,32570171876,32570171502,0,0,374
16269,0,32572174637,32572174253,0,0,383
16270,0,32574176337,32574175974,0,0,362
16271,0,32576178800,32576178406,0,0,394
16272,0,32578182274,32578181891,0,0,382
16273,0,32580184071,32580183687,0,0,384
16274,0,32582185454,32582185075,0,0,379
16275,0,32584188652,32584188268,0,0,384
16276,0,32586189861,32586189489,0,0,371
16277,0,32588191946,32588191574,0,0,372
16278,0,32590194090,32590193701,0,0,389
16279,0,32592196114,32592195724,0,0,389
16280,0,32594197391,32594196994,0,0,397
16281,0,32596201197,32596200798,0,0,399
16282,0,32598203227,32598202886,0,0,341
16283,0,32600205440,32600205051,0,0,388
16284,0,32602207744,32602207375,0,0,369
16285,0,32604209920,32604209532,0,0,388
16286,0,32606212055,32606211670,0,0,384
16287,0,32608213938,32608213539,0,0,398
16288,0,32610215319,32610214918,0,0,401
16289,0,32612219278,32612218886,0,0,391
16290,0,32614220446,32614220080,0,0,366
16291,0,32616222354,32616221939,0,0,415
16292,0,32618225470,32618225105,0,0,364
16293,0,32620230216,32620229824,0,0,392
16294,0,32622229540,32622229141,0,0,399
16295,0,32624231898,32624231480,0,0,418
16296,0,32626234414,32626234028,0,0,386
16297,0,32628236686,32628236294,0,0,392
16298,0,32630238609,32630238226,0,0,382
16299,0,32632240719,32632240302,0,0,416
16300,0,32634243220,32634242855,0,0,365
16301,0,32636245659,32636245267,0,0,392
16302,0,32638247751,32638247373,0,0,377
16303,0,32640249666,32640249273,0,0,393
16304,0,32642252039,32642251640,0,0,399
16305,0,32644254044,32644253627,0,0,416
16306,0,32646255786,32646255377,0,0,408
16307,0,32648259228,32648258815,0,0,412
16308,0,32650260980,32650260558,0,0,422
16309,0,32652262974,32652262546,0,0,427
16310,0,32654265341,32654264957,0,0,384
16311,0,32656268891,32656268489,0,0,402
16312,0,32658269939,32658269557,0,0,381
16313,0,32660272494,32660272095,0,0,399
16314,0,32662274281,32662273910,0,0,370
16315,0,32664276635,32664276228,0,0,407
16316,0,32666279116,32666278741,0,0,375
16317,0,32668281337,32668280927,0,0,409
16318,0,32670283474,32670283068,0,0,405
16319,0,32672285042,32672284649,0,0,393
16320,0,32674287110,32674286710,0,0,400
16321,0,32676289776,32676289383,0,0,393
16322,0,32678292177,32678291816,0,0,360
16323,0,32680294722,32680294333,0,0,388
16324,0,32682296254,32682295885,0,0,369
16325,0,32684298826,32684298415,0,0,410
16326,0,32686301036,32686300658,0,0,378
16327,0,32688303248,32688302845,0,0,402
16328,0,32690305107,32690304704,0,0,403
16329,0,32692307984,32692307576,0,0,407
16330,0,32694309660,32694309260,0,0,400
16331,0,32696312174,32696311780,0,0,393
16332,0,32698314666,32698314262,0,0,404
16333,0,32700317356,32700316934,0,0,421
16334,0,32702318695,32702318294,0,0,400
16335,0,32704321564,32704321161,0,0,402
16336,0,32706323132,32706322716,0,0,415
16337,0,32708325053,32708324657,0,0,396
16338,0,32710326699,32710326323,0,0,376
16339,0,32712330189,32712329800,0,0,389
16340,0,32714332209,32714331792,0,0,417
16341,0,32716334216,32716333820,0,0,396
16342,0,32718336027,32718335638,0,0,388
16343,0,32720339819,32720339408,0,0,410
16344,0,32722341150,32722340769,0,0,380
16345,0,32724344297,32724343874,0,0,422
16346,0,32726346334,32726345921,0,0,412
16347,0,32728348411,32728347993,0,0,417
16348,0,32730351374,32730351002,0,0,371
16349,0,32732352239,32732351824,0,0,414
16350,0,32734354809,32734354424,0,0,385
16351,0,32736357143,32736356738,0,0,405
16352,0,32738358721,32738358341,0,0,380
16353,0,32740361136,32740360739,0,0,397
16354,0,32742363509,32742363114,0,0,394
16355,0,32744366222,32744365816,0,0,405
16356,0,32746367755,32746367381,0,0,374
16357,0,32748369734,32748369335,0,0,398
16358,0,32750372456,32750372083,0,0,373
16359,0,32752374161,32752373746,0,0,415
16360,0,32754375411,32754375032,0,0,379
16361,0,32756378865,32756378485,0,0,380
16362,0,32758381234,32758380858,0,0,376
16363,0,32760383274,32760382880,0,0,393
16364,0,32762385577,32762385218,0,0,358
16365,0,32764388435,32764388056,0,0,378
16366,0,32766391341,32766390959,0,0,382
16367,0,32768391856,32768391460,0,0,395
16368,0,32770393321,32770392928,0,0,393
16369,0,32772396822,32772396449,0,0,373
16370,0,32774398856,32774398480,0,0,375
16371,0,32776401143,32776400767,0,0,376
16372,0,32778403415,32778403020,0,0,394
16373,0,32780405771,32780405364,0,0,407
16374,0,32782407947,32782407564,0,0,382
16375,0,32784409927,32784409531,0,0,395
16376,0,32786412169,32786411802,0,0,366
16377,0,32788414435,32788414040,0,0,395
16378,0,32790417079,32790416652,0,0,426
16379,0,32792418716,32792418328,0,0,388
16380,0,32794422008,32794421642,0,0,366
16381,0,32796424195,32796423815,0,0,379
16382,0,32798425436,32798425018,0,0,417
16383,0,32800427170,32800426783,0,0,387
16384,0,32802429906,32802429519,0,0,387
16385,0,32804432793,32804432399,0,0,393
16386,0,32806434269,32806433925,0,0,343
16387,0,32808436089,32808435660,0,0,429
16388,0,32810437976,32810437601,0,0,375
16389,0,32812440917,32812440541,0,0,376
16390,0,32814443022,32814442663,0,0,359
16391,0,32816445626,32816445232,0,0,394
16392,0,32818447772,32818447383,0,0,388
16393,0,32820451108,32820450734,0,0,374
16394,0,32822451946,32822451560,0,0,385
16395,0,32824454638,32824454253,0,0,385
16396,0,32826456900,32826456534,0,0,366
16397,0,32828459285,32828458895,0,0,390
16398,0,32830461167,32830460805,0,0,361
16399,0,32832462788,32832462383,0,0,404
16400,0,32834465463,32834465274,0,0,189
16401,0,32836469168,32836468784,0,0,384
16402,0,32838470403,32838470058,0,0,344
16403,0,32840473760,32840473355,0,0,404
16404,0,32842474750,32842474384,0,0,366
16405,0,32844477035,32844476640,0,0,395
16406,0,32846479004,32846478609,0,0,395
16407,0,32848481229,32848480833,0,0,395
16408,0,32850483687,32850483308,0,0,379
16409,0,32852486194,32852485825,0,0,368
16410,0,32854487707,32854487377,0,0,330
16411,0,32856490163,32856489804,0,0,358
16412,0,32858492658,32858492312,0,0,346
16413,0,32860494962,32860494597,0,0,364
16414,0,32862497053,32862496672,0,0,380
16415,0,32864498892,32864498523,0,0,368
16416,0,32866501218,32866500812,0,0,406
16417,0,32868503898,32868503485,0,0,413
16418,0,32870505580,32870505179,0,0,400
16419,0,32872507826,32872507395,0,0,431
16420,0,32874509776,32874509388,0,0,387
16421,0,32876512525,32876512119,0,0,406
16422,0,32878514587,32878514189,0,0,397
16423,0,32880516542,32880516119,0,0,422
16424,0,32882518983,32882518567,0,0,415
16425,0,32884521226,32884520792,0,0,434
16426,0,32886523641,32886523231,0,0,409
16427,0,32888526103,32888525690,0,0,412
16428,0,32890528079,32890527698,0,0,380
16429,0,32892530115,32892529699,0,0,415
16430,0,32894531841,32894531443,0,0,397
16431,0,32896534154,32896533709,0,0,444
16432,0,32898535644,32898535228,0,0,415
16433,0,32900538808,32900538392,0,0,416
16434,0,32902541398,32902541001,0,0,397
16435,0,32904543865,32904543454,0,0,411
16436,0,32906545604,32906545209,0,0,395
16437,0,32908548182,32908547780,0,0,401
16438,0,32910549869,32910549474,0,0,395
16439,0,32912552417,32912552018,0,0,399
16440,0,32914554784,32914554386,0,0,397
16441,0,32916557705,32916557302,0,0,402
16442,0,32918560296,32918559919,0,0,376
16443,0,32920562853,32920562452,0,0,400
16444,0,32922563705,32922563321,0,0,384
16445,0,32924565879,32924565484,0,0,395
16446,0,32926568076,32926567675,0,0,400
16447,0,32928570456,32928570029,0,0,426
16448,0,32930572566,32930572143,0,0,422
16449,0,32932574752,32932574322,0,0,429
16450,0,32934577082,32934576687,0,0,395
16451,0,32936579547,32936579114,0,0,432
16452,0,32938581038,32938580635,0,0,402
16453,0,32940583127,32940582703,0,0,424
16454,0,32942584807,32942584440,0,0,367
16455,0,32944587547,32944587140,0,0,406
16456,0,32946589390,32946588987,0,0,402
16457,0,32948593102,32948592693,0,0,408
16458,0,32950593200,32950592800,0,0,400
16459,0,32952595848,32952595451,0,0,397
16460,0,32954599370,32954598961,0,0,409
16461,0,32956601079,32956600663,0,0,415
16462,0,32958602695,32958602348,0,0,346
16463,0,32960605815,32960605403,0,0,411
16464,0,32962608434,32962608021,0,0,413
16465,0,32964610903,32964610503,0,0,399
16466,0,32966611877,32966611501,0,0,376
16467,0,32968614465,32968614051,0,0,413
16468,0,32970618090,32970617696,0,0,393
16469,0,32972619378,32972618970,0,0,408
16470,0,32974621151,32974620752,0,0,399
16471,0,32976623611,32976623206,0,0,404
16472,0,32978625961,32978625528,0,0,432
16473,0,32980628302,32980627878,0,0,424
16474,0,32982629988,32982629644,0,0,343
16475,0,32984632485,32984632071,0,0,413
16476,0,32986635396,32986635030,0,0,366
16477,0,32988638505,32988638094,0,0,410
16478,0,32990639384,32990638991,0,0,393
16479,0,32992642018,32992641622,0,0,396
16480,0,32994643764,32994643379,0,0,385
16481,0,32996646029,32996645642,0,0,386
16482,0,32998647993,32998647633,0,0,360
16483,0,33000651379,33000650989,0,0,389
16484,0,33002653620,33002653242,0,0,377
16485,0,33004654651,33004654278,0,0,373
16486,0,33006657079,33006656693,0,0,386
16487,0,33008659361,33008658991,0,0,369
16488,0,33010661671,33010661276,0,0,395
16489,0,33012663303,33012662908,0,0,395
16490,0,33014664725,33014664336,0,0,388
16491,0,33016668185,33016667784,0,0,400
16492,0,33018670395,33018670024,0,0,370
16493,0,33020673787,33020673404,0,0,383
16494,0,33022675990,33022675618,0,0,371
16495,0,33024677146,33024676766,0,0,380
16496,0,33026679238,33026678855,0,0,383
16497,0,33028681984,33028681598,0,0,386
16498,0,33030683833,33030683478,0,0,355
16499,0,33032686205,33032685824,0,0,380
16500,0,33034687924,33034687567,0,0,357
16501,0,33036690247,33036689863,0,0,383
16502,0,33038692687,33038692316,0,0,370
16503,0,33040694227,33040693844,0,0,382
16504,0,33042695675,33042695301,0,0,373
16505,0,33044700152,33044699803,0,0,349
16506,0,33046703276,33046702923,0,0,352
16507,0,33048704597,33048704202,0,0,395
16508,0,33050705026,33050704648,0,0,377
16509,0,33052708300,33052707906,0,0,393
16510,0,33054710651,33054710272,0,0,379
16511,0,33056712076,33056711672,0,0,404
16512,0,33058714858,33058714467,0,0,391
16513,0,33060717321,33060716943,0,0,377
16514,0,33062718905,33062718530,0,0,374
16515,0,33064721880,33064721510,0,0,369
16516,0,33066723209,33066722833,0,0,376
16517,0,33068724851,33068724485,0,0,366
16518,0,33070728012,33070727647,0,0,364
16519,0,33072730172,33072729802,0,0,370
16520,0,33074732551,33074732176,0,0,375
16521,0,33076734566,33076734179,0,0,386
16522,0,33078736799,33078736401,0,0,397
16523,0,33080738934,33080738558,0,0,376
16524,0,33082740232,33082739844,0,0,387
16525,0,33084744003,33084743598,0,0,404
16526,0,33086745584,33086745219,0,0,364
16527,0,33088747952,33088747546,0,0,406
16528,0,33090751159,33090750793,0,0,366
16529,0,33092753453,33092753096,0,0,356
16530,0,33094755718,33094755376,0,0,341
16531,0,33096757074,33096756708,0,0,366
16532,0,33098759357,33098759011,0,0,345
16533,0,33100761213,33100760850,0,0,363
16534,0,33102763579,33102763211,0,0,368
16535,0,33104765854,33104765485,0,0,369
16536,0,33106767380,33106766995,0,0,384
16537,0,33108770359,33108769984,0,0,375
16538,0,33110772836,33110772478,0,0,357
16539,0,33112775213,33112774822,0,0,391
16540,0,33114777386,33114777022,0,0,364
16541,0,33116779301,33116778922,0,0,379
16542,0,33118781481,33118781097,0,0,384
16543,0,33120785141,33120784732,0,0,408
16544,0,33122786435,33122786024,0,0,411
16545,0,33124788295,33124787882,0,0,413
16546,0,33126790511,33126790100,0,0,411
16547,0,33128792726,33128792310,0,0,415
16548,0,33130794665,33130794248,0,0,416
16549,0,33132798119,33132797707,0,0,411
16550,0,33134799042,33134798638,0,0,404
16551,0,33136801783,33136801362,0,0,420
16552,0,33138803885,33138803471,0,0,413
16553,0,33140806514,33140806105,0,0,408
16554,0,33142808070,33142807656,0,0,413
16555,0,33144810952,33144810553,0,0,399
16556,0,33146812451,33146812042,0,0,408
16557,0,33148814592,33148814175,0,0,416
16558,0,33150815925,33150815548,0,0,377
16559,0,33152819537,33152819135,0,0,401
16560,0,33154821643,33154821235,0,0,407
16561,0,33156823500,33156823104,0,0,395
16562,0,33158826006,33158825638,0,0,368
16563,0,33160828770,33160828364,0,0,406
16564,0,33162830579,33162830200,0,0,379
16565,0,33164832577,33164832178,0,0,398
16566,0,33166835611,33166835210,0,0,400
16567,0,33168837944,33168837525,0,0,419
16568,0,33170839424,33170839019,0,0,404
16569,0,33172841673,33172841256,0,0,417
16570,0,33174843501,33174843113,0,0,388
16571,0,33176846253,33176845838,0,0,415
16572,0,33178848540,33178848153,0,0,386
16573,0,33180851117,33180850716,0,0,401
16574,0,33182852869,33182852496,0,0,373
16575,0,33184854958,33184854562,0,0,395
16576,0,33186857172,33186856768,0,0,403
16577,0,33188859404,33188859004,0,0,399
16578,0,33190861651,33190861285,0,0,365
16579,0,33192864615,33192864224,0,0,391
16580,0,33194866793,33194866389,0,0,404
16581,0,33196868056,33196867673,0,0,383
16582,0,33198870121,33198869742,0,0,379
16583,0,33200872334,33200871939,0,0,394
16584,0,33202873773,33202873379,0,0,394
16585,0,33204877762,33204877332,0,0,429
16586,0,33206879281,33206878874,0,0,406
16587,0,33208881916,33208881519,0,0,397
16588,0,33210884081,33210883664,0,0,417
16589,0,33212885833,33212885422,0,0,411
16590,0,33214888087,33214887716,0,0,370
16591,0,33216890027,33216889631,0,0,395
16592,0,33218891903,33218891487,0,0,415
16593,0,33220896474,33220896064,0,0,410
16594,0,33222897099,33222896712,0,0,386
16595,0,33224899874,33224899465,0,0,409
16596,0,33226901901,33226901485,0,0,415
16597,0,33228903685,33228903275,0,0,410
16598,0,33230906010,33230905609,0,0,400
16599,0,33232908595,33232908178,0,0,417
16600,0,33234910635,33234910233,0,0,402
16601,0,33236912638,33236912212,0,0,426
16602,0,33238914919,33238914538,0,0,380
16603,0,33240918476,33240918041,0,0,434
16604,0,33242919999,33242919635,0,0,364
16605,0,33244923280,33244922877,0,0,402
16606,0,33246924537,33246924159,0,0,377
16607,0,33248927123,33248926704,0,0,419
16608,0,33250928388,33250927979,0,0,408
16609,0,33252930656,33252930242,0,0,413
16610,0,33254932522,33254932115,0,0,406
16611,0,33256935756,33256935374,0,0,382
16612,0,33258938219,33258937852,0,0,366
16613,0,33260939287,33260938885,0,0,402
16614,0,33262941730,33262941321,0,0,408
16615,0,33264944105,33264943696,0,0,408
16616,0,33266946000,33266945605,0,0,395
16617,0,33268948191,33268947801,0,0,390
16618,0,33270950269,33270949865,0,0,404
16619,0,33272952943,33272952555,0,0,387
16620,0,33274955198,33274954791,0,0,406
16621,0,33276958249,33276957846,0,0,403
16622,0,33278959301,33278958926,0,0,375
16623,0,33280961816,33280961419,0,0,397
16624,0,33282963948,33282963555,0,0,393
16625,0,33284966279,33284965887,0,0,391
16626,0,33286968340,33286967975,0,0,365
16627,0,33288970299,33288969904,0,0,395
16628,0,33290972060,33290971689,0,0,371
16629,0,33292975458,33292975052,0,0,406
16630,0,33294977330,33294976945,0,0,385
16631,0,33296979782,33296979376,0,0,406
16632,0,33298981636,33298981235,0,0,400
16633,0,33300983930,33300983548,0,0,382
16634,0,33302986411,33302986045,0,0,365
16635,0,33304988146,33304987758,0,0,387
16636,0,33306990788,33306990394,0,0,393
16637,0,33308992504,33308992114,0,0,389
16638,0,33310994298,33310993912,0,0,386
16639,0,33312997155,33312996760,0,0,394
16640,0,33315000379,33315000006,0,0,373
16641,0,33317001733,33317001341,0,0,391
16642,0,33319003429,33319003080,0,0,348
16643,0,33321006624,33321006251,0,0,373
16644,0,33323008776,33323008391,0,0,384
16645,0,33325010817,33325010424,0,0,393
16646,0,33327012757,33327012370,0,0,387
16647,0,33329014714,33329014341,0,0,373
16648,0,33331016815,33331016449,0,0,366
16649,0,33333019577,33333019206,0,0,370
16650,0,33335021399,33335021024,0,0,375
16651,0,33337023542,33337023176,0,0,366
16652,0,33339025042,33339024686,0,0,355
16653,0,33341028258,33341027883,0,0,375
16654,0,33343030501,33343030176,0,0,324
16655,0,33345032603,33345032237,0,0,366
16656,0,33347036551,33347036152,0,0,398
16657,0,33349038985,33349038575,0,0,410
16658,0,33351041065,33351040684,0,0,381
16659,0,33353041547,33353041154,0,0,393
16660,0,33355043697,33355043323,0,0,373
16661,0,33357046720,33357046297,0,0,422
16662,0,33359048620,33359048211,0,0,408
16663,0,33361050325,33361049919,0,0,406
16664,0,33363052479,33363052083,0,0,396
16665,0,33365055981,33365055582,0,0,398
16666,0,33367057456,33367057060,0,0,395
16667,0,33369059449,33369059053,0,0,395
16668,0,33371062107,33371061685,0,0,422
16669,0,33373064066,33373063669,0,0,396
16670,0,33375066266,33375065884,0,0,382
16671,0,33377068099,33377067726,0,0,373
16672,0,33379069253,33379068830,0,0,423
16673,0,33381072829,33381072422,0,0,406
16674,0,33383075262,33383074878,0,0,383
16675,0,33385077869,33385077469,0,0,399
16676,0,33387080835,33387080453,0,0,382
16677,0,33389081663,33389081255,0,0,408
16678,0,33391084321,33391083928,0,0,392
16679,0,33393086271,33393085862,0,0,408
16680,0,33395088435,33395088051,0,0,384
16681,0,33397090806,33397090406,0,0,399
16682,0,33399092669,33399092259,0,0,409
16683,0,33401095128,33401094727,0,0,400
16684,0,33403097460,33403097071,0,0,388
16685,0,33405099863,33405099449,0,0,413
16686,0,33407101962,33407101600,0,0,362
16687,0,33409103530,33409103119,0,0,411
16688,0,33411105435,33411105037,0,0,398
16689,0,33413108497,33413108089,0,0,407
16690,0,33415111017,33415110638,0,0,379
16691,0,33417113078,33417112684,0,0,394
16692,0,33419115157,33419114774,0,0,383
16693,0,33421118833,33421118417,0,0,415
16694,0,33423119748,33423119355,0,0,392
16695,0,33425122932,33425122529,0,0,402
16696,0,33427124030,33427123641,0,0,388
16697,0,33429126491,33429126081,0,0,409
16698,0,33431128263,33431127878,0,0,385
16699,0,33433131302,33433130898,0,0,404
16700,0,33435133735,33435133364,0,0,370
16701,0,33437136471,33437136058,0,0,413
16702,0,33439137408,33439137004,0,0,403
16703,0,33441139011,33441138609,0,0,402
16704,0,33443140753,33443140361,0,0,391
16705,0,33445144144,33445143745,0,0,399
16706,0,33447146139,33447145745,0,0,393
16707,0,33449149971,33449149568,0,0,403
16708,0,33451151808,33451151441,0,0,367
16709,0,33453153884,33453153476,0,0,408
16710,0,33455156094,33455155712,0,0,382
16711,0,33457156384,33457156003,0,0,380
16712,0,33459159537,33459159150,0,0,386
16713,0,33461162697,33461162281,0,0,415
16714,0,33463163775,33463163361,0,0,413
16715,0,33465165893,33465165485,0,0,407
16716,0,33467167607,33467167224,0,0,382
16717,0,33469170482,33469170061,0,0,420
16718,0,33471172742,33471172359,0,0,383
16719,0,33473174594,33473174210,0,0,384
16720,0,33475176480,33475176077,0,0,403
16721,0,33477180033,33477179649,0,0,384
16722,0,33479182397,33479182044,0,0,352
16723,0,33481184800,33481184406,0,0,393
16724,0,33483186759,33483186364,0,0,394
16725,0,33485188044,33485187638,0,0,406
16726,0,33487190785,33487190373,0,0,411
16727,0,33489193267,33489192883,0,0,384
16728,0,33491195110,33491194722,0,0,388
16729,0,33493203294,33493202896,0,0,397
16730,0,33495201785,33495201422,0,0,363
16731,0,33497203166,33497202768,0,0,397
16732,0,33499204507,33499204158,0,0,348
16733,0,33501206471,33501206080,0,0,391
16734,0,33503209265,33503208862,0,0,403
16735,0,33505212013,33505211635,0,0,377
16736,0,33507213876,33507213474,0,0,402
16737,0,33509216262,33509215863,0,0,399
16738,0,33511217220,33511216831,0,0,389
16739,0,33513220436,33513220053,0,0,382
16740,0,33515222952,33515222585,0,0,366
16741,0,33517224206,33517223804,0,0,402
16742,0,33519226373,33519225964,0,0,408
16743,0,33521229662,33521229278,0,0,384
16744,0,33523231042,33523230648,0,0,394
16745,0,33525233166,33525232767,0,0,398
16746,0,33527234885,33527234493,0,0,391
16747,0,33529237277,33529236881,0,0,395
16748,0,33531239467,33531239092,0,0,375
16749,0,33533242386,33533241995,0,0,391
16750,0,33535242990,33535242599,0,0,391
16751,0,33537246222,33537245831,0,0,391
16752,0,33539247388,33539246982,0,0,406
16753,0,33541250997,33541250606,0,0,391
16754,0,33543252732,33543252348,0,0,384
16755,0,33545255425,33545255033,0,0,392
16756,0,33547257489,33547257106,0,0,382
16757,0,33549259501,33549259096,0,0,404
16758,0,33551261163,33551260773,0,0,390
16759,0,33553264290,33553263903,0,0,387
16760,0,33555267051,33555266682,0,0,368
16761,0,33557269492,33557269083,0,0,408
16762,0,33559271399,33559271015,0,0,383
16763,0,33561273010,33561272616,0,0,393
16764,0,33563275591,33563275228,0,0,362
16765,0,33565277366,33565276972,0,0,394
16766,0,33567279585,33567279185,0,0,400
16767,0,33569282357,33569281960,0,0,396
16768,0,33571282979,33571282619,0,0,360
16769,0,33573286464,33573286105,0,0,359
16770,0,33575288417,33575288093,0,0,324
16771,0,33577291250,33577290887,0,0,362
16772,0,33579293157,33579292827,0,0,329
16773,0,33581295093,33581294723,0,0,369
16774,0,33583298147,33583297766,0,0,381
16775,0,33585300029,33585299661,0,0,367
16776,0,33587302321,33587301939,0,0,382
16777,0,33589304477,33589304092,0,0,384
16778,0,33591306360,33591305981,0,0,379
16779,0,33593308258,33593307888,0,0,369
16780,0,33595309696,33595309307,0,0,389
16781,0,33597313364,33597312959,0,0,404
16782,0,33599314996,33599314629,0,0,367
16783,0,33601317549,33601317174,0,0,375
16784,0,33603320548,33603320173,0,0,375
16785,0,33605323166,33605322773,0,0,393
16786,0,33607325773,33607325368,0,0,404
16787,0,33609326416,33609326051,0,0,364
16788,0,33611328584,33611328227,0,0,356
16789,0,33613330795,33613330387,0,0,407
16790,0,33615333424,33615333051,0,0,373
16791,0,33617335608,33617335229,0,0,379
16792,0,33619337425,33619337034,0,0,391
16793,0,33621340788,33621340369,0,0,419
16794,0,33623342425,33623342030,0,0,395
16795,0,33625344228,33625343817,0,0,411
16796,0,33627346799,33627346406,0,0,392
16797,0,33629348911,33629348498,0,0,412
16798,0,33631351323,33631350919,0,0,404
16799,0,33633352729,33633352327,0,0,402
16800,0,33635354323,33635353916,0,0,406
16801,0,33637358246,33637357836,0,0,409
16802,0,33639359831,33639359471,0,0,360
16803,0,33641362267,33641361859,0,0,407
16804,0,33643365057,33643364640,0,0,417
16805,0,33645366777,33645366355,0,0,421
16806,0,33647368961,33647368568,0,0,392
16807,0,33649371053,33649370660,0,0,392
16808,0,33651373698,33651373303,0,0,395
16809,0,33653375211,33653374803,0,0,407
16810,0,33655377644,33655377235,0,0,408
16811,0,33657379352,33657378947,0,0,405
16812,0,33659380655,33659380242,0,0,412
16813,0,33661384404,33661383988,0,0,416
16814,0,33663386321,33663385942,0,0,379
16815,0,33665388646,33665388265,0,0,380
16816,0,33667391406,33667391027,0,0,379
16817,0,33669393053,33669392640,0,0,413
16818,0,33671395539,33671395190,0,0,349
16819,0,33673397795,33673397386,0,0,408
16820,0,33675399749,33675399373,0,0,376
16821,0,33677402770,33677402365,0,0,404
16822,0,33679405723,33679405333,0,0,389
16823,0,33681406903,33681406507,0,0,396
16824,0,33683408824,33683408433,0,0,391
16825,0,33685410559,33685410150,0,0,408
16826,0,33687412157,33687411755,0,0,402
16827,0,33689415459,33689415056,0,0,402
16828,0,33691417860,33691417467,0,0,393
16829,0,33693420031,33693419629,0,0,402
16830,0,33695422056,33695421658,0,0,397
16831,0,33697424276,33697423859,0,0,416
16832,0,33699426758,33699426354,0,0,404
16833,0,33701428837,33701428423,0,0,413
16834,0,33703431493,33703431116,0,0,377
16835,0,33705434405,33705434014,0,0,391
16836,0,33707436711,33707436334,0,0,376
16837,0,33709437440,33709437045,0,0,395
16838,0,33711439918,33711439536,0,0,382
16839,0,33713442173,33713441767,0,0,405
16840,0,33715444207,33715443851,0,0,356
16841,0,33717447285,33717446881,0,0,403
16842,0,33719448786,33719448381,0,0,405
16843,0,33721452630,33721452237,0,0,393
16844,0,33723453395,33723452993,0,0,402
16845,0,33725455712,33725455313,0,0,399
16846,0,33727457400,33727457005,0,0,394
16847,0,33729459737,33729459336,0,0,400
16848,0,33731462415,33731462024,0,0,391
16849,0,33733464125,33733463743,0,0,382
16850,0,33735466680,33735466289,0,0,391
16851,0,33737468828,33737468462,0,0,366
16852,0,33739470878,33739470501,0,0,376
16853,0,33741473072,33741472661,0,0,411
16854,0,33743475152,33743474773,0,0,379
16855,0,33745477633,33745477238,0,0,395
16856,0,33747479558,33747479207,0,0,350
16857,0,33749482296,33749481900,0,0,395
16858,0,33751484123,33751483757,0,0,365
16859,0,33753488348,33753487943,0,0,404
16860,0,33755489229,33755488860,0,0,368
16861,0,33757491462,33757491051,0,0,411
16862,0,33759493514,33759493112,0,0,401
16863,0,33761495334,33761494951,0,0,383
16864,0,33763498002,33763497615,0,0,387
16865,0,33765499905,33765499523,0,0,382
16866,0,33767501981,33767501604,0,0,377
16867,0,33769504938,33769504543,0,0,395
16868,0,33771506402,33771506032,0,0,370
16869,0,33773508879,33773508483,0,0,395
16870,0,33775511321,33775510929,0,0,392
16871,0,33777513121,33777512714,0,0,406
16872,0,33779515535,33779515130,0,0,405
16873,0,33781517926,33781517543,0,0,383
16874,0,33783520046,33783519644,0,0,401
16875,0,33785522104,33785521705,0,0,399
16876,0,33787524426,33787524033,0,0,392
16877,0,33789528469,33789528071,0,0,397
16878,0,33791529844,33791529462,0,0,382
16879,0,33793531108,33793530725,0,0,382
16880,0,33795533458,33795533052,0,0,405
16881,0,33797535373,33797534957,0,0,415
16882,0,33799537779,33799537372,0,0,407
16883,0,33801540577,33801540173,0,0,404
16884,0,33803542355,33803541969,0,0,385
16885,0,33805544620,33805544203,0,0,417
16886,0,33807546681,33807546287,0,0,394
16887,0,33809548357,33809547969,0,0,387
16888,0,33811550223,33811549841,0,0,382
16889,0,33813553098,33813552687,0,0,411
16890,0,33815556107,33815555725,0,0,382
16891,0,33817557227,33817556808,0,0,419
16892,0,33819559208,33819558818,0,0,389
16893,0,33821563519,33821563126,0,0,392
16894,0,33823564415,33823563991,0,0,424
16895,0,33825567282,33825566867,0,0,415
16896,0,33827567617,33827567219,0,0,397
16897,0,33829572086,33829571673,0,0,413
16898,0,33831574643,33831574253,0,0,389
16899,0,33833575962,33833575571,0,0,391
16900,0,33835578937,33835578524,0,0,413
16901,0,33837581053,33837580672,0,0,380
16902,0,33839582426,33839582009,0,0,416
16903,0,33841584670,33841584262,0,0,407
16904,0,33843586653,33843586259,0,0,394
16905,0,33845589047,33845588669,0,0,377
16906,0,33847591343,33847590943,0,0,399
16907,0,33849593821,33849593435,0,0,385
16908,0,33851596062,33851595663,0,0,399
16909,0,33853598301,33853597905,0,0,395
16910,0,33855600086,33855599720,0,0,366
16911,0,33857602223,33857601847,0,0,375
16912,0,33859605765,33859605373,0,0,392
16913,0,33861609026,33861608631,0,0,395
16914,0,33863609190,33863608823,0,0,366
16915,0,33865611227,33865610854,0,0,373
16916,0,33867613515,33867613136,0,0,379
16917,0,33869615910,33869615516,0,0,393
16918,0,33871617672,33871617300,0,0,372
16919,0,33873620362,33873619972,0,0,390
16920,0,33875622168,33875621802,0,0,366
16921,0,33877624877,33877624507,0,0,369
16922,0,33879627222,33879626870,0,0,351
16923,0,33881628948,33881628565,0,0,383
16924,0,33883631499,33883631130,0,0,368
16925,0,33885633857,33885633471,0,0,385
16926,0,33887636116,33887635719,0,0,397
16927,0,33889637838,33889637454,0,0,383
16928,0,33891640467,33891640076,0,0,390
16929,0,33893642736,33893642341,0,0,394
16930,0,33895644841,33895644465,0,0,376
16931,0,33897646667,33897646282,0,0,385
16932,0,33899650083,33899649718,0,0,364
16933,0,33901651847,33901651424,0,0,422
16934,0,33903653808,33903653435,0,0,373
16935,0,33905655925,33905655549,0,0,376
16936,0,33907658447,33907658045,0,0,402
16937,0,33909660454,33909660085,0,0,368
16938,0,33911662769,33911662382,0,0,386
16939,0,33913664265,33913663884,0,0,380
16940,0,33915666635,33915666253,0,0,382
16941,0,33917669913,33917669504,0,0,408
16942,0,33919672328,33919671979,0,0,349
16943,0,33921674879,33921674487,0,0,391
16944,0,33923676052,33923675656,0,0,395
16945,0,33925678497,33925678096,0,0,400
16946,0,33927680509,33927680136,0,0,373
16947,0,33929681824,33929681441,0,0,382
16948,0,33931683735,33931683391,0,0,343
16949,0,33933686760,33933686393,0,0,367
16950,0,33935689938,33935689572,0,0,366
16951,0,33937691251,33937690860,0,0,391
16952,0,33939693447,33939693074,0,0,372
16953,0,33941696161,33941695788,0,0,372
16954,0,33943697885,33943697492,0,0,392
16955,0,33945700559,33945700166,0,0,393
16956,0,33947702467,33947702083,0,0,384
16957,0,33949704788,33949704402,0,0,386
16958,0,33951707156,33951706757,0,0,398
16959,0,33953709206,33953708806,0,0,400
16960,0,33955711471,33955711092,0,0,379
16961,0,33957713683,33957713298,0,0,385
16962,0,33959716050,33959715665,0,0,384
16963,0,33961718762,33961718357,0,0,405
16964,0,33963721318,33963720923,0,0,395
16965,0,33965722536,33965722131,0,0,404
16966,0,33967724555,33967724156,0,0,399
16967,0,33969726694,33969726288,0,0,405
16968,0,33971730347,33971729970,0,0,376
16969,0,33973731653,33973731278,0,0,375
16970,0,33975733978,33975733583,0,0,395
16971,0,33977735415,33977735016,0,0,399
16972,0,33979737638,33979737259,0,0,379
16973,0,33981740831,33981740449,0,0,382
16974,0,33983742283,33983741938,0,0,345
16975,0,33985744423,33985744042,0,0,381
16976,0,33987746724,33987746337,0,0,387
16977,0,33989749433,33989749052,0,0,381
16978,0,33991751704,33991751335,0,0,368
16979,0,33993753842,33993753432,0,0,409
16980,0,33995755448,33995755077,0,0,370
16981,0,33997757963,33997757570,0,0,393
16982,0,33999760422,33999760027,0,0,395
16983,0,34001762121,34001761704,0,0,416
16984,0,34003764498,34003764130,0,0,367
16985,0,34005767110,34005766720,0,0,389
16986,0,34007770364,34007769958,0,0,406
16987,0,34009771043,34009770647,0,0,396
16988,0,34011774020,34011773658,0,0,361
16989,0,34013775779,34013775366,0,0,413
16990,0,34015777847,34015777477,0,0,369
16991,0,34017779806,34017779410,0,0,396
16992,0,34019781782,34019781377,0,0,404
16993,0,34021786013,34021785643,0,0,369
16994,0,34023787248,34023786876,0,0,372
16995,0,34025790190,34025789805,0,0,384
16996,0,34027792456,34027792060,0,0,395
16997,0,34029793750,34029793366,0,0,384
16998,0,34031795701,34031795302,0,0,398
16999,0,34033798573,34033798164,0,0,408
17000,0,34035800259,34035799867,0,0,392
17001,0,34037802180,34037801793,0,0,386
17002,0,34039804802,34039804419,0,0,383
17003,0,34041806791,34041806405,0,0,386
17004,0,34043808759,34043808366,0,0,393
17005,0,34045811139,34045810743,0,0,395
17006,0,34047812548,34047812180,0,0,367
17007,0,34049815584,34049815185,0,0,399
17008,0,34051818260,34051817874,0,0,386
17009,0,34053820372,34053819986,0,0,385
17010,0,34055822791,34055822413,0,0,377
17011,0,34057825143,34057824755,0,0,388
17012,0,34059826740,34059826363,0,0,377
17013,0,34061829325,34061828915,0,0,409
17014,0,34063831557,34063831159,0,0,397
17015,0,34065833179,34065832782,0,0,397
17016,0,34067834490,34067834100,0,0,390
17017,0,34069838440,34069838040,0,0,400
17018,0,34071840723,34071840355,0,0,368
17019,0,34073842759,34073842368,0,0,391
17020,0,34075845200,34075844816,0,0,383
17021,0,34077846885,34077846467,0,0,418
17022,0,34079849291,34079848893,0,0,397
17023,0,34081852423,34081852017,0,0,406
17024,0,34083853463,34083853080,0,0,382
17025,0,34085856377,34085855987,0,0,389
17026,0,34087857919,34087857536,0,0,382
17027,0,34089860283,34089859907,0,0,376
17028,0,34091862327,34091861928,0,0,399
17029,0,34093865384,34093864997,0,0,386
17030,0,34095867034,34095866638,0,0,396
17031,0,34097869305,34097868914,0,0,391
17032,0,34099871675,34099871310,0,0,365
17033,0,34101873958,34101873547,0,0,411
17034,0,34103876013,34103875606,0,0,406
17035,0,34105878074,34105877638,0,0,436
17036,0,34107880562,34107880166,0,0,396
17037,0,34109882401,34109881995,0,0,406
17038,0,34111884858,34111884463,0,0,395
17039,0,34113886703,34113886310,0,0,392
17040,0,34115890440,34115890055,0,0,385
17041,0,34117893730,34117893351,0,0,379
17042,0,34119894229,34119893830,0,0,398
17043,0,34121897032,34121896647,0,0,385
17044,0,34123898289,34123897914,0,0,375
17045,0,34125900388,34125900023,0,0,364
17046,0,34127902550,34127902167,0,0,382
17047,0,34129904747,34129904365,0,0,382
17048,0,34131907002,34131906646,0,0,355
17049,0,34133909658,34133909276,0,0,381
17050,0,34135911942,34135911576,0,0,366
17051,0,34137913763,34137913378,0,0,384
17052,0,34139916154,34139915773,0,0,380
17053,0,34141918247,34141917855,0,0,391
17054,0,34143920237,34143919850,0,0,386
17055,0,34145923282,34145922887,0,0,394
17056,0,34147925723,34147925330,0,0,393
17057,0,34149927329,34149926940,0,0,388
17058,0,34151929088,34151928737,0,0,350
17059,0,34153932351,34153931962,0,0,388
17060,0,34155933888,34155933507,0,0,381
17061,0,34157936798,34157936408,0,0,389
17062,0,34159938378,34159937973,0,0,405
17063,0,34161940404,34161940003,0,0,400
17064,0,34163942965,34163942583,0,0,382
17065,0,34165945294,34165944886,0,0,407
17066,0,34167947106,34167946705,0,0,400
17067,0,34169949286,34169948893,0,0,393
17068,0,34171951499,34171951105,0,0,393
17069,0,34173953424,34173953010,0,0,413
17070,0,34175956081,34175955716,0,0,365
17071,0,34177958476,34177958083,0,0,393
17072,0,34179960893,34179960501,0,0,392
17073,0,34181962738,34181962328,0,0,409
17074,0,34183965316,34183964914,0,0,402
17075,0,34185967382,34185966981,0,0,400
17076,0,34187969291,34187968899,0,0,391
17077,0,34189971802,34189971434,0,0,367
17078,0,34191974538,34191974143,0,0,395
17079,0,34193976060,34193975656,0,0,403
17080,0,34195978392,34195978029,0,0,363
17081,0,34197980460,34197980092,0,0,367
17082,0,34199982529,34199982166,0,0,363
17083,0,34201984838,34201984460,0,0,377
17084,0,34203987154,34203986816,0,0,337
17085,0,34205990008,34205989631,0,0,376
17086,0,34207992669,34207992297,0,0,371
17087,0,34209994365,34209993977,0,0,387
17088,0,34211996320,34211995937,0,0,382
17089,0,34213998406,34213998040,0,0,366
17090,0,34216001060,34216000675,0,0,384
17091,0,34218004695,34218004294,0,0,400
17092,0,34220006391,34220006031,0,0,360
17093,0,34222008090,34222007684,0,0,406
17094,0,34224009246,34224008833,0,0,412
17095,0,34226011860,34226011455,0,0,404
17096,0,34228015256,34228014893,0,0,363
17097,0,34230016085,34230015703,0,0,382
17098,0,34232017890,34232017495,0,0,395
17099,0,34234020283,34234019897,0,0,386
17100,0,34236022901,34236022519,0,0,381
17101,0,34238025351,34238024967,0,0,384
17102,0,34240026857,34240026486,0,0,370
17103,0,34242029444,34242029089,0,0,355
17104,0,34244031697,34244031314,0,0,383
17105,0,34246033903,34246033518,0,0,384
17106,0,34248036685,34248036303,0,0,382
17107,0,34250039612,34250039233,0,0,378
17108,0,34252040492,34252040124,0,0,367
17109,0,34254043171,34254042775,0,0,396
17110,0,34256044470,34256044079,0,0,391
17111,0,34258045878,34258045477,0,0,400
17112,0,34260049593,34260049240,0,0,352
17113,0,34262051870,34262051461,0,0,408
17114,0,34264055001,34264054603,0,0,397
17115,0,34266056003,34266055618,0,0,384
17116,0,34268058817,34268058435,0,0,382
17117,0,34270061973,34270061577,0,0,395
17118,0,34272062888,34272062507,0,0,381
17119,0,34274065036,34274064631,0,0,405
17120,0,34276067351,34276066958,0,0,393
17121,0,34278069328,34278068957,0,0,370
17122,0,34280071755,34280071402,0,0,352
17123,0,34282074424,34282074048,0,0,376
17124,0,34284076123,34284075730,0,0,392
17125,0,34286078745,34286078346,0,0,398
17126,0,34288080238,34288079862,0,0,375
17127,0,34290083320,34290082933,0,0,386
17128,0,34292085298,34292084888,0,0,410
17129,0,34294087000,34294086641,0,0,358
17130,0,34296089442,34296089062,0,0,380
17131,0,34298091749,34298091364,0,0,385
17132,0,34300094498,34300094126,0,0,372
17133,0,34302096340,34302095988,0,0,352
17134,0,34304098365,34304097994,0,0,370
17135,0,34306100589,34306100220,0,0,368
17136,0,34308102908,34308102534,0,0,373
17137,0,34310104977,34310104598,0,0,379
17138,0,34312107009,34312106655,0,0,354
17139,0,34314109204,34314108824,0,0,379
17140,0,34316111285,34316110886,0,0,399
17141,0,34318113583,34318113204,0,0,378
17142,0,34320115995,34320115617,0,0,377
17143,0,34322120029,34322119636,0,0,392
17144,0,34324120062,34324119686,0,0,375
17145,0,34326121403,34326121014,0,0,388
17146,0,34328124716,34328124337,0,0,379
17147,0,34330126987,34330126606,0,0,380
17148,0,34332130054,34332129697,0,0,357
17149,0,34334132345,34334131971,0,0,373
17150,0,34336132713,34336132322,0,0,391
17151,0,34338135874,34338135495,0,0,379
17152,0,34340137838,34340137450,0,0,387
17153,0,34342139195,34342138812,0,0,383
17154,0,34344141545,34344141173,0,0,372
17155,0,34346145144,34346144757,0,0,386
17156,0,34348147037,34348146656,0,0,380
17157,0,34350149039,34350148647,0,0,392
17158,0,34352150736,34352150343,0,0,392
17159,0,34354154067,34354153697,0,0,370
17160,0,34356156412,34356156063,0,0,348
17161,0,34358158564,34358158207,0,0,356
17162,0,34360160567,34360160186,0,0,381
17163,0,34362163088,34362162706,0,0,382
17164,0,34364165038,34364164665,0,0,373
17165,0,34366167058,34366166696,0,0,361
17166,0,34368169031,34368168656,0,0,375
17167,0,34370170179,34370169800,0,0,379
17168,0,34372173855,34372173482,0,0,373
17169,0,34374177836,34374177456,0,0,379
17170,0,34376178424,34376178062,0,0,361
17171,0,34378180206,34378179829,0,0,377
17172,0,34380182370,34380181984,0,0,386
17173,0,34382184923,34382184543,0,0,379
17174,0,34384187060,34384186676,0,0,383
17175,0,34386189247,34386188858,0,0,389
17176,0,34388192575,34388192214,0,0,361
17177,0,34390194957,34390194581,0,0,375
17178,0,34392195979,34392195633,0,0,346
17179,0,34394198679,34394198299,0,0,379
17180,0,34396201101,34396200732,0,0,368
17181,0,34398203465,34398203094,0,0,370
17182,0,34400205283,34400204899,0,0,383
17183,0,34402206750,34402206377,0,0,372
17184,0,34404208314,34404207929,0,0,385
17185,0,34406212100,34406211732,0,0,367
17186,0,34408214413,34408214049,0,0,363
17187,0,34410216766,34410216357,0,0,408
17188,0,34412217681,34412217318,0,0,363
17189,0,34414220527,34414220144,0,0,382
17190,0,34416223467,34416223074,0,0,393
17191,0,34418225748,34418225357,0,0,391
17192,0,34420226397,34420226020,0,0,376
17193,0,34422231270,34422230917,0,0,352
17194,0,34424231527,34424231141,0,0,385
17195,0,34426233840,34426233471,0,0,369
17196,0,34428236411,34428236016,0,0,395
17197,0,34430238066,34430237663,0,0,402
17198,0,34432239515,34432239140,0,0,375
17199,0,34434242921,34434242530,0,0,390
17200,0,34436245332,34436244937,0,0,395
17201,0,34438247089,34438246702,0,0,387
17202,0,34440249863,34440249480,0,0,382
17203,0,34442251672,34442251274,0,0,398
17204,0,34444253689,34444253283,0,0,406
17205,0,34446257482,34446257092,0,0,389
17206,0,34448258456,34448258080,0,0,375
17207,0,34450260924,34450260514,0,0,410
17208,0,34452262761,34452262355,0,0,406
17209,0,34454264961,34454264548,0,0,412
17210,0,34456267334,34456266943,0,0,391
17211,0,34458269804,34458269395,0,0,408
17212,0,34460271905,34460271523,0,0,381
17213,0,34462274342,34462273925,0,0,416
17214,0,34464276259,34464275846,0,0,413
17215,0,34466278377,34466277967,0,0,409
17216,0,34468279564,34468279164,0,0,399
17217,0,34470282955,34470282552,0,0,402
17218,0,34472285347,34472284974,0,0,373
17219,0,34474288175,34474287757,0,0,417
17220,0,34476290386,34476290010,0,0,375
17221,0,34478291750,34478291332,0,0,417
17222,0,34480294085,34480293670,0,0,414
17223,0,34482297409,34482297008,0,0,400
17224,0,34484299197,34484298828,0,0,369
17225,0,34486301789,34486301384,0,0,405
17226,0,34488302940,34488302524,0,0,415
17227,0,34490305358,34490304961,0,0,396
17228,0,34492307681,34492307292,0,0,389
17229,0,34494309786,34494309394,0,0,392
17230,0,34496311557,34496311177,0,0,380
17231,0,34498313595,34498313191,0,0,404
17232,0,34500315305,34500314884,0,0,421
17233,0,34502318791,34502318383,0,0,407
17234,0,34504321016,34504320647,0,0,368
17235,0,34506322979,34506322575,0,0,404
17236,0,34508325226,34508324815,0,0,411
17237,0,34510327258,34510326830,0,0,427
17238,0,34512329460,34512329038,0,0,421
17239,0,34514332601,34514332220,0,0,381
17240,0,34516335126,34516334755,0,0,370
17241,0,34518336504,34518336076,0,0,428
17242,0,34520339354,34520338977,0,0,376
17243,0,34522342519,34522342098,0,0,420
17244,0,34524343550,34524343152,0,0,398
17245,0,34526345509,34526345086,0,0,422
17246,0,34528347522,34528347119,0,0,403
17247,0,34530349612,34530349229,0,0,382
17248,0,34532351724,34532351329,0,0,395
17249,0,34534353951,34534353585,0,0,366
17250,0,34536355808,34536355452,0,0,355
17251,0,34538358047,34538357671,0,0,375
17252,0,34540360441,34540360061,0,0,379
17253,0,34542362536,34542362157,0,0,379
17254,0,34544363683,34544363312,0,0,370
17255,0,34546366701,34546366321,0,0,380
17256,0,34548369716,34548369323,0,0,393
17257,0,34550372384,34550371993,0,0,391
17258,0,34552373766,34552373381,0,0,384
17259,0,34554376371,34554375964,0,0,407
17260,0,34556379854,34556379482,0,0,372
17261,0,34558381157,34558380781,0,0,375
17262,0,34560382952,34560382561,0,0,391
17263,0,34562385172,34562384803,0,0,368
17264,0,34564387323,34564386937,0,0,386
17265,0,34566389435,34566389063,0,0,372
17266,0,34568391847,34568391481,0,0,365
17267,0,34570394033,34570393660,0,0,373
17268,0,34572396009,34572395633,0,0,375
17269,0,34574398293,34574397892,0,0,400
17270,0,34576401067,34576400684,0,0,382
17271,0,34578402582,34578402225,0,0,356
17272,0,34580404443,34580404072,0,0,370
17273,0,34582407295,34582406902,0,0,393
17274,0,34584410045,34584409694,0,0,350
17275,0,34586411786,34586411393,0,0,393
17276,0,34588414364,34588414005,0,0,358
17277,0,34590416903,34590416521,0,0,382
17278,0,34592420791,34592420421,0,0,369
17279,0,34594420757,34594420376,0,0,380
17280,0,34596422879,34596422501,0,0,377
17281,0,34598425175,34598424804,0,0,370
17282,0,34600427148,34600426764,0,0,384
17283,0,34602429851,34602429480,0,0,370
17284,0,34604431677,34604431305,0,0,372
17285,0,34606434024,34606433624,0,0,400
17286,0,34608436401,34608436030,0,0,370
17287,0,34610438370,34610438004,0,0,366
17288,0,34612440698,34612440338,0,0,360
17289,0,34614442943,34614442561,0,0,382
17290,0,34616444846,34616444439,0,0,406
17291,0,34618447217,34618446835,0,0,381
17292,0,34620449993,34620449599,0,0,393
17293,0,34622453178,34622452795,0,0,382
17294,0,34624454160,34624453784,0,0,375
17295,0,34626456635,34626456266,0,0,369
17296,0,34628459892,34628459539,0,0,352
17297,0,34630462960,34630462561,0,0,399
17298,0,34632463535,34632463182,0,0,352
17299,0,34634465579,34634465202,0,0,377
17300,0,34636467690,34636467340,0,0,350
17301,0,34638469620,34638469233,0,0,386
17302,0,34640472346,34640471969,0,0,376
17303,0,34642474510,34642474133,0,0,376
17304,0,34644476309,34644475936,0,0,373
17305,0,34646478597,34646478205,0,0,391
17306,0,34648481501,34648481131,0,0,370
17307,0,34650484527,34650484131,0,0,395
17308,0,34652485639,34652485284,0,0,355
17309,0,34654487465,34654487089,0,0,375
17310,0,34656489595,34656489198,0,0,396
17311,0,34658492390,34658492007,0,0,382
17312,0,34660494333,34660493957,0,0,375
17313,0,34662496821,34662496435,0,0,385
17314,0,34664498402,34664498033,0,0,369
17315,0,34666502603,34666502202,0,0,400
17316,0,34668504066,34668503687,0,0,378
17317,0,34670505954,34670505568,0,0,385
17318,0,34672507359,34672506977,0,0,382
17319,0,34674509685,34674509316,0,0,368
17320,0,34676511802,34676511404,0,0,397
17321,0,34678514087,34678513707,0,0,379
17322,0,34680516283,34680515893,0,0,389
17323,0,34682518380,34682517996,0,0,384
17324,0,34684519871,34684519498,0,0,373
17325,0,34686522829,34686522451,0,0,377
17326,0,34688525114,34688524732,0,0,382
17327,0,34690527650,34690527251,0,0,399
17328,0,34692530107,34692529709,0,0,398
17329,0,34694531851,34694531434,0,0,416
17330,0,34696534240,34696533861,0,0,379
17331,0,34698536115,34698535698,0,0,416
17332,0,34700537555,34700537148,0,0,407
17333,0,34702542470,34702542087,0,0,382
17334,0,34704543168,34704542768,0,0,399
17335,0,34706545448,34706545025,0,0,422
17336,0,34708547666,34708547265,0,0,400
17337,0,34710549600,34710549212,0,0,387
17338,0,34712551964,34712551589,0,0,375
17339,0,34714554770,34714554381,0,0,388
17340,0,34716557284,34716556912,0,0,371
17341,0,34718560716,34718560321,0,0,395
17342,0,34720562284,34720561902,0,0,382
17343,0,34722564460,34722564065,0,0,394
17344,0,34724565611,34724565208,0,0,403
17345,0,34726567726,34726567320,0,0,406
17346,0,34728569935,34728569554,0,0,381
17347,0,34730572442,34730572046,0,0,395
17348,0,34732574074,34732573678,0,0,395
17349,0,34734576447,34734576046,0,0,400
17350,0,34736578604,34736578200,0,0,403
17351,0,34738581807,34738581422,0,0,385
17352,0,34740583055,34740582676,0,0,379
17353,0,34742586252,34742585849,0,0,402
17354,0,34744588186,34744587783,0,0,402
17355,0,34746589324,34746588923,0,0,400
17356,0,34748592366,34748591960,0,0,405
17357,0,34750594420,34750594004,0,0,415
17358,0,34752596838,34752596432,0,0,406
17359,0,34754598874,34754598472,0,0,401
17360,0,34756600917,34756600510,0,0,407
17361,0,34758603326,34758602923,0,0,403
17362,0,34760605317,34760604925,0,0,391
17363,0,34762607421,34762607031,0,0,389
17364,0,34764610215,34764609834,0,0,380
17365,0,34766612307,34766611921,0,0,386
17366,0,34768614062,34768613647,0,0,415
17367,0,34770616426,34770616019,0,0,407
17368,0,34772618612,34772618233,0,0,379
17369,0,34774622184,34774621796,0,0,388
17370,0,34776623269,34776622865,0,0,404
17371,0,34778625701,34778625298,0,0,402
17372,0,34780628244,34780627860,0,0,384
17373,0,34782630328,34782629916,0,0,412
17374,0,34784632319,34784631922,0,0,396
17375,0,34786634877,34786634461,0,0,415
17376,0,34788636802,34788636398,0,0,403
17377,0,34790639423,34790639042,0,0,381
17378,0,34792641085,34792640713,0,0,372
17379,0,34794644567,34794644194,0,0,373
17380,0,34796646435,34796646030,0,0,404
17381,0,34798647732,34798647350,0,0,382
17382,0,34800650076,34800649676,0,0,400
17383,0,34802652131,34802651738,0,0,393
17384,0,34804654158,34804653807,0,0,350
17385,0,34806656601,34806656222,0,0,379
17386,0,34808658773,34808658408,0,0,365
17387,0,34810660770,34810660393,0,0,377
17388,0,34812662936,34812662582,0,0,354
17389,0,34814666021,34814665634,0,0,386
17390,0,34816667595,34816667226,0,0,369
17391,0,34818670018,34818669632,0,0,386
17392,0,34820672503,34820672129,0,0,374
17393,0,34822675412,34822675013,0,0,399
17394,0,34824676502,34824676133,0,0,368
17395,0,34826678586,34826678205,0,0,380
17396,0,34828681111,34828680754,0,0,357
17397,0,34830683666,34830683296,0,0,370
17398,0,34832685438,34832685050,0,0,387
17399,0,34834687579,34834687181,0,0,398
17400,0,34836689772,34836689369,0,0,402
17401,0,34838691737,34838691351,0,0,386
17402,0,34840693956,34840693590,0,0,366
17403,0,34842696568,34842696188,0,0,379
17404,0,34844699485,34844699087,0,0,397
17405,0,34846701992,34846701621,0,0,370
17406,0,34848704696,34848704295,0,0,401
17407,0,34850705101,34850704734,0,0,366
17408,0,34852706481,34852706115,0,0,366
17409,0,34854710380,34854710008,0,0,372
17410,0,34856711952,34856711570,0,0,382
17411,0,34858714782,34858714416,0,0,366
17412,0,34860716605,34860716232,0,0,373
17413,0,34862718943,34862718561,0,0,382
17414,0,34864721058,34864720680,0,0,377
17415,0,34866723712,34866723357,0,0,355
17416,0,34868725154,34868724783,0,0,370
17417,0,34870728059,34870727686,0,0,373
17418,0,34872729597,34872729231,0,0,365
17419,0,34874731967,34874731601,0,0,366
17420,0,34876734483,34876734112,0,0,370
17421,0,34878736532,34878736173,0,0,359
17422,0,34880738467,34880738108,0,0,359
17423,0,34882740858,34882740478,0,0,380
17424,0,34884744096,34884743732,0,0,363
17425,0,34886746852,34886746485,0,0,366
17426,0,34888748591,34888748200,0,0,390
17427,0,34890750600,34890750231,0,0,368
17428,0,34892751442,34892751098,0,0,343
17429,0,34894754714,34894754345,0,0,369
17430,0,34896756453,34896756087,0,0,365
17431,0,34898759370,34898759001,0,0,369
17432,0,34900761113,34900760770,0,0,342
17433,0,34902763387,34902763036,0,0,350
17434,0,34904765852,34904765514,0,0,337
17435,0,34906768157,34906767792,0,0,364
17436,0,34908770662,34908770333,0,0,328
17437,0,34910773194,34910772833,0,0,361
17438,0,34912774779,34912774426,0,0,352
17439,0,34914776448,34914776052,0,0,395
17440,0,34916778809,34916778404,0,0,405
17441,0,34918781574,34918781168,0,0,406
17442,0,34920783696,34920783321,0,0,375
17443,0,34922787976,34922787561,0,0,415
17444,0,34924788278,34924787903,0,0,375
17445,0,34926789905,34926789495,0,0,410
17446,0,34928792682,34928792279,0,0,402
17447,0,34930794350,34930793955,0,0,395
17448,0,34932796513,34932796130,0,0,382
17449,0,34934798799,34934798400,0,0,399
17450,0,34936800901,34936800473,0,0,428
17451,0,34938803503,34938803077,0,0,426
17452,0,34940805858,34940805450,0,0,408
17453,0,34942808049,34942807640,0,0,408
17454,0,34944809813,34944809415,0,0,397
17455,0,34946812280,34946811850,0,0,429
17456,0,34948814472,34948814088,0,0,384
17457,0,34950816823,34950816442,0,0,380
17458,0,34952819193,34952818808,0,0,384
17459,0,34954820936,34954820527,0,0,408
17460,0,34956823315,34956822932,0,0,383
17461,0,34958827040,34958826650,0,0,390
17462,0,34960827848,34960827451,0,0,396
17463,0,34962829635,34962829220,0,0,415
17464,0,34964831752,34964831357,0,0,395
17465,0,34966834878,34966834472,0,0,405
17466,0,34968836596,34968836215,0,0,381
17467,0,34970839573,34970839166,0,0,406
17468,0,34972841490,34972841110,0,0,380
17469,0,34974843868,34974843481,0,0,386
17470,0,34976845563,34976845177,0,0,386
17471,0,34978847581,34978847175,0,0,405
17472,0,34980849924,34980849512,0,0,412
17473,0,34982851853,34982851450,0,0,403
17474,0,34984853622,34984853217,0,0,404
17475,0,34986857505,34986857076,0,0,429
17476,0,34988859365,34988858969,0,0,395
17477,0,34990860049,34990859644,0,0,404
17478,0,34992863333,34992862911,0,0,422
17479,0,34994866444,34994866038,0,0,406
17480,0,34996867474,34996867103,0,0,371
17481,0,34998868591,34998868215,0,0,375
17482,0,35000871060,35000870664,0,0,395
17483,0,35002873896,35002873523,0,0,372
17484,0,35004875775,35004875373,0,0,402
17485,0,35006879278,35006878871,0,0,406
17486,0,35008881040,35008880679,0,0,361
17487,0,35010883341,35010882943,0,0,397
17488,0,35012885658,35012885224,0,0,433
17489,0,35014887888,35014887472,0,0,415
17490,0,35016890126,35016889763,0,0,363
17491,0,35018892505,35018892071,0,0,433
17492,0,35020894299,35020893889,0,0,410
17493,0,35022898424,35022898000,0,0,424
17494,0,35024898355,35024897960,0,0,395
17495,0,35026900135,35026899724,0,0,411
17496,0,35028903492,35028903080,0,0,411
17497,0,35030906707,35030906308,0,0,399
17498,0,35032907905,35032907530,0,0,375
17499,0,35034909823,35034909411,0,0,412
17500,0,35036911507,35036911105,0,0,402
17501,0,35038914457,35038914042,0,0,414
17502,0,35040916658,35040916260,0,0,397
17503,0,35042918870,35042918465,0,0,404
17504,0,35044921323,35044920928,0,0,395
17505,0,35046923486,35046923105,0,0,381
17506,0,35048925521,35048925142,0,0,379
17507,0,35050928339,35050927932,0,0,407
17508,0,35052930179,35052929803,0,0,376
17509,0,35054932206,35054931836,0,0,369
17510,0,35056934123,35056933741,0,0,382
17511,0,35058936022,35058935629,0,0,392
17512,0,35060938870,35060938489,0,0,381
17513,0,35062941024,35062940653,0,0,370
17514,0,35064943368,35064942972,0,0,396
17515,0,35066947072,35066946669,0,0,403
17516,0,35068948036,35068947661,0,0,375
17517,0,35070949929,35070949550,0,0,379
17518,0,35072952205,35072951826,0,0,379
17519,0,35074954670,35074954291,0,0,379
17520,0,35076956985,35076956588,0,0,396
17521,0,35078959270,35078958914,0,0,355
17522,0,35080961195,35080960830,0,0,365
17523,0,35082963024,35082962619,0,0,404
17524,0,35084964535,35084964171,0,0,364
17525,0,35086967785,35086967405,0,0,379
17526,0,35088970740,35088970362,0,0,377
17527,0,35090972759,35090972379,0,0,380
17528,0,35092975108,35092974741,0,0,366
17529,0,35094976882,35094976486,0,0,395
17530,0,35096979613,35096979240,0,0,373
17531,0,35098981485,35098981089,0,0,396
17532,0,35100983705,35100983343,0,0,362
17533,0,35102985448,35102985056,0,0,392
17534,0,35104988939,35104988556,0,0,383
17535,0,35106990105,35106989728,0,0,377
17536,0,35108992401,35108992025,0,0,375
17537,0,35110994697,35110994332,0,0,364
17538,0,35112996462,35112996103,0,0,358
17539,0,35114999743,35114999357,0,0,386
17540,0,35117001442,35117001047,0,0,395
17541,0,35119003698,35119003330,0,0,368
17542,0,35121006228,35121005861,0,0,366
17543,0,35123010115,35123009732,0,0,382
17544,0,35125010774,35125010372,0,0,402
17545,0,35127011406,35127011034,0,0,372
17546,0,35129014462,35129014083,0,0,379
17547,0,35131016557,35131016167,0,0,390
17548,0,35133018099,35133017718,0,0,381
17549,0,35135021096,35135020710,0,0,386
17550,0,35137023328,35137022977,0,0,350
17551,0,35139025454,35139025087,0,0,366
17552,0,35141028788,35141028421,0,0,367
17553,0,35143031201,35143030840,0,0,360
17554,0,35145032797,35145032483,0,0,314
17555,0,35147034552,35147034197,0,0,355
17556,0,35149036919,35149036591,0,0,328
17557,0,35151039269,35151038921,0,0,348
17558,0,35153040900,35153040551,0,0,348
17559,0,35155042723,35155042330,0,0,393
17560,0,35157046164,35157045793,0,0,370
17561,0,35159048820,35159048451,0,0,369
17562,0,35161051378,35161051024,0,0,353
17563,0,35163053158,35163052777,0,0,380
17564,0,35165055309,35165054951,0,0,357
17565,0,35167057806,35167057431,0,0,375
17566,0,35169059092,35169058719,0,0,373
17567,0,35171061653,35171061278,0,0,375
17568,0,35173063828,35173063408,0,0,419
17569,0,35175065980,35175065573,0,0,407
17570,0,35177068744,35177068339,0,0,405
17571,0,35179070529,35179070124,0,0,404
17572,0,35181072925,35181072543,0,0,382
17573,0,35183074678,35183074268,0,0,409
17574,0,35185076889,35185076481,0,0,407
17575,0,35187079142,35187078725,0,0,416
17576,0,35189081190,35189080787,0,0,402
17577,0,35191084468,35191084058,0,0,409
17578,0,35193087252,35193086848,0,0,404
17579,0,35195088119,35195087694,0,0,424
17580,0,35197090386,35197090000,0,0,386
17581,0,35199093505,35199093082,0,0,423
17582,0,35201096222,35201095806,0,0,415
17583,0,35203097519,35203097111,0,0,407
17584,0,35205100403,35205099989,0,0,413
17585,0,35207101760,35207101349,0,0,411
17586,0,35209104059,35209103663,0,0,395
17587,0,35211106058,35211105667,0,0,391
17588,0,35213108447,35213108090,0,0,356
17589,0,35215112664,35215112254,0,0,409
17590,0,35217112986,35217112592,0,0,393
17591,0,35219114752,35219114341,0,0,411
17592,0,35221116766,35221116377,0,0,388
17593,0,35223120586,35223120184,0,0,401
17594,0,35225121176,35225120765,0,0,411
17595,0,35227124052,35227123633,0,0,419
17596,0,35229126219,35229125800,0,0,419
17597,0,35231128364,35231127948,0,0,416
17598,0,35233130865,35233130456,0,0,408
17599,0,35235132976,35235132580,0,0,395
17600,0,35237134925,35237134539,0,0,386
17601,0,35239136711,35239136319,0,0,391
17602,0,35241139187,35241138831,0,0,355
17603,0,35243142994,35243142601,0,0,393
17604,0,35245145002,35245144629,0,0,373
17605,0,35247146159,35247145786,0,0,373
17606,0,35249148657,35249148260,0,0,397
17607,0,35251152094,35251151681,0,0,413
17608,0,35253153463,35253153078,0,0,385
17609,0,35255154941,35255154554,0,0,386
17610,0,35257157476,35257157060,0,0,415
17611,0,35259159296,35259158879,0,0,417
17612,0,35261160975,35261160560,0,0,415
17613,0,35263162341,35263161946,0,0,395
17614,0,35265164767,35265164388,0,0,379
17615,0,35267168286,35267167875,0,0,411
17616,0,35269170434,35269170017,0,0,417
17617,0,35271172923,35271172548,0,0,375
17618,0,35273174597,35273174201,0,0,396
17619,0,35275177604,35275177192,0,0,412
17620,0,35277179173,35277178790,0,0,382
17621,0,35279181668,35279181272,0,0,395
17622,0,35281183431,35281183035,0,0,396
17623,0,35283185959,35283185550,0,0,409
17624,0,35285188013,35285187638,0,0,374
17625,0,35287191391,35287190988,0,0,402
17626,0,35289192626,35289192211,0,0,415
17627,0,35291195055,35291194647,0,0,407
17628,0,35293197341,35293196932,0,0,409
17629,0,35295199281,35295198853,0,0,427
17630,0,35297201820,35297201397,0,0,422
17631,0,35299204315,35299203894,0,0,421
17632,0,35301205642,35301205229,0,0,413
17633,0,35303208202,35303207782,0,0,419
17634,0,35305210265,35305209883,0,0,382
17635,0,35307213830,35307213444,0,0,385
17636,0,35309216219,35309215820,0,0,399
17637,0,35311217329,35311216964,0,0,365
17638,0,35313219503,35313219107,0,0,396
17639,0,35315221496,35315221087,0,0,408
17640,0,35317224202,35317223800,0,0,402
17641,0,35319226514,35319226110,0,0,403
17642,0,35321228258,35321227853,0,0,404
17643,0,35323232950,35323232543,0,0,407
17644,0,35325232826,35325232424,0,0,402
17645,0,35327235308,35327234904,0,0,404
17646,0,35329237049,35329236687,0,0,361
17647,0,35331239160,35331238750,0,0,409
17648,0,35333241529,35333241126,0,0,402
17649,0,35335244319,35335243921,0,0,397
17650,0,35337245943,35337245577,0,0,366
17651,0,35339247896,35339247514,0,0,382
17652,0,35341249411,35341249031,0,0,379
17653,0,35343252478,35343252083,0,0,395
17654,0,35345254987,35345254586,0,0,401
17655,0,35347256914,35347256523,0,0,390
17656,0,35349259549,35349259155,0,0,394
17657,0,35351261890,35351261494,0,0,395
17658,0,35353264359,35353263993,0,0,366
17659,0,35355265610,35355265227,0,0,382
17660,0,35357267894,35357267518,0,0,376
17661,0,35359271296,35359270913,0,0,383
17662,0,35361272865,35361272482,0,0,382
17663,0,35363275095,35363274686,0,0,408
17664,0,35365276874,35365276482,0,0,392
17665,0,35367279262,35367278889,0,0,373
17666,0,35369281374,35369281041,0,0,332
17667,0,35371283958,35371283575,0,0,383
17668,0,35373286201,35373285839,0,0,361
17669,0,35375288244,35375287854,0,0,390
17670,0,35377290516,35377290145,0,0,370
17671,0,35379293053,35379292676,0,0,376
17672,0,35381295181,35381294829,0,0,352
17673,0,35383296819,35383296450,0,0,368
17674,0,35385298127,35385297748,0,0,379
17675,0,35387301292,35387300896,0,0,395
17676,0,35389302487,35389302116,0,0,370
17677,0,35391305937,35391305566,0,0,370
17678,0,35393308356,35393308027,0,0,328
17679,0,35395310094,35395309715,0,0,379
17680,0,35397313892,35397313481,0,0,411
17681,0,35399316102,35399315698,0,0,403
17682,0,35401317393,35401317002,0,0,391
17683,0,35403318897,35403318492,0,0,405
17684,0,35405320393,35405320002,0,0,391
17685,0,35407323557,35407323164,0,0,392
17686,0,35409325497,35409325084,0,0,413
17687,0,35411328152,35411327719,0,0,432
17688,0,35413330755,35413330385,0,0,369
17689,0,35415332478,35415332090,0,0,387
17690,0,35417335527,35417335123,0,0,404
17691,0,35419337987,35419337593,0,0,394
17692,0,35421341196,35421340815,0,0,380
17693,0,35423344523,35423344132,0,0,391
17694,0,35425344481,35425344092,0,0,389
17695,0,35427346442,35427346032,0,0,410
17696,0,35429348512,35429348109,0,0,403
17697,0,35431351058,35431350651,0,0,407
17698,0,35433354169,35433353786,0,0,383
17699,0,35435354737,35435354343,0,0,394
17700,0,35437357535,35437357166,0,0,368
17701,0,35439360125,35439359724,0,0,400
17702,0,35441362155,35441361752,0,0,402
17703,0,35443364004,35443363591,0,0,413
17704,0,35445366128,35445365742,0,0,385
17705,0,35447368330,35447367930,0,0,400
17706,0,35449370271,35449369879,0,0,392
17707,0,35451372606,35451372207,0,0,398
17708,0,35453374938,35453374528,0,0,409
17709,0,35455377170,35455376761,0,0,408
17710,0,35457379494,35457379090,0,0,404
17711,0,35459381570,35459381161,0,0,409
17712,0,35461384196,35461383786,0,0,409
17713,0,35463386037,35463385632,0,0,404
17714,0,35465388665,35465388293,0,0,371
17715,0,35467390471,35467390058,0,0,413
17716,0,35469393624,35469393222,0,0,402
17717,0,35471395002,35471394593,0,0,408
17718,0,35473397330,35473396936,0,0,394
17719,0,35475399123,35475398712,0,0,411
17720,0,35477400872,35477400467,0,0,405
17721,0,35479403806,35479403433,0,0,373
17722,0,35481406495,35481406107,0,0,387
17723,0,35483408328,35483407919,0,0,408
17724,0,35485410820,35485410436,0,0,384
17725,0,35487412562,35487412152,0,0,409
17726,0,35489414850,35489414469,0,0,381
17727,0,35491416857,35491416464,0,0,393
17728,0,35493418669,35493418284,0,0,385
17729,0,35495421386,35495421006,0,0,379
17730,0,35497423146,35497422766,0,0,380
17731,0,35499427004,35499426614,0,0,389
17732,0,35501429346,35501428993,0,0,352
17733,0,35503431146,35503430746,0,0,399
17734,0,35505432951,35505432580,0,0,370
17735,0,35507435828,35507435425,0,0,402
17736,0,35509437707,35509437361,0,0,346
17737,0,35511439494,35511439089,0,0,405
17738,0,35513441765,35513441372,0,0,393
17739,0,35515443850,35515443446,0,0,404
17740,0,35517446056,35517445671,0,0,384
17741,0,35519448335,35519447924,0,0,411
17742,0,35521450166,35521449770,0,0,396
17743,0,35523452707,35523452313,0,0,393
17744,0,35525454361,35525453955,0,0,406
17745,0,35527457288,35527456893,0,0,395
17746,0,35529459503,35529459096,0,0,407
17747,0,35531461683,35531461273,0,0,409
17748,0,35533463789,35533463400,0,0,389
17749,0,35535466527,35535466137,0,0,390
17750,0,35537468701,35537468310,0,0,391
17751,0,35539470497,35539470107,0,0,390
17752,0,35541472671,35541472278,0,0,393
17753,0,35543475991,35543475624,0,0,366
17754,0,35545476977,35545476595,0,0,382
17755,0,35547479462,35547479089,0,0,373
17756,0,35549482383,35549482031,0,0,352
17757,0,35551484946,35551484539,0,0,407
17758,0,35553486073,35553485686,0,0,386
17759,0,35555488821,35555488444,0,0,376
17760,0,35557490875,35557490469,0,0,406
17761,0,35559492746,35559492362,0,0,384
17762,0,35561495204,35561494793,0,0,411
17763,0,35563498348,35563497934,0,0,413
17764,0,35565500592,35565500229,0,0,363
17765,0,35567501787,35567501379,0,0,407
17766,0,35569504236,35569503829,0,0,407
17767,0,35571506242,35571505851,0,0,391
17768,0,35573508951,35573508543,0,0,407
17769,0,35575510865,35575510471,0,0,393
17770,0,35577512745,35577512350,0,0,395
17771,0,35579516833,35579516440,0,0,392
17772,0,35581518662,35581518263,0,0,399
17773,0,35583519552,35583519144,0,0,408
17774,0,35585521777,35585521389,0,0,387
17775,0,35587524412,35587524021,0,0,391
17776,0,35589526727,35589526336,0,0,391
17777,0,35591528805,35591528414,0,0,391
17778,0,35593530854,35593530461,0,0,393
17779,0,35595532967,35595532594,0,0,373
17780,0,35597535162,35597534766,0,0,396
17781,0,35599537079,35599536706,0,0,373
17782,0,35601540012,35601539621,0,0,391
17783,0,35603541622,35603541223,0,0,399
17784,0,35605543049,35605542679,0,0,370
17785,0,35607546243,35607545847,0,0,395
17786,0,35609549301,35609548943,0,0,357
17787,0,35611551474,35611551063,0,0,411
17788,0,35613553295,35613552921,0,0,374
17789,0,35615556585,35615556193,0,0,392
17790,0,35617557256,35617556858,0,0,398
17791,0,35619559934,35619559540,0,0,393
17792,0,35621561355,35621560964,0,0,391
17793,0,35623564232,35623563867,0,0,365
17794,0,35625566580,35625566206,0,0,374
17795,0,35627569148,35627568805,0,0,342
17796,0,35629570796,35629570419,0,0,377
17797,0,35631573024,35631572649,0,0,374
17798,0,35633575474,35633575092,0,0,382
17799,0,35635577864,35635577479,0,0,384
17800,0,35637579876,35637579528,0,0,347
17801,0,35639581559,35639581183,0,0,376
17802,0,35641582793,35641582417,0,0,375
17803,0,35643586231,35643585847,0,0,384
17804,0,35645588289,35645587916,0,0,372
17805,0,35647590802,35647590426,0,0,375
17806,0,35649593241,35649592866,0,0,375
17807,0,35651595894,35651595510,0,0,384
17808,0,35653596975,35653596582,0,0,393
17809,0,35655599482,35655599089,0,0,392
17810,0,35657602094,35657601734,0,0,359
17811,0,35659603945,35659603569,0,0,375
17812,0,35661606106,35661605732,0,0,373
17813,0,35663608384,35663607997,0,0,386
17814,0,35665610766,35665610376,0,0,389
17815,0,35667612820,35667612438,0,0,382
17816,0,35669615070,35669614701,0,0,369
17817,0,35671617358,35671616957,0,0,401
17818,0,35673620047,35673619671,0,0,375
17819,0,35675622137,35675621729,0,0,408
17820,0,35677624289,35677623919,0,0,370
17821,0,35679626104,35679625687,0,0,416
17822,0,35681628588,35681628201,0,0,386
17823,0,35683630790,35683630368,0,0,422
17824,0,35685633433,35685632978,0,0,455
17825,0,35687635071,35687634682,0,0,389
17826,0,35689638352,35689637971,0,0,380
17827,0,35691639859,35691639455,0,0,404
17828,0,35693642188,35693641807,0,0,381
17829,0,35695644440,35695644049,0,0,391
17830,0,35697646820,35697646416,0,0,404
17831,0,35699648413,35699648031,0,0,382
17832,0,35701651310,35701650904,0,0,405
17833,0,35703653301,35703652916,0,0,384
17834,0,35705655661,35705655276,0,0,385
17835,0,35707657330,35707656937,0,0,393
17836,0,35709659478,35709659088,0,0,389
17837,0,35711661912,35711661508,0,0,403
17838,0,35713664205,35713663811,0,0,393
17839,0,35715666365,35715665961,0,0,403
17840,0,35717669047,35717668661,0,0,385
17841,0,35719671058,35719670648,0,0,410
17842,0,35721673050,35721672668,0,0,382
17843,0,35723676452,35723676044,0,0,408
17844,0,35725678335,35725677964,0,0,371
17845,0,35727680084,35727679678,0,0,405
17846,0,35729682208,35729681800,0,0,407
17847,0,35731684429,35731684020,0,0,408
17848,0,35733686238,35733685874,0,0,364
17849,0,35735688573,35735688177,0,0,396
17850,0,35737690473,35737690096,0,0,376
17851,0,35739693004,35739692585,0,0,419
17852,0,35741695575,35741695217,0,0,357
17853,0,35743697414,35743697024,0,0,390
17854,0,35745700146,35745699737,0,0,408
17855,0,35747701784,35747701371,0,0,413
17856,0,35749704748,35749704352,0,0,395
17857,0,35751706415,35751706017,0,0,397
17858,0,35753709124,35753708734,0,0,389
17859,0,35755712314,35755711931,0,0,382
17860,0,35757714282,35757713891,0,0,391
17861,0,35759715523,35759715146,0,0,377
17862,0,35761718263,35761717854,0,0,408
17863,0,35763719802,35763719403,0,0,399
17864,0,35765721914,35765721507,0,0,407
17865,0,35767724964,35767724551,0,0,412
17866,0,35769726492,35769726093,0,0,398
17867,0,35771729430,35771729033,0,0,396
17868,0,35773731905,35773731498,0,0,406
17869,0,35775733247,35775732842,0,0,404
17870,0,35777735161,35777734777,0,0,384
17871,0,35779737667,35779737264,0,0,402
17872,0,35781739550,35781739170,0,0,379
17873,0,35783741948,35783741585,0,0,363
17874,0,35785743855,35785743471,0,0,384
17875,0,35787745990,35787745605,0,0,384
17876,0,35789747781,35789747402,0,0,379
17877,0,35791750368,35791749982,0,0,386
17878,0,35793751761,35793751370,0,0,391
17879,0,35795755193,35795754808,0,0,384
17880,0,35797758364,35797757971,0,0,392
17881,0,35799760356,35799759961,0,0,395
17882,0,35801762077,35801761694,0,0,382
17883,0,35803764467,35803764071,0,0,396
17884,0,35805766461,35805766071,0,0,389
17885,0,35807769197,35807768788,0,0,408
17886,0,35809771139,35809770731,0,0,407
17887,0,35811773013,35811772622,0,0,391
17888,0,35813776285,35813775898,0,0,387
17889,0,35815778696,35815778298,0,0,397
17890,0,35817779910,35817779550,0,0,359
17891,0,35819783024,35819782642,0,0,381
17892,0,35821784435,35821784074,0,0,361
17893,0,35823788243,35823787847,0,0,396
17894,0,35825789197,35825788802,0,0,395
17895,0,35827790606,35827790224,0,0,382
17896,0,35829792178,35829791776,0,0,402
17897,0,35831795483,35831795074,0,0,408
17898,0,35833797855,35833797440,0,0,415
17899,0,35835801403,35835801003,0,0,400
17900,0,35837801998,35837801609,0,0,388
17901,0,35839804062,35839803645,0,0,416
17902,0,35841806361,35841805964,0,0,396
17903,0,35843808844,35843808431,0,0,413
17904,0,35845810885,35845810483,0,0,402
17905,0,35847812892,35847812478,0,0,413
17906,0,35849814059,35849813670,0,0,388
17907,0,35851818027,35851817644,0,0,382
17908,0,35853819731,35853819375,0,0,355
17909,0,35855822268,35855821858,0,0,410
17910,0,35857823916,35857823510,0,0,406
17911,0,35859825769,35859825359,0,0,409
17912,0,35861828860,35861828477,0,0,382
17913,0,35863830916,35863830501,0,0,415
17914,0,35865833358,35865832967,0,0,391
17915,0,35867835525,35867835130,0,0,395
17916,0,35869837721,35869837344,0,0,376
17917,0,35871840902,35871840479,0,0,422
17918,0,35873842197,35873841774,0,0,423
17919,0,35875844053,35875843633,0,0,419
17920,0,35877845419,35877845018,0,0,400
17921,0,35879849083,35879848669,0,0,413
17922,0,35881850968,35881850577,0,0,391
17923,0,35883853269,35883852870,0,0,398
17924,0,35885855777,35885855353,0,0,424
17925,0,35887857253,35887856840,0,0,412
17926,0,35889858933,35889858532,0,0,400
17927,0,35891862056,35891861620,0,0,436
17928,0,35893864287,35893863917,0,0,370
17929,0,35895866460,35895866058,0,0,402
17930,0,35897868769,35897868384,0,0,385
17931,0,35899870624,35899870240,0,0,384
17932,0,35901872678,35901872289,0,0,388
17933,0,35903875705,35903875281,0,0,424
17934,0,35905877435,35905877047,0,0,388
17935,0,35907879343,35907878944,0,0,398
17936,0,35909882000,35909881601,0,0,399
17937,0,35911884715,35911884342,0,0,373
17938,0,35913886004,35913885611,0,0,393
17939,0,35915888552,35915888188,0,0,364
17940,0,35917890705,35917890332,0,0,373
17941,0,35919893556,35919893161,0,0,394
17942,0,35921895392,35921895004,0,0,387
17943,0,35923898820,35923898417,0,0,402
17944,0,35925900316,35925899943,0,0,372
17945,0,35927902489,35927902107,0,0,382
17946,0,35929904347,35929903991,0,0,356
17947,0,35931906613,35931906229,0,0,384
17948,0,35933909018,35933908662,0,0,355
17949,0,35935911090,35935910708,0,0,382
17950,0,35937913655,35937913280,0,0,375
17951,0,35939914982,35939914595,0,0,386
17952,0,35941916604,35941916229,0,0,375
17953,0,35943920925,35943920524,0,0,400
17954,0,35945922298,35945921932,0,0,365
17955,0,35947924590,35947924172,0,0,417
17956,0,35949926434,35949926025,0,0,408
17957,0,35951929018,35951928626,0,0,392
17958,0,35953931334,35953930943,0,0,391
17959,0,35955933591,35955933196,0,0,395
17960,0,35957935645,35957935268,0,0,377
17961,0,35959938036,35959937651,0,0,385
17962,0,35961940120,35961939724,0,0,395
17963,0,35963941954,35963941577,0,0,376
17964,0,35965944388,35965943997,0,0,391
17965,0,35967946583,35967946186,0,0,396
17966,0,35969948550,35969948146,0,0,404
17967,0,35971950935,35971950534,0,0,400
17968,0,35973953245,35973952853,0,0,392
17969,0,35975955426,35975955043,0,0,382
17970,0,35977957827,35977957461,0,0,366
17971,0,35979959665,35979959294,0,0,370
17972,0,35981961631,35981961286,0,0,344
17973,0,35983963568,35983963177,0,0,390
17974,0,35985966497,35985966114,0,0,383
17975,0,35987968847,35987968453,0,0,393
17976,0,35989971539,35989971180,0,0,359
17977,0,35991973530,35991973135,0,0,395
17978,0,35993975591,35993975206,0,0,385
17979,0,35995977642,35995977255,0,0,386
17980,0,35997980087,35997979728,0,0,358
17981,0,35999982388,35999981992,0,0,395
17982,0,36001984403,36001983992,0,0,411
17983,0,36003986362,36003985961,0,0,400
17984,0,36005988979,36005988597,0,0,382
17985,0,36007990997,36007990594,0,0,402
17986,0,36009993141,36009992748,0,0,392
17987,0,36011996206,36011995799,0,0,406
17988,0,36013997683,36013997277,0,0,405
17989,0,36015999713,36015999319,0,0,393
17990,0,36018001916,36018001513,0,0,402
17991,0,36020004571,36020004184,0,0,387
17992,0,36022006964,36022006603,0,0,361
17993,0,36024010443,36024010057,0,0,386
17994,0,36026011049,36026010664,0,0,385
17995,0,36028013453,36028013071,0,0,382
17996,0,36030015883,36030015489,0,0,394
17997,0,36032018049,36032017668,0,0,380
17998,0,36034020191,36034019815,0,0,375
17999,0,36036021885,36036021519,0,0,366
18000,0,36038024003,36038023622,0,0,380
18001,0,36040026555,36040026173,0,0,382
18002,0,36042028759,36042028406,0,0,352
18003,0,36044030819,36044030427,0,0,391
18004,0,36046032465,36046032105,0,0,359
18005,0,36048035341,36048034958,0,0,382
18006,0,36050037421,36050037028,0,0,393
18007,0,36052039769,36052039386,0,0,382
18008,0,36054042476,36054042123,0,0,353
18009,0,36056044256,36056043865,0,0,390
18010,0,36058046635,36058046260,0,0,375
18011,0,36060048507,36060048116,0,0,390
18012,0,36062050626,36062050253,0,0,373
18013,0,36064053452,36064053056,0,0,395
18014,0,36066055923,36066055534,0,0,388
18015,0,36068057788,36068057391,0,0,396
18016,0,36070060075,36070059696,0,0,379
18017,0,36072062360,36072061961,0,0,398
18018,0,36074064435,36074064065,0,0,369
18019,0,36076067659,36076067271,0,0,387
18020,0,36078069937,36078069557,0,0,379
18021,0,36080071089,36080070691,0,0,397
18022,0,36082073637,36082073248,0,0,388
18023,0,36084075654,36084075262,0,0,392
18024,0,36086078107,36086077714,0,0,393
18025,0,36088080686,36088080312,0,0,373
18026,0,36090083388,36090082997,0,0,391
18027,0,36092084523,36092084129,0,0,393
18028,0,36094086588,36094086172,0,0,415
18029,0,36096088951,36096088557,0,0,393
18030,0,36098090985,36098090597,0,0,387
18031,0,36100093708,36100093313,0,0,395
18032,0,36102096076,36102095672,0,0,403
18033,0,36104097729,36104097323,0,0,406
18034,0,36106100283,36106099892,0,0,391
18035,0,36108102529,36108102130,0,0,399
18036,0,36110104204,36110103832,0,0,372
18037,0,36112106603,36112106205,0,0,397
18038,0,36114109014,36114108638,0,0,375
18039,0,36116110981,36116110579,0,0,401
18040,0,36118113660,36118113284,0,0,376
18041,0,36120116264,36120115869,0,0,394
18042,0,36122118133,36122117758,0,0,375
18043,0,36124121718,36124121308,0,0,409
18044,0,36126122415,36126122044,0,0,370
18045,0,36128125223,36128124836,0,0,386
18046,0,36130126039,36130125638,0,0,401
18047,0,36132128490,36132128098,0,0,392
18048,0,36134130405,36134130024,0,0,381
18049,0,36136133263,36136132874,0,0,388
18050,0,36138135249,36138134871,0,0,377
18051,0,36140137494,36140137085,0,0,408
18052,0,36142140289,36142139921,0,0,367
18053,0,36144142172,36144141800,0,0,372
18054,0,36146144737,36146144328,0,0,408
18055,0,36148146868,36148146467,0,0,400
18056,0,36150148775,36150148374,0,0,400
18057,0,36152151622,36152151230,0,0,392
18058,0,36154153405,36154153024,0,0,381
18059,0,36156155507,36156155115,0,0,392
18060,0,36158157842,36158157442,0,0,399
18061,0,36160160245,36160159827,0,0,417
18062,0,36162162457,36162162060,0,0,397
18063,0,36164165185,36164164779,0,0,405
18064,0,36166166777,36166166391,0,0,385
18065,0,36168170394,36168170013,0,0,380
18066,0,36170171494,36170171114,0,0,380
18067,0,36172173752,36172173382,0,0,370
18068,0,36174175787,36174175420,0,0,366
18069,0,36176177831,36176177431,0,0,400
18070,0,36178179734,36178179352,0,0,382
18071,0,36180181959,36180181566,0,0,392
18072,0,36182184439,36182184083,0,0,355
18073,0,36184187805,36184187409,0,0,395
18074,0,36186190414,36186190041,0,0,373
18075,0,36188191809,36188191410,0,0,399
18076,0,36190193739,36190193350,0,0,388
18077,0,36192195833,36192195433,0,0,399
18078,0,36194198430,36194198049,0,0,381
18079,0,36196200214,36196199838,0,0,376
18080,0,36198202662,36198202270,0,0,392
18081,0,36200206178,36200205795,0,0,382
18082,0,36202206887,36202206521,0,0,365
18083,0,36204208975,36204208574,0,0,400
18084,0,36206211074,36206210685,0,0,388
18085,0,36208213860,36208213451,0,0,408
18086,0,36210215897,36210215503,0,0,393
18087,0,36212217743,36212217337,0,0,406
18088,0,36214219984,36214219602,0,0,382
18089,0,36216222516,36216222110,0,0,406
18090,0,36218225382,36218225009,0,0,373
18091,0,36220228320,36220227949,0,0,370
18092,0,36222228892,36222228510,0,0,382
18093,0,36224233565,36224233173,0,0,391
18094,0,36226234330,36226233929,0,0,401
18095,0,36228235509,36228235101,0,0,407
18096,0,36230236852,36230236476,0,0,376
18097,0,36232240038,36232239653,0,0,384
18098,0,36234242944,36234242575,0,0,368
18099,0,36236245660,36236245273,0,0,387
18100,0,36238246661,36238246291,0,0,370
18101,0,36240249407,36240249007,0,0,400
18102,0,36242251222,36242250828,0,0,393
18103,0,36244253816,36244253435,0,0,380
18104,0,36246255769,36246255407,0,0,361
18105,0,36248258561,36248258183,0,0,377
18106,0,36250261004,36250260608,0,0,395
18107,0,36252263151,36252262782,0,0,368
18108,0,36254263600,36254263236,0,0,363
18109,0,36256266976,36256266610,0,0,366
18110,0,36258269360,36258268964,0,0,396
18111,0,36260271523,36260271127,0,0,395
18112,0,36262273636,36262273242,0,0,393
18113,0,36264275906,36264275518,0,0,388
18114,0,36266277984,36266277631,0,0,353
18115,0,36268280788,36268280379,0,0,408
18116,0,36270282146,36270281766,0,0,379
18117,0,36272284458,36272284057,0,0,400
18118,0,36274286751,36274286347,0,0,404
18119,0,36276289824,36276289439,0,0,384
18120,0,36278291406,36278291035,0,0,370
18121,0,36280293923,36280293526,0,0,396
18122,0,36282295548,36282295166,0,0,382
18123,0,36284298087,36284297682,0,0,404
18124,0,36286300368,36286299998,0,0,370
18125,0,36288302388,36288301987,0,0,400
18126,0,36290304610,36290304227,0,0,382
18127,0,36292306896,36292306487,0,0,408
18128,0,36294309759,36294309366,0,0,393
18129,0,36296312047,36296311671,0,0,376
18130,0,36298312665,36298312314,0,0,350
18131,0,36300315718,36300315322,0,0,395
18132,0,36302317705,36302317332,0,0,372
18133,0,36304319620,36304319227,0,0,392
18134,0,36306322310,36306321923,0,0,386
18135,0,36308324952,36308324548,0,0,404
18136,0,36310327952,36310327567,0,0,385
18137,0,36312329356,36312328988,0,0,367
18138,0,36314331925,36314331563,0,0,361
18139,0,36316333494,36316333107,0,0,386
18140,0,36318335922,36318335534,0,0,388
18141,0,36320338572,36320338178,0,0,393
18142,0,36322340714,36322340327,0,0,387
18143,0,36324344163,36324343761,0,0,402
18144,0,36326344819,36326344426,0,0,392
18145,0,36328347146,36328346767,0,0,379
18146,0,36330349131,36330348770,0,0,360
18147,0,36332352213,36332351833,0,0,380
18148,0,36334354278,36334353896,0,0,382
18149,0,36336354746,36336354361,0,0,384
18150,0,36338356910,36338356525,0,0,384
18151,0,36340359945,36340359568,0,0,377
18152,0,36342361274,36342360912,0,0,362
18153,0,36344365204,36344364808,0,0,395
18154,0,36346367712,36346367342,0,0,369
18155,0,36348368777,36348368400,0,0,377
18156,0,36350370454,36350370087,0,0,366
18157,0,36352373722,36352373334,0,0,387
18158,0,36354376208,36354375820,0,0,388
18159,0,36356378303,36356377916,0,0,387
18160,0,36358380543,36358380170,0,0,373
18161,0,36360383528,36360383161,0,0,366
18162,0,36362386189,36362385840,0,0,348
18163,0,36364387689,36364387298,0,0,391
18164,0,36366389241,36366388874,0,0,367
18165,0,36368391826,36368391472,0,0,354
18166,0,36370393497,36370393125,0,0,372
18167,0,36372396608,36372396239,0,0,368
18168,0,36374398395,36374398024,0,0,370
18169,0,36376401294,36376400915,0,0,378
18170,0,36378403893,36378403541,0,0,352
18171,0,36380405653,36380405267,0,0,386
18172,0,36382409241,36382408875,0,0,366
18173,0,36384409315,36384408930,0,0,384
18174,0,36386411843,36386411467,0,0,375
18175,0,36388414221,36388413830,0,0,391
18176,0,36390416385,36390415994,0,0,391
18177,0,36392418588,36392418195,0,0,393
18178,0,36394420170,36394419797,0,0,372
18179,0,36396422707,36396422328,0,0,379
18180,0,36398425438,36398425070,0,0,367
18181,0,36400428249,36400427878,0,0,370
18182,0,36402429325,36402428950,0,0,375
18183,0,36404431674,36404431276,0,0,397
18184,0,36406433397,36406433050,0,0,347
18185,0,36408436463,36408436083,0,0,380
18186,0,36410437803,36410437430,0,0,373
18187,0,36412440025,36412439642,0,0,382
18188,0,36414442468,36414442077,0,0,391
18189,0,36416444656,36416444278,0,0,377
18190,0,36418447057,36418446682,0,0,375
18191,0,36420450566,36420450185,0,0,381
18192,0,36422452497,36422452112,0,0,384
18193,0,36424455481,36424455110,0,0,370
18194,0,36426455274,36426454880,0,0,393
18195,0,36428458292,36428457925,0,0,367
18196,0,36430460415,36430460051,0,0,363
18197,0,36432462520,36432462131,0,0,388
18198,0,36434464813,36434464425,0,0,387
18199,0,36436467492,36436467093,0,0,399
18200,0,36438469803,36438469447,0,0,355
18201,0,36440471487,36440471113,0,0,374
18202,0,36442473773,36442473411,0,0,361
18203,0,36444475904,36444475521,0,0,383
18204,0,36446478964,36446478600,0,0,364
18205,0,36448480405,36448480013,0,0,391
18206,0,36450482988,36450482620,0,0,367
18207,0,36452485120,36452484747,0,0,373
18208,0,36454486905,36454486529,0,0,375
18209,0,36456491258,36456490865,0,0,393
18210,0,36458492782,36458492420,0,0,361
18211,0,36460494141,36460493744,0,0,396
18212,0,36462495853,36462495487,0,0,366
18213,0,36464498601,36464498212,0,0,388
18214,0,36466500843,36466500434,0,0,408
18215,0,36468502360,36468501936,0,0,424
18216,0,36470503894,36470503487,0,0,406
18217,0,36472507552,36472507152,0,0,400
18218,0,36474509170,36474508794,0,0,376
18219,0,36476511533,36476511163,0,0,370
18220,0,36478514383,36478513992,0,0,391
18221,0,36480516036,36480515642,0,0,393
18222,0,36482518116,36482517732,0,0,383
18223,0,36484520898,36484520507,0,0,391
18224,0,36486522947,36486522538,0,0,408
18225,0,36488525385,36488524986,0,0,398
18226,0,36490527937,36490527537,0,0,400
18227,0,36492531168,36492530764,0,0,404
18228,0,36494531041,36494530660,0,0,381
18229,0,36496534799,36496534391,0,0,407
18230,0,36498535721,36498535322,0,0,398
18231,0,36500537982,36500537548,0,0,433
18232,0,36502539627,36502539232,0,0,395
18233,0,36504543184,36504542777,0,0,407
18234,0,36506545291,36506544890,0,0,400
18235,0,36508546870,36508546435,0,0,435
18236,0,36510548388,36510547982,0,0,405
18237,0,36512551497,36512551098,0,0,399
18238,0,36514554137,36514553720,0,0,416
18239,0,36516555656,36516555220,0,0,436
18240,0,36518557168,36518556750,0,0,417
18241,0,36520560438,36520560031,0,0,406
18242,0,36522563469,36522563096,0,0,373
18243,0,36524567916,36524567494,0,0,422
18244,0,36526568970,36526568586,0,0,384
18245,0,36528571177,36528570773,0,0,404
18246,0,36530572615,36530572210,0,0,405
18247,0,36532574195,36532573800,0,0,394
18248,0,36534576192,36534575826,0,0,366
18249,0,36536578914,36536578505,0,0,408
18250,0,36538580777,36538580376,0,0,400
18251,0,36540582800,36540582402,0,0,397
18252,0,36542585092,36542584669,0,0,422
18253,0,36544587643,36544587251,0,0,392
18254,0,36546589564,36546589157,0,0,406
18255,0,36548591487,36548591080,0,0,406
18256,0,36550594202,36550593791,0,0,411
18257,0,36552596537,36552596130,0,0,406
18258,0,36554598641,36554598275,0,0,366
18259,0,36556600318,36556599927,0,0,391
18260,0,36558602737,36558602341,0,0,395
18261,0,36560605196,36560604799,0,0,397
18262,0,36562607181,36562606767,0,0,413
18263,0,36564611241,36564610828,0,0,413
18264,0,36566613083,36566612677,0,0,405
18265,0,36568614175,36568613781,0,0,393
18266,0,36570616836,36570616467,0,0,369
18267,0,36572619579,36572619173,0,0,406
18268,0,36574621254,36574620898,0,0,356
18269,0,36576624051,36576623635,0,0,416
18270,0,36578625205,36578624808,0,0,396
18271,0,36580627068,36580626655,0,0,413
18272,0,36582629800,36582629419,0,0,381
18273,0,36584631402,36584631003,0,0,399
18274,0,36586633303,36586632921,0,0,382
18275,0,36588637015,36588636625,0,0,390
18276,0,36590639167,36590638777,0,0,389
18277,0,36592640309,36592639920,0,0,388
18278,0,36594643206,36594642820,0,0,386
18279,0,36596645109,36596644739,0,0,369
18280,0,36598647169,36598646779,0,0,389
18281,0,36600649515,36600649146,0,0,368
18282,0,36602652689,36602652305,0,0,383
18283,0,36604653952,36604653584,0,0,367
18284,0,36606656107,36606655718,0,0,389
18285,0,36608658597,36608658208,0,0,389
18286,0,36610660546,36610660165,0,0,381
18287,0,36612663053,36612662653,0,0,399
18288,0,36614665407,36614665017,0,0,390
18289,0,36616667292,36616666910,0,0,382
18290,0,36618669669,36618669306,0,0,363
18291,0,36620671998,36620671601,0,0,397
18292,0,36622673964,36622673581,0,0,382
18293,0,36624678032,36624677663,0,0,368
18294,0,36626679393,36626679020,0,0,373
18295,0,36628680616,36628680221,0,0,395
18296,0,36630682779,36630682419,0,0,360
18297,0,36632685305,36632684931,0,0,374
18298,0,36634688713,36634688344,0,0,368
18299,0,36636690280,36636689876,0,0,403
18300,0,36638692974,36638692622,0,0,351
18301,0,36640694212,36640693836,0,0,375
18302,0,36642696670,36642696285,0,0,385
18303,0,36644698415,36644698020,0,0,395
18304,0,36646700240,36646699843,0,0,397
18305,0,36648701841,36648701448,0,0,393
18306,0,36650705022,36650704641,0,0,381
18307,0,36652707451,36652707078,0,0,373
18308,0,36654709198,36654708825,0,0,373
18309,0,36656711567,36656711182,0,0,384
18310,0,36658714329,36658713934,0,0,395
18311,0,36660716043,36660715644,0,0,399
18312,0,36662718310,36662717953,0,0,357
18313,0,36664720394,36664720010,0,0,384
18314,0,36666721793,36666721423,0,0,369
18315,0,36668725003,36668724604,0,0,399
18316,0,36670727676,36670727303,0,0,372
18317,0,36672729567,36672729182,0,0,384
18318,0,36674732751,36674732364,0,0,386
18319,0,36676734579,36676734191,0,0,388
18320,0,36678737791,36678737426,0,0,365
18321,0,36680739332,36680738976,0,0,355
18322,0,36682740811,36682740438,0,0,373
18323,0,36684743328,36684742946,0,0,382
18324,0,36686745356,36686745006,0,0,349
18325,0,36688747613,36688747222,0,0,391
18326,0,36690749342,36690748959,0,0,382
18327,0,36692751691,36692751301,0,0,389
18328,0,36694754346,36694753977,0,0,368
18329,0,36696756400,36696756011,0,0,388
18330,0,36698758946,36698758589,0,0,356
18331,0,36700760548,36700760161,0,0,387
18332,0,36702763360,36702762986,0,0,374
18333,0,36704765001,36704764591,0,0,409
18334,0,36706767719,36706767339,0,0,379
18335,0,36708769503,36708769118,0,0,384
18336,0,36710772010,36710771629,0,0,381
18337,0,36712775067,36712774678,0,0,388
18338,0,36714776575,36714776209,0,0,366
18339,0,36716779214,36716778823,0,0,391
18340,0,36718781125,36718780775,0,0,350
18341,0,36720783107,36720782714,0,0,393
18342,0,36722785024,36722784643,0,0,380
18343,0,36724788717,36724788310,0,0,406
18344,0,36726789773,36726789407,0,0,366
18345,0,36728792253,36728791872,0,0,380
18346,0,36730793795,36730793401,0,0,393
18347,0,36732796325,36732795934,0,0,391
18348,0,36734798023,36734797647,0,0,375
18349,0,36736799299,36736798908,0,0,391
18350,0,36738801421,36738801026,0,0,394
18351,0,36740803784,36740803386,0,0,397
18352,0,36742806781,36742806364,0,0,417
18353,0,36744809635,36744809231,0,0,403
18354,0,36746812206,36746811790,0,0,416
18355,0,36748815420,36748815024,0,0,396
18356,0,36750815880,36750815473,0,0,406
18357,0,36752817615,36752817198,0,0,416
18358,0,36754820772,36754820349,0,0,422
18359,0,36756823191,36756822779,0,0,412
18360,0,36758825369,36758824995,0,0,374
18361,0,36760827722,36760827326,0,0,395
18362,0,36762829238,36762828840,0,0,397
18363,0,36764831130,36764830721,0,0,408
18364,0,36766834435,36766834062,0,0,373
18365,0,36768836215,36768835800,0,0,415
18366,0,36770838650,36770838244,0,0,406
18367,0,36772840703,36772840304,0,0,398
18368,0,36774842813,36774842421,0,0,392
18369,0,36776845387,36776845002,0,0,384
18370,0,36778847397,36778847013,0,0,384
18371,0,36780850449,36780850043,0,0,406
18372,0,36782853048,36782852665,0,0,382
18373,0,36784855296,36784854903,0,0,392
18374,0,36786856067,36786855665,0,0,401
18375,0,36788859180,36788858769,0,0,411
18376,0,36790861042,36790860631,0,0,411
18377,0,36792863450,36792863042,0,0,407
18378,0,36794865211,36794864790,0,0,420
18379,0,36796867273,36796866854,0,0,418
18380,0,36798870010,36798869613,0,0,396
18381,0,36800871856,36800871447,0,0,408
18382,0,36802874264,36802873813,0,0,450
18383,0,36804876448,36804876033,0,0,415
18384,0,36806878742,36806878377,0,0,364
18385,0,36808880710,36808880306,0,0,403
18386,0,36810882874,36810882480,0,0,393
18387,0,36812885293,36812884909,0,0,384
18388,0,36814887233,36814886868,0,0,365
18389,0,36816889519,36816889121,0,0,397
18390,0,36818891745,36818891355,0,0,389
18391,0,36820895213,36820894806,0,0,406
18392,0,36822896675,36822896285,0,0,389
18393,0,36824900304,36824899903,0,0,400
18394,0,36826900854,36826900475,0,0,379
18395,0,36828903305,36828902912,0,0,393
18396,0,36830905644,36830905262,0,0,381
18397,0,36832907761,36832907369,0,0,391
18398,0,36834910253,36834909849,0,0,404
18399,0,36836912202,36836911795,0,0,406
18400,0,36838914240,36838913863,0,0,376
18401,0,36840916753,36840916378,0,0,375
18402,0,36842918301,36842917937,0,0,363
18403,0,36844921231,36844920847,0,0,384
18404,0,36846922829,36846922480,0,0,348
18405,0,36848925702,36848925292,0,0,409
18406,0,36850927830,36850927449,0,0,380
18407,0,36852929683,36852929269,0,0,413
18408,0,36854931670,36854931289,0,0,380
18409,0,36856935251,36856934885,0,0,365
18410,0,36858936330,36858935937,0,0,393
18411,0,36860938313,36860937934,0,0,379
18412,0,36862939762,36862939379,0,0,382
18413,0,36864943084,36864942693,0,0,391
18414,0,36866945024,36866944665,0,0,359
18415,0,36868947924,36868947544,0,0,379
18416,0,36870950006,36870949601,0,0,404
18417,0,36872952551,36872952202,0,0,349
18418,0,36874954393,36874954029,0,0,363
18419,0,36876956618,36876956241,0,0,377
18420,0,36878958513,36878958104,0,0,408
18421,0,36880960828,36880960429,0,0,399
18422,0,36882962797,36882962415,0,0,382
18423,0,36884965516,36884965101,0,0,415
18424,0,36886967692,36886967314,0,0,377
18425,0,36888969243,36888968864,0,0,379
18426,0,36890971199,36890970845,0,0,353
18427,0,36892973901,36892973497,0,0,403
18428,0,36894976831,36894976464,0,0,367
18429,0,36896978372,36896977995,0,0,377
18430,0,36898979822,36898979456,0,0,366
18431,0,36900982687,36900982282,0,0,404
18432,0,36902983899,36902983527,0,0,372
18433,0,36904986896,36904986530,0,0,366
18434,0,36906989719,36906989384,0,0,335
18435,0,36908992184,36908991788,0,0,395
18436,0,36910994850,36910994467,0,0,383
18437,0,36912996474,36912996109,0,0,364
18438,0,36914998851,36914998471,0,0,380
18439,0,36917001157,36917000782,0,0,375
18440,0,36919003166,36919002812,0,0,354
18441,0,36921004847,36921004462,0,0,384
18442,0,36923006306,36923005924,0,0,382
18443,0,36925010829,36925010455,0,0,373
18444,0,36927012126,36927011744,0,0,382
18445,0,36929014420,36929014055,0,0,364
18446,0,36931017391,36931017010,0,0,380
18447,0,36933018654,36933018271,0,0,383
18448,0,36935022255,36935021874,0,0,380
18449,0,36937024601,36937024229,0,0,372
18450,0,36939025686,36939025321,0,0,365
18451,0,36941027685,36941027303,0,0,382
18452,0,36943029679,36943029305,0,0,373
18453,0,36945032304,36945031912,0,0,391
18454,0,36947033856,36947033514,0,0,341
18455,0,36949035456,36949035077,0,0,379
18456,0,36951038744,36951038373,0,0,370
18457,0,36953041018,36953040667,0,0,350
18458,0,36955043835,36955043504,0,0,330
18459,0,36957045377,36957045016,0,0,360
18460,0,36959048163,36959047820,0,0,343
18461,0,36961049861,36961049494,0,0,366
18462,0,36963052080,36963051698,0,0,382
18463,0,36965054018,36965053638,0,0,380
18464,0,36967057521,36967057135,0,0,386
18465,0,36969058984,36969058595,0,0,388
18466,0,36971060887,36971060478,0,0,408
18467,0,36973063115,36973062719,0,0,395
18468,0,36975065326,36975064943,0,0,382
18469,0,36977067608,36977067186,0,0,422
18470,0,36979069833,36979069425,0,0,407
18471,0,36981072049,36981071638,0,0,411
18472,0,36983074099,36983073700,0,0,399
18473,0,36985077287,36985076882,0,0,404
18474,0,36987079982,36987079595,0,0,387
18475,0,36989081788,36989081399,0,0,389
18476,0,36991083368,36991082951,0,0,417
18477,0,36993085633,36993085226,0,0,407
18478,0,36995087853,36995087429,0,0,424
18479,0,36997089510,36997089065,0,0,444
18480,0,36999090970,36999090573,0,0,396
18481,0,37001094762,37001094368,0,0,393
18482,0,37003096674,37003096255,0,0,419
18483,0,37005100040,37005099638,0,0,402
18484,0,37007100746,37007100348,0,0,397
18485,0,37009103058,37009102648,0,0,409
18486,0,37011105250,37011104839,0,0,411
18487,0,37013107255,37013106838,0,0,417
18488,0,37015109138,37015108773,0,0,364
18489,0,37017111683,37017111284,0,0,398
18490,0,37019112946,37019112572,0,0,373
18491,0,37021117045,37021116652,0,0,393
18492,0,37023119119,37023118717,0,0,401
18493,0,37025122146,37025121755,0,0,391
18494,0,37027123139,37027122745,0,0,393
18495,0,37029125025,37029124622,0,0,402
18496,0,37031126988,37031126583,0,0,405
18497,0,37033129718,37033129312,0,0,406
18498,0,37035132101,37035131683,0,0,417
18499,0,37037135121,37037134717,0,0,403
18500,0,37039136635,37039136242,0,0,393
18501,0,37041139834,37041139439,0,0,395
18502,0,37043140998,37043140623,0,0,375
18503,0,37045143016,37045142606,0,0,409
18504,0,37047145541,37047145194,0,0,347
18505,0,37049147485,37049147094,0,0,391
18506,0,37051149967,37051149580,0,0,386
18507,0,37053152422,37053152039,0,0,382
18508,0,37055154917,37055154534,0,0,382
18509,0,37057156556,37057156150,0,0,406
18510,0,37059158914,37059158505,0,0,408
18511,0,37061160881,37061160471,0,0,410
18512,0,37063163089,37063162689,0,0,400
18513,0,37065166150,37065165746,0,0,404
18514,0,37067167674,37067167301,0,0,372
18515,0,37069170170,37069169764,0,0,405
18516,0,37071172809,37071172415,0,0,393
18517,0,37073174413,37073173997,0,0,415
18518,0,37075177159,37075176743,0,0,415
18519,0,37077179667,37077179243,0,0,424
18520,0,37079181006,37079180594,0,0,411
18521,0,37081183921,37081183521,0,0,399
18522,0,37083185835,37083185442,0,0,393
18523,0,37085187976,37085187578,0,0,397
18524,0,37087190715,37087190330,0,0,384
18525,0,37089193249,37089192848,0,0,400
18526,0,37091194381,37091193996,0,0,384
18527,0,37093197200,37093196793,0,0,407
18528,0,37095198838,37095198457,0,0,380
18529,0,37097201694,37097201325,0,0,369
18530,0,37099203322,37099202966,0,0,356
18531,0,37101206384,37101205996,0,0,387
18532,0,37103208797,37103208428,0,0,368
18533,0,37105210091,37105209710,0,0,380
18534,0,37107212225,37107211849,0,0,376
18535,0,37109214198,37109213782,0,0,416
18536,0,37111215800,37111215435,0,0,365
18537,0,37113219429,37113219049,0,0,380
18538,0,37115219838,37115219455,0,0,382
18539,0,37117223130,37117222741,0,0,388
18540,0,37119225626,37119225234,0,0,392
18541,0,37121228299,37121227924,0,0,375
18542,0,37123230119,37123229740,0,0,379
18543,0,37125233777,37125233372,0,0,405
18544,0,37127234813,37127234424,0,0,388
18545,0,37129236615,37129236242,0,0,373
18546,0,37131239040,37131238689,0,0,350
18547,0,37133241760,37133241383,0,0,377
18548,0,37135243932,37135243557,0,0,375
18549,0,37137245795,37137245413,0,0,382
18550,0,37139247400,37139247008,0,0,391
18551,0,37141249387,37141248975,0,0,411
18552,0,37143251891,37143251525,0,0,366
18553,0,37145255296,37145254904,0,0,391
18554,0,37147258768,37147258402,0,0,366
18555,0,37149261254,37149260851,0,0,403
18556,0,37151261265,37151260879,0,0,385
18557,0,37153263334,37153262966,0,0,368
18558,0,37155265905,37155265525,0,0,380
18559,0,37157267516,37157267113,0,0,402
18560,0,37159268897,37159268496,0,0,400
18561,0,37161272249,37161271887,0,0,361
18562,0,37163274373,37163274035,0,0,337
18563,0,37165277146,37165276739,0,0,406
18564,0,37167279287,37167278923,0,0,363
18565,0,37169281542,37169281155,0,0,387
18566,0,37171283721,37171283352,0,0,369
18567,0,37173286517,37173286137,0,0,380
18568,0,37175288898,37175288496,0,0,402
18569,0,37177290123,37177289740,0,0,382
18570,0,37179292478,37179292107,0,0,370
18571,0,37181294301,37181293910,0,0,390
18572,0,37183296665,37183296283,0,0,382
18573,0,37185299078,37185298698,0,0,380
18574,0,37187301806,37187301440,0,0,365
18575,0,37189303001,37189302656,0,0,345
18576,0,37191305622,37191305267,0,0,355
18577,0,37193308867,37193308503,0,0,363
18578,0,37195310673,37195310337,0,0,336
18579,0,37197312082,37197311725,0,0,357
18580,0,37199314908,37199314561,0,0,346
18581,0,37201316723,37201316361,0,0,362
18582,0,37203318805,37203318428,0,0,377
18583,0,37205321266,37205320869,0,0,396
18584,0,37207323577,37207323204,0,0,372
18585,0,37209325998,37209325622,0,0,375
18586,0,37211328620,37211328244,0,0,375
18587,0,37213330831,37213330439,0,0,392
18588,0,37215332887,37215332528,0,0,359
18589,0,37217334656,37217334278,0,0,377
18590,0,37219337083,37219336712,0,0,370
18591,0,37221339586,37221339195,0,0,391
18592,0,37223342163,37223341743,0,0,419
18593,0,37225345229,37225344828,0,0,400
18594,0,37227346140,37227345746,0,0,394
18595,0,37229348019,37229347593,0,0,425
18596,0,37231350606,37231350224,0,0,382
18597,0,37233352159,37233351743,0,0,415
18598,0,37235354694,37235354286,0,0,407
18599,0,37237357109,37237356684,0,0,424
18600,0,37239359323,37239358942,0,0,380
18601,0,37241361619,37241361215,0,0,404
18602,0,37243363467,37243363071,0,0,395
18603,0,37245366107,37245365695,0,0,412
18604,0,37247367726,37247367337,0,0,388
18605,0,37249370977,37249370581,0,0,395
18606,0,37251372078,37251371677,0,0,400
18607,0,37253374238,37253373837,0,0,401
18608,0,37255375903,37255375507,0,0,395
18609,0,37257379212,37257378823,0,0,388
18610,0,37259382820,37259382456,0,0,363
18611,0,37261383640,37261383233,0,0,406
18612,0,37263385404,37263385024,0,0,380
18613,0,37265388085,37265387698,0,0,387
18614,0,37267390496,37267390107,0,0,388
18615,0,37269392316,37269391907,0,0,408
18616,0,37271394995,37271394586,0,0,408
18617,0,37273396384,37273395977,0,0,406
18618,0,37275398079,37275397645,0,0,433
18619,0,37277401453,37277401049,0,0,403
18620,0,37279403782,37279403366,0,0,416
18621,0,37281405746,37281405359,0,0,386
18622,0,37283408414,37283408015,0,0,398
18623,0,37285410209,37285409791,0,0,417
18624,0,37287412434,37287412026,0,0,408
18625,0,37289414782,37289414385,0,0,397
18626,0,37291417072,37291416710,0,0,362
18627,0,37293420081,37293419671,0,0,409
18628,0,37295421930,37295421563,0,0,367
18629,0,37297423512,37297423110,0,0,402
18630,0,37299425579,37299425188,0,0,391
18631,0,37301427543,37301427130,0,0,412
18632,0,37303428879,37303428515,0,0,364
18633,0,37305433134,37305432732,0,0,401
18634,0,37307435045,37307434646,0,0,399
18635,0,37309437209,37309436782,0,0,427
18636,0,37311439500,37311439087,0,0,412
18637,0,37313441474,37313441079,0,0,394
18638,0,37315443240,37315442833,0,0,406
18639,0,37317446200,37317445773,0,0,426
18640,0,37319447981,37319447568,0,0,413
18641,0,37321450616,37321450207,0,0,408
18642,0,37323452350,37323451984,0,0,366
18643,0,37325457123,37325456701,0,0,422
18644,0,37327458361,37327457984,0,0,376
18645,0,37329459561,37329459159,0,0,402
18646,0,37331461729,37331461316,0,0,412
18647,0,37333464881,37333464464,0,0,417
18648,0,37335466254,37335465881,0,0,373
18649,0,37337467850,37337467458,0,0,392
18650,0,37339470123,37339469762,0,0,360
18651,0,37341472689,37341472280,0,0,408
18652,0,37343474574,37343474182,0,0,392
18653,0,37345476575,37345476159,0,0,415
18654,0,37347478319,37347477919,0,0,399
18655,0,37349481145,37349480728,0,0,416
18656,0,37351483442,37351483037,0,0,405
18657,0,37353486166,37353485784,0,0,381
18658,0,37355488548,37355488184,0,0,364
18659,0,37357491219,37357490825,0,0,393
18660,0,37359493902,37359493523,0,0,379
18661,0,37361494461,37361494064,0,0,397
18662,0,37363495842,37363495433,0,0,408
18663,0,37365498829,37365498422,0,0,406
18664,0,37367500204,37367499820,0,0,384
18665,0,37369505052,37369504656,0,0,395
18666,0,37371505779,37371505383,0,0,395
18667,0,37373508067,37373507670,0,0,396
18668,0,37375509317,37375508911,0,0,406
18669,0,37377512441,37377512052,0,0,388
18670,0,37379514516,37379514125,0,0,391
18671,0,37381516562,37381516146,0,0,415
18672,0,37383518001,37383517607,0,0,393
18673,0,37385521184,37385520804,0,0,379
18674,0,37387523895,37387523534,0,0,360
18675,0,37389526573,37389526186,0,0,386
18676,0,37391529086,37391528697,0,0,388
18677,0,37393530558,37393530157,0,0,401
18678,0,37395532481,37395532085,0,0,396
18679,0,37397534791,37397534398,0,0,393
18680,0,37399535680,37399535307,0,0,372
18681,0,37401539500,37401539117,0,0,382
18682,0,37403541943,37403541562,0,0,380
18683,0,37405545366,37405544961,0,0,405
18684,0,37407545240,37407544844,0,0,395
18685,0,37409547602,37409547204,0,0,397
18686,0,37411549286,37411548911,0,0,375
18687,0,37413552471,37413552064,0,0,407
18688,0,37415554491,37415554095,0,0,395
18689,0,37417556561,37417556183,0,0,377
18690,0,37419558128,37419557781,0,0,347
18691,0,37421562009,37421561607,0,0,402
18692,0,37423564070,37423563704,0,0,366
18693,0,37425567321,37425566948,0,0,373
18694,0,37427568261,37427567878,0,0,383
18695,0,37429570202,37429569848,0,0,354
18696,0,37431572314,37431571939,0,0,375
18697,0,37433574710,37433574337,0,0,373
18698,0,37435576754,37435576347,0,0,406
18699,0,37437579069,37437578694,0,0,375
18700,0,37439581464,37439581087,0,0,377
18701,0,37441585085,37441584729,0,0,355
18702,0,37443585786,37443585401,0,0,385
18703,0,37445588108,37445587728,0,0,379
18704,0,37447591212,37447590809,0,0,402
18705,0,37449593290,37449592897,0,0,393
18706,0,37451593826,37451593438,0,0,387
18707,0,37453596483,37453596074,0,0,408
18708,0,37455598222,37455597837,0,0,384
18709,0,37457601012,37457600631,0,0,380
18710,0,37459602382,37459601991,0,0,391
18711,0,37461605688,37461605285,0,0,403
18712,0,37463608208,37463607847,0,0,360
18713,0,37465610800,37465610421,0,0,379
18714,0,37467612842,37467612480,0,0,362
18715,0,37469614974,37469614600,0,0,373
18716,0,37471617426,37471617035,0,0,390
18717,0,37473619105,37473618702,0,0,402
18718,0,37475621460,37475621083,0,0,377
18719,0,37477623756,37477623386,0,0,369
18720,0,37479626577,37479626173,0,0,404
18721,0,37481627386,37481626981,0,0,404
18722,0,37483630820,37483630447,0,0,373
18723,0,37485633083,37485632682,0,0,400
18724,0,37487634797,37487634406,0,0,391
18725,0,37489637309,37489636893,0,0,415
18726,0,37491639675,37491639278,0,0,396
18727,0,37493641147,37493640752,0,0,395
18728,0,37495642789,37495642408,0,0,380
18729,0,37497645604,37497645204,0,0,399
18730,0,37499647240,37499646850,0,0,390
18731,0,37501650597,37501650195,0,0,402
18732,0,37503652320,37503651950,0,0,369
18733,0,37505654865,37505654466,0,0,399
18734,0,37507657006,37507656649,0,0,356
18735,0,37509659051,37509658650,0,0,400
18736,0,37511661200,37511660794,0,0,405
18737,0,37513662510,37513662119,0,0,391
18738,0,37515666597,37515666197,0,0,400
18739,0,37517667866,37517667465,0,0,400
18740,0,37519669211,37519668834,0,0,376
18741,0,37521672826,37521672423,0,0,402
18742,0,37523675208,37523674808,0,0,400
18743,0,37525678719,37525678294,0,0,425
18744,0,37527679370,37527678995,0,0,374
18745,0,37529681901,37529681501,0,0,400
18746,0,37531684111,37531683745,0,0,366
18747,0,37533686085,37533685689,0,0,395
18748,0,37535688566,37535688200,0,0,366
18749,0,37537691125,37537690742,0,0,382
18750,0,37539693683,37539693301,0,0,382
18751,0,37541695982,37541695566,0,0,415
18752,0,37543697306,37543696899,0,0,406
18753,0,37545699253,37545698857,0,0,396
18754,0,37547701578,37547701202,0,0,376
18755,0,37549704661,37549704254,0,0,406
18756,0,37551708143,37551707773,0,0,369
18757,0,37553709288,37553708880,0,0,407
18758,0,37555711615,37555711218,0,0,396
18759,0,37557712982,37557712575,0,0,406
18760,0,37559714805,37559714422,0,0,382
18761,0,37561717173,37561716774,0,0,399
18762,0,37563719585,37563719193,0,0,391
18763,0,37565721311,37565720903,0,0,408
18764,0,37567723865,37567723474,0,0,391
18765,0,37569726034,37569725646,0,0,388
18766,0,37571728532,37571728124,0,0,407
18767,0,37573730478,37573730087,0,0,391
18768,0,37575732846,37575732451,0,0,395
18769,0,37577735407,37577735013,0,0,394
18770,0,37579737271,37579736910,0,0,361
18771,0,37581739896,37581739492,0,0,403
18772,0,37583741519,37583741155,0,0,364
18773,0,37585744173,37585743786,0,0,387
18774,0,37587746978,37587746583,0,0,395
18775,0,37589748517,37589748115,0,0,402
18776,0,37591750725,37591750359,0,0,365
18777,0,37593752757,37593752356,0,0,401
18778,0,37595754660,37595754278,0,0,382
18779,0,37597757097,37597756720,0,0,377
18780,0,37599760628,37599760226,0,0,401
18781,0,37601762451,37601762071,0,0,379
18782,0,37603764220,37603763864,0,0,355
18783,0,37605766186,37605765797,0,0,388
18784,0,37607767959,37607767563,0,0,396
18785,0,37609770565,37609770175,0,0,389
18786,0,37611772698,37611772310,0,0,388
18787,0,37613775495,37613775098,0,0,396
18788,0,37615777055,37615776665,0,0,390
18789,0,37617779305,37617778910,0,0,395
18790,0,37619781860,37619781440,0,0,419
18791,0,37621783495,37621783099,0,0,395
18792,0,37623785356,37623784946,0,0,410
18793,0,37625789902,37625789507,0,0,394
18794,0,37627789058,37627788667,0,0,391
18795,0,37629791954,37629791537,0,0,416
18796,0,37631794971,37631794561,0,0,409
18797,0,37633797376,37633796969,0,0,406
18798,0,37635799719,37635799336,0,0,382
18799,0,37637801415,37637801008,0,0,407
18800,0,37639803796,37639803382,0,0,414
18801,0,37641805912,37641805522,0,0,390
18802,0,37643808405,37643808030,0,0,375
18803,0,37645810641,37645810234,0,0,406
18804,0,37647812605,37647812183,0,0,422
18805,0,37649815158,37649814760,0,0,397
18806,0,37651816662,37651816255,0,0,407
18807,0,37653818701,37653818276,0,0,425
18808,0,37655821855,37655821487,0,0,368
18809,0,37657824004,37657823631,0,0,372
18810,0,37659826331,37659825948,0,0,382
18811,0,37661828986,37661828590,0,0,396
18812,0,37663829856,37663829500,0,0,356
18813,0,37665832610,37665832206,0,0,404
18814,0,37667835515,37667835111,0,0,404
18815,0,37669836890,37669836518,0,0,372
18816,0,37671838221,37671837856,0,0,365
18817,0,37673841600,37673841203,0,0,396
18818,0,37675843753,37675843406,0,0,347
18819,0,37677845977,37677845620,0,0,357
18820,0,37679848114,37679847741,0,0,373
18821,0,37681850586,37681850202,0,0,384
18822,0,37683853260,37683852876,0,0,384
18823,0,37685855471,37685855097,0,0,373
18824,0,37687857496,37687857114,0,0,382
18825,0,37689859694,37689859305,0,0,389
18826,0,37691861465,37691861082,0,0,383
18827,0,37693864107,37693863712,0,0,395
18828,0,37695866169,37695865765,0,0,404
18829,0,37697869148,37697868743,0,0,404
18830,0,37699870939,37699870549,0,0,389
18831,0,37701872787,37701872406,0,0,381
18832,0,37703876256,37703875884,0,0,371
18833,0,37705878582,37705878200,0,0,381
18834,0,37707880076,37707879714,0,0,361
18835,0,37709882258,37709881875,0,0,382
18836,0,37711884000,37711883597,0,0,402
18837,0,37713885861,37713885456,0,0,404
18838,0,37715888346,37715887957,0,0,388
18839,0,37717890482,37717890096,0,0,386
18840,0,37719893078,37719892696,0,0,381
18841,0,37721895422,37721895009,0,0,413
18842,0,37723897153,37723896782,0,0,370
18843,0,37725900939,37725900525,0,0,413
18844,0,37727902373,37727901953,0,0,419
18845,0,37729903925,37729903495,0,0,430
18846,0,37731906540,37731906169,0,0,370
18847,0,37733909580,37733909159,0,0,420
18848,0,37735910570,37735910174,0,0,396
18849,0,37737913168,37737912761,0,0,407
18850,0,37739915059,37739914684,0,0,375
18851,0,37741917673,37741917290,0,0,382
18852,0,37743919474,37743919067,0,0,406
18853,0,37745922151,37745921740,0,0,411
18854,0,37747924060,37747923658,0,0,402
18855,0,37749925831,37749925433,0,0,398
18856,0,37751927530,37751927122,0,0,407
18857,0,37753930779,37753930390,0,0,388
18858,0,37755932662,37755932265,0,0,396
18859,0,37757935195,37757934791,0,0,404
18860,0,37759937386,37759936963,0,0,422
18861,0,37761939927,37761939524,0,0,402
18862,0,37763941553,37763941174,0,0,379
18863,0,37765943802,37765943386,0,0,415
18864,0,37767946196,37767945792,0,0,404
18865,0,37769948416,37769948014,0,0,402
18866,0,37771951871,37771951523,0,0,347
18867,0,37773952750,37773952351,0,0,399
18868,0,37775955024,37775954625,0,0,399
18869,0,37777957428,37777957017,0,0,411
18870,0,37779959303,37779958901,0,0,401
18871,0,37781962552,37781962148,0,0,404
18872,0,37783964694,37783964298,0,0,395
18873,0,37785967220,37785966829,0,0,391
18874,0,37787968769,37787968352,0,0,417
18875,0,37789970898,37789970483,0,0,415
18876,0,37791973233,37791972840,0,0,392
18877,0,37793975039,37793974629,0,0,410
18878,0,37795977879,37795977496,0,0,382
18879,0,37797979465,37797979054,0,0,411
18880,0,37799981639,37799981257,0,0,382
18881,0,37801984139,37801983755,0,0,384
18882,0,37803986285,37803985915,0,0,370
18883,0,37805990013,37805989594,0,0,419
18884,0,37807992782,37807992383,0,0,399
18885,0,37809992961,37809992554,0,0,406
18886,0,37811995039,37811994644,0,0,395
18887,0,37813997131,37813996718,0,0,413
18888,0,37816000235,37815999855,0,0,380
18889,0,37818003518,37818003127,0,0,391
18890,0,37820003959,37820003555,0,0,404
18891,0,37822006503,37822006094,0,0,408
18892,0,37824009282,37824008888,0,0,393
18893,0,37826012396,37826011979,0,0,416
18894,0,37828013056,37828012704,0,0,352
18895,0,37830015323,37830014928,0,0,395
18896,0,37832017658,37832017246,0,0,412
18897,0,37834020080,37834019662,0,0,417
18898,0,37836022532,37836022159,0,0,372
18899,0,37838025591,37838025220,0,0,370
18900,0,37840026581,37840026184,0,0,396
18901,0,37842029053,37842028633,0,0,419
18902,0,37844031566,37844031183,0,0,382
18903,0,37846032845,37846032450,0,0,395
18904,0,37848035384,37848035015,0,0,369
18905,0,37850037494,37850037085,0,0,409
18906,0,37852040123,37852039734,0,0,389
18907,0,37854042242,37854041860,0,0,382
18908,0,37856044194,37856043823,0,0,370
18909,0,37858046521,37858046121,0,0,400
18910,0,37860048778,37860048386,0,0,391
18911,0,37862050835,37862050430,0,0,404
18912,0,37864053111,37864052725,0,0,386
18913,0,37866055426,37866055039,0,0,386
18914,0,37868057941,37868057561,0,0,379
18915,0,37870060640,37870060258,0,0,381
18916,0,37872063269,37872062876,0,0,393
18917,0,37874063946,37874063540,0,0,405
18918,0,37876066406,37876065998,0,0,408
18919,0,37878068660,37878068263,0,0,397
18920,0,37880071627,37880071275,0,0,352
18921,0,37882073651,37882073240,0,0,411
18922,0,37884074942,37884074561,0,0,381
18923,0,37886077311,37886076937,0,0,373
18924,0,37888079979,37888079602,0,0,377
18925,0,37890081982,37890081566,0,0,415
18926,0,37892084160,37892083773,0,0,386
18927,0,37894086903,37894086519,0,0,384
18928,0,37896088698,37896088306,0,0,392
18929,0,37898091332,37898090905,0,0,426
18930,0,37900093291,37900092915,0,0,375
18931,0,37902095482,37902095101,0,0,381
18932,0,37904097369,37904096954,0,0,415
18933,0,37906099781,37906099385,0,0,395
18934,0,37908101964,37908101579,0,0,384
18935,0,37910103874,37910103465,0,0,408
18936,0,37912105015,37912104629,0,0,386
18937,0,37914107330,37914106929,0,0,400
18938,0,37916111400,37916111006,0,0,394
18939,0,37918114500,37918114077,0,0,422
18940,0,37920115851,37920115475,0,0,375
18941,0,37922117219,37922116783,0,0,435
18942,0,37924118677,37924118271,0,0,405
18943,0,37926123475,37926123060,0,0,414
18944,0,37928123895,37928123485,0,0,409
18945,0,37930126480,37930126087,0,0,393
18946,0,37932128368,37932127954,0,0,413
18947,0,37934131431,37934131048,0,0,382
18948,0,37936133314,37936132904,0,0,409
18949,0,37938135377,37938134944,0,0,433
18950,0,37940137748,37940137362,0,0,386
18951,0,37942139806,37942139395,0,0,411
18952,0,37944141860,37944141485,0,0,375
18953,0,37946143927,37946143561,0,0,365
18954,0,37948146408,37948146023,0,0,384
18955,0,37950148408,37950148025,0,0,382
18956,0,37952151097,37952150718,0,0,379
18957,0,37954154002,37954153598,0,0,404
18958,0,37956155004,37956154616,0,0,387
18959,0,37958157335,37958156902,0,0,433
18960,0,37960160845,37960160458,0,0,387
18961,0,37962162784,37962162394,0,0,390
18962,0,37964164161,37964163789,0,0,372
18963,0,37966166274,37966165880,0,0,393
18964,0,37968168687,37968168310,0,0,377
18965,0,37970170854,37970170443,0,0,411
18966,0,37972172600,37972172206,0,0,393
18967,0,37974174269,37974173903,0,0,366
18968,0,37976177409,37976177065,0,0,344
18969,0,37978179854,37978179455,0,0,399
18970,0,37980182247,37980181901,0,0,346
18971,0,37982184258,37982183883,0,0,375
18972,0,37984186497,37984186125,0,0,372
18973,0,37986188876,37986188465,0,0,411
18974,0,37988191081,37988190707,0,0,374
18975,0,37990194180,37990193809,0,0,370
18976,0,37992195492,37992195109,0,0,382
18977,0,37994198713,37994198318,0,0,395
18978,0,37996200456,37996200099,0,0,356
18979,0,37998201599,37998201206,0,0,392
18980,0,38000203726,38000203345,0,0,381
18981,0,38002206589,38002206196,0,0,393
18982,0,38004208837,38004208451,0,0,386
18983,0,38006211138,38006210765,0,0,373
18984,0,38008213367,38008213002,0,0,365
18985,0,38010216108,38010215725,0,0,382
18986,0,38012217285,38012216905,0,0,379
18987,0,38014220036,38014219653,0,0,382
18988,0,38016221867,38016221478,0,0,388
18989,0,38018224828,38018224429,0,0,398
18990,0,38020226537,38020226149,0,0,387
18991,0,38022228443,38022228051,0,0,392
18992,0,38024231109,38024230724,0,0,384
18993,0,38026235423,38026235034,0,0,388
18994,0,38028235821,38028235472,0,0,348
18995,0,38030237723,38030237319,0,0,403
18996,0,38032239544,38032239164,0,0,380
18997,0,38034242323,38034241910,0,0,413
18998,0,38036244253,38036243874,0,0,379
18999,0,38038246505,38038246112,0,0,392
19000,0,38040249463,38040249065,0,0,397
19001,0,38042251849,38042251458,0,0,391
19002,0,38044253199,38044252818,0,0,380
19003,0,38046255453,38046255071,0,0,382
19004,0,38048258027,38048257642,0,0,384
19005,0,38050260239,38050259818,0,0,420
19006,0,38052261833,38052261432,0,0,401
19007,0,38054264231,38054263826,0,0,405
19008,0,38056266394,38056265989,0,0,404
19009,0,38058269272,38058268897,0,0,375
19010,0,38060271462,38060271080,0,0,382
19011,0,38062275292,38062274887,0,0,405
19012,0,38064276797,38064276393,0,0,404
19013,0,38066278008,38066277600,0,0,408
19014,0,38068279765,38068279358,0,0,406
19015,0,38070281471,38070281071,0,0,400
19016,0,38072284129,38072283766,0,0,362
19017,0,38074287869,38074287469,0,0,399
19018,0,38076289137,38076288743,0,0,394
19019,0,38078290571,38078290161,0,0,409
19020,0,38080292139,38080291754,0,0,385
19021,0,38082295370,38082294961,0,0,408
19022,0,38084297775,38084297404,0,0,370
19023,0,38086299856,38086299478,0,0,377
19024,0,38088302067,38088301662,0,0,405
19025,0,38090304275,38090303871,0,0,404
19026,0,38092306465,38092306121,0,0,343
19027,0,38094308298,38094307895,0,0,403
19028,0,38096309951,38096309577,0,0,373
19029,0,38098313393,38098312979,0,0,414
19030,0,38100316571,38100316202,0,0,369
19031,0,38102317569,38102317170,0,0,399
19032,0,38104320260,38104319879,0,0,380
19033,0,38106321951,38106321548,0,0,403
19034,0,38108324143,38108323783,0,0,360
19035,0,38110326279,38110325887,0,0,392
19036,0,38112328289,38112327893,0,0,395
19037,0,38114331808,38114331395,0,0,413
19038,0,38116334480,38116334106,0,0,373
19039,0,38118335469,38118335061,0,0,408
19040,0,38120337952,38120337570,0,0,382
19041,0,38122340393,38122340001,0,0,391
19042,0,38124342431,38124342078,0,0,352
19043,0,38126346229,38126345819,0,0,409
19044,0,38128346616,38128346219,0,0,397
19045,0,38130348979,38130348586,0,0,393
19046,0,38132351113,38132350707,0,0,405
19047,0,38134352928,38134352531,0,0,396
19048,0,38136355926,38136355537,0,0,388
19049,0,38138357568,38138357188,0,0,380
19050,0,38140360004,38140359624,0,0,379
19051,0,38142362084,38142361709,0,0,375
19052,0,38144364410,38144364027,0,0,382
19053,0,38146366485,38146366076,0,0,408
19054,0,38148368778,38148368381,0,0,397
19055,0,38150371145,38150370743,0,0,401
19056,0,38152373564,38152373161,0,0,402
19057,0,38154375819,38154375424,0,0,394
19058,0,38156378141,38156377770,0,0,370
19059,0,38158379931,38158379550,0,0,380
19060,0,38160382173,38160381755,0,0,418
19061,0,38162385002,38162384585,0,0,416
19062,0,38164386624,38164386204,0,0,419
19063,0,38166389008,38166388620,0,0,388
19064,0,38168391323,38168390922,0,0,401
19065,0,38170393696,38170393289,0,0,406
19066,0,38172397175,38172396770,0,0,404
19067,0,38174397643,38174397260,0,0,383
19068,0,38176400349,38176399951,0,0,397
19069,0,38178401948,38178401533,0,0,414
19070,0,38180403462,38180403095,0,0,367
19071,0,38182406471,38182406044,0,0,427
19072,0,38184408806,38184408411,0,0,394
19073,0,38186411642,38186411260,0,0,382
19074,0,38188413325,38188412941,0,0,383
19075,0,38190415860,38190415462,0,0,397
19076,0,38192417773,38192417406,0,0,366
19077,0,38194419942,38194419555,0,0,387
19078,0,38196422121,38196421759,0,0,362
19079,0,38198424593,38198424187,0,0,405
19080,0,38200426780,38200426368,0,0,412
19081,0,38202429335,38202428951,0,0,384
19082,0,38204431377,38204430953,0,0,424
19083,0,38206433020,38206432600,0,0,419
19084,0,38208434690,38208434279,0,0,411
19085,0,38210438863,38210438462,0,0,400
19086,0,38212439680,38212439307,0,0,373
19087,0,38214441919,38214441492,0,0,426
19088,0,38216444474,38216444081,0,0,392
19089,0,38218447467,38218447086,0,0,381
19090,0,38220449159,38220448811,0,0,348
19091,0,38222451000,38222450605,0,0,395
19092,0,38224453489,38224453103,0,0,386
19093,0,38226456722,38226456322,0,0,400
19094,0,38228457999,38228457600,0,0,398
19095,0,38230460303,38230459912,0,0,391
19096,0,38232462274,38232461878,0,0,395
19097,0,38234464351,38234463952,0,0,399
19098,0,38236466482,38236466116,0,0,366
19099,0,38238468995,38238468614,0,0,380
19100,0,38240471253,38240470867,0,0,385
19101,0,38242473880,38242473501,0,0,379
19102,0,38244475732,38244475381,0,0,350
19103,0,38246478233,38246477858,0,0,375
19104,0,38248478865,38248478475,0,0,390
19105,0,38250482882,38250482513,0,0,368
19106,0,38252485080,38252484714,0,0,366
19107,0,38254487453,38254487057,0,0,395
19108,0,38256489183,38256488794,0,0,388
19109,0,38258491331,38258490916,0,0,414
19110,0,38260493365,38260492970,0,0,395
19111,0,38262495754,38262495346,0,0,407
19112,0,38264497629,38264497258,0,0,370
19113,0,38266499983,38266499573,0,0,410
19114,0,38268502374,38268501981,0,0,393
19115,0,38270504678,38270504284,0,0,394
19116,0,38272506670,38272506269,0,0,401
19117,0,38274509197,38274508787,0,0,409
19118,0,38276510922,38276510570,0,0,352
19119,0,38278513384,38278512978,0,0,406
19120,0,38280515800,38280515418,0,0,381
19121,0,38282519176,38282518785,0,0,391
19122,0,38284520278,38284519914,0,0,364
19123,0,38286522398,38286521982,0,0,415
19124,0,38288524353,38288523966,0,0,387
19125,0,38290526923,38290526519,0,0,404
19126,0,38292529318,38292528946,0,0,371
19127,0,38294531415,38294531022,0,0,393
19128,0,38296533587,38296533208,0,0,378
19129,0,38298535426,38298535040,0,0,386
19130,0,38300537750,38300537344,0,0,406
19131,0,38302539742,38302539363,0,0,379
19132,0,38304541537,38304541137,0,0,399
19133,0,38306544885,38306544482,0,0,402
19134,0,38308547087,38308546711,0,0,376
19135,0,38310548933,38310548539,0,0,393
19136,0,38312551115,38312550731,0,0,384
19137,0,38314554206,38314553822,0,0,383
19138,0,38316556042,38316555643,0,0,399
19139,0,38318560127,38318559740,0,0,386
19140,0,38320560999,38320560617,0,0,382
19141,0,38322562399,38322562016,0,0,382
19142,0,38324564262,38324563874,0,0,387
19143,0,38326568065,38326567674,0,0,391
19144,0,38328569502,38328569135,0,0,366
19145,0,38330571150,38330570774,0,0,376
19146,0,38332573562,38332573156,0,0,406
19147,0,38334576195,38334575813,0,0,381
19148,0,38336577847,38336577476,0,0,370
19149,0,38338580260,38338579863,0,0,396
19150,0,38340582375,38340582011,0,0,364
19151,0,38342584853,38342584480,0,0,373
19152,0,38344586999,38344586639,0,0,359
19153,0,38346589248,38346588852,0,0,395
19154,0,38348591440,38348591064,0,0,375
19155,0,38350594073,38350593679,0,0,393
19156,0,38352595761,38352595372,0,0,388
19157,0,38354599329,38354598925,0,0,404
19158,0,38356599876,38356599494,0,0,382
19159,0,38358602958,38358602550,0,0,408
19160,0,38360604611,38360604238,0,0,373
19161,0,38362607251,38362606874,0,0,377
19162,0,38364608960,38364608626,0,0,333
19163,0,38366611237,38366610847,0,0,389
19164,0,38368613674,38368613290,0,0,383
19165,0,38370616053,38370615640,0,0,412
19166,0,38372617889,38372617522,0,0,367
19167,0,38374619977,38374619587,0,0,389
19168,0,38376622307,38376621912,0,0,395
19169,0,38378624683,38378624294,0,0,388
19170,0,38380627271,38380626910,0,0,361
19171,0,38382630166,38382629771,0,0,395
19172,0,38384632099,38384631700,0,0,399
19173,0,38386633496,38386633096,0,0,400
19174,0,38388635916,38388635533,0,0,382
19175,0,38390638180,38390637799,0,0,381
19176,0,38392641148,38392640788,0,0,360
19177,0,38394642712,38394642329,0,0,382
19178,0,38396644977,38396644604,0,0,373
19179,0,38398646885,38398646485,0,0,399
19180,0,38400649417,38400649044,0,0,373
19181,0,38402651092,38402650666,0,0,426
19182,0,38404653664,38404653298,0,0,366
19183,0,38406656169,38406655788,0,0,381
19184,0,38408658152,38408657777,0,0,375
19185,0,38410660173,38410659801,0,0,372
19186,0,38412662883,38412662489,0,0,393
19187,0,38414664887,38414664513,0,0,374
19188,0,38416666870,38416666510,0,0,359
19189,0,38418669492,38418669119,0,0,373
19190,0,38420671689,38420671286,0,0,403
19191,0,38422673366,38422672979,0,0,387
19192,0,38424675723,38424675326,0,0,396
19193,0,38426679671,38426679286,0,0,384
19194,0,38428681731,38428681374,0,0,357
19195,0,38430682384,38430682003,0,0,380
19196,0,38432685246,38432684858,0,0,388
19197,0,38434688600,38434688213,0,0,386
19198,0,38436689447,38436689082,0,0,365
19199,0,38438691337,38438690961,0,0,375
19200,0,38440692382,38440692006,0,0,376
19201,0,38442695554,38442695164,0,0,390
19202,0,38444697905,38444697532,0,0,373
19203,0,38446700550,38446700164,0,0,386
19204,0,38448702803,38448702428,0,0,375
19205,0,38450704404,38450704020,0,0,384
19206,0,38452706090,38452705692,0,0,397
19207,0,38454709444,38454709060,0,0,383
19208,0,38456711668,38456711309,0,0,359
19209,0,38458713752,38458713359,0,0,393
19210,0,38460715424,38460715040,0,0,384
19211,0,38462716989,38462716610,0,0,379
19212,0,38464721364,38464721000,0,0,364
19213,0,38466723184,38466722789,0,0,394
19214,0,38468724943,38468724570,0,0,373
19215,0,38470726768,38470726397,0,0,371
19216,0,38472730314,38472729935,0,0,379
19217,0,38474732470,38474732080,0,0,389
19218,0,38476734204,38476733833,0,0,370
19219,0,38478735413,38478735002,0,0,411
19220,0,38480737298,38480736912,0,0,386
19221,0,38482740136,38482739735,0,0,400
19222,0,38484742191,38484741800,0,0,391
19223,0,38486744361,38486743966,0,0,394
19224,0,38488745923,38488745552,0,0,370
19225,0,38490749443,38490749069,0,0,374
19226,0,38492751272,38492750889,0,0,382
19227,0,38494753430,38494753051,0,0,379
19228,0,38496755985,38496755619,0,0,366
19229,0,38498757808,38498757439,0,0,368
19230,0,38500760317,38500759961,0,0,356
19231,0,38502763254,38502762883,0,0,370
19232,0,38504764752,38504764377,0,0,375
19233,0,38506767277,38506766896,0,0,381
19234,0,38508768959,38508768573,0,0,386
19235,0,38510771491,38510771110,0,0,381
19236,0,38512773822,38512773440,0,0,382
19237,0,38514775982,38514775577,0,0,404
19238,0,38516778412,38516778015,0,0,396
19239,0,38518780672,38518780281,0,0,391
19240,0,38520782984,38520782596,0,0,387
19241,0,38522784788,38522784383,0,0,404
19242,0,38524786850,38524786447,0,0,403
19243,0,38526790575,38526790161,0,0,413
19244,0,38528791373,38528790986,0,0,387
19245,0,38530793735,38530793344,0,0,391
19246,0,38532796112,38532795732,0,0,379
19247,0,38534797814,38534797435,0,0,379
19248,0,38536799577,38536799170,0,0,406
19249,0,38538803748,38538803365,0,0,383
19250,0,38540804901,38540804509,0,0,391
19251,0,38542807090,38542806703,0,0,387
19252,0,38544808998,38544808606,0,0,392
19253,0,38546811534,38546811105,0,0,428
19254,0,38548813685,38548813281,0,0,403
19255,0,38550816079,38550815668,0,0,411
19256,0,38552818083,38552817709,0,0,373
19257,0,38554820357,38554819948,0,0,408
19258,0,38556822559,38556822129,0,0,430
19259,0,38558824921,38558824505,0,0,415
19260,0,38560827319,38560826901,0,0,417
19261,0,38562829311,38562828882,0,0,429
19262,0,38564831512,38564831147,0,0,365
19263,0,38566833295,38566832871,0,0,423
19264,0,38568835053,38568834647,0,0,406
19265,0,38570838112,38570837700,0,0,411
19266,0,38572840528,38572840129,0,0,399
19267,0,38574844878,38574844472,0,0,406
19268,0,38576845827,38576845417,0,0,409
19269,0,38578846968,38578846557,0,0,411
19270,0,38580848901,38580848494,0,0,406
19271,0,38582849770,38582849361,0,0,409
19272,0,38584853211,38584852846,0,0,365
19273,0,38586856232,38586855834,0,0,397
19274,0,38588858298,38588857900,0,0,397
19275,0,38590860632,38590860238,0,0,394
19276,0,38592862477,38592862067,0,0,410
19277,0,38594864741,38594864330,0,0,411
19278,0,38596866962,38596866563,0,0,399
19279,0,38598869224,38598868824,0,0,400
19280,0,38600871583,38600871188,0,0,395
19281,0,38602873715,38602873304,0,0,411
19282,0,38604875931,38604875541,0,0,389
19283,0,38606878096,38606877705,0,0,391
19284,0,38608880078,38608879671,0,0,407
19285,0,38610882730,38610882277,0,0,452
19286,0,38612884575,38612884176,0,0,399
19287,0,38614887355,38614886948,0,0,406
19288,0,38616889438,38616889046,0,0,392
19289,0,38618891923,38618891514,0,0,408
19290,0,38620894345,38620893974,0,0,370
19291,0,38622896038,38622895634,0,0,403
19292,0,38624898741,38624898346,0,0,395
19293,0,38626901812,38626901419,0,0,393
19294,0,38628902451,38628902051,0,0,399
19295,0,38630904395,38630903995,0,0,400
19296,0,38632905979,38632905600,0,0,379
19297,0,38634909172,38634908779,0,0,393
19298,0,38636912015,38636911674,0,0,341
19299,0,38638914635,38638914267,0,0,368
19300,0,38640916798,38640916417,0,0,381
19301,0,38642918127,38642917739,0,0,388
19302,0,38644920437,38644920071,0,0,365
19303,0,38646923454,38646923063,0,0,391
19304,0,38648923878,38648923502,0,0,376
19305,0,38650927157,38650926765,0,0,391
19306,0,38652929585,38652929197,0,0,388
19307,0,38654931996,38654931613,0,0,382
19308,0,38656933636,38656933235,0,0,400
19309,0,38658936332,38658935937,0,0,395
19310,0,38660937880,38660937490,0,0,389
19311,0,38662939880,38662939477,0,0,402
19312,0,38664941439,38664941066,0,0,373
19313,0,38666945223,38666944859,0,0,364
19314,0,38668947077,38668946703,0,0,373
19315,0,38670949365,38670949009,0,0,355
19316,0,38672951299,38672950926,0,0,373
19317,0,38674953788,38674953408,0,0,380
19318,0,38676955728,38676955346,0,0,382
19319,0,38678957968,38678957582,0,0,385
19320,0,38680959213,38680958856,0,0,356
19321,0,38682963143,38682962762,0,0,381
19322,0,38684966480,38684966101,0,0,379
19323,0,38686967445,38686967054,0,0,391
19324,0,38688969188,38688968810,0,0,377
19325,0,38690971211,38690970826,0,0,384
19326,0,38692972739,38692972406,0,0,332
19327,0,38694976113,38694975743,0,0,369
19328,0,38696977888,38696977525,0,0,363
19329,0,38698979360,38698978999,0,0,361
19330,0,38700982818,38700982453,0,0,365
19331,0,38702985370,38702984970,0,0,400
19332,0,38704987322,38704986948,0,0,374
19333,0,38706989207,38706988825,0,0,382
19334,0,38708991709,38708991316,0,0,393
19335,0,38710994549,38710994173,0,0,376
19336,0,38712995993,38712995594,0,0,399
19337,0,38714997806,38714997424,0,0,382
19338,0,38716999195,38716998822,0,0,372
19339,0,38719002795,38719002413,0,0,382
19340,0,38721005596,38721005204,0,0,392
19341,0,38723006152,38723005761,0,0,391
19342,0,38725009228,38725008853,0,0,375
19343,0,38727012969,38727012587,0,0,382
19344,0,38729014981,38729014589,0,0,391
19345,0,38731017052,38731016659,0,0,393
19346,0,38733018485,38733018124,0,0,360
19347,0,38735020382,38735019986,0,0,395
19348,0,38737023316,38737022922,0,0,393
19349,0,38739024986,38739024579,0,0,406
19350,0,38741027169,38741026787,0,0,382
19351,0,38743029452,38743029058,0,0,394
19352,0,38745031638,38745031271,0,0,366
19353,0,38747034330,38747033948,0,0,382
19354,0,38749036479,38749036117,0,0,361
19355,0,38751038309,38751037896,0,0,413
19356,0,38753041091,38753040724,0,0,366
19357,0,38755042898,38755042504,0,0,393
19358,0,38757046378,38757046013,0,0,364
19359,0,38759047462,38759047087,0,0,374
19360,0,38761049982,38761049602,0,0,380
19361,0,38763051662,38763051257,0,0,405
19362,0,38765054308,38765053903,0,0,405
19363,0,38767056596,38767056197,0,0,399
19364,0,38769058641,38769058243,0,0,397
19365,0,38771061121,38771060739,0,0,382
19366,0,38773062800,38773062411,0,0,389
19367,0,38775065242,38775064861,0,0,381
19368,0,38777067473,38777067075,0,0,397
19369,0,38779069817,38779069442,0,0,375
19370,0,38781071563,38781071157,0,0,405
19371,0,38783073742,38783073351,0,0,391
19372,0,38785075856,38785075472,0,0,383
19373,0,38787078123,38787077730,0,0,393
19374,0,38789079377,38789078997,0,0,379
19375,0,38791082454,38791082044,0,0,409
19376,0,38793083966,38793083546,0,0,419
19377,0,38795088898,38795088483,0,0,415
19378,0,38797089975,38797089588,0,0,386
19379,0,38799091678,38799091249,0,0,429
19380,0,38801094282,38801093875,0,0,406
19381,0,38803096471,38803096064,0,0,407
19382,0,38805098813,38805098400,0,0,413
19383,0,38807100779,38807100379,0,0,400
19384,0,38809102823,38809102435,0,0,388
19385,0,38811105847,38811105451,0,0,395
19386,0,38813108503,38813108123,0,0,379
19387,0,38815110053,38815109655,0,0,397
19388,0,38817111945,38817111548,0,0,396
19389,0,38819113752,38819113337,0,0,414
19390,0,38821116255,38821115889,0,0,366
19391,0,38823117938,38823117550,0,0,387
19392,0,38825119671,38825119257,0,0,414
19393,0,38827124240,38827123847,0,0,393
19394,0,38829125646,38829125275,0,0,370
19395,0,38831129445,38831129051,0,0,393
19396,0,38833130786,38833130398,0,0,388
19397,0,38835131588,38835131185,0,0,402
19398,0,38837134091,38837133738,0,0,352
19399,0,38839136080,38839135664,0,0,416
19400,0,38841138407,38841138031,0,0,376
19401,0,38843140934,38843140537,0,0,397
19402,0,38845142792,38845142389,0,0,402
19403,0,38847145346,38847144928,0,0,417
19404,0,38849147592,38849147176,0,0,415
19405,0,38851149997,38851149601,0,0,396
19406,0,38853151603,38853151191,0,0,412
19407,0,38855153794,38855153387,0,0,406
19408,0,38857156467,38857156062,0,0,404
19409,0,38859158591,38859158190,0,0,400
19410,0,38861160539,38861160144,0,0,394
19411,0,38863162616,38863162224,0,0,392
19412,0,38865165244,38865164836,0,0,408
19413,0,38867168433,38867168026,0,0,406
19414,0,38869169294,38869168888,0,0,405
19415,0,38871171609,38871171193,0,0,416
19416,0,38873173885,38873173509,0,0,375
19417,0,38875176253,38875175848,0,0,405
19418,0,38877178316,38877177937,0,0,379
19419,0,38879180545,38879180151,0,0,393
19420,0,38881183350,38881182936,0,0,413
19421,0,38883185646,38883185243,0,0,402
19422,0,38885187703,38885187296,0,0,407
19423,0,38887189862,38887189440,0,0,421
19424,0,38889191464,38889191070,0,0,393
19425,0,38891194175,38891193806,0,0,369
19426,0,38893196351,38893195986,0,0,364
19427,0,38895199318,38895198937,0,0,381
19428,0,38897201567,38897201184,0,0,383
19429,0,38899202976,38899202587,0,0,388
19430,0,38901205401,38901205017,0,0,383
19431,0,38903208124,38903207720,0,0,404
19432,0,38905209200,38905208844,0,0,355
19433,0,38907211107,38907210731,0,0,376
19434,0,38909213857,38909213477,0,0,379
19435,0,38911216526,38911216148,0,0,377
19436,0,38913218838,38913218465,0,0,373
19437,0,38915220490,38915220109,0,0,381
19438,0,38917222791,38917222398,0,0,392
19439,0,38919224943,38919224588,0,0,354
19440,0,38921227603,38921227221,0,0,382
19441,0,38923229915,38923229527,0,0,388
19442,0,38925231750,38925231375,0,0,375
19443,0,38927235986,38927235608,0,0,378
19444,0,38929236552,38929236179,0,0,373
19445,0,38931238256,38931237883,0,0,373
19446,0,38933240838,38933240457,0,0,381
19447,0,38935242384,38935241996,0,0,387
19448,0,38937243887,38937243496,0,0,391
19449,0,38939247408,38939247006,0,0,401
19450,0,38941250082,38941249680,0,0,401
19451,0,38943251251,38943250853,0,0,397
19452,0,38945253398,38945252988,0,0,409
19453,0,38947256116,38947255717,0,0,399
19454,0,38949258405,38949258005,0,0,400
19455,0,38951260687,38951260282,0,0,405
19456,0,38953262683,38953262300,0,0,382
19457,0,38955265376,38955264988,0,0,388
19458,0,38957267245,38957266893,0,0,352
19459,0,38959269831,38959269444,0,0,386
19460,0,38961272138,38961271739,0,0,399
19461,0,38963274219,38963273832,0,0,386
19462,0,38965276600,38965276214,0,0,386
19463,0,38967278724,38967278355,0,0,369
19464,0,38969280849,38969280485,0,0,364
19465,0,38971283202,38971282833,0,0,368
19466,0,38973285202,38973284820,0,0,382
19467,0,38975287223,38975286840,0,0,382
19468,0,38977289992,38977289600,0,0,392
19469,0,38979291869,38979291462,0,0,406
19470,0,38981294053,38981293705,0,0,348
19471,0,38983296190,38983295827,0,0,362
19472,0,38985299276,38985298894,0,0,381
19473,0,38987301835,38987301442,0,0,393
19474,0,38989303267,38989302910,0,0,357
19475,0,38991304945,38991304566,0,0,379
19476,0,38993306498,38993306129,0,0,368
19477,0,38995309731,38995309354,0,0,377
19478,0,38997312101,38997311728,0,0,372
19479,0,38999315067,38999314687,0,0,380
19480,0,39001317130,39001316768,0,0,361
19481,0,39003318664,39003318309,0,0,355
19482,0,39005321152,39005320834,0,0,318
19483,0,39007322955,39007322592,0,0,363
19484,0,39009325878,39009325502,0,0,375
19485,0,39011327373,39011326980,0,0,393
19486,0,39013330426,39013330057,0,0,369
19487,0,39015331571,39015331197,0,0,373
19488,0,39017333388,39017332963,0,0,424
19489,0,39019337057,39019336658,0,0,399
19490,0,39021339191,39021338810,0,0,381
19491,0,39023340874,39023340462,0,0,411
19492,0,39025343537,39025343121,0,0,415
19493,0,39027347795,39027347390,0,0,404
19494,0,39029348641,39029348242,0,0,398
19495,0,39031350128,39031349716,0,0,411
19496,0,39033352233,39033351851,0,0,382
19497,0,39035354295,39035353888,0,0,406
19498,0,39037356424,39037356012,0,0,411
19499,0,39039358597,39039358204,0,0,392
19500,0,39041360795,39041360378,0,0,417
19501,0,39043363181,39043362757,0,0,424
19502,0,39045365478,39045365066,0,0,412
19503,0,39047367696,39047367288,0,0,408
19504,0,39049370987,39049370577,0,0,409
19505,0,39051372671,39051372256,0,0,415
19506,0,39053374355,39053373977,0,0,378
19507,0,39055376395,39055375969,0,0,426
19508,0,39057378681,39057378286,0,0,395
19509,0,39059381076,39059380660,0,0,415
19510,0,39061383195,39061382786,0,0,408
19511,0,39063386101,39063385673,0,0,427
19512,0,39065388670,39065388265,0,0,405
19513,0,39067389738,39067389346,0,0,392
19514,0,39069392617,39069392225,0,0,391
19515,0,39071395431,39071395009,0,0,421
19516,0,39073396750,39073396345,0,0,404
19517,0,39075399076,39075398681,0,0,395
19518,0,39077400859,39077400494,0,0,364
19519,0,39079402956,39079402561,0,0,394
19520,0,39081405384,39081404968,0,0,415
19521,0,39083407159,39083406764,0,0,395
19522,0,39085409022,39085408634,0,0,387
19523,0,39087414018,39087413608,0,0,410
19524,0,39089415557,39089415150,0,0,407
19525,0,39091416629,39091416233,0,0,396
19526,0,39093418370,39093417962,0,0,407
19527,0,39095420941,39095420517,0,0,424
19528,0,39097423101,39097422739,0,0,362
19529,0,39099426046,39099425665,0,0,380
19530,0,39101428146,39101427743,0,0,402
19531,0,39103430065,39103429685,0,0,379
19532,0,39105431961,39105431566,0,0,395
19533,0,39107434046,39107433652,0,0,393
19534,0,39109436283,39109435891,0,0,391
19535,0,39111438667,39111438254,0,0,413
19536,0,39113441515,39113441107,0,0,407
19537,0,39115444167,39115443756,0,0,411
19538,0,39117446375,39117445997,0,0,377
19539,0,39119447564,39119447166,0,0,397
19540,0,39121449862,39121449473,0,0,388
19541,0,39123453074,39123452660,0,0,413
19542,0,39125454449,39125454050,0,0,399
19543,0,39127458244,39127457834,0,0,410
19544,0,39129458923,39129458534,0,0,388
19545,0,39131461114,39131460701,0,0,413
19546,0,39133463418,39133463008,0,0,409
19547,0,39135465430,39135465035,0,0,395
19548,0,39137468077,39137467679,0,0,397
19549,0,39139469637,39139469220,0,0,417
19550,0,39141473047,39141472648,0,0,399
19551,0,39143475878,39143475471,0,0,406
19552,0,39145476346,39145475973,0,0,373
19553,0,39147478837,39147478468,0,0,368
19554,0,39149480707,39149480351,0,0,356
19555,0,39151484319,39151483946,0,0,373
19556,0,39153486513,39153486133,0,0,379
19557,0,39155488029,39155487647,0,0,382
19558,0,39157490049,39157489669,0,0,379
19559,0,39159493074,39159492679,0,0,394
19560,0,39161494535,39161494161,0,0,374
19561,0,39163496450,39163496068,0,0,382
19562,0,39165498482,39165498106,0,0,375
19563,0,39167500702,39167500309,0,0,393
19564,0,39169501752,39169501376,0,0,376
19565,0,39171504519,39171504128,0,0,391
19566,0,39173507852,39173507486,0,0,366
19567,0,39175509798,39175509416,0,0,382
19568,0,39177512216,39177511828,0,0,388
19569,0,39179514328,39179513953,0,0,375
19570,0,39181516472,39181516099,0,0,373
19571,0,39183518773,39183518376,0,0,396
19572,0,39185521557,39185521184,0,0,373
19573,0,39187523763,39187523372,0,0,391
19574,0,39189525562,39189525159,0,0,402
19575,0,39191527636,39191527248,0,0,388
19576,0,39193530098,39193529717,0,0,381
19577,0,39195533593,39195533222,0,0,371
19578,0,39197534732,39197534350,0,0,382
19579,0,39199536537,39199536144,0,0,392
19580,0,39201539949,39201539575,0,0,373
19581,0,39203541958,39203541579,0,0,379
19582,0,39205543498,39205543094,0,0,404
19583,0,39207544840,39207544465,0,0,375
19584,0,39209546784,39209546411,0,0,373
19585,0,39211550418,39211550041,0,0,377
19586,0,39213551935,39213551570,0,0,364
19587,0,39215554837,39215554445,0,0,391
19588,0,39217556449,39217556069,0,0,379
19589,0,39219558536,39219558157,0,0,379
19590,0,39221560409,39221560028,0,0,381
19591,0,39223562814,39223562443,0,0,370
19592,0,39225564558,39225564216,0,0,341
19593,0,39227569418,39227569031,0,0,387
19594,0,39229570097,39229569704,0,0,393
19595,0,39231573535,39231573152,0,0,382
19596,0,39233574639,39233574280,0,0,359
19597,0,39235576928,39235576561,0,0,366
19598,0,39237579130,39237578786,0,0,343
19599,0,39239580773,39239580388,0,0,384
19600,0,39241584173,39241583827,0,0,345
19601,0,39243586330,39243585976,0,0,354
19602,0,39245587934,39245587608,0,0,326
19603,0,39247589824,39247589459,0,0,364
19604,0,39249592202,39249591816,0,0,385
19605,0,39251593914,39251593530,0,0,384
19606,0,39253595717,39253595338,0,0,379
19607,0,39255599239,39255598857,0,0,382
19608,0,39257601242,39257600877,0,0,365
19609,0,39259603227,39259602847,0,0,380
19610,0,39261606019,39261605674,0,0,345
19611,0,39263608166,39263607775,0,0,390
19612,0,39265610317,39265609946,0,0,370
19613,0,39267612365,39267612000,0,0,365
19614,0,39269615678,39269615306,0,0,372
19615,0,39271616742,39271616350,0,0,392
19616,0,39273619018,39273618612,0,0,406
19617,0,39275621375,39275620975,0,0,399
19618,0,39277623384,39277622955,0,0,429
19619,0,39279625474,39279625049,0,0,424
19620,0,39281628135,39281627703,0,0,432
19621,0,39283630492,39283630049,0,0,443
19622,0,39285632503,39285632100,0,0,403
19623,0,39287634405,39287633970,0,0,435
19624,0,39289636851,39289636468,0,0,383
19625,0,39291639170,39291638762,0,0,407
19626,0,39293641063,39293640652,0,0,411
19627,0,39295643058,39295642629,0,0,429
19628,0,39297644600,39297644204,0,0,396
19629,0,39299647514,39299647097,0,0,417
19630,0,39301648671,39301648280,0,0,391
19631,0,39303651893,39303651458,0,0,434
19632,0,39305655598,39305655192,0,0,406
19633,0,39307656714,39307656314,0,0,400
19634,0,39309659260,39309658905,0,0,354
19635,0,39311661053,39311660646,0,0,406
19636,0,39313663066,39313662684,0,0,382
19637,0,39315665415,39315665008,0,0,406
19638,0,39317668350,39317668008,0,0,341
19639,0,39319670400,39319669976,0,0,423
19640,0,39321672435,39321672052,0,0,382
19641,0,39323674498,39323674098,0,0,400
19642,0,39325676678,39325676273,0,0,405
19643,0,39327680269,39327679862,0,0,407
19644,0,39329681521,39329681107,0,0,413
19645,0,39331683566,39331683160,0,0,405
19646,0,39333685777,39333685409,0,0,367
19647,0,39335687749,39335687332,0,0,416
19648,0,39337690235,39337689842,0,0,393
19649,0,39339692309,39339691899,0,0,409
19650,0,39341695939,39341695568,0,0,370
19651,0,39343697847,39343697442,0,0,405
19652,0,39345700163,39345699746,0,0,416
19653,0,39347701918,39347701505,0,0,413
19654,0,39349703879,39349703468,0,0,411
19655,0,39351705595,39351705185,0,0,410
19656,0,39353708187,39353707802,0,0,385
19657,0,39355710532,39355710125,0,0,406
19658,0,39357712497,39357712086,0,0,411
19659,0,39359714655,39359714244,0,0,411
19660,0,39361716877,39361716486,0,0,391
19661,0,39363719043,39363718626,0,0,416
19662,0,39365720790,39365720393,0,0,396
19663,0,39367722141,39367721728,0,0,413
19664,0,39369724512,39369724119,0,0,392
19665,0,39371727698,39371727289,0,0,408
19666,0,39373730142,39373729728,0,0,414
19667,0,39375732326,39375731901,0,0,424
19668,0,39377735369,39377734962,0,0,406
19669,0,39379736947,39379736538,0,0,408
19670,0,39381738993,39381738584,0,0,408
19671,0,39383741033,39383740626,0,0,406
19672,0,39385743327,39385742952,0,0,374
19673,0,39387745742,39387745351,0,0,391
19674,0,39389747916,39389747533,0,0,382
19675,0,39391749958,39391749525,0,0,433
19676,0,39393752732,39393752337,0,0,395
19677,0,39395754430,39395754013,0,0,416
19678,0,39397756813,39397756442,0,0,370
19679,0,39399758517,39399758076,0,0,441
19680,0,39401760941,39401760532,0,0,408
19681,0,39403764782,39403764400,0,0,381
19682,0,39405765367,39405764975,0,0,392
19683,0,39407768340,39407767946,0,0,393
19684,0,39409770461,39409770074,0,0,387
19685,0,39411772077,39411771667,0,0,409
19686,0,39413773609,39413773226,0,0,382
19687,0,39415777294,39415776882,0,0,411
19688,0,39417778042,39417777667,0,0,375
19689,0,39419781334,39419780950,0,0,383
19690,0,39421783703,39421783307,0,0,395
19691,0,39423785656,39423785258,0,0,397
19692,0,39425788022,39425787643,0,0,379
19693,0,39427791274,39427790839,0,0,435
19694,0,39429792588,39429792190,0,0,397
19695,0,39431794506,39431794110,0,0,396
19696,0,39433796889,39433796500,0,0,388
19697,0,39435799244,39435798858,0,0,386
19698,0,39437801396,39437800997,0,0,399
19699,0,39439803773,39439803388,0,0,384
19700,0,39441805336,39441804950,0,0,386
19701,0,39443807339,39443806960,0,0,379
19702,0,39445810939,39445810568,0,0,370
19703,0,39447813253,39447812871,0,0,382
19704,0,39449814426,39449814041,0,0,385
19705,0,39451817141,39451816747,0,0,393
19706,0,39453819732,39453819356,0,0,375
19707,0,39455822224,39455821838,0,0,386
19708,0,39457823640,39457823249,0,0,391
19709,0,39459825442,39459825042,0,0,400
19710,0,39461826995,39461826622,0,0,372
19711,0,39463830033,39463829652,0,0,381
19712,0,39465831138,39465830784,0,0,353
19713,0,39467834813,39467834427,0,0,385
19714,0,39469837161,39469836805,0,0,356
19715,0,39471839420,39471839031,0,0,389
19716,0,39473841465,39473841080,0,0,384
19717,0,39475843281,39475842900,0,0,381
19718,0,39477845523,39477845143,0,0,379
19719,0,39479849236,39479848845,0,0,391
19720,0,39481850252,39481849878,0,0,374
19721,0,39483852787,39483852422,0,0,365
19722,0,39485854333,39485853967,0,0,366
19723,0,39487856577,39487856207,0,0,370
19724,0,39489857999,39489857597,0,0,402
19725,0,39491861241,39491860843,0,0,397
19726,0,39493863646,39493863274,0,0,372
19727,0,39495865758,39495865375,0,0,383
19728,0,39497869148,39497868740,0,0,407
19729,0,39499871382,39499870987,0,0,395
19730,0,39501872597,39501872193,0,0,404
19731,0,39503874718,39503874317,0,0,400
19732,0,39505877454,39505877052,0,0,402
19733,0,39507879512,39507879078,0,0,433
19734,0,39509881267,39509880858,0,0,408
19735,0,39511883503,39511883078,0,0,424
19736,0,39513885853,39513885467,0,0,386
19737,0,39515888064,39515887680,0,0,383
19738,0,39517890216,39517889844,0,0,372
19739,0,39519892894,39519892504,0,0,389
19740,0,39521894825,39521894434,0,0,391
19741,0,39523897830,39523897427,0,0,402
19742,0,39525899340,39525898955,0,0,384
19743,0,39527902694,39527902292,0,0,401
19744,0,39529903521,39529903107,0,0,414
19745,0,39531906309,39531905927,0,0,382
19746,0,39533908031,39533907631,0,0,400
19747,0,39535910222,39535909822,0,0,400
19748,0,39537912775,39537912380,0,0,395
19749,0,39539914617,39539914209,0,0,407
19750,0,39541917530,39541917138,0,0,392
19751,0,39543919871,39543919459,0,0,412
19752,0,39545920332,39545919961,0,0,370
19753,0,39547923846,39547923456,0,0,390
19754,0,39549925563,39549925182,0,0,380
19755,0,39551928429,39551928028,0,0,401
19756,0,39553930835,39553930435,0,0,400
19757,0,39555932557,39555932149,0,0,407
19758,0,39557934606,39557934205,0,0,400
19759,0,39559936764,39559936355,0,0,409
19760,0,39561939381,39561938995,0,0,386
19761,0,39563941314,39563940894,0,0,420
19762,0,39565943821,39565943443,0,0,377
19763,0,39567946215,39567945811,0,0,404
19764,0,39569948156,39569947757,0,0,399
19765,0,39571950146,39571949739,0,0,406
19766,0,39573952440,39573952063,0,0,377
19767,0,39575954897,39575954483,0,0,414
19768,0,39577957059,39577956677,0,0,382
19769,0,39579958916,39579958515,0,0,400
19770,0,39581961761,39581961412,0,0,348
19771,0,39583964022,39583963612,0,0,410
19772,0,39585966242,39585965840,0,0,402
19773,0,39587968487,39587968076,0,0,411
19774,0,39589970487,39589970116,0,0,370
19775,0,39591972676,39591972262,0,0,413
19776,0,39593974604,39593974202,0,0,402
19777,0,39595977124,39595976741,0,0,383
19778,0,39597980375,39597979964,0,0,410
19779,0,39599981910,39599981516,0,0,393
19780,0,39601983474,39601983080,0,0,394
19781,0,39603985815,39603985402,0,0,413
19782,0,39605988200,39605987801,0,0,399
19783,0,39607990348,39607989951,0,0,396
19784,0,39609993353,39609992982,0,0,370
19785,0,39611996476,39611996085,0,0,391
19786,0,39613996826,39613996453,0,0,373
19787,0,39615998923,39615998524,0,0,399
19788,0,39618000161,39617999750,0,0,411
19789,0,39620003512,39620003106,0,0,406
19790,0,39622006016,39622005644,0,0,371
19791,0,39624008161,39624007742,0,0,419
19792,0,39626010444,39626010047,0,0,397
19793,0,39628013833,39628013431,0,0,401
19794,0,39630015045,39630014705,0,0,339
19795,0,39632017259,39632016860,0,0,399
19796,0,39634020812,39634020425,0,0,386
19797,0,39636021500,39636021093,0,0,406
19798,0,39638023425,39638023041,0,0,384
19799,0,39640025755,39640025368,0,0,386
19800,0,39642028144,39642027771,0,0,373
19801,0,39644030713,39644030316,0,0,397
19802,0,39646033220,39646032864,0,0,356
19803,0,39648035633,39648035255,0,0,378
19804,0,39650037671,39650037284,0,0,387
19805,0,39652039179,39652038791,0,0,388
19806,0,39654041625,39654041285,0,0,339
19807,0,39656043689,39656043308,0,0,380
19808,0,39658045953,39658045564,0,0,389
19809,0,39660047855,39660047472,0,0,382
19810,0,39662049214,39662048815,0,0,398
19811,0,39664053487,39664053093,0,0,394
19812,0,39666055085,39666054689,0,0,395
19813,0,39668057506,39668057132,0,0,374
19814,0,39670060511,39670060082,0,0,429
19815,0,39672061377,39672060970,0,0,406
19816,0,39674063595,39674063194,0,0,400
19817,0,39676065871,39676065478,0,0,392
19818,0,39678067146,39678066746,0,0,400
19819,0,39680070986,39680070591,0,0,395
19820,0,39682073201,39682072801,0,0,400
19821,0,39684076588,39684076172,0,0,416
19822,0,39686077032,39686076651,0,0,380
19823,0,39688079878,39688079487,0,0,391
19824,0,39690082424,39690082024,0,0,399
19825,0,39692085104,39692084722,0,0,382
19826,0,39694086096,39694085701,0,0,395
19827,0,39696088168,39696087794,0,0,373
19828,0,39698090115,39698089714,0,0,401
19829,0,39700092701,39700092316,0,0,384
19830,0,39702094612,39702094239,0,0,373
19831,0,39704097267,39704096874,0,0,393
19832,0,39706099422,39706099049,0,0,373
19833,0,39708102882,39708102507,0,0,375
19834,0,39710104494,39710104140,0,0,353
19835,0,39712107782,39712107394,0,0,387
19836,0,39714109616,39714109247,0,0,368
19837,0,39716110332,39716109939,0,0,393
19838,0,39718112750,39718112399,0,0,351
19839,0,39720114791,39720114407,0,0,384
19840,0,39722117366,39722116989,0,0,376
19841,0,39724119512,39724119150,0,0,361
19842,0,39726121521,39726121191,0,0,330
19843,0,39728125838,39728125467,0,0,370
19844,0,39730126306,39730125925,0,0,381
19845,0,39732128681,39732128300,0,0,381
19846,0,39734131189,39734130804,0,0,385
19847,0,39736133770,39736133362,0,0,407
19848,0,39738135147,39738134754,0,0,393
19849,0,39740137010,39740136629,0,0,380
19850,0,39742139524,39742139133,0,0,391
19851,0,39744142583,39744142167,0,0,415
19852,0,39746144088,39746143701,0,0,387
19853,0,39748145903,39748145510,0,0,392
19854,0,39750149010,39750148627,0,0,382
19855,0,39752150265,39752149874,0,0,391
19856,0,39754153298,39754152925,0,0,372
19857,0,39756155613,39756155242,0,0,370
19858,0,39758156410,39758156056,0,0,353
19859,0,39760159539,39760159138,0,0,401
19860,0,39762161954,39762161598,0,0,355
19861,0,39764164126,39764163749,0,0,377
19862,0,39766166021,39766165639,0,0,382
19863,0,39768168555,39768168162,0,0,392
19864,0,39770170741,39770170361,0,0,379
19865,0,39772172758,39772172361,0,0,396
19866,0,39774175119,39774174748,0,0,370
19867,0,39776177050,39776176635,0,0,414
19868,0,39778180043,39778179662,0,0,380
19869,0,39780182786,39780182378,0,0,407
19870,0,39782183972,39782183573,0,0,399
19871,0,39784186379,39784185946,0,0,433
19872,0,39786188354,39786187951,0,0,402
19873,0,39788190631,39788190219,0,0,411
19874,0,39790193041,39790192667,0,0,374
19875,0,39792194930,39792194523,0,0,406
19876,0,39794197365,39794196952,0,0,412
19877,0,39796199642,39796199248,0,0,393
19878,0,39798202067,39798201658,0,0,408
19879,0,39800203411,39800203013,0,0,397
19880,0,39802204953,39802204573,0,0,380
19881,0,39804209255,39804208852,0,0,402
19882,0,39806210633,39806210225,0,0,408
19883,0,39808212867,39808212451,0,0,415
19884,0,39810215438,39810215030,0,0,408
19885,0,39812217923,39812217514,0,0,408
19886,0,39814219557,39814219146,0,0,411
19887,0,39816222316,39816221923,0,0,393
19888,0,39818223416,39818223015,0,0,400
19889,0,39820226423,39820226022,0,0,400
19890,0,39822228568,39822228195,0,0,373
19891,0,39824230408,39824230004,0,0,404
19892,0,39826232815,39826232422,0,0,393
19893,0,39828236347,39828235940,0,0,406
19894,0,39830237577,39830237195,0,0,382
19895,0,39832239359,39832238950,0,0,408
19896,0,39834242006,39834241585,0,0,420
19897,0,39836244478,39836244093,0,0,385
19898,0,39838246011,39838245619,0,0,391
19899,0,39840248388,39840247969,0,0,419
19900,0,39842250959,39842250532,0,0,427
19901,0,39844253135,39844252728,0,0,407
19902,0,39846254883,39846254470,0,0,412
19903,0,39848256896,39848256497,0,0,398
19904,0,39850258826,39850258437,0,0,389
19905,0,39852262804,39852262394,0,0,410
19906,0,39854264080,39854263687,0,0,393
19907,0,39856266862,39856266473,0,0,388
19908,0,39858269080,39858268713,0,0,367
19909,0,39860270339,39860269932,0,0,406
19910,0,39862273192,39862272786,0,0,406
19911,0,39864274782,39864274398,0,0,384
19912,0,39866275975,39866275610,0,0,364
19913,0,39868279615,39868279226,0,0,389
19914,0,39870281640,39870281224,0,0,416
19915,0,39872284049,39872283642,0,0,406
19916,0,39874285967,39874285576,0,0,391
19917,0,39876288728,39876288325,0,0,402
19918,0,39878290417,39878290038,0,0,379
19919,0,39880292933,39880292523,0,0,410
19920,0,39882295427,39882295039,0,0,388
19921,0,39884297479,39884297105,0,0,374
19922,0,39886299792,39886299436,0,0,355
19923,0,39888301843,39888301458,0,0,385
19924,0,39890305186,39890304764,0,0,421
19925,0,39892306743,39892306345,0,0,398
19926,0,39894307869,39894307468,0,0,401
19927,0,39896310008,39896309622,0,0,385
19928,0,39898312553,39898312200,0,0,353
19929,0,39900314721,39900314335,0,0,386
19930,0,39902316739,39902316364,0,0,375
19931,0,39904319780,39904319387,0,0,393
19932,0,39906321972,39906321589,0,0,382
19933,0,39908324067,39908323673,0,0,394
19934,0,39910326264,39910325906,0,0,357
19935,0,39912329126,39912328742,0,0,384
19936,0,39914330971,39914330572,0,0,399
19937,0,39916333109,39916332702,0,0,406
19938,0,39918335052,39918334680,0,0,371
19939,0,39920338333,39920337927,0,0,406
19940,0,39922340622,39922340252,0,0,370
19941,0,39924341795,39924341375,0,0,419
19942,0,39926345270,39926344864,0,0,406
19943,0,39928347360,39928346986,0,0,373
19944,0,39930347372,39930347017,0,0,354
19945,0,39932350561,39932350155,0,0,406
19946,0,39934352834,39934352424,0,0,409
19947,0,39936354898,39936354508,0,0,389
19948,0,39938357949,39938357566,0,0,383
19949,0,39940359408,39940359039,0,0,368
19950,0,39942361896,39942361508,0,0,387
19951,0,39944363820,39944363425,0,0,395
19952,0,39946366647,39946366242,0,0,404
19953,0,39948368719,39948368324,0,0,395
19954,0,39950371024,39950370638,0,0,385
19955,0,39952373312,39952372937,0,0,374
19956,0,39954375402,39954374998,0,0,403
19957,0,39956377984,39956377573,0,0,410
19958,0,39958380245,39958379842,0,0,402
19959,0,39960383310,39960382887,0,0,423
19960,0,39962384951,39962384542,0,0,408
19961,0,39964386298,39964385890,0,0,407
19962,0,39966388933,39966388512,0,0,420
19963,0,39968390678,39968390280,0,0,397
19964,0,39970393203,39970392791,0,0,412
19965,0,39972395195,39972394770,0,0,424
19966,0,39974397480,39974397061,0,0,419
19967,0,39976399152,39976398752,0,0,400
19968,0,39978400758,39978400352,0,0,405
19969,0,39980404101,39980403680,0,0,420
19970,0,39982406392,39982405993,0,0,399
19971,0,39984408747,39984408333,0,0,413
19972,0,39986411043,39986410656,0,0,387
19973,0,39988413221,39988412830,0,0,391
19974,0,39990415394,39990414978,0,0,415
19975,0,39992417898,39992417482,0,0,416
19976,0,39994419747,39994419354,0,0,393
19977,0,39996421553,39996421146,0,0,406
19978,0,39998423508,39998423120,0,0,388
19979,0,40000427108,40000426737,0,0,370
19980,0,40002428644,40002428250,0,0,393
19981,0,40004430633,40004430238,0,0,395
19982,0,40006433135,40006432742,0,0,393
19983,0,40008434690,40008434321,0,0,368
19984,0,40010437135,40010436749,0,0,386
19985,0,40012440378,40012439975,0,0,403
19986,0,40014442060,40014441676,0,0,383
19987,0,40016443676,40016443291,0,0,384
19988,0,40018445304,40018444929,0,0,375
19989,0,40020448546,40020448166,0,0,379
19990,0,40022450703,40022450330,0,0,372
19991,0,40024453323,40024452930,0,0,393
19992,0,40026455487,40026455122,0,0,365
19993,0,40028458977,40028458580,0,0,397
19994,0,40030459489,40030459097,0,0,392
19995,0,40032462424,40032462052,0,0,372
19996,0,40034464020,40034463627,0,0,392
19997,0,40036467560,40036467169,0,0,391
19998,0,40038468285,40038467901,0,0,384
19999,0,40040470278,40040469912,0,0,366
20000,0,40042472501,40042472103,0,0,397
